distance,lat,lon,place_id,status,time,geoid
4199.415,35.054745,-90.007971,ChIJXxyyQlt91YcRhldtWgjSnSE,OK,268633,471570078213002
4199.415,35.054745,-90.007971,ChIJXxyyQlt91YcRhldtWgjSnSE,OK,268633,471570078213002
4629.607,35.05407199999999,-90.00125899999999,ChIJIzdhk1h91YcRZT7cBcBslaM,OK,288317,471570078213002
5935.592,35.1439641,-90.0517892,ChIJL-0zBZR-1YcRj7p5p1WY4-g,OK,341838,471570003001004
6128.409,35.1490317,-90.0140679,ChIJw3q9_xV-1YcRqrte6yBn1CI,OK,351322,471570003001004
6128.409,35.1490317,-90.0140679,ChIJw3q9_xV-1YcRqrte6yBn1CI,OK,351322,471570003001004
669.969,35.1439641,-90.0517892,ChIJL-0zBZR-1YcRj7p5p1WY4-g,OK,44064,471570114002034
669.969,35.1439641,-90.0517892,ChIJL-0zBZR-1YcRj7p5p1WY4-g,OK,44064,471570114002034
700.66,35.1435177,-90.0539328,ChIJ8VFg1pV-1YcRR9G8p0pZx6U,OK,44343,471570114002034
1062.068,35.220637,-89.892425,ChIJiZ78r4Z4f4gRyy0DWRWI7n0,OK,77234,471570206514020
1062.068,35.220637,-89.892425,ChIJiZ78r4Z4f4gRyy0DWRWI7n0,OK,77234,471570206514020
1591.118,35.2060393,-89.89459389999999,ChIJN_fdM1CCf4gRqHZ_YUZgoJo,OK,125239,471570206514020
1106.559,35.125222,-90.048147,ChIJ9cKdtid81YcRKs9h6RjzQzw,OK,61279,471570045001015
1106.559,35.125222,-90.048147,ChIJ9cKdtid81YcRKs9h6RjzQzw,OK,61279,471570045001015
1108.373,35.1251709,-90.0481695,ChIJybIJtCd81YcR9Otxws-5qCM,OK,61379,471570045001015
1345.279,35.125222,-90.048147,ChIJ9cKdtid81YcRKs9h6RjzQzw,OK,74498,471570045001020
1345.279,35.125222,-90.048147,ChIJ9cKdtid81YcRKs9h6RjzQzw,OK,74498,471570045001020
1347.093,35.1251709,-90.0481695,ChIJybIJtCd81YcR9Otxws-5qCM,OK,74598,471570045001020
2327.571,35.2044739,-89.76342459999999,ChIJ3XsJxyKef4gRTeWb3lonWsU,OK,216772,471570211412003
2327.571,35.2044739,-89.76342459999999,ChIJ3XsJxyKef4gRTeWb3lonWsU,OK,216772,471570211412003
4017.986,35.2074362,-89.7805166,ChIJ62ATRfudf4gRPIrPAXGVsiQ,OK,348258,471570211412003
1733.612,35.223866,-89.90499,ChIJJRXCRJh4f4gRcTFbl9qZzNM,OK,183198,471570205323006
1733.612,35.223866,-89.90499,ChIJJRXCRJh4f4gRcTFbl9qZzNM,OK,183198,471570205323006
2743.355,35.2158947,-89.9151158,ChIJxetq6ad4f4gRD1K1cIBWUQ4,OK,190352,471570205323006
2766.019,35.1546312,-89.79260459999999,ChIJ8UeuSEecf4gRniit7ubZLtM,OK,201818,471570211374028
2766.019,35.1546312,-89.79260459999999,ChIJ8UeuSEecf4gRniit7ubZLtM,OK,201818,471570211374028
2549.079,35.14868459999999,-89.7948203,ChIJ4w9Lr2qcf4gRHdzl9FciAFM,OK,208869,471570211374028
861.888,35.220637,-89.892425,ChIJiZ78r4Z4f4gRyy0DWRWI7n0,OK,66373,471570206443023
861.888,35.220637,-89.892425,ChIJiZ78r4Z4f4gRyy0DWRWI7n0,OK,66373,471570206443023
2739.577,35.2060393,-89.89459389999999,ChIJN_fdM1CCf4gRqHZ_YUZgoJo,OK,171172,471570206443023
1300.557,35.220637,-89.892425,ChIJiZ78r4Z4f4gRyy0DWRWI7n0,OK,78029,471570206443019
1300.557,35.220637,-89.892425,ChIJiZ78r4Z4f4gRyy0DWRWI7n0,OK,78029,471570206443019
2623.201,35.223866,-89.90499,ChIJJRXCRJh4f4gRcTFbl9qZzNM,OK,178088,471570206443019
3855.94,35.220637,-89.892425,ChIJiZ78r4Z4f4gRyy0DWRWI7n0,OK,256443,471570205323005
3855.94,35.220637,-89.892425,ChIJiZ78r4Z4f4gRyy0DWRWI7n0,OK,256443,471570205323005
3738.407,35.2337782,-89.9252472,ChIJra3pLkt_f4gRjZbqnHrruIM,OK,264019,471570205323005
1064.671,35.220637,-89.892425,ChIJiZ78r4Z4f4gRyy0DWRWI7n0,OK,73408,471570206443022
1064.671,35.220637,-89.892425,ChIJiZ78r4Z4f4gRyy0DWRWI7n0,OK,73408,471570206443022
2035.426,35.223866,-89.90499,ChIJJRXCRJh4f4gRcTFbl9qZzNM,OK,152354,471570206443022
1613.435,35.220637,-89.892425,ChIJiZ78r4Z4f4gRyy0DWRWI7n0,OK,127214,471570206443013
1613.435,35.220637,-89.892425,ChIJiZ78r4Z4f4gRyy0DWRWI7n0,OK,127214,471570206443013
2882.499,35.223866,-89.90499,ChIJJRXCRJh4f4gRcTFbl9qZzNM,OK,216201,471570206443013
738.47,35.220637,-89.892425,ChIJiZ78r4Z4f4gRyy0DWRWI7n0,OK,44306,471570205324021
738.47,35.220637,-89.892425,ChIJiZ78r4Z4f4gRyy0DWRWI7n0,OK,44306,471570205324021
584.169,35.223866,-89.90499,ChIJJRXCRJh4f4gRcTFbl9qZzNM,OK,55752,471570205324021
1160.107,35.220637,-89.892425,ChIJiZ78r4Z4f4gRyy0DWRWI7n0,OK,84302,471570206443010
1160.107,35.220637,-89.892425,ChIJiZ78r4Z4f4gRyy0DWRWI7n0,OK,84302,471570206443010
2314.518,35.223866,-89.90499,ChIJJRXCRJh4f4gRcTFbl9qZzNM,OK,169530,471570206443010
954.059,35.220637,-89.892425,ChIJiZ78r4Z4f4gRyy0DWRWI7n0,OK,73372,471570206443025
954.059,35.220637,-89.892425,ChIJiZ78r4Z4f4gRyy0DWRWI7n0,OK,73372,471570206443025
2276.703,35.223866,-89.90499,ChIJJRXCRJh4f4gRcTFbl9qZzNM,OK,173431,471570206443025
1226.141,35.125222,-90.048147,ChIJ9cKdtid81YcRKs9h6RjzQzw,OK,70898,471570045001018
1226.141,35.125222,-90.048147,ChIJ9cKdtid81YcRKs9h6RjzQzw,OK,70898,471570045001018
1227.955,35.1251709,-90.0481695,ChIJybIJtCd81YcR9Otxws-5qCM,OK,70998,471570045001018
6093.214,35.1153996,-89.89414069999999,ChIJCb4NOWWEf4gR79YlPQoocW4,OK,503144,471570213112006
8627.597,35.16339899999999,-89.855841,ChIJA_xfkC6Df4gRAjVZwLz1jqA,OK,603016,471570213112006
8627.597,35.16339899999999,-89.855841,ChIJA_xfkC6Df4gRAjVZwLz1jqA,OK,603016,471570213112006
1877.641,35.2044739,-89.76342459999999,ChIJ3XsJxyKef4gRTeWb3lonWsU,OK,162782,471570211411008
1877.641,35.2044739,-89.76342459999999,ChIJ3XsJxyKef4gRTeWb3lonWsU,OK,162782,471570211411008
3568.056,35.2074362,-89.7805166,ChIJ62ATRfudf4gRPIrPAXGVsiQ,OK,294268,471570211411008
2396.346,35.19067459999999,-89.8489943,ChIJ364PGjWdf4gRKbsrGLq8_XQ,OK,143523,471570211112005
2396.346,35.19067459999999,-89.8489943,ChIJ364PGjWdf4gRKbsrGLq8_XQ,OK,143523,471570211112005
3816.459,35.16339899999999,-89.855841,ChIJA_xfkC6Df4gRAjVZwLz1jqA,OK,224352,471570211112005
1496.123,35.125222,-90.048147,ChIJ9cKdtid81YcRKs9h6RjzQzw,OK,96613,471570046001046
1496.123,35.125222,-90.048147,ChIJ9cKdtid81YcRKs9h6RjzQzw,OK,96613,471570046001046
1497.937,35.1251709,-90.0481695,ChIJybIJtCd81YcR9Otxws-5qCM,OK,96713,471570046001046
2177.335,35.0333519,-90.02557630000001,ChIJK8z8Ksxi1YcRt8pxxgP2SA4,OK,136676,471570225005000
2177.335,35.0333519,-90.02557630000001,ChIJK8z8Ksxi1YcRt8pxxgP2SA4,OK,136676,471570225005000
2177.429,35.033351,-90.02556199999999,ChIJY7ePKsxi1YcRIP55gZFchMw,OK,136681,471570225005000
1700.006,35.2023757,-89.9218691,ChIJvw7rwByCf4gRrAscHKjp1Iw,OK,253050,471570089001000
1700.006,35.2023757,-89.9218691,ChIJvw7rwByCf4gRrAscHKjp1Iw,OK,253050,471570089001000
3363.001,35.1839382,-89.93104869999999,ChIJrQx5Io-Bf4gRSwDAaGIf4WE,OK,345982,471570089001000
567.174,35.09464699999999,-89.9708677,ChIJx5uAuBqHf4gRze5MKc5WJFI,OK,56140,471570079004004
567.174,35.09464699999999,-89.9708677,ChIJx5uAuBqHf4gRze5MKc5WJFI,OK,56140,471570079004004
1130.496,35.0904795,-89.96597299999999,ChIJHfaNmAOHf4gR1d8V2K9rfSU,OK,86252,471570079004004
3003.294,35.218332,-90.00299799999999,ChIJfRCGEgGA1YcRsZsWP_dycDI,OK,180191,471570099012009
3003.294,35.218332,-90.00299799999999,ChIJfRCGEgGA1YcRsZsWP_dycDI,OK,180191,471570099012009
3211.198,35.21475480000001,-90.00354540000001,ChIJF6XvX_9_1YcRD4jlF4jzevw,OK,192665,471570099012009
715.723,35.1060329,-90.039159,ChIJ231bcjV81YcRQ1quDeYAd6M,OK,85881,471570057001053
715.723,35.1060329,-90.039159,ChIJ231bcjV81YcRQ1quDeYAd6M,OK,85881,471570057001053
2737.518,35.098685,-90.05664899999999,ChIJ31qwBkJ81YcRk2V5pdmdhrM,OK,179149,471570057001053
1421.241,35.0225458,-90.0257415,ChIJnc94gMRi1YcRKYztFRuX2Yw,OK,97657,471570221213006
1421.241,35.0225458,-90.0257415,ChIJnc94gMRi1YcRKYztFRuX2Yw,OK,97657,471570221213006
1777.77,35.021381,-90.020287,ChIJnVfwxMBi1YcR65EtGsZDcOY,OK,118143,471570221213006
1224.515,35.1060329,-90.039159,ChIJ231bcjV81YcRQ1quDeYAd6M,OK,100906,471570057001043
1224.515,35.1060329,-90.039159,ChIJ231bcjV81YcRQ1quDeYAd6M,OK,100906,471570057001043
1869.871,35.095133,-90.05542799999999,ChIJATnUo0J81YcRpbAuNwXeqRw,OK,165712,471570057001043
2938.802,35.218332,-90.00299799999999,ChIJfRCGEgGA1YcRsZsWP_dycDI,OK,182465,471570099023001
2938.802,35.218332,-90.00299799999999,ChIJfRCGEgGA1YcRsZsWP_dycDI,OK,182465,471570099023001
3146.707,35.21475480000001,-90.00354540000001,ChIJF6XvX_9_1YcRD4jlF4jzevw,OK,194939,471570099023001
2517.422,35.218332,-90.00299799999999,ChIJfRCGEgGA1YcRsZsWP_dycDI,OK,151040,471570099013040
2517.422,35.218332,-90.00299799999999,ChIJfRCGEgGA1YcRsZsWP_dycDI,OK,151040,471570099013040
2725.327,35.21475480000001,-90.00354540000001,ChIJF6XvX_9_1YcRD4jlF4jzevw,OK,163514,471570099013040
4126.792,35.1439641,-90.0517892,ChIJL-0zBZR-1YcRj7p5p1WY4-g,OK,335155,471570001003015
4126.792,35.1439641,-90.0517892,ChIJL-0zBZR-1YcRj7p5p1WY4-g,OK,335155,471570001003015
4335.708,35.1450994,-90.0538646,ChIJne6_s5V-1YcRn_LPaqiwhrk,OK,340609,471570001003015
360.409,35.148225,-89.89748700000001,ChIJC8t095eDf4gRGuXK3FleZyg,OK,28235,471570092002011
360.409,35.148225,-89.89748700000001,ChIJC8t095eDf4gRGuXK3FleZyg,OK,28235,471570092002011
440.954,35.1489345,-89.89838259999999,ChIJaTBvX72Df4gRiyFT0LQMnrQ,OK,33067,471570092002011
1517.12,35.0225458,-90.0257415,ChIJnc94gMRi1YcRKYztFRuX2Yw,OK,103040,471570221213005
1517.12,35.0225458,-90.0257415,ChIJnc94gMRi1YcRKYztFRuX2Yw,OK,103040,471570221213005
2716.994,35.03203000000001,-90.025994,ChIJr7k5Z85i1YcR_daVhG2vNFM,OK,185544,471570221213005
1433.407,35.2051043,-89.79754849999999,ChIJpRDMlY2df4gRQqHmUo_lzmc,OK,81900,471570211132042
1433.407,35.2051043,-89.79754849999999,ChIJpRDMlY2df4gRQqHmUo_lzmc,OK,81900,471570211132042
1898.377,35.2072684,-89.7827147,ChIJKdJ2xvqdf4gRKLRUePlbOOs,OK,139322,471570211132042
1755.073,35.2064292,-89.73436359999999,ChIJP6qgZdGff4gRQoIww3TX5kM,OK,126490,471570210102030
1755.073,35.2064292,-89.73436359999999,ChIJP6qgZdGff4gRQoIww3TX5kM,OK,126490,471570210102030
2688.581,35.2044739,-89.76342459999999,ChIJ3XsJxyKef4gRTeWb3lonWsU,OK,176150,471570210102030
4178.703,35.218332,-90.00299799999999,ChIJfRCGEgGA1YcRsZsWP_dycDI,OK,286700,471570099021018
4178.703,35.218332,-90.00299799999999,ChIJfRCGEgGA1YcRsZsWP_dycDI,OK,286700,471570099021018
4386.607,35.21475480000001,-90.00354540000001,ChIJF6XvX_9_1YcRD4jlF4jzevw,OK,299174,471570099021018
3053.851,35.218332,-90.00299799999999,ChIJfRCGEgGA1YcRsZsWP_dycDI,OK,196271,471570099023002
3053.851,35.218332,-90.00299799999999,ChIJfRCGEgGA1YcRsZsWP_dycDI,OK,196271,471570099023002
3261.755,35.21475480000001,-90.00354540000001,ChIJF6XvX_9_1YcRD4jlF4jzevw,OK,208745,471570099023002
852.207,35.2044739,-89.76342459999999,ChIJ3XsJxyKef4gRTeWb3lonWsU,OK,64406,471570211414007
852.207,35.2044739,-89.76342459999999,ChIJ3XsJxyKef4gRTeWb3lonWsU,OK,64406,471570211414007
2663.513,35.2074362,-89.7805166,ChIJ62ATRfudf4gRPIrPAXGVsiQ,OK,202587,471570211414007
1046.453,35.2044739,-89.76342459999999,ChIJ3XsJxyKef4gRTeWb3lonWsU,OK,77883,471570211414012
1046.453,35.2044739,-89.76342459999999,ChIJ3XsJxyKef4gRTeWb3lonWsU,OK,77883,471570211414012
2509.638,35.2064292,-89.73436359999999,ChIJP6qgZdGff4gRQoIww3TX5kM,OK,133591,471570211414012
4518.216,35.218332,-90.00299799999999,ChIJfRCGEgGA1YcRsZsWP_dycDI,OK,299175,471570099021020
4518.216,35.218332,-90.00299799999999,ChIJfRCGEgGA1YcRsZsWP_dycDI,OK,299175,471570099021020
4726.12,35.21475480000001,-90.00354540000001,ChIJF6XvX_9_1YcRD4jlF4jzevw,OK,311649,471570099021020
2443.296,35.1490317,-90.0140679,ChIJw3q9_xV-1YcRqrte6yBn1CI,OK,137964,471570113001030
2443.296,35.1490317,-90.0140679,ChIJw3q9_xV-1YcRqrte6yBn1CI,OK,137964,471570113001030
2758.783,35.1444038,-90.0168571,ChIJufYEjhR-1YcREff46W6Lons,OK,180505,471570113001030
582.891,35.1444038,-90.0168571,ChIJufYEjhR-1YcREff46W6Lons,OK,43386,471570025002035
582.891,35.1444038,-90.0168571,ChIJufYEjhR-1YcREff46W6Lons,OK,43386,471570025002035
745.347,35.142439,-90.006118,ChIJeUPo2Rt-1YcRdoG2a54M-d0,OK,52546,471570025002035
5912.369,35.2064292,-89.73436359999999,ChIJP6qgZdGff4gRQoIww3TX5kM,OK,266050,471570208202083
5912.369,35.2064292,-89.73436359999999,ChIJP6qgZdGff4gRQoIww3TX5kM,OK,266050,471570208202083
8574.273,35.2044739,-89.76342459999999,ChIJ3XsJxyKef4gRTeWb3lonWsU,OK,394228,471570208202083
4253.287,35.218332,-90.00299799999999,ChIJfRCGEgGA1YcRsZsWP_dycDI,OK,267385,471570099021022
4253.287,35.218332,-90.00299799999999,ChIJfRCGEgGA1YcRsZsWP_dycDI,OK,267385,471570099021022
4461.192,35.21475480000001,-90.00354540000001,ChIJF6XvX_9_1YcRD4jlF4jzevw,OK,279859,471570099021022
7536.853,35.2064292,-89.73436359999999,ChIJP6qgZdGff4gRQoIww3TX5kM,OK,339150,471570208202088
7536.853,35.2064292,-89.73436359999999,ChIJP6qgZdGff4gRQoIww3TX5kM,OK,339150,471570208202088
10198.757,35.2044739,-89.76342459999999,ChIJ3XsJxyKef4gRTeWb3lonWsU,OK,467328,471570208202088
9275.368,35.2064292,-89.73436359999999,ChIJP6qgZdGff4gRQoIww3TX5kM,OK,474395,471570208202051
9275.368,35.2064292,-89.73436359999999,ChIJP6qgZdGff4gRQoIww3TX5kM,OK,474395,471570208202051
11937.272,35.2044739,-89.76342459999999,ChIJ3XsJxyKef4gRTeWb3lonWsU,OK,602573,471570208202051
3712.553,35.218332,-90.00299799999999,ChIJfRCGEgGA1YcRsZsWP_dycDI,OK,229540,471570099023007
3712.553,35.218332,-90.00299799999999,ChIJfRCGEgGA1YcRsZsWP_dycDI,OK,229540,471570099023007
3920.458,35.21475480000001,-90.00354540000001,ChIJF6XvX_9_1YcRD4jlF4jzevw,OK,242014,471570099023007
2549.734,35.1251709,-90.0481695,ChIJybIJtCd81YcR9Otxws-5qCM,OK,156781,471570117001042
2549.734,35.1251709,-90.0481695,ChIJybIJtCd81YcR9Otxws-5qCM,OK,156781,471570117001042
2551.548,35.125222,-90.048147,ChIJ9cKdtid81YcRKs9h6RjzQzw,OK,156882,471570117001042
4469.288,35.1439641,-90.0517892,ChIJL-0zBZR-1YcRj7p5p1WY4-g,OK,318875,471570001002000
4678.204,35.1450994,-90.0538646,ChIJne6_s5V-1YcRn_LPaqiwhrk,OK,324329,471570001002000
4678.204,35.1450994,-90.0538646,ChIJne6_s5V-1YcRn_LPaqiwhrk,OK,324329,471570001002000
5814.544,35.218332,-90.00299799999999,ChIJfRCGEgGA1YcRsZsWP_dycDI,OK,453616,471570099011025
5814.544,35.218332,-90.00299799999999,ChIJfRCGEgGA1YcRsZsWP_dycDI,OK,453616,471570099011025
6022.449,35.21475480000001,-90.00354540000001,ChIJF6XvX_9_1YcRD4jlF4jzevw,OK,466090,471570099011025
2463.989,35.1251709,-90.0481695,ChIJybIJtCd81YcR9Otxws-5qCM,OK,155531,471570043001008
2463.989,35.1251709,-90.0481695,ChIJybIJtCd81YcR9Otxws-5qCM,OK,155531,471570043001008
2465.803,35.125222,-90.048147,ChIJ9cKdtid81YcRKs9h6RjzQzw,OK,155632,471570043001008
3614.922,35.1439641,-90.0517892,ChIJL-0zBZR-1YcRj7p5p1WY4-g,OK,296323,471570042001004
3823.838,35.1450994,-90.0538646,ChIJne6_s5V-1YcRn_LPaqiwhrk,OK,301777,471570042001004
3823.838,35.1450994,-90.0538646,ChIJne6_s5V-1YcRn_LPaqiwhrk,OK,301777,471570042001004
369.635,35.1435177,-90.0539328,ChIJ8VFg1pV-1YcRR9G8p0pZx6U,OK,22175,471570042001008
369.635,35.1435177,-90.0539328,ChIJ8VFg1pV-1YcRR9G8p0pZx6U,OK,22175,471570042001008
494.464,35.1450994,-90.0538646,ChIJne6_s5V-1YcRn_LPaqiwhrk,OK,34080,471570042001008
2341.43,35.1251709,-90.0481695,ChIJybIJtCd81YcR9Otxws-5qCM,OK,139522,471570043001017
2341.43,35.1251709,-90.0481695,ChIJybIJtCd81YcR9Otxws-5qCM,OK,139522,471570043001017
2343.244,35.125222,-90.048147,ChIJ9cKdtid81YcRKs9h6RjzQzw,OK,139623,471570043001017
3763.502,35.1251709,-90.0481695,ChIJybIJtCd81YcR9Otxws-5qCM,OK,227858,471579802001000
3763.502,35.1251709,-90.0481695,ChIJybIJtCd81YcR9Otxws-5qCM,OK,227858,471579802001000
3765.316,35.125222,-90.048147,ChIJ9cKdtid81YcRKs9h6RjzQzw,OK,227959,471579802001000
2362.237,35.1251709,-90.0481695,ChIJybIJtCd81YcR9Otxws-5qCM,OK,143267,471570043001015
3511.005,35.1435177,-90.0539328,ChIJ8VFg1pV-1YcRR9G8p0pZx6U,OK,217955,471570043001015
3511.005,35.1435177,-90.0539328,ChIJ8VFg1pV-1YcRR9G8p0pZx6U,OK,217955,471570043001015
2445.296,35.1251709,-90.0481695,ChIJybIJtCd81YcR9Otxws-5qCM,OK,158217,471570043001016
2445.296,35.1251709,-90.0481695,ChIJybIJtCd81YcR9Otxws-5qCM,OK,158217,471570043001016
2447.111,35.125222,-90.048147,ChIJ9cKdtid81YcRKs9h6RjzQzw,OK,158318,471570043001016
2533.981,35.1251709,-90.0481695,ChIJybIJtCd81YcR9Otxws-5qCM,OK,163929,471570043001005
2533.981,35.1251709,-90.0481695,ChIJybIJtCd81YcR9Otxws-5qCM,OK,163929,471570043001005
2535.795,35.125222,-90.048147,ChIJ9cKdtid81YcRKs9h6RjzQzw,OK,164030,471570043001005
1382.13,35.1435177,-90.0539328,ChIJ8VFg1pV-1YcRR9G8p0pZx6U,OK,97750,471570042002066
1382.13,35.1435177,-90.0539328,ChIJ8VFg1pV-1YcRR9G8p0pZx6U,OK,97750,471570042002066
1506.96,35.1450994,-90.0538646,ChIJne6_s5V-1YcRn_LPaqiwhrk,OK,109655,471570042002066
2445.499,35.1251709,-90.0481695,ChIJybIJtCd81YcR9Otxws-5qCM,OK,144273,471570117001043
2445.499,35.1251709,-90.0481695,ChIJybIJtCd81YcR9Otxws-5qCM,OK,144273,471570117001043
2447.314,35.125222,-90.048147,ChIJ9cKdtid81YcRKs9h6RjzQzw,OK,144374,471570117001043
2392.656,35.1490317,-90.0140679,ChIJw3q9_xV-1YcRqrte6yBn1CI,OK,134051,471570024001006
2392.656,35.1490317,-90.0140679,ChIJw3q9_xV-1YcRqrte6yBn1CI,OK,134051,471570024001006
2708.143,35.1444038,-90.0168571,ChIJufYEjhR-1YcREff46W6Lons,OK,176592,471570024001006
2942.658,35.1251709,-90.0481695,ChIJybIJtCd81YcR9Otxws-5qCM,OK,203932,471570117001046
2942.658,35.1251709,-90.0481695,ChIJybIJtCd81YcR9Otxws-5qCM,OK,203932,471570117001046
2944.473,35.125222,-90.048147,ChIJ9cKdtid81YcRKs9h6RjzQzw,OK,204033,471570117001046
3521.341,35.1251709,-90.0481695,ChIJybIJtCd81YcR9Otxws-5qCM,OK,185416,471579802001002
3521.341,35.1251709,-90.0481695,ChIJybIJtCd81YcR9Otxws-5qCM,OK,185416,471579802001002
3523.155,35.125222,-90.048147,ChIJ9cKdtid81YcRKs9h6RjzQzw,OK,185517,471579802001002
2473.246,35.1251709,-90.0481695,ChIJybIJtCd81YcR9Otxws-5qCM,OK,147603,471570117001032
2473.246,35.1251709,-90.0481695,ChIJybIJtCd81YcR9Otxws-5qCM,OK,147603,471570117001032
2475.06,35.125222,-90.048147,ChIJ9cKdtid81YcRKs9h6RjzQzw,OK,147704,471570117001032
2893.949,35.1546312,-89.79260459999999,ChIJ8UeuSEecf4gRniit7ubZLtM,OK,217170,471570211374031
2893.949,35.1546312,-89.79260459999999,ChIJ8UeuSEecf4gRniit7ubZLtM,OK,217170,471570211374031
2677.01,35.14868459999999,-89.7948203,ChIJ4w9Lr2qcf4gRHdzl9FciAFM,OK,224221,471570211374031
615.531,35.1450994,-90.0538646,ChIJne6_s5V-1YcRn_LPaqiwhrk,OK,52570,471570042001013
615.531,35.1450994,-90.0538646,ChIJne6_s5V-1YcRn_LPaqiwhrk,OK,52570,471570042001013
835.07,35.1435177,-90.0539328,ChIJ8VFg1pV-1YcRR9G8p0pZx6U,OK,61325,471570042001013
1775.605,35.1435177,-90.0539328,ChIJ8VFg1pV-1YcRR9G8p0pZx6U,OK,128126,471570043001032
1775.605,35.1435177,-90.0539328,ChIJ8VFg1pV-1YcRR9G8p0pZx6U,OK,128126,471570043001032
1900.434,35.1450994,-90.0538646,ChIJne6_s5V-1YcRn_LPaqiwhrk,OK,140031,471570043001032
1220.672,35.1435177,-90.0539328,ChIJ8VFg1pV-1YcRR9G8p0pZx6U,OK,85153,471570042002061
1220.672,35.1435177,-90.0539328,ChIJ8VFg1pV-1YcRR9G8p0pZx6U,OK,85153,471570042002061
1345.502,35.1450994,-90.0538646,ChIJne6_s5V-1YcRn_LPaqiwhrk,OK,97058,471570042002061
1040.057,35.1435177,-90.0539328,ChIJ8VFg1pV-1YcRR9G8p0pZx6U,OK,70142,471570042002060
1040.057,35.1435177,-90.0539328,ChIJ8VFg1pV-1YcRR9G8p0pZx6U,OK,70142,471570042002060
1164.887,35.1450994,-90.0538646,ChIJne6_s5V-1YcRn_LPaqiwhrk,OK,82047,471570042002060
721.056,35.1435177,-90.0539328,ChIJ8VFg1pV-1YcRR9G8p0pZx6U,OK,74574,471570042002027
721.056,35.1435177,-90.0539328,ChIJ8VFg1pV-1YcRR9G8p0pZx6U,OK,74574,471570042002027
845.885,35.1450994,-90.0538646,ChIJne6_s5V-1YcRn_LPaqiwhrk,OK,86479,471570042002027
1358.58,35.1435177,-90.0539328,ChIJ8VFg1pV-1YcRR9G8p0pZx6U,OK,94925,471570042002063
1358.58,35.1435177,-90.0539328,ChIJ8VFg1pV-1YcRR9G8p0pZx6U,OK,94925,471570042002063
1483.409,35.1450994,-90.0538646,ChIJne6_s5V-1YcRn_LPaqiwhrk,OK,106830,471570042002063
1148.417,35.1435177,-90.0539328,ChIJ8VFg1pV-1YcRR9G8p0pZx6U,OK,76483,471570042002058
1148.417,35.1435177,-90.0539328,ChIJ8VFg1pV-1YcRR9G8p0pZx6U,OK,76483,471570042002058
1273.247,35.1450994,-90.0538646,ChIJne6_s5V-1YcRn_LPaqiwhrk,OK,88388,471570042002058
2268.91,35.1490317,-90.0140679,ChIJw3q9_xV-1YcRqrte6yBn1CI,OK,132883,471570024001007
2268.91,35.1490317,-90.0140679,ChIJw3q9_xV-1YcRqrte6yBn1CI,OK,132883,471570024001007
2584.397,35.1444038,-90.0168571,ChIJufYEjhR-1YcREff46W6Lons,OK,175424,471570024001007
2449.621,35.1251709,-90.0481695,ChIJybIJtCd81YcR9Otxws-5qCM,OK,139366,471570043001020
2449.621,35.1251709,-90.0481695,ChIJybIJtCd81YcR9Otxws-5qCM,OK,139366,471570043001020
2451.435,35.125222,-90.048147,ChIJ9cKdtid81YcRKs9h6RjzQzw,OK,139467,471570043001020
2312.461,35.1251709,-90.0481695,ChIJybIJtCd81YcR9Otxws-5qCM,OK,137348,471570043001003
2312.461,35.1251709,-90.0481695,ChIJybIJtCd81YcR9Otxws-5qCM,OK,137348,471570043001003
2314.276,35.125222,-90.048147,ChIJ9cKdtid81YcRKs9h6RjzQzw,OK,137449,471570043001003
2236.546,35.1251709,-90.0481695,ChIJybIJtCd81YcR9Otxws-5qCM,OK,118594,471570117001029
2236.546,35.1251709,-90.0481695,ChIJybIJtCd81YcR9Otxws-5qCM,OK,118594,471570117001029
2238.36,35.125222,-90.048147,ChIJ9cKdtid81YcRKs9h6RjzQzw,OK,118695,471570117001029
2242.019,35.1251709,-90.0481695,ChIJybIJtCd81YcR9Otxws-5qCM,OK,162418,471570117001049
2242.019,35.1251709,-90.0481695,ChIJybIJtCd81YcR9Otxws-5qCM,OK,162418,471570117001049
2243.833,35.125222,-90.048147,ChIJ9cKdtid81YcRKs9h6RjzQzw,OK,162519,471570117001049
2752.809,35.1251709,-90.0481695,ChIJybIJtCd81YcR9Otxws-5qCM,OK,181150,471570117001045
2752.809,35.1251709,-90.0481695,ChIJybIJtCd81YcR9Otxws-5qCM,OK,181150,471570117001045
2754.623,35.125222,-90.048147,ChIJ9cKdtid81YcRKs9h6RjzQzw,OK,181251,471570117001045
2101.421,35.1251709,-90.0481695,ChIJybIJtCd81YcR9Otxws-5qCM,OK,122825,471570043001011
2101.421,35.1251709,-90.0481695,ChIJybIJtCd81YcR9Otxws-5qCM,OK,122825,471570043001011
2103.235,35.125222,-90.048147,ChIJ9cKdtid81YcRKs9h6RjzQzw,OK,122926,471570043001011
2020.638,35.1251709,-90.0481695,ChIJybIJtCd81YcR9Otxws-5qCM,OK,130079,471570043001042
2020.638,35.1251709,-90.0481695,ChIJybIJtCd81YcR9Otxws-5qCM,OK,130079,471570043001042
2022.452,35.125222,-90.048147,ChIJ9cKdtid81YcRKs9h6RjzQzw,OK,130180,471570043001042
1323.64,35.1435177,-90.0539328,ChIJ8VFg1pV-1YcRR9G8p0pZx6U,OK,79408,471570042002065
1323.64,35.1435177,-90.0539328,ChIJ8VFg1pV-1YcRR9G8p0pZx6U,OK,79408,471570042002065
1448.469,35.1450994,-90.0538646,ChIJne6_s5V-1YcRn_LPaqiwhrk,OK,91313,471570042002065
1710.915,35.1435177,-90.0539328,ChIJ8VFg1pV-1YcRR9G8p0pZx6U,OK,102643,471570043001043
1938.629,35.1251709,-90.0481695,ChIJybIJtCd81YcR9Otxws-5qCM,OK,110535,471570043001043
1938.629,35.1251709,-90.0481695,ChIJybIJtCd81YcR9Otxws-5qCM,OK,110535,471570043001043
2167.183,35.1251709,-90.0481695,ChIJybIJtCd81YcR9Otxws-5qCM,OK,147662,471570043001027
2167.183,35.1251709,-90.0481695,ChIJybIJtCd81YcR9Otxws-5qCM,OK,147662,471570043001027
2168.997,35.125222,-90.048147,ChIJ9cKdtid81YcRKs9h6RjzQzw,OK,147763,471570043001027
2570.003,35.1251709,-90.0481695,ChIJybIJtCd81YcR9Otxws-5qCM,OK,168251,471570043001000
2570.003,35.1251709,-90.0481695,ChIJybIJtCd81YcR9Otxws-5qCM,OK,168251,471570043001000
2571.817,35.125222,-90.048147,ChIJ9cKdtid81YcRKs9h6RjzQzw,OK,168352,471570043001000
2384.947,35.1251709,-90.0481695,ChIJybIJtCd81YcR9Otxws-5qCM,OK,124951,471570117001026
2384.947,35.1251709,-90.0481695,ChIJybIJtCd81YcR9Otxws-5qCM,OK,124951,471570117001026
2386.761,35.125222,-90.048147,ChIJ9cKdtid81YcRKs9h6RjzQzw,OK,125052,471570117001026
2073.583,35.1251709,-90.0481695,ChIJybIJtCd81YcR9Otxws-5qCM,OK,154231,471570117001033
2073.583,35.1251709,-90.0481695,ChIJybIJtCd81YcR9Otxws-5qCM,OK,154231,471570117001033
2075.398,35.125222,-90.048147,ChIJ9cKdtid81YcRKs9h6RjzQzw,OK,154332,471570117001033
1615.217,35.1435177,-90.0539328,ChIJ8VFg1pV-1YcRR9G8p0pZx6U,OK,108881,471570043001031
1615.217,35.1435177,-90.0539328,ChIJ8VFg1pV-1YcRR9G8p0pZx6U,OK,108881,471570043001031
1740.046,35.1450994,-90.0538646,ChIJne6_s5V-1YcRn_LPaqiwhrk,OK,120786,471570043001031
2230.251,35.1251709,-90.0481695,ChIJybIJtCd81YcR9Otxws-5qCM,OK,138284,471570043001025
2230.251,35.1251709,-90.0481695,ChIJybIJtCd81YcR9Otxws-5qCM,OK,138284,471570043001025
2232.065,35.125222,-90.048147,ChIJ9cKdtid81YcRKs9h6RjzQzw,OK,138385,471570043001025
1499.526,35.1435177,-90.0539328,ChIJ8VFg1pV-1YcRR9G8p0pZx6U,OK,94999,471570042002072
1499.526,35.1435177,-90.0539328,ChIJ8VFg1pV-1YcRR9G8p0pZx6U,OK,94999,471570042002072
1624.355,35.1450994,-90.0538646,ChIJne6_s5V-1YcRn_LPaqiwhrk,OK,106904,471570042002072
1402.914,35.1435177,-90.0539328,ChIJ8VFg1pV-1YcRR9G8p0pZx6U,OK,89172,471570042002064
1402.914,35.1435177,-90.0539328,ChIJ8VFg1pV-1YcRR9G8p0pZx6U,OK,89172,471570042002064
1527.743,35.1450994,-90.0538646,ChIJne6_s5V-1YcRn_LPaqiwhrk,OK,101077,471570042002064
3282.35,35.218332,-90.00299799999999,ChIJfRCGEgGA1YcRsZsWP_dycDI,OK,221549,471570099012014
3282.35,35.218332,-90.00299799999999,ChIJfRCGEgGA1YcRsZsWP_dycDI,OK,221549,471570099012014
3490.255,35.21475480000001,-90.00354540000001,ChIJF6XvX_9_1YcRD4jlF4jzevw,OK,234023,471570099012014
2384.259,35.1251709,-90.0481695,ChIJybIJtCd81YcR9Otxws-5qCM,OK,145962,471570043001023
2384.259,35.1251709,-90.0481695,ChIJybIJtCd81YcR9Otxws-5qCM,OK,145962,471570043001023
2386.073,35.125222,-90.048147,ChIJ9cKdtid81YcRKs9h6RjzQzw,OK,146063,471570043001023
1890.286,35.1251709,-90.0481695,ChIJybIJtCd81YcR9Otxws-5qCM,OK,121873,471570043001061
1890.286,35.1251709,-90.0481695,ChIJybIJtCd81YcR9Otxws-5qCM,OK,121873,471570043001061
1892.1,35.125222,-90.048147,ChIJ9cKdtid81YcRKs9h6RjzQzw,OK,121974,471570043001061
1731.952,35.1251709,-90.0481695,ChIJybIJtCd81YcR9Otxws-5qCM,OK,102873,471570043001055
1731.952,35.1251709,-90.0481695,ChIJybIJtCd81YcR9Otxws-5qCM,OK,102873,471570043001055
1733.766,35.125222,-90.048147,ChIJ9cKdtid81YcRKs9h6RjzQzw,OK,102974,471570043001055
1611.453,35.1251709,-90.0481695,ChIJybIJtCd81YcR9Otxws-5qCM,OK,102378,471570043001068
1611.453,35.1251709,-90.0481695,ChIJybIJtCd81YcR9Otxws-5qCM,OK,102378,471570043001068
1613.268,35.125222,-90.048147,ChIJ9cKdtid81YcRKs9h6RjzQzw,OK,102479,471570043001068
1908.783,35.1251709,-90.0481695,ChIJybIJtCd81YcR9Otxws-5qCM,OK,132047,471570117001034
1908.783,35.1251709,-90.0481695,ChIJybIJtCd81YcR9Otxws-5qCM,OK,132047,471570117001034
1910.597,35.125222,-90.048147,ChIJ9cKdtid81YcRKs9h6RjzQzw,OK,132148,471570117001034
1557.987,35.1251709,-90.0481695,ChIJybIJtCd81YcR9Otxws-5qCM,OK,100873,471570117001036
1557.987,35.1251709,-90.0481695,ChIJybIJtCd81YcR9Otxws-5qCM,OK,100873,471570117001036
1559.801,35.125222,-90.048147,ChIJ9cKdtid81YcRKs9h6RjzQzw,OK,100974,471570117001036
1551.751,35.1251709,-90.0481695,ChIJybIJtCd81YcR9Otxws-5qCM,OK,99751,471570117001024
1551.751,35.1251709,-90.0481695,ChIJybIJtCd81YcR9Otxws-5qCM,OK,99751,471570117001024
1553.565,35.125222,-90.048147,ChIJ9cKdtid81YcRKs9h6RjzQzw,OK,99852,471570117001024
1459.396,35.1251709,-90.0481695,ChIJybIJtCd81YcR9Otxws-5qCM,OK,86507,471570043001063
1459.396,35.1251709,-90.0481695,ChIJybIJtCd81YcR9Otxws-5qCM,OK,86507,471570043001063
1461.21,35.125222,-90.048147,ChIJ9cKdtid81YcRKs9h6RjzQzw,OK,86608,471570043001063
1458.702,35.1251709,-90.0481695,ChIJybIJtCd81YcR9Otxws-5qCM,OK,86424,471570043001067
1458.702,35.1251709,-90.0481695,ChIJybIJtCd81YcR9Otxws-5qCM,OK,86424,471570043001067
1460.516,35.125222,-90.048147,ChIJ9cKdtid81YcRKs9h6RjzQzw,OK,86525,471570043001067
1758.408,35.1251709,-90.0481695,ChIJybIJtCd81YcR9Otxws-5qCM,OK,114002,471570117001058
1758.408,35.1251709,-90.0481695,ChIJybIJtCd81YcR9Otxws-5qCM,OK,114002,471570117001058
1760.222,35.125222,-90.048147,ChIJ9cKdtid81YcRKs9h6RjzQzw,OK,114103,471570117001058
1328.09,35.1251709,-90.0481695,ChIJybIJtCd81YcR9Otxws-5qCM,OK,73548,471570117001023
1328.09,35.1251709,-90.0481695,ChIJybIJtCd81YcR9Otxws-5qCM,OK,73548,471570117001023
1329.904,35.125222,-90.048147,ChIJ9cKdtid81YcRKs9h6RjzQzw,OK,73649,471570117001023
1545.798,35.1251709,-90.0481695,ChIJybIJtCd81YcR9Otxws-5qCM,OK,102211,471570043001054
1545.798,35.1251709,-90.0481695,ChIJybIJtCd81YcR9Otxws-5qCM,OK,102211,471570043001054
1547.612,35.125222,-90.048147,ChIJ9cKdtid81YcRKs9h6RjzQzw,OK,102312,471570043001054
1223.667,35.1251709,-90.0481695,ChIJybIJtCd81YcR9Otxws-5qCM,OK,71492,471570043001065
1223.667,35.1251709,-90.0481695,ChIJybIJtCd81YcR9Otxws-5qCM,OK,71492,471570043001065
1225.481,35.125222,-90.048147,ChIJ9cKdtid81YcRKs9h6RjzQzw,OK,71593,471570043001065
1153.683,35.1251709,-90.0481695,ChIJybIJtCd81YcR9Otxws-5qCM,OK,63889,471570043001071
1153.683,35.1251709,-90.0481695,ChIJybIJtCd81YcR9Otxws-5qCM,OK,63889,471570043001071
1155.498,35.125222,-90.048147,ChIJ9cKdtid81YcRKs9h6RjzQzw,OK,63990,471570043001071
4238.395,35.218332,-90.00299799999999,ChIJfRCGEgGA1YcRsZsWP_dycDI,OK,293863,471570099011037
4238.395,35.218332,-90.00299799999999,ChIJfRCGEgGA1YcRsZsWP_dycDI,OK,293863,471570099011037
4446.3,35.21475480000001,-90.00354540000001,ChIJF6XvX_9_1YcRD4jlF4jzevw,OK,306337,471570099011037
1718.291,35.1251709,-90.0481695,ChIJybIJtCd81YcR9Otxws-5qCM,OK,109188,471570117001019
1718.291,35.1251709,-90.0481695,ChIJybIJtCd81YcR9Otxws-5qCM,OK,109188,471570117001019
1720.105,35.125222,-90.048147,ChIJ9cKdtid81YcRKs9h6RjzQzw,OK,109289,471570117001019
1384.865,35.1251709,-90.0481695,ChIJybIJtCd81YcR9Otxws-5qCM,OK,81586,471570117001055
1384.865,35.1251709,-90.0481695,ChIJybIJtCd81YcR9Otxws-5qCM,OK,81586,471570117001055
1386.679,35.125222,-90.048147,ChIJ9cKdtid81YcRKs9h6RjzQzw,OK,81687,471570117001055
1449.147,35.1251709,-90.0481695,ChIJybIJtCd81YcR9Otxws-5qCM,OK,85263,471570117001054
1449.147,35.1251709,-90.0481695,ChIJybIJtCd81YcR9Otxws-5qCM,OK,85263,471570117001054
1450.961,35.125222,-90.048147,ChIJ9cKdtid81YcRKs9h6RjzQzw,OK,85364,471570117001054
4607.196,35.218332,-90.00299799999999,ChIJfRCGEgGA1YcRsZsWP_dycDI,OK,310081,471570099021025
4607.196,35.218332,-90.00299799999999,ChIJfRCGEgGA1YcRsZsWP_dycDI,OK,310081,471570099021025
4815.1,35.21475480000001,-90.00354540000001,ChIJF6XvX_9_1YcRD4jlF4jzevw,OK,322555,471570099021025
4291.033,35.218332,-90.00299799999999,ChIJfRCGEgGA1YcRsZsWP_dycDI,OK,258356,471570099022015
4291.033,35.218332,-90.00299799999999,ChIJfRCGEgGA1YcRsZsWP_dycDI,OK,258356,471570099022015
3851.512,35.21475480000001,-90.00354540000001,ChIJF6XvX_9_1YcRD4jlF4jzevw,OK,267123,471570099022015
4405.083,35.218332,-90.00299799999999,ChIJfRCGEgGA1YcRsZsWP_dycDI,OK,285828,471570099021024
4405.083,35.218332,-90.00299799999999,ChIJfRCGEgGA1YcRsZsWP_dycDI,OK,285828,471570099021024
4612.988,35.21475480000001,-90.00354540000001,ChIJF6XvX_9_1YcRD4jlF4jzevw,OK,298302,471570099021024
5124.905,35.218332,-90.00299799999999,ChIJfRCGEgGA1YcRsZsWP_dycDI,OK,342053,471570099021009
5124.905,35.218332,-90.00299799999999,ChIJfRCGEgGA1YcRsZsWP_dycDI,OK,342053,471570099021009
4685.384,35.21475480000001,-90.00354540000001,ChIJF6XvX_9_1YcRD4jlF4jzevw,OK,350820,471570099021009
4153.296,35.218332,-90.00299799999999,ChIJfRCGEgGA1YcRsZsWP_dycDI,OK,248586,471570099022016
4153.296,35.218332,-90.00299799999999,ChIJfRCGEgGA1YcRsZsWP_dycDI,OK,248586,471570099022016
3713.774,35.21475480000001,-90.00354540000001,ChIJF6XvX_9_1YcRD4jlF4jzevw,OK,257353,471570099022016
4232.718,35.218332,-90.00299799999999,ChIJfRCGEgGA1YcRsZsWP_dycDI,OK,293182,471570099011036
4232.718,35.218332,-90.00299799999999,ChIJfRCGEgGA1YcRsZsWP_dycDI,OK,293182,471570099011036
4440.623,35.21475480000001,-90.00354540000001,ChIJF6XvX_9_1YcRD4jlF4jzevw,OK,305656,471570099011036
4406.533,35.218332,-90.00299799999999,ChIJfRCGEgGA1YcRsZsWP_dycDI,OK,314040,471570099011013
4406.533,35.218332,-90.00299799999999,ChIJfRCGEgGA1YcRsZsWP_dycDI,OK,314040,471570099011013
4614.438,35.21475480000001,-90.00354540000001,ChIJF6XvX_9_1YcRD4jlF4jzevw,OK,326514,471570099011013
758.419,35.0461089,-89.7947008,ChIJaZI6O3Oaf4gRqa_eh0DNj_s,OK,42002,471570215101021
758.419,35.0461089,-89.7947008,ChIJaZI6O3Oaf4gRqa_eh0DNj_s,OK,42002,471570215101021
876.424,35.045091,-89.795412,ChIJVelsQnOaf4gRECqTW7fq-dY,OK,48537,471570215101021
1401.489,35.1157645,-90.022279,ChIJwZqBNMN91YcRRpdDvj5Pcr8,OK,115320,471570116002018
1401.489,35.1157645,-90.022279,ChIJwZqBNMN91YcRRpdDvj5Pcr8,OK,115320,471570116002018
2243.059,35.1087458,-90.0211918,ChIJe6w2EsF91YcRquzVZc8M0-I,OK,163937,471570116002018
4287.829,35.218332,-90.00299799999999,ChIJfRCGEgGA1YcRsZsWP_dycDI,OK,271530,471570099021017
4287.829,35.218332,-90.00299799999999,ChIJfRCGEgGA1YcRsZsWP_dycDI,OK,271530,471570099021017
4495.734,35.21475480000001,-90.00354540000001,ChIJF6XvX_9_1YcRD4jlF4jzevw,OK,284004,471570099021017
2725.859,35.0612606,-89.88628629999999,ChIJAQ_I1gqFf4gRFrt5yQeAEps,OK,179785,471570217101013
2725.859,35.0612606,-89.88628629999999,ChIJAQ_I1gqFf4gRFrt5yQeAEps,OK,179785,471570217101013
3091.919,35.0614623,-89.8536277,ChIJ4TWJkTWFf4gRbkNZYfkF9Jw,OK,189917,471570217101013
1132.297,35.1507888,-89.977317,ChIJdVWrOuqAf4gR-V7s1E3qo7g,OK,73413,471570027001023
1132.297,35.1507888,-89.977317,ChIJdVWrOuqAf4gR-V7s1E3qo7g,OK,73413,471570027001023
2199.756,35.1497164,-89.95515999999999,ChIJcQb6ehiBf4gR-uA54eRPNq8,OK,139905,471570027001023
3519.173,35.218332,-90.00299799999999,ChIJfRCGEgGA1YcRsZsWP_dycDI,OK,233848,471570099012011
3519.173,35.218332,-90.00299799999999,ChIJfRCGEgGA1YcRsZsWP_dycDI,OK,233848,471570099012011
3727.078,35.21475480000001,-90.00354540000001,ChIJF6XvX_9_1YcRD4jlF4jzevw,OK,246322,471570099012011
947.771,35.0461089,-89.7947008,ChIJaZI6O3Oaf4gRqa_eh0DNj_s,OK,52489,471570215101012
947.771,35.0461089,-89.7947008,ChIJaZI6O3Oaf4gRqa_eh0DNj_s,OK,52489,471570215101012
1065.777,35.045091,-89.795412,ChIJVelsQnOaf4gRECqTW7fq-dY,OK,59024,471570215101012
1530.318,35.0068452,-90.00681259999999,ChIJz3G0Jpti1YcRMCYWHOflqrA,OK,106173,471570221301001
1530.318,35.0068452,-90.00681259999999,ChIJz3G0Jpti1YcRMCYWHOflqrA,OK,106173,471570221301001
1768.795,34.9907298,-89.99350899999999,ChIJaR6gqdOJf4gRbmqB7wctwt0,OK,122915,471570221301001
3509.595,35.218332,-90.00299799999999,ChIJfRCGEgGA1YcRsZsWP_dycDI,OK,214094,471570099012016
3509.595,35.218332,-90.00299799999999,ChIJfRCGEgGA1YcRsZsWP_dycDI,OK,214094,471570099012016
3717.5,35.21475480000001,-90.00354540000001,ChIJF6XvX_9_1YcRD4jlF4jzevw,OK,226568,471570099012016
5890.731,35.045091,-89.795412,ChIJVelsQnOaf4gRECqTW7fq-dY,OK,260157,471570215102001
5890.731,35.045091,-89.795412,ChIJVelsQnOaf4gRECqTW7fq-dY,OK,260157,471570215102001
6008.736,35.0461089,-89.7947008,ChIJaZI6O3Oaf4gRqa_eh0DNj_s,OK,266693,471570215102001
3017.601,35.1738374,-89.98954379999999,ChIJ_S0BIGOAf4gRU3Ph4W65cOQ,OK,227635,471570004001032
3017.601,35.1738374,-89.98954379999999,ChIJ_S0BIGOAf4gRU3Ph4W65cOQ,OK,227635,471570004001032
3981.57,35.1490317,-90.0140679,ChIJw3q9_xV-1YcRqrte6yBn1CI,OK,243909,471570004001032
3198.357,35.0326981,-90.07589809999999,ChIJ9S1ljalk1YcRvuG-_hbpimA,OK,219106,471570223223003
3198.357,35.0326981,-90.07589809999999,ChIJ9S1ljalk1YcRvuG-_hbpimA,OK,219106,471570223223003
3999.429,35.02753099999999,-90.082077,ChIJK66rdetk1YcRwwxI9gDREks,OK,263472,471570223223003
874.529,35.109859,-89.99141100000001,ChIJs6JbpFyHf4gR9O01gG0a7fQ,OK,76802,471570064001001
874.529,35.109859,-89.99141100000001,ChIJs6JbpFyHf4gR9O01gG0a7fQ,OK,76802,471570064001001
1676.589,35.107529,-89.9862127,ChIJ0WGfSUKHf4gRjDLrfGQwCV4,OK,127683,471570064001001
3212.253,35.218332,-90.00299799999999,ChIJfRCGEgGA1YcRsZsWP_dycDI,OK,213137,471570099012015
3212.253,35.218332,-90.00299799999999,ChIJfRCGEgGA1YcRsZsWP_dycDI,OK,213137,471570099012015
3420.157,35.21475480000001,-90.00354540000001,ChIJF6XvX_9_1YcRD4jlF4jzevw,OK,225611,471570099012015
1377.929,35.045091,-89.795412,ChIJVelsQnOaf4gRECqTW7fq-dY,OK,126077,471570215101032
1377.929,35.045091,-89.795412,ChIJVelsQnOaf4gRECqTW7fq-dY,OK,126077,471570215101032
1495.934,35.0461089,-89.7947008,ChIJaZI6O3Oaf4gRqa_eh0DNj_s,OK,132613,471570215101032
2795.063,35.1738374,-89.98954379999999,ChIJ_S0BIGOAf4gRU3Ph4W65cOQ,OK,200932,471570004001036
2795.063,35.1738374,-89.98954379999999,ChIJ_S0BIGOAf4gRU3Ph4W65cOQ,OK,200932,471570004001036
3784.04,35.1490317,-90.0140679,ChIJw3q9_xV-1YcRqrte6yBn1CI,OK,220207,471570004001036
1324.975,35.1157645,-90.022279,ChIJwZqBNMN91YcRRpdDvj5Pcr8,OK,98141,471570062001017
1324.975,35.1157645,-90.022279,ChIJwZqBNMN91YcRRpdDvj5Pcr8,OK,98141,471570062001017
2046.095,35.1087458,-90.0211918,ChIJe6w2EsF91YcRquzVZc8M0-I,OK,139531,471570062001017
3436.387,35.0225458,-90.0257415,ChIJnc94gMRi1YcRKYztFRuX2Yw,OK,219890,471570223224017
3487.523,35.0326981,-90.07589809999999,ChIJ9S1ljalk1YcRvuG-_hbpimA,OK,235592,471570223224017
3487.523,35.0326981,-90.07589809999999,ChIJ9S1ljalk1YcRvuG-_hbpimA,OK,235592,471570223224017
3005.705,35.218332,-90.00299799999999,ChIJfRCGEgGA1YcRsZsWP_dycDI,OK,190492,471570099023000
3005.705,35.218332,-90.00299799999999,ChIJfRCGEgGA1YcRsZsWP_dycDI,OK,190492,471570099023000
3213.61,35.21475480000001,-90.00354540000001,ChIJF6XvX_9_1YcRD4jlF4jzevw,OK,202966,471570099023000
1820.283,35.0512763,-89.8427476,ChIJ7VPJ3q-af4gRdxERIyaZ0gk,OK,140797,471570217241024
1136.505,35.0515544,-89.92255089999999,ChIJG_UFGuOFf4gRyHNDzwp5is0,OK,77941,471570226001036
1136.505,35.0515544,-89.92255089999999,ChIJG_UFGuOFf4gRyHNDzwp5is0,OK,77941,471570226001036
1462.829,35.05905920000001,-89.9340455,ChIJM89Mbw2Gf4gRFqf4fPnKU7k,OK,95402,471570226001036
2286.026,35.2023757,-89.9218691,ChIJvw7rwByCf4gRrAscHKjp1Iw,OK,191543,471570205123001
2286.026,35.2023757,-89.9218691,ChIJvw7rwByCf4gRrAscHKjp1Iw,OK,191543,471570205123001
2956.068,35.210167,-89.919383,ChIJi0gqlgaCf4gRjUvfmHxGMyw,OK,232568,471570205123001
5678.806,35.183951,-89.93106899999999,ChIJWQ0EIo-Bf4gR6cuqlCcQuNw,OK,282799,471570205124023
5678.806,35.183951,-89.93106899999999,ChIJWQ0EIo-Bf4gR6cuqlCcQuNw,OK,282799,471570205124023
5679.045,35.1839382,-89.93104869999999,ChIJrQx5Io-Bf4gRSwDAaGIf4WE,OK,282842,471570205124023
2273.814,35.2023757,-89.9218691,ChIJvw7rwByCf4gRrAscHKjp1Iw,OK,159060,471570205121018
4389.295,35.183951,-89.93106899999999,ChIJWQ0EIo-Bf4gR6cuqlCcQuNw,OK,275545,471570205121018
4389.295,35.183951,-89.93106899999999,ChIJWQ0EIo-Bf4gR6cuqlCcQuNw,OK,275545,471570205121018
3648.803,35.17410499999999,-89.97575479999999,ChIJmfYTGFmAf4gRHGKCaD0qCtI,OK,218741,471570205112032
3648.803,35.17410499999999,-89.97575479999999,ChIJmfYTGFmAf4gRHGKCaD0qCtI,OK,218741,471570205112032
4647.716,35.183951,-89.93106899999999,ChIJWQ0EIo-Bf4gR6cuqlCcQuNw,OK,239300,471570205112032
2019.339,35.2023757,-89.9218691,ChIJvw7rwByCf4gRrAscHKjp1Iw,OK,144917,471570205124011
2019.339,35.2023757,-89.9218691,ChIJvw7rwByCf4gRrAscHKjp1Iw,OK,144917,471570205124011
4134.819,35.183951,-89.93106899999999,ChIJWQ0EIo-Bf4gR6cuqlCcQuNw,OK,261402,471570205124011
346.598,35.2023757,-89.9218691,ChIJvw7rwByCf4gRrAscHKjp1Iw,OK,41590,471570205424005
346.598,35.2023757,-89.9218691,ChIJvw7rwByCf4gRrAscHKjp1Iw,OK,41590,471570205424005
1050.117,35.210167,-89.919383,ChIJi0gqlgaCf4gRjUvfmHxGMyw,OK,126011,471570205424005
1073.392,35.1942326,-89.8965709,ChIJD7pM72eCf4gRg19OPcAuyDw,OK,78521,471570205422016
1073.392,35.1942326,-89.8965709,ChIJD7pM72eCf4gRg19OPcAuyDw,OK,78521,471570205422016
1257.905,35.192778,-89.895242,ChIJ2ehTh2eCf4gR95JHzr6OIMA,OK,89591,471570205422016
3090.763,35.0614623,-89.8536277,ChIJ4TWJkTWFf4gRbkNZYfkF9Jw,OK,201902,471570217101015
3090.763,35.0614623,-89.8536277,ChIJ4TWJkTWFf4gRbkNZYfkF9Jw,OK,201902,471570217101015
3128.812,35.0612606,-89.88628629999999,ChIJAQ_I1gqFf4gRFrt5yQeAEps,OK,216014,471570217101015
1248.753,35.1546312,-89.79260459999999,ChIJ8UeuSEecf4gRniit7ubZLtM,OK,123249,471570211353013
1248.753,35.1546312,-89.79260459999999,ChIJ8UeuSEecf4gRniit7ubZLtM,OK,123249,471570211353013
2416.894,35.14868459999999,-89.7948203,ChIJ4w9Lr2qcf4gRHdzl9FciAFM,OK,169520,471570211353013
813.07,35.2060393,-89.89459389999999,ChIJN_fdM1CCf4gRqHZ_YUZgoJo,OK,58823,471570205411012
813.07,35.2060393,-89.89459389999999,ChIJN_fdM1CCf4gRqHZ_YUZgoJo,OK,58823,471570205411012
637.568,35.20808669999999,-89.89363879999999,ChIJa1RCwHuCf4gRSSG3nO4uWeI,OK,59206,471570205411012
1235.092,35.1942326,-89.8965709,ChIJD7pM72eCf4gRg19OPcAuyDw,OK,130751,471570205422017
1235.092,35.1942326,-89.8965709,ChIJD7pM72eCf4gRg19OPcAuyDw,OK,130751,471570205422017
1368.919,35.2060393,-89.89459389999999,ChIJN_fdM1CCf4gRqHZ_YUZgoJo,OK,137041,471570205422017
761.061,35.1942326,-89.8965709,ChIJD7pM72eCf4gRg19OPcAuyDw,OK,58850,471570205422024
761.061,35.1942326,-89.8965709,ChIJD7pM72eCf4gRg19OPcAuyDw,OK,58850,471570205422024
945.574,35.192778,-89.895242,ChIJ2ehTh2eCf4gR95JHzr6OIMA,OK,69920,471570205422024
711.047,35.0078094,-89.83044679999999,ChIJpwHMo0eQf4gRIqmNFjWLuW4,OK,39379,471570217512020
711.047,35.0078094,-89.83044679999999,ChIJpwHMo0eQf4gRIqmNFjWLuW4,OK,39379,471570217512020
1551.586,35.0220022,-89.82947999999999,ChIJxT9DeWuQf4gRf6HLF5uJHd0,OK,86975,471570217512020
4064.862,35.16339899999999,-89.855841,ChIJA_xfkC6Df4gRAjVZwLz1jqA,OK,305002,471570211212030
4064.862,35.16339899999999,-89.855841,ChIJA_xfkC6Df4gRAjVZwLz1jqA,OK,305002,471570211212030
4140.018,35.1623785,-89.8566175,ChIJXQHWWS6Df4gRqhH5EQ9H1j0,OK,313967,471570211212030
2235.068,35.1738374,-89.98954379999999,ChIJ_S0BIGOAf4gRU3Ph4W65cOQ,OK,145059,471570004001020
2235.068,35.1738374,-89.98954379999999,ChIJ_S0BIGOAf4gRU3Ph4W65cOQ,OK,145059,471570004001020
3275.617,35.1490317,-90.0140679,ChIJw3q9_xV-1YcRqrte6yBn1CI,OK,207476,471570004001020
2353.283,35.1738374,-89.98954379999999,ChIJ_S0BIGOAf4gRU3Ph4W65cOQ,OK,150357,471570017001033
2632.554,35.1490317,-90.0140679,ChIJw3q9_xV-1YcRqrte6yBn1CI,OK,156758,471570017001033
2632.554,35.1490317,-90.0140679,ChIJw3q9_xV-1YcRqrte6yBn1CI,OK,156758,471570017001033
1854.927,35.0614623,-89.8536277,ChIJ4TWJkTWFf4gRbkNZYfkF9Jw,OK,121727,471570217252002
1854.927,35.0614623,-89.8536277,ChIJ4TWJkTWFf4gRbkNZYfkF9Jw,OK,121727,471570217252002
1939.698,35.0512763,-89.8427476,ChIJ7VPJ3q-af4gRdxERIyaZ0gk,OK,127915,471570217252002
1799.733,35.0333519,-90.02557630000001,ChIJK8z8Ksxi1YcRt8pxxgP2SA4,OK,125256,471570220241028
1799.733,35.0333519,-90.02557630000001,ChIJK8z8Ksxi1YcRt8pxxgP2SA4,OK,125256,471570220241028
1799.827,35.033351,-90.02556199999999,ChIJY7ePKsxi1YcRIP55gZFchMw,OK,125261,471570220241028
933.48,35.1835367,-89.8717722,ChIJv1U5XuiCf4gRMlXiIrwnbJo,OK,92741,471570206215014
933.48,35.1835367,-89.8717722,ChIJv1U5XuiCf4gRMlXiIrwnbJo,OK,92741,471570206215014
2149.39,35.1927931,-89.86922029999999,ChIJAQAAAMCCf4gRZL0qi0KLjtw,OK,156616,471570206215014
73.805,35.1835367,-89.8717722,ChIJv1U5XuiCf4gRMlXiIrwnbJo,OK,8855,471570206215009
73.805,35.1835367,-89.8717722,ChIJv1U5XuiCf4gRMlXiIrwnbJo,OK,8855,471570206215009
1209.102,35.1927931,-89.86922029999999,ChIJAQAAAMCCf4gRZL0qi0KLjtw,OK,83002,471570206215009
3839.342,34.999309,-90.118577,ChIJ9TRIjgZl1YcR3fm2jM14AHY,OK,237578,471570224104002
2955.282,35.02753099999999,-90.082077,ChIJK66rdetk1YcRwwxI9gDREks,OK,259072,471570224104002
2955.282,35.02753099999999,-90.082077,ChIJK66rdetk1YcRwwxI9gDREks,OK,259072,471570224104002
3326.61,35.095133,-90.05542799999999,ChIJATnUo0J81YcRpbAuNwXeqRw,OK,261609,471570053003011
1691.508,35.1738374,-89.98954379999999,ChIJ_S0BIGOAf4gRU3Ph4W65cOQ,OK,119360,471570007003002
1691.508,35.1738374,-89.98954379999999,ChIJ_S0BIGOAf4gRU3Ph4W65cOQ,OK,119360,471570007003002
2913.096,35.1490317,-90.0140679,ChIJw3q9_xV-1YcRqrte6yBn1CI,OK,188981,471570007003002
1064.519,35.1738374,-89.98954379999999,ChIJ_S0BIGOAf4gRU3Ph4W65cOQ,OK,87153,471570007001003
1064.519,35.1738374,-89.98954379999999,ChIJ_S0BIGOAf4gRU3Ph4W65cOQ,OK,87153,471570007001003
2411.128,35.17410499999999,-89.97575479999999,ChIJmfYTGFmAf4gRHGKCaD0qCtI,OK,167939,471570007001003
1499.778,35.1738374,-89.98954379999999,ChIJ_S0BIGOAf4gRU3Ph4W65cOQ,OK,99381,471570006001017
1499.778,35.1738374,-89.98954379999999,ChIJ_S0BIGOAf4gRU3Ph4W65cOQ,OK,99381,471570006001017
2846.387,35.17410499999999,-89.97575479999999,ChIJmfYTGFmAf4gRHGKCaD0qCtI,OK,180167,471570006001017
383.636,35.1738374,-89.98954379999999,ChIJ_S0BIGOAf4gRU3Ph4W65cOQ,OK,30339,471570006002016
383.636,35.1738374,-89.98954379999999,ChIJ_S0BIGOAf4gRU3Ph4W65cOQ,OK,30339,471570006002016
1207.024,35.17410499999999,-89.97575479999999,ChIJmfYTGFmAf4gRHGKCaD0qCtI,OK,79733,471570006002016
573.935,35.1738374,-89.98954379999999,ChIJ_S0BIGOAf4gRU3Ph4W65cOQ,OK,40418,471570006002018
573.935,35.1738374,-89.98954379999999,ChIJ_S0BIGOAf4gRU3Ph4W65cOQ,OK,40418,471570006002018
972.175,35.17410499999999,-89.97575479999999,ChIJmfYTGFmAf4gRHGKCaD0qCtI,OK,64308,471570006002018
785.115,35.17410499999999,-89.97575479999999,ChIJmfYTGFmAf4gRHGKCaD0qCtI,OK,54679,471570009001004
785.115,35.17410499999999,-89.97575479999999,ChIJmfYTGFmAf4gRHGKCaD0qCtI,OK,54679,471570009001004
2131.723,35.1738374,-89.98954379999999,ChIJ_S0BIGOAf4gRU3Ph4W65cOQ,OK,135466,471570009001004
202.318,35.17410499999999,-89.97575479999999,ChIJmfYTGFmAf4gRHGKCaD0qCtI,OK,12137,471570008001023
202.318,35.17410499999999,-89.97575479999999,ChIJmfYTGFmAf4gRHGKCaD0qCtI,OK,12137,471570008001023
1548.926,35.1738374,-89.98954379999999,ChIJ_S0BIGOAf4gRU3Ph4W65cOQ,OK,92924,471570008001023
1671.176,35.1738374,-89.98954379999999,ChIJ_S0BIGOAf4gRU3Ph4W65cOQ,OK,113673,471570009003005
1671.176,35.1738374,-89.98954379999999,ChIJ_S0BIGOAf4gRU3Ph4W65cOQ,OK,113673,471570009003005
1911.225,35.17410499999999,-89.97575479999999,ChIJmfYTGFmAf4gRHGKCaD0qCtI,OK,128073,471570009003005
1115.372,35.1507888,-89.977317,ChIJdVWrOuqAf4gR-V7s1E3qo7g,OK,77235,471570016001000
1115.372,35.1507888,-89.977317,ChIJdVWrOuqAf4gR-V7s1E3qo7g,OK,77235,471570016001000
2645.425,35.17410499999999,-89.97575479999999,ChIJmfYTGFmAf4gRHGKCaD0qCtI,OK,168606,471570016001000
1481.432,35.1507888,-89.977317,ChIJdVWrOuqAf4gR-V7s1E3qo7g,OK,83702,471570009003021
1481.432,35.1507888,-89.977317,ChIJdVWrOuqAf4gR-V7s1E3qo7g,OK,83702,471570009003021
2509.189,35.17410499999999,-89.97575479999999,ChIJmfYTGFmAf4gRHGKCaD0qCtI,OK,147255,471570009003021
1049.727,35.1490317,-90.0140679,ChIJw3q9_xV-1YcRqrte6yBn1CI,OK,62401,471570025001045
1049.727,35.1490317,-90.0140679,ChIJw3q9_xV-1YcRqrte6yBn1CI,OK,62401,471570025001045
1771.965,35.1444038,-90.0168571,ChIJufYEjhR-1YcREff46W6Lons,OK,109754,471570025001045
1684.252,35.1490317,-90.0140679,ChIJw3q9_xV-1YcRqrte6yBn1CI,OK,94896,471570025002001
1684.252,35.1490317,-90.0140679,ChIJw3q9_xV-1YcRqrte6yBn1CI,OK,94896,471570025002001
2406.489,35.1444038,-90.0168571,ChIJufYEjhR-1YcREff46W6Lons,OK,142249,471570025002001
1614.473,35.142439,-90.006118,ChIJeUPo2Rt-1YcRdoG2a54M-d0,OK,137976,471570016001030
1192.389,35.13774119999999,-89.99713,ChIJtwtohKiAf4gRFxkNLUf9PgA,OK,143081,471570016001030
1192.389,35.13774119999999,-89.99713,ChIJtwtohKiAf4gRFxkNLUf9PgA,OK,143081,471570016001030
1120.738,35.1490317,-90.0140679,ChIJw3q9_xV-1YcRqrte6yBn1CI,OK,92722,471570026002012
1120.738,35.1490317,-90.0140679,ChIJw3q9_xV-1YcRqrte6yBn1CI,OK,92722,471570026002012
1842.976,35.1444038,-90.0168571,ChIJufYEjhR-1YcREff46W6Lons,OK,140075,471570026002012
595.084,35.142439,-90.006118,ChIJeUPo2Rt-1YcRdoG2a54M-d0,OK,69408,471570026001004
595.084,35.142439,-90.006118,ChIJeUPo2Rt-1YcRdoG2a54M-d0,OK,69408,471570026001004
1003.787,35.1490317,-90.0140679,ChIJw3q9_xV-1YcRqrte6yBn1CI,OK,78192,471570026001004
1428.879,35.05113000000001,-89.815021,ChIJAdLMX4iaf4gRUenKpoiyrBc,OK,110811,471570213421082
1428.879,35.05113000000001,-89.815021,ChIJAdLMX4iaf4gRUenKpoiyrBc,OK,110811,471570213421082
1643.021,35.048632,-89.814048,ChIJqY7T64eaf4gRoqZRK7sz4Co,OK,123087,471570213421082
1513.86,35.05113000000001,-89.815021,ChIJAdLMX4iaf4gRUenKpoiyrBc,OK,121008,471570213421024
1513.86,35.05113000000001,-89.815021,ChIJAdLMX4iaf4gRUenKpoiyrBc,OK,121008,471570213421024
1728.002,35.048632,-89.814048,ChIJqY7T64eaf4gRoqZRK7sz4Co,OK,133284,471570213421024
1464.451,35.05113000000001,-89.815021,ChIJAdLMX4iaf4gRUenKpoiyrBc,OK,115079,471570213421083
1464.451,35.05113000000001,-89.815021,ChIJAdLMX4iaf4gRUenKpoiyrBc,OK,115079,471570213421083
1678.593,35.048632,-89.814048,ChIJqY7T64eaf4gRoqZRK7sz4Co,OK,127355,471570213421083
1714.929,35.05113000000001,-89.815021,ChIJAdLMX4iaf4gRUenKpoiyrBc,OK,145135,471570213421028
1714.929,35.05113000000001,-89.815021,ChIJAdLMX4iaf4gRUenKpoiyrBc,OK,145135,471570213421028
1929.071,35.048632,-89.814048,ChIJqY7T64eaf4gRoqZRK7sz4Co,OK,157411,471570213421028
1640.413,35.05113000000001,-89.815021,ChIJAdLMX4iaf4gRUenKpoiyrBc,OK,136192,471570213421020
1640.413,35.05113000000001,-89.815021,ChIJAdLMX4iaf4gRUenKpoiyrBc,OK,136192,471570213421020
1854.555,35.048632,-89.814048,ChIJqY7T64eaf4gRoqZRK7sz4Co,OK,148468,471570213421020
1667,35.05113000000001,-89.815021,ChIJAdLMX4iaf4gRUenKpoiyrBc,OK,139383,471570213421021
1667,35.05113000000001,-89.815021,ChIJAdLMX4iaf4gRUenKpoiyrBc,OK,139383,471570213421021
1881.142,35.048632,-89.814048,ChIJqY7T64eaf4gRoqZRK7sz4Co,OK,151659,471570213421021
1676.51,35.05113000000001,-89.815021,ChIJAdLMX4iaf4gRUenKpoiyrBc,OK,140524,471570213421029
1676.51,35.05113000000001,-89.815021,ChIJAdLMX4iaf4gRUenKpoiyrBc,OK,140524,471570213421029
1890.652,35.048632,-89.814048,ChIJqY7T64eaf4gRoqZRK7sz4Co,OK,152800,471570213421029
1820.283,35.0512763,-89.8427476,ChIJ7VPJ3q-af4gRdxERIyaZ0gk,OK,140797,471570217241024
2202.475,35.049031,-89.841437,ChIJt6vl46-af4gRvoN8Yvkmx9A,OK,151839,471570217241024
338.769,35.05407199999999,-90.00125899999999,ChIJIzdhk1h91YcRZT7cBcBslaM,OK,29873,471570220221019
338.769,35.05407199999999,-90.00125899999999,ChIJIzdhk1h91YcRZT7cBcBslaM,OK,29873,471570220221019
915.979,35.054745,-90.007971,ChIJXxyyQlt91YcRhldtWgjSnSE,OK,69718,471570220221019
1707.297,35.054745,-90.007971,ChIJXxyyQlt91YcRhldtWgjSnSE,OK,133221,471570225001050
1707.297,35.054745,-90.007971,ChIJXxyyQlt91YcRhldtWgjSnSE,OK,133221,471570225001050
2139.145,35.05407199999999,-90.00125899999999,ChIJIzdhk1h91YcRZT7cBcBslaM,OK,149260,471570225001050
845.762,35.1087458,-90.0211918,ChIJe6w2EsF91YcRquzVZc8M0-I,OK,63598,471570115004017
845.762,35.1087458,-90.0211918,ChIJe6w2EsF91YcRquzVZc8M0-I,OK,63598,471570115004017
846.403,35.10874099999999,-90.021185,ChIJrVbiDcF91YcRG9TBOTpHc3I,OK,63675,471570115004017
2327.569,35.1087458,-90.0211918,ChIJe6w2EsF91YcRquzVZc8M0-I,OK,165453,471570078211002
2327.569,35.1087458,-90.0211918,ChIJe6w2EsF91YcRquzVZc8M0-I,OK,165453,471570078211002
2328.211,35.10874099999999,-90.021185,ChIJrVbiDcF91YcRG9TBOTpHc3I,OK,165530,471570078211002
2803.212,35.1087458,-90.0211918,ChIJe6w2EsF91YcRquzVZc8M0-I,OK,172468,471570078211007
2803.212,35.1087458,-90.0211918,ChIJe6w2EsF91YcRquzVZc8M0-I,OK,172468,471570078211007
2803.854,35.10874099999999,-90.021185,ChIJrVbiDcF91YcRG9TBOTpHc3I,OK,172545,471570078211007
3267.641,35.1087458,-90.0211918,ChIJe6w2EsF91YcRquzVZc8M0-I,OK,202063,471570078211005
3267.641,35.1087458,-90.0211918,ChIJe6w2EsF91YcRquzVZc8M0-I,OK,202063,471570078211005
3268.283,35.10874099999999,-90.021185,ChIJrVbiDcF91YcRG9TBOTpHc3I,OK,202140,471570078211005
3567.683,35.10874099999999,-90.021185,ChIJrVbiDcF91YcRG9TBOTpHc3I,OK,211360,471570078212001
5425.022,35.0643218,-89.9923063,ChIJb3DQuo2Hf4gRC8UI6d4pa68,OK,326210,471570078212001
5425.022,35.0643218,-89.9923063,ChIJb3DQuo2Hf4gRC8UI6d4pa68,OK,326210,471570078212001
1071.566,35.054745,-90.007971,ChIJXxyyQlt91YcRhldtWgjSnSE,OK,76324,471570220231004
1071.566,35.054745,-90.007971,ChIJXxyyQlt91YcRhldtWgjSnSE,OK,76324,471570220231004
1636.918,35.05407199999999,-90.00125899999999,ChIJIzdhk1h91YcRZT7cBcBslaM,OK,99757,471570220231004
4632.613,35.0543926,-90.0597009,ChIJT5TzUbl81YcRiPqNjkbj9CA,OK,361463,471570223211000
4632.613,35.0543926,-90.0597009,ChIJT5TzUbl81YcRiPqNjkbj9CA,OK,361463,471570223211000
5213.968,35.06128,-90.05978399999999,ChIJm06f8ZV81YcRTjzAsJPcBKY,OK,393660,471570223211000
1109.744,35.0543926,-90.0597009,ChIJT5TzUbl81YcRiPqNjkbj9CA,OK,75142,471570223213004
1109.744,35.0543926,-90.0597009,ChIJT5TzUbl81YcRiPqNjkbj9CA,OK,75142,471570223213004
1869.296,35.06128,-90.05978399999999,ChIJm06f8ZV81YcRTjzAsJPcBKY,OK,117207,471570223213004
1468.253,35.1490317,-90.0140679,ChIJw3q9_xV-1YcRqrte6yBn1CI,OK,86194,471570025001001
1468.253,35.1490317,-90.0140679,ChIJw3q9_xV-1YcRqrte6yBn1CI,OK,86194,471570025001001
2190.491,35.1444038,-90.0168571,ChIJufYEjhR-1YcREff46W6Lons,OK,133547,471570025001001
2625.7,35.0225458,-90.0257415,ChIJnc94gMRi1YcRKYztFRuX2Yw,OK,206797,471570223221006
2625.7,35.0225458,-90.0257415,ChIJnc94gMRi1YcRKYztFRuX2Yw,OK,206797,471570223221006
3822.223,35.0333519,-90.02557630000001,ChIJK8z8Ksxi1YcRt8pxxgP2SA4,OK,260426,471570223221006
3249.169,35.054745,-90.007971,ChIJXxyyQlt91YcRhldtWgjSnSE,OK,193652,471570225001041
3249.169,35.054745,-90.007971,ChIJXxyyQlt91YcRhldtWgjSnSE,OK,193652,471570225001041
3679.361,35.05407199999999,-90.00125899999999,ChIJIzdhk1h91YcRZT7cBcBslaM,OK,213336,471570225001041
3017.036,35.06128,-90.05978399999999,ChIJm06f8ZV81YcRTjzAsJPcBKY,OK,192502,471570225001092
3017.036,35.06128,-90.05978399999999,ChIJm06f8ZV81YcRTjzAsJPcBKY,OK,192502,471570225001092
3016.857,35.061362,-90.05986399999999,ChIJL_Gh8ZV81YcRDlMHRKqR_IA,OK,195368,471570225001092
1641.639,35.220637,-89.892425,ChIJiZ78r4Z4f4gRyy0DWRWI7n0,OK,114373,471570205324003
1641.639,35.220637,-89.892425,ChIJiZ78r4Z4f4gRyy0DWRWI7n0,OK,114373,471570205324003
2267.814,35.223866,-89.90499,ChIJJRXCRJh4f4gRcTFbl9qZzNM,OK,190267,471570205324003
1420.793,35.054745,-90.007971,ChIJXxyyQlt91YcRhldtWgjSnSE,OK,111559,471570220232007
1420.793,35.054745,-90.007971,ChIJXxyyQlt91YcRhldtWgjSnSE,OK,111559,471570220232007
1986.146,35.05407199999999,-90.00125899999999,ChIJIzdhk1h91YcRZT7cBcBslaM,OK,134992,471570220232007
291.035,35.1738374,-89.98954379999999,ChIJ_S0BIGOAf4gRU3Ph4W65cOQ,OK,25267,471570006002015
291.035,35.1738374,-89.98954379999999,ChIJ_S0BIGOAf4gRU3Ph4W65cOQ,OK,25267,471570006002015
1315.765,35.17410499999999,-89.97575479999999,ChIJmfYTGFmAf4gRHGKCaD0qCtI,OK,86741,471570006002015
1114.439,35.0333519,-90.02557630000001,ChIJK8z8Ksxi1YcRt8pxxgP2SA4,OK,81177,471570221113004
1114.439,35.0333519,-90.02557630000001,ChIJK8z8Ksxi1YcRt8pxxgP2SA4,OK,81177,471570221113004
1114.534,35.033351,-90.02556199999999,ChIJY7ePKsxi1YcRIP55gZFchMw,OK,81182,471570221113004
521.953,35.033351,-90.02556199999999,ChIJY7ePKsxi1YcRIP55gZFchMw,OK,58055,471570221113005
522.047,35.0333519,-90.02557630000001,ChIJK8z8Ksxi1YcRt8pxxgP2SA4,OK,58060,471570221113005
522.047,35.0333519,-90.02557630000001,ChIJK8z8Ksxi1YcRt8pxxgP2SA4,OK,58060,471570221113005
3587.505,35.2045576,-89.81176689999999,ChIJ8ROix4Kdf4gR4Su-1OwAUMo,OK,249675,471570211124000
3587.505,35.2045576,-89.81176689999999,ChIJ8ROix4Kdf4gR4Su-1OwAUMo,OK,249675,471570211124000
3605.278,35.19067459999999,-89.8489943,ChIJ364PGjWdf4gRKbsrGLq8_XQ,OK,273261,471570211124000
2269.757,35.1546312,-89.79260459999999,ChIJ8UeuSEecf4gRniit7ubZLtM,OK,149920,471570211362043
2269.757,35.1546312,-89.79260459999999,ChIJ8UeuSEecf4gRniit7ubZLtM,OK,149920,471570211362043
3217.218,35.14868459999999,-89.7948203,ChIJ4w9Lr2qcf4gRHdzl9FciAFM,OK,203472,471570211362043
2388.789,35.1546312,-89.79260459999999,ChIJ8UeuSEecf4gRniit7ubZLtM,OK,164205,471570211362029
2388.789,35.1546312,-89.79260459999999,ChIJ8UeuSEecf4gRniit7ubZLtM,OK,164205,471570211362029
3185.817,35.218332,-90.00299799999999,ChIJfRCGEgGA1YcRsZsWP_dycDI,OK,218836,471570099023003
3185.817,35.218332,-90.00299799999999,ChIJfRCGEgGA1YcRsZsWP_dycDI,OK,218836,471570099023003
3393.722,35.21475480000001,-90.00354540000001,ChIJF6XvX_9_1YcRD4jlF4jzevw,OK,231310,471570099023003
2645.793,35.218332,-90.00299799999999,ChIJfRCGEgGA1YcRsZsWP_dycDI,OK,158742,471570099022000
2645.793,35.218332,-90.00299799999999,ChIJfRCGEgGA1YcRsZsWP_dycDI,OK,158742,471570099022000
2853.698,35.21475480000001,-90.00354540000001,ChIJF6XvX_9_1YcRD4jlF4jzevw,OK,171216,471570099022000
4090.367,35.218332,-90.00299799999999,ChIJfRCGEgGA1YcRsZsWP_dycDI,OK,262531,471570099023006
4090.367,35.218332,-90.00299799999999,ChIJfRCGEgGA1YcRsZsWP_dycDI,OK,262531,471570099023006
4298.271,35.21475480000001,-90.00354540000001,ChIJF6XvX_9_1YcRD4jlF4jzevw,OK,275005,471570099023006
4105.219,35.218332,-90.00299799999999,ChIJfRCGEgGA1YcRsZsWP_dycDI,OK,252636,471570099021016
4105.219,35.218332,-90.00299799999999,ChIJfRCGEgGA1YcRsZsWP_dycDI,OK,252636,471570099021016
4313.124,35.21475480000001,-90.00354540000001,ChIJF6XvX_9_1YcRD4jlF4jzevw,OK,265110,471570099021016
4086.748,35.218332,-90.00299799999999,ChIJfRCGEgGA1YcRsZsWP_dycDI,OK,262097,471570099023005
4086.748,35.218332,-90.00299799999999,ChIJfRCGEgGA1YcRsZsWP_dycDI,OK,262097,471570099023005
4294.652,35.21475480000001,-90.00354540000001,ChIJF6XvX_9_1YcRD4jlF4jzevw,OK,274571,471570099023005
3905.017,35.218332,-90.00299799999999,ChIJfRCGEgGA1YcRsZsWP_dycDI,OK,245110,471570099022013
3905.017,35.218332,-90.00299799999999,ChIJfRCGEgGA1YcRsZsWP_dycDI,OK,245110,471570099022013
4112.921,35.21475480000001,-90.00354540000001,ChIJF6XvX_9_1YcRD4jlF4jzevw,OK,257584,471570099022013
4002.447,35.218332,-90.00299799999999,ChIJfRCGEgGA1YcRsZsWP_dycDI,OK,251981,471570099022014
4002.447,35.218332,-90.00299799999999,ChIJfRCGEgGA1YcRsZsWP_dycDI,OK,251981,471570099022014
4210.352,35.21475480000001,-90.00354540000001,ChIJF6XvX_9_1YcRD4jlF4jzevw,OK,264455,471570099022014
3037.931,35.218332,-90.00299799999999,ChIJfRCGEgGA1YcRsZsWP_dycDI,OK,201091,471570099023010
3037.931,35.218332,-90.00299799999999,ChIJfRCGEgGA1YcRsZsWP_dycDI,OK,201091,471570099023010
3245.836,35.21475480000001,-90.00354540000001,ChIJF6XvX_9_1YcRD4jlF4jzevw,OK,213565,471570099023010
3402.201,35.218332,-90.00299799999999,ChIJfRCGEgGA1YcRsZsWP_dycDI,OK,244802,471570099023012
3402.201,35.218332,-90.00299799999999,ChIJfRCGEgGA1YcRsZsWP_dycDI,OK,244802,471570099023012
3610.106,35.21475480000001,-90.00354540000001,ChIJF6XvX_9_1YcRD4jlF4jzevw,OK,257276,471570099023012
2868.382,35.218332,-90.00299799999999,ChIJfRCGEgGA1YcRsZsWP_dycDI,OK,177766,471570099013035
2868.382,35.218332,-90.00299799999999,ChIJfRCGEgGA1YcRsZsWP_dycDI,OK,177766,471570099013035
3076.287,35.21475480000001,-90.00354540000001,ChIJF6XvX_9_1YcRD4jlF4jzevw,OK,190240,471570099013035
3700.846,35.218332,-90.00299799999999,ChIJfRCGEgGA1YcRsZsWP_dycDI,OK,228135,471570099023011
3700.846,35.218332,-90.00299799999999,ChIJfRCGEgGA1YcRsZsWP_dycDI,OK,228135,471570099023011
3908.75,35.21475480000001,-90.00354540000001,ChIJF6XvX_9_1YcRD4jlF4jzevw,OK,240609,471570099023011
4053.919,35.218332,-90.00299799999999,ChIJfRCGEgGA1YcRsZsWP_dycDI,OK,249599,471570099022011
4053.919,35.218332,-90.00299799999999,ChIJfRCGEgGA1YcRsZsWP_dycDI,OK,249599,471570099022011
3614.398,35.21475480000001,-90.00354540000001,ChIJF6XvX_9_1YcRD4jlF4jzevw,OK,258366,471570099022011
3426.48,35.218332,-90.00299799999999,ChIJfRCGEgGA1YcRsZsWP_dycDI,OK,207679,471570099022018
3426.48,35.218332,-90.00299799999999,ChIJfRCGEgGA1YcRsZsWP_dycDI,OK,207679,471570099022018
3634.385,35.21475480000001,-90.00354540000001,ChIJF6XvX_9_1YcRD4jlF4jzevw,OK,220153,471570099022018
4761.373,35.218332,-90.00299799999999,ChIJfRCGEgGA1YcRsZsWP_dycDI,OK,287988,471570099021015
4761.373,35.218332,-90.00299799999999,ChIJfRCGEgGA1YcRsZsWP_dycDI,OK,287988,471570099021015
4321.852,35.21475480000001,-90.00354540000001,ChIJF6XvX_9_1YcRD4jlF4jzevw,OK,296755,471570099021015
4127.382,35.218332,-90.00299799999999,ChIJfRCGEgGA1YcRsZsWP_dycDI,OK,253662,471570099021003
4127.382,35.218332,-90.00299799999999,ChIJfRCGEgGA1YcRsZsWP_dycDI,OK,253662,471570099021003
3687.861,35.21475480000001,-90.00354540000001,ChIJF6XvX_9_1YcRD4jlF4jzevw,OK,262429,471570099021003
3943.015,35.218332,-90.00299799999999,ChIJfRCGEgGA1YcRsZsWP_dycDI,OK,237021,471570099021006
3943.015,35.218332,-90.00299799999999,ChIJfRCGEgGA1YcRsZsWP_dycDI,OK,237021,471570099021006
3503.494,35.21475480000001,-90.00354540000001,ChIJF6XvX_9_1YcRD4jlF4jzevw,OK,245788,471570099021006
5049.677,35.21475480000001,-90.00354540000001,ChIJF6XvX_9_1YcRD4jlF4jzevw,OK,261195,471570101205009
5049.677,35.21475480000001,-90.00354540000001,ChIJF6XvX_9_1YcRD4jlF4jzevw,OK,261195,471570101205009
5448.167,35.218332,-90.00299799999999,ChIJfRCGEgGA1YcRsZsWP_dycDI,OK,285104,471570101205009
4033.9,35.218332,-90.00299799999999,ChIJfRCGEgGA1YcRsZsWP_dycDI,OK,234663,471570099021005
4033.9,35.218332,-90.00299799999999,ChIJfRCGEgGA1YcRsZsWP_dycDI,OK,234663,471570099021005
3594.379,35.21475480000001,-90.00354540000001,ChIJF6XvX_9_1YcRD4jlF4jzevw,OK,243430,471570099021005
3754.91,35.218332,-90.00299799999999,ChIJfRCGEgGA1YcRsZsWP_dycDI,OK,223726,471570099021007
3754.91,35.218332,-90.00299799999999,ChIJfRCGEgGA1YcRsZsWP_dycDI,OK,223726,471570099021007
3315.389,35.21475480000001,-90.00354540000001,ChIJF6XvX_9_1YcRD4jlF4jzevw,OK,232493,471570099021007
5062.683,35.218332,-90.00299799999999,ChIJfRCGEgGA1YcRsZsWP_dycDI,OK,327119,471570099021010
5062.683,35.218332,-90.00299799999999,ChIJfRCGEgGA1YcRsZsWP_dycDI,OK,327119,471570099021010
4623.162,35.21475480000001,-90.00354540000001,ChIJF6XvX_9_1YcRD4jlF4jzevw,OK,335886,471570099021010
4262.934,35.218332,-90.00299799999999,ChIJfRCGEgGA1YcRsZsWP_dycDI,OK,241273,471570099021008
4262.934,35.218332,-90.00299799999999,ChIJfRCGEgGA1YcRsZsWP_dycDI,OK,241273,471570099021008
3823.413,35.21475480000001,-90.00354540000001,ChIJF6XvX_9_1YcRD4jlF4jzevw,OK,250040,471570099021008
5160.853,35.1439641,-90.0517892,ChIJL-0zBZR-1YcRj7p5p1WY4-g,OK,385602,471570001001017
3208.402,35.0326981,-90.07589809999999,ChIJ9S1ljalk1YcRvuG-_hbpimA,OK,220311,471570223224011
3208.402,35.0326981,-90.07589809999999,ChIJ9S1ljalk1YcRvuG-_hbpimA,OK,220311,471570223224011
4009.475,35.02753099999999,-90.082077,ChIJK66rdetk1YcRwwxI9gDREks,OK,264677,471570223224011
3225.984,35.0225458,-90.0257415,ChIJnc94gMRi1YcRKYztFRuX2Yw,OK,217177,471570223223008
3492.543,35.0326981,-90.07589809999999,ChIJ9S1ljalk1YcRvuG-_hbpimA,OK,236195,471570223223008
3492.543,35.0326981,-90.07589809999999,ChIJ9S1ljalk1YcRvuG-_hbpimA,OK,236195,471570223223008
900.023,35.2060393,-89.89459389999999,ChIJN_fdM1CCf4gRqHZ_YUZgoJo,OK,56206,471570206511024
900.023,35.2060393,-89.89459389999999,ChIJN_fdM1CCf4gRqHZ_YUZgoJo,OK,56206,471570206511024
983.763,35.20808669999999,-89.89363879999999,ChIJa1RCwHuCf4gRSSG3nO4uWeI,OK,72458,471570206511024
3251.241,35.0326981,-90.07589809999999,ChIJ9S1ljalk1YcRvuG-_hbpimA,OK,198828,471570223224014
3251.241,35.0326981,-90.07589809999999,ChIJ9S1ljalk1YcRvuG-_hbpimA,OK,198828,471570223224014
3630.826,35.02753099999999,-90.082077,ChIJK66rdetk1YcRwwxI9gDREks,OK,219139,471570223224014
738.212,35.109859,-89.99141100000001,ChIJs6JbpFyHf4gR9O01gG0a7fQ,OK,55845,471570065001002
738.212,35.109859,-89.99141100000001,ChIJs6JbpFyHf4gR9O01gG0a7fQ,OK,55845,471570065001002
1540.272,35.107529,-89.9862127,ChIJ0WGfSUKHf4gRjDLrfGQwCV4,OK,106726,471570065001002
902.52,35.2060393,-89.89459389999999,ChIJN_fdM1CCf4gRqHZ_YUZgoJo,OK,56385,471570206515019
902.52,35.2060393,-89.89459389999999,ChIJN_fdM1CCf4gRqHZ_YUZgoJo,OK,56385,471570206515019
986.26,35.20808669999999,-89.89363879999999,ChIJa1RCwHuCf4gRSSG3nO4uWeI,OK,72637,471570206515019
4068.177,35.0326981,-90.07589809999999,ChIJ9S1ljalk1YcRvuG-_hbpimA,OK,264451,471570227005005
4068.177,35.0326981,-90.07589809999999,ChIJ9S1ljalk1YcRvuG-_hbpimA,OK,264451,471570227005005
3982.982,35.00495799999999,-90.0276544,ChIJuXbrrfFi1YcR97C4vX-T9Zk,OK,275473,471570227005005
1093.177,35.109859,-89.99141100000001,ChIJs6JbpFyHf4gR9O01gG0a7fQ,OK,75344,471570066001010
1093.177,35.109859,-89.99141100000001,ChIJs6JbpFyHf4gR9O01gG0a7fQ,OK,75344,471570066001010
1895.237,35.107529,-89.9862127,ChIJ0WGfSUKHf4gRjDLrfGQwCV4,OK,126225,471570066001010
3203.177,35.0326981,-90.07589809999999,ChIJ9S1ljalk1YcRvuG-_hbpimA,OK,219684,471570223223004
3203.177,35.0326981,-90.07589809999999,ChIJ9S1ljalk1YcRvuG-_hbpimA,OK,219684,471570223223004
3316.898,35.0225458,-90.0257415,ChIJnc94gMRi1YcRKYztFRuX2Yw,OK,228086,471570223223004
1494.749,35.2060393,-89.89459389999999,ChIJN_fdM1CCf4gRqHZ_YUZgoJo,OK,110899,471570206511025
1494.749,35.2060393,-89.89459389999999,ChIJN_fdM1CCf4gRqHZ_YUZgoJo,OK,110899,471570206511025
1578.489,35.20808669999999,-89.89363879999999,ChIJa1RCwHuCf4gRSSG3nO4uWeI,OK,127151,471570206511025
1337.412,35.109859,-89.99141100000001,ChIJs6JbpFyHf4gR9O01gG0a7fQ,OK,86648,471570066002045
1337.412,35.109859,-89.99141100000001,ChIJs6JbpFyHf4gR9O01gG0a7fQ,OK,86648,471570066002045
1871.784,35.107529,-89.9862127,ChIJ0WGfSUKHf4gRjDLrfGQwCV4,OK,135138,471570066002045
1418.238,35.109859,-89.99141100000001,ChIJs6JbpFyHf4gR9O01gG0a7fQ,OK,98653,471570066002044
1418.238,35.109859,-89.99141100000001,ChIJs6JbpFyHf4gR9O01gG0a7fQ,OK,98653,471570066002044
1790.492,35.107529,-89.9862127,ChIJ0WGfSUKHf4gRjDLrfGQwCV4,OK,127689,471570066002044
2874.21,35.0225458,-90.0257415,ChIJnc94gMRi1YcRKYztFRuX2Yw,OK,184313,471570227003006
2874.21,35.0225458,-90.0257415,ChIJnc94gMRi1YcRKYztFRuX2Yw,OK,184313,471570227003006
3793.957,35.0326981,-90.07589809999999,ChIJ9S1ljalk1YcRvuG-_hbpimA,OK,237400,471570227003006
1272.789,35.2060393,-89.89459389999999,ChIJN_fdM1CCf4gRqHZ_YUZgoJo,OK,135391,471570206211012
1272.789,35.2060393,-89.89459389999999,ChIJN_fdM1CCf4gRqHZ_YUZgoJo,OK,135391,471570206211012
1356.529,35.20808669999999,-89.89363879999999,ChIJa1RCwHuCf4gRSSG3nO4uWeI,OK,151643,471570206211012
1544.912,35.109859,-89.99141100000001,ChIJs6JbpFyHf4gR9O01gG0a7fQ,OK,109252,471570066002040
1544.912,35.109859,-89.99141100000001,ChIJs6JbpFyHf4gR9O01gG0a7fQ,OK,109252,471570066002040
1747.309,35.12545849999999,-89.97454169999999,ChIJoyT3HjOHf4gRS6EdHckmff8,OK,118797,471570066002040
2600.72,35.0333519,-90.02557630000001,ChIJK8z8Ksxi1YcRt8pxxgP2SA4,OK,184764,471570223222012
2600.72,35.0333519,-90.02557630000001,ChIJK8z8Ksxi1YcRt8pxxgP2SA4,OK,184764,471570223222012
2600.814,35.033351,-90.02556199999999,ChIJY7ePKsxi1YcRIP55gZFchMw,OK,184769,471570223222012
1356.445,35.192778,-89.895242,ChIJ2ehTh2eCf4gR95JHzr6OIMA,OK,131130,471570206211020
1356.445,35.192778,-89.895242,ChIJ2ehTh2eCf4gR95JHzr6OIMA,OK,131130,471570206211020
1416.495,35.1942326,-89.8965709,ChIJD7pM72eCf4gRg19OPcAuyDw,OK,134733,471570206211020
1183.778,35.109859,-89.99141100000001,ChIJs6JbpFyHf4gR9O01gG0a7fQ,OK,74358,471570066001009
1183.778,35.109859,-89.99141100000001,ChIJs6JbpFyHf4gR9O01gG0a7fQ,OK,74358,471570066001009
1985.838,35.107529,-89.9862127,ChIJ0WGfSUKHf4gRjDLrfGQwCV4,OK,125239,471570066001009
3172.221,35.0225458,-90.0257415,ChIJnc94gMRi1YcRKYztFRuX2Yw,OK,210726,471570223223005
3172.221,35.0225458,-90.0257415,ChIJnc94gMRi1YcRKYztFRuX2Yw,OK,210726,471570223223005
3955.358,35.0326981,-90.07589809999999,ChIJ9S1ljalk1YcRvuG-_hbpimA,OK,256768,471570223223005
1322.708,35.2060393,-89.89459389999999,ChIJN_fdM1CCf4gRqHZ_YUZgoJo,OK,131494,471570206211018
1322.708,35.2060393,-89.89459389999999,ChIJN_fdM1CCf4gRqHZ_YUZgoJo,OK,131494,471570206211018
1486.619,35.192778,-89.895242,ChIJ2ehTh2eCf4gR95JHzr6OIMA,OK,146750,471570206211018
1265.643,35.109859,-89.99141100000001,ChIJs6JbpFyHf4gR9O01gG0a7fQ,OK,88097,471570066001008
1265.643,35.109859,-89.99141100000001,ChIJs6JbpFyHf4gR9O01gG0a7fQ,OK,88097,471570066001008
1829.345,35.107529,-89.9862127,ChIJ0WGfSUKHf4gRjDLrfGQwCV4,OK,132351,471570066001008
2918.737,35.0225458,-90.0257415,ChIJnc94gMRi1YcRKYztFRuX2Yw,OK,180308,471570227003007
3701.874,35.0326981,-90.07589809999999,ChIJ9S1ljalk1YcRvuG-_hbpimA,OK,226350,471570227003007
3701.874,35.0326981,-90.07589809999999,ChIJ9S1ljalk1YcRvuG-_hbpimA,OK,226350,471570227003007
1353.18,35.2060393,-89.89459389999999,ChIJN_fdM1CCf4gRqHZ_YUZgoJo,OK,93911,471570206511015
1353.18,35.2060393,-89.89459389999999,ChIJN_fdM1CCf4gRqHZ_YUZgoJo,OK,93911,471570206511015
1436.92,35.20808669999999,-89.89363879999999,ChIJa1RCwHuCf4gRSSG3nO4uWeI,OK,110163,471570206511015
1850.421,35.2060393,-89.89459389999999,ChIJN_fdM1CCf4gRqHZ_YUZgoJo,OK,126681,471570206511016
1934.161,35.20808669999999,-89.89363879999999,ChIJa1RCwHuCf4gRSSG3nO4uWeI,OK,142933,471570206511016
1934.161,35.20808669999999,-89.89363879999999,ChIJa1RCwHuCf4gRSSG3nO4uWeI,OK,142933,471570206511016
1615.994,35.2060393,-89.89459389999999,ChIJN_fdM1CCf4gRqHZ_YUZgoJo,OK,135120,471570206211019
1615.994,35.2060393,-89.89459389999999,ChIJN_fdM1CCf4gRqHZ_YUZgoJo,OK,135120,471570206211019
1699.734,35.20808669999999,-89.89363879999999,ChIJa1RCwHuCf4gRSSG3nO4uWeI,OK,151372,471570206211019
1421.33,35.2060393,-89.89459389999999,ChIJN_fdM1CCf4gRqHZ_YUZgoJo,OK,106201,471570206212009
1421.33,35.2060393,-89.89459389999999,ChIJN_fdM1CCf4gRqHZ_YUZgoJo,OK,106201,471570206212009
1505.07,35.20808669999999,-89.89363879999999,ChIJa1RCwHuCf4gRSSG3nO4uWeI,OK,122453,471570206212009
1430.55,35.2060393,-89.89459389999999,ChIJN_fdM1CCf4gRqHZ_YUZgoJo,OK,107307,471570206212016
1430.55,35.2060393,-89.89459389999999,ChIJN_fdM1CCf4gRqHZ_YUZgoJo,OK,107307,471570206212016
1514.29,35.20808669999999,-89.89363879999999,ChIJa1RCwHuCf4gRSSG3nO4uWeI,OK,123559,471570206212016
1417.609,35.2060393,-89.89459389999999,ChIJN_fdM1CCf4gRqHZ_YUZgoJo,OK,142882,471570206212007
1417.609,35.2060393,-89.89459389999999,ChIJN_fdM1CCf4gRqHZ_YUZgoJo,OK,142882,471570206212007
1581.521,35.192778,-89.895242,ChIJ2ehTh2eCf4gR95JHzr6OIMA,OK,158138,471570206212007
1809.363,35.2060393,-89.89459389999999,ChIJN_fdM1CCf4gRqHZ_YUZgoJo,OK,152764,471570206212014
1809.363,35.2060393,-89.89459389999999,ChIJN_fdM1CCf4gRqHZ_YUZgoJo,OK,152764,471570206212014
1893.103,35.20808669999999,-89.89363879999999,ChIJa1RCwHuCf4gRSSG3nO4uWeI,OK,169016,471570206212014
1375.603,35.0374859,-89.93716700000002,ChIJESgedaeIf4gRXlLu5ht4wNo,OK,71645,471570110201008
1375.603,35.0374859,-89.93716700000002,ChIJESgedaeIf4gRXlLu5ht4wNo,OK,71645,471570110201008
1904.903,35.05905920000001,-89.9340455,ChIJM89Mbw2Gf4gRFqf4fPnKU7k,OK,100286,471570110201008
1263.903,35.1942326,-89.8965709,ChIJD7pM72eCf4gRg19OPcAuyDw,OK,101381,471570205422038
1263.903,35.1942326,-89.8965709,ChIJD7pM72eCf4gRg19OPcAuyDw,OK,101381,471570205422038
1448.416,35.192778,-89.895242,ChIJ2ehTh2eCf4gR95JHzr6OIMA,OK,112451,471570205422038
1261.705,35.1942326,-89.8965709,ChIJD7pM72eCf4gRg19OPcAuyDw,OK,96562,471570205423008
1261.705,35.1942326,-89.8965709,ChIJD7pM72eCf4gRg19OPcAuyDw,OK,96562,471570205423008
1446.218,35.192778,-89.895242,ChIJ2ehTh2eCf4gR95JHzr6OIMA,OK,107632,471570205423008
661.75,35.1942326,-89.8965709,ChIJD7pM72eCf4gRg19OPcAuyDw,OK,50723,471570205423005
661.75,35.1942326,-89.8965709,ChIJD7pM72eCf4gRg19OPcAuyDw,OK,50723,471570205423005
846.263,35.192778,-89.895242,ChIJ2ehTh2eCf4gR95JHzr6OIMA,OK,61793,471570205423005
804.069,35.192778,-89.895242,ChIJ2ehTh2eCf4gR95JHzr6OIMA,OK,60607,471570206101006
804.069,35.192778,-89.895242,ChIJ2ehTh2eCf4gR95JHzr6OIMA,OK,60607,471570206101006
988.581,35.1942326,-89.8965709,ChIJD7pM72eCf4gRg19OPcAuyDw,OK,71677,471570206101006
1075.679,35.0515568,-89.90630259999999,ChIJrU8jyZKFf4gRubg1AIyELWY,OK,95154,471570106303013
1075.679,35.0515568,-89.90630259999999,ChIJrU8jyZKFf4gRubg1AIyELWY,OK,95154,471570106303013
1680.312,35.0515544,-89.92255089999999,ChIJG_UFGuOFf4gRyHNDzwp5is0,OK,121750,471570106303013
1046.793,35.1913738,-89.8964247,ChIJwQffFF2Cf4gRzaR3rfvt3f4,OK,66629,471570206101005
1046.793,35.1913738,-89.8964247,ChIJwQffFF2Cf4gRzaR3rfvt3f4,OK,66629,471570206101005
1330.189,35.192778,-89.895242,ChIJ2ehTh2eCf4gR95JHzr6OIMA,OK,80925,471570206101005
2144.542,35.164068,-89.8770782,ChIJpUMbExuDf4gRyW4QpPURe54,OK,194002,471570206101037
2144.542,35.164068,-89.8770782,ChIJpUMbExuDf4gRyW4QpPURe54,OK,194002,471570206101037
3368.671,35.156962,-89.88851749999999,ChIJaVmJmQmDf4gR3ZGZP7kcoeo,OK,275490,471570206101037
3895.634,35.156962,-89.88851749999999,ChIJaVmJmQmDf4gR3ZGZP7kcoeo,OK,414130,471570098001000
3895.634,35.156962,-89.88851749999999,ChIJaVmJmQmDf4gR3ZGZP7kcoeo,OK,414130,471570098001000
4393.28,35.1503395,-89.89321,ChIJRaSiF6KDf4gRNIqqt1VnH58,OK,432761,471570098001000
850.679,35.192778,-89.895242,ChIJ2ehTh2eCf4gR95JHzr6OIMA,OK,70440,471570206211022
850.679,35.192778,-89.895242,ChIJ2ehTh2eCf4gR95JHzr6OIMA,OK,70440,471570206211022
910.729,35.1942326,-89.8965709,ChIJD7pM72eCf4gRg19OPcAuyDw,OK,74043,471570206211022
2350.199,35.164068,-89.8770782,ChIJpUMbExuDf4gRyW4QpPURe54,OK,143956,471570206101025
2245.572,35.192778,-89.895242,ChIJ2ehTh2eCf4gR95JHzr6OIMA,OK,148888,471570206101025
2245.572,35.192778,-89.895242,ChIJ2ehTh2eCf4gR95JHzr6OIMA,OK,148888,471570206101025
795.733,35.192778,-89.895242,ChIJ2ehTh2eCf4gR95JHzr6OIMA,OK,52748,471570206213003
795.733,35.192778,-89.895242,ChIJ2ehTh2eCf4gR95JHzr6OIMA,OK,52748,471570206213003
980.245,35.1942326,-89.8965709,ChIJD7pM72eCf4gRg19OPcAuyDw,OK,63818,471570206213003
1702.977,35.164068,-89.8770782,ChIJpUMbExuDf4gRyW4QpPURe54,OK,101599,471570206101039
1702.977,35.164068,-89.8770782,ChIJpUMbExuDf4gRyW4QpPURe54,OK,101599,471570206101039
2339.929,35.1835367,-89.8717722,ChIJv1U5XuiCf4gRMlXiIrwnbJo,OK,150398,471570206101039
993.993,35.1835367,-89.8717722,ChIJv1U5XuiCf4gRMlXiIrwnbJo,OK,69648,471570206101018
993.993,35.1835367,-89.8717722,ChIJv1U5XuiCf4gRMlXiIrwnbJo,OK,69648,471570206101018
1511.597,35.192778,-89.895242,ChIJ2ehTh2eCf4gR95JHzr6OIMA,OK,90689,471570206101018
1559.996,35.125222,-90.048147,ChIJ9cKdtid81YcRKs9h6RjzQzw,OK,93852,471570046001026
1559.996,35.125222,-90.048147,ChIJ9cKdtid81YcRKs9h6RjzQzw,OK,93852,471570046001026
1561.81,35.1251709,-90.0481695,ChIJybIJtCd81YcR9Otxws-5qCM,OK,93952,471570046001026
1647.651,35.125222,-90.048147,ChIJ9cKdtid81YcRKs9h6RjzQzw,OK,121477,471570046001055
902.658,35.109859,-89.99141100000001,ChIJs6JbpFyHf4gR9O01gG0a7fQ,OK,57472,471570066001013
902.658,35.109859,-89.99141100000001,ChIJs6JbpFyHf4gR9O01gG0a7fQ,OK,57472,471570066001013
1704.718,35.107529,-89.9862127,ChIJ0WGfSUKHf4gRjDLrfGQwCV4,OK,108353,471570066001013
987.637,35.109859,-89.99141100000001,ChIJs6JbpFyHf4gR9O01gG0a7fQ,OK,58667,471570066001014
987.637,35.109859,-89.99141100000001,ChIJs6JbpFyHf4gR9O01gG0a7fQ,OK,58667,471570066001014
1789.697,35.107529,-89.9862127,ChIJ0WGfSUKHf4gRjDLrfGQwCV4,OK,109548,471570066001014
1069.867,35.109859,-89.99141100000001,ChIJs6JbpFyHf4gR9O01gG0a7fQ,OK,67539,471570066001015
1069.867,35.109859,-89.99141100000001,ChIJs6JbpFyHf4gR9O01gG0a7fQ,OK,67539,471570066001015
1871.927,35.107529,-89.9862127,ChIJ0WGfSUKHf4gRjDLrfGQwCV4,OK,118420,471570066001015
1437.977,35.12545849999999,-89.97454169999999,ChIJoyT3HjOHf4gRS6EdHckmff8,OK,85793,471570066002047
1437.977,35.12545849999999,-89.97454169999999,ChIJoyT3HjOHf4gRS6EdHckmff8,OK,85793,471570066002047
1593.653,35.13418100000001,-89.98599,ChIJnf1_yraAf4gR9pQmD7CXhgg,OK,91322,471570066002047
1498.905,35.109859,-89.99141100000001,ChIJs6JbpFyHf4gR9O01gG0a7fQ,OK,108332,471570066002050
1498.905,35.109859,-89.99141100000001,ChIJs6JbpFyHf4gR9O01gG0a7fQ,OK,108332,471570066002050
1706.883,35.107529,-89.9862127,ChIJ0WGfSUKHf4gRjDLrfGQwCV4,OK,117656,471570066002050
1347.225,35.109859,-89.99141100000001,ChIJs6JbpFyHf4gR9O01gG0a7fQ,OK,95886,471570066001007
1347.225,35.109859,-89.99141100000001,ChIJs6JbpFyHf4gR9O01gG0a7fQ,OK,95886,471570066001007
1749.054,35.107529,-89.9862127,ChIJ0WGfSUKHf4gRjDLrfGQwCV4,OK,122717,471570066001007
1506.543,35.107529,-89.9862127,ChIJ0WGfSUKHf4gRjDLrfGQwCV4,OK,86864,471570066001005
1506.543,35.107529,-89.9862127,ChIJ0WGfSUKHf4gRjDLrfGQwCV4,OK,86864,471570066001005
1708.244,35.12545849999999,-89.97454169999999,ChIJoyT3HjOHf4gRS6EdHckmff8,OK,95562,471570066001005
1700.734,35.107529,-89.9862127,ChIJ0WGfSUKHf4gRjDLrfGQwCV4,OK,97619,471570066001018
1700.734,35.107529,-89.9862127,ChIJ0WGfSUKHf4gRjDLrfGQwCV4,OK,97619,471570066001018
2014.73,35.109859,-89.99141100000001,ChIJs6JbpFyHf4gR9O01gG0a7fQ,OK,107669,471570066001018
910.06,35.107529,-89.9862127,ChIJ0WGfSUKHf4gRjDLrfGQwCV4,OK,71526,471570066001035
910.06,35.107529,-89.9862127,ChIJ0WGfSUKHf4gRjDLrfGQwCV4,OK,71526,471570066001035
721.525,35.109859,-89.99141100000001,ChIJs6JbpFyHf4gR9O01gG0a7fQ,OK,72341,471570066001035
941.32,35.104197,-89.98335349999999,ChIJNST6hGqHf4gR0Mml4gyjQWk,OK,71867,471570069002009
941.32,35.104197,-89.98335349999999,ChIJNST6hGqHf4gR0Mml4gyjQWk,OK,71867,471570069002009
1309.462,35.107529,-89.9862127,ChIJ0WGfSUKHf4gRjDLrfGQwCV4,OK,97116,471570069002009
499.465,35.109859,-89.99141100000001,ChIJs6JbpFyHf4gR9O01gG0a7fQ,OK,34321,471570067002031
499.465,35.109859,-89.99141100000001,ChIJs6JbpFyHf4gR9O01gG0a7fQ,OK,34321,471570067002031
491.355,35.107529,-89.9862127,ChIJ0WGfSUKHf4gRjDLrfGQwCV4,OK,39210,471570067002031
406.107,35.107529,-89.9862127,ChIJ0WGfSUKHf4gRjDLrfGQwCV4,OK,33900,471570067002033
406.107,35.107529,-89.9862127,ChIJ0WGfSUKHf4gRjDLrfGQwCV4,OK,33900,471570067002033
578.187,35.109859,-89.99141100000001,ChIJs6JbpFyHf4gR9O01gG0a7fQ,OK,38849,471570067002033
919.249,35.107529,-89.9862127,ChIJ0WGfSUKHf4gRjDLrfGQwCV4,OK,89257,471570067002017
919.249,35.107529,-89.9862127,ChIJ0WGfSUKHf4gRjDLrfGQwCV4,OK,89257,471570067002017
1360.267,35.104197,-89.98335349999999,ChIJNST6hGqHf4gR0Mml4gyjQWk,OK,108816,471570067002017
597.781,35.107529,-89.9862127,ChIJ0WGfSUKHf4gRjDLrfGQwCV4,OK,54159,471570067002005
597.781,35.107529,-89.9862127,ChIJ0WGfSUKHf4gRjDLrfGQwCV4,OK,54159,471570067002005
1038.8,35.104197,-89.98335349999999,ChIJNST6hGqHf4gR0Mml4gyjQWk,OK,73718,471570067002005
844.44,35.107529,-89.9862127,ChIJ0WGfSUKHf4gRjDLrfGQwCV4,OK,80281,471570067002018
844.44,35.107529,-89.9862127,ChIJ0WGfSUKHf4gRjDLrfGQwCV4,OK,80281,471570067002018
1285.458,35.104197,-89.98335349999999,ChIJNST6hGqHf4gR0Mml4gyjQWk,OK,99840,471570067002018
448.304,35.107529,-89.9862127,ChIJ0WGfSUKHf4gRjDLrfGQwCV4,OK,37907,471570067002021
448.304,35.107529,-89.9862127,ChIJ0WGfSUKHf4gRjDLrfGQwCV4,OK,37907,471570067002021
889.322,35.104197,-89.98335349999999,ChIJNST6hGqHf4gR0Mml4gyjQWk,OK,57466,471570067002021
768.26,35.107529,-89.9862127,ChIJ0WGfSUKHf4gRjDLrfGQwCV4,OK,71140,471570067002019
768.26,35.107529,-89.9862127,ChIJ0WGfSUKHf4gRjDLrfGQwCV4,OK,71140,471570067002019
1209.278,35.104197,-89.98335349999999,ChIJNST6hGqHf4gR0Mml4gyjQWk,OK,90699,471570067002019
864.918,35.109859,-89.99141100000001,ChIJs6JbpFyHf4gR9O01gG0a7fQ,OK,66413,471570065002000
864.918,35.109859,-89.99141100000001,ChIJs6JbpFyHf4gR9O01gG0a7fQ,OK,66413,471570065002000
1666.977,35.107529,-89.9862127,ChIJ0WGfSUKHf4gRjDLrfGQwCV4,OK,117294,471570065002000
647.273,35.109859,-89.99141100000001,ChIJs6JbpFyHf4gR9O01gG0a7fQ,OK,44932,471570065001003
647.273,35.109859,-89.99141100000001,ChIJs6JbpFyHf4gR9O01gG0a7fQ,OK,44932,471570065001003
1449.333,35.107529,-89.9862127,ChIJ0WGfSUKHf4gRjDLrfGQwCV4,OK,95813,471570065001003
1513.372,35.109859,-89.99141100000001,ChIJs6JbpFyHf4gR9O01gG0a7fQ,OK,115975,471570065001014
1513.372,35.109859,-89.99141100000001,ChIJs6JbpFyHf4gR9O01gG0a7fQ,OK,115975,471570065001014
1689.239,35.104197,-89.98335349999999,ChIJNST6hGqHf4gR0Mml4gyjQWk,OK,121173,471570065001014
773.138,35.109859,-89.99141100000001,ChIJs6JbpFyHf4gR9O01gG0a7fQ,OK,54554,471570065001001
773.138,35.109859,-89.99141100000001,ChIJs6JbpFyHf4gR9O01gG0a7fQ,OK,54554,471570065001001
1575.198,35.107529,-89.9862127,ChIJ0WGfSUKHf4gRjDLrfGQwCV4,OK,105435,471570065001001
1108.526,35.109859,-89.99141100000001,ChIJs6JbpFyHf4gR9O01gG0a7fQ,OK,95645,471570065001006
1108.526,35.109859,-89.99141100000001,ChIJs6JbpFyHf4gR9O01gG0a7fQ,OK,95645,471570065001006
1910.586,35.107529,-89.9862127,ChIJ0WGfSUKHf4gRjDLrfGQwCV4,OK,146526,471570065001006
1306.847,35.109859,-89.99141100000001,ChIJs6JbpFyHf4gR9O01gG0a7fQ,OK,98852,471570065001012
2822.417,35.0225458,-90.0257415,ChIJnc94gMRi1YcRKYztFRuX2Yw,OK,178098,471570227003005
2822.417,35.0225458,-90.0257415,ChIJnc94gMRi1YcRKYztFRuX2Yw,OK,178098,471570227003005
3917.144,35.0326981,-90.07589809999999,ChIJ9S1ljalk1YcRvuG-_hbpimA,OK,242834,471570227003005
2299.224,35.1161637,-89.9446263,ChIJ-ZiED8iGf4gR32IlfgDBKWY,OK,148198,471570029004018
2299.224,35.1161637,-89.9446263,ChIJ-ZiED8iGf4gR32IlfgDBKWY,OK,148198,471570029004018
2843.951,35.14981359999999,-89.94918609999999,ChIJVdGBGRaBf4gRsi89Rzqn8W4,OK,174807,471570029004018
1741.526,35.1161637,-89.9446263,ChIJ-ZiED8iGf4gR32IlfgDBKWY,OK,125126,471570029005010
1741.526,35.1161637,-89.9446263,ChIJ-ZiED8iGf4gR32IlfgDBKWY,OK,125126,471570029005010
2988.753,35.14981359999999,-89.94918609999999,ChIJVdGBGRaBf4gRsi89Rzqn8W4,OK,195375,471570029005010
1587.067,35.1161637,-89.9446263,ChIJ-ZiED8iGf4gR32IlfgDBKWY,OK,107896,471570029005014
1587.067,35.1161637,-89.9446263,ChIJ-ZiED8iGf4gR32IlfgDBKWY,OK,107896,471570029005014
2831.123,35.14981359999999,-89.94918609999999,ChIJVdGBGRaBf4gRsi89Rzqn8W4,OK,176461,471570029005014
1282.442,35.1161637,-89.9446263,ChIJ-ZiED8iGf4gR32IlfgDBKWY,OK,83009,471570073001013
1282.442,35.1161637,-89.9446263,ChIJ-ZiED8iGf4gR32IlfgDBKWY,OK,83009,471570073001013
2578.953,35.108097,-89.941227,ChIJwxJT-r6Gf4gRhLDuFpyb128,OK,156975,471570073001013
1036.729,35.1161637,-89.9446263,ChIJ-ZiED8iGf4gR32IlfgDBKWY,OK,106146,471570072001002
1036.729,35.1161637,-89.9446263,ChIJ-ZiED8iGf4gR32IlfgDBKWY,OK,106146,471570072001002
2333.24,35.108097,-89.941227,ChIJwxJT-r6Gf4gRhLDuFpyb128,OK,180112,471570072001002
260.306,35.1444038,-90.0168571,ChIJufYEjhR-1YcREff46W6Lons,OK,30571,471570025002042
260.306,35.1444038,-90.0168571,ChIJufYEjhR-1YcREff46W6Lons,OK,30571,471570025002042
569.363,35.1490317,-90.0140679,ChIJw3q9_xV-1YcRqrte6yBn1CI,OK,47088,471570025002042
461.853,35.086634,-89.96355199999999,ChIJW0XU3AGHf4gRINnmxvx9m5A,OK,45602,471570081203016
984.552,35.1161637,-89.9446263,ChIJ-ZiED8iGf4gR32IlfgDBKWY,OK,78891,471570072001010
461.853,35.086634,-89.96355199999999,ChIJW0XU3AGHf4gRINnmxvx9m5A,OK,45602,471570081203016
984.552,35.1161637,-89.9446263,ChIJ-ZiED8iGf4gR32IlfgDBKWY,OK,78891,471570072001010
632.528,35.0904795,-89.96597299999999,ChIJHfaNmAOHf4gR1d8V2K9rfSU,OK,55055,471570081203016
2066.495,35.108097,-89.941227,ChIJwxJT-r6Gf4gRhLDuFpyb128,OK,139983,471570072001010
1750.87,35.1444038,-90.0168571,ChIJufYEjhR-1YcREff46W6Lons,OK,109040,471570037001031
1750.87,35.1444038,-90.0168571,ChIJufYEjhR-1YcREff46W6Lons,OK,109040,471570037001031
1782.436,35.13763670000001,-90.00757159999999,ChIJl69WLQV-1YcRU3z7Tt2MyhY,OK,114549,471570037001031
362.813,35.086634,-89.96355199999999,ChIJW0XU3AGHf4gRINnmxvx9m5A,OK,21200,471570081203014
362.813,35.086634,-89.96355199999999,ChIJW0XU3AGHf4gRINnmxvx9m5A,OK,21200,471570081203014
837.356,35.0904795,-89.96597299999999,ChIJHfaNmAOHf4gR1d8V2K9rfSU,OK,47481,471570081203014
35.304,35.1444038,-90.0168571,ChIJufYEjhR-1YcREff46W6Lons,OK,6354,471570025002046
35.304,35.1444038,-90.0168571,ChIJufYEjhR-1YcREff46W6Lons,OK,6354,471570025002046
603.598,35.1490317,-90.0140679,ChIJw3q9_xV-1YcRqrte6yBn1CI,OK,46751,471570025002046
766.597,35.1161637,-89.9446263,ChIJ-ZiED8iGf4gR32IlfgDBKWY,OK,73731,471570072001000
766.597,35.1161637,-89.9446263,ChIJ-ZiED8iGf4gR32IlfgDBKWY,OK,73731,471570072001000
2063.108,35.108097,-89.941227,ChIJwxJT-r6Gf4gRhLDuFpyb128,OK,147697,471570072001000
6583.369,35.086634,-89.96355199999999,ChIJW0XU3AGHf4gRINnmxvx9m5A,OK,326313,471579801001018
6583.369,35.086634,-89.96355199999999,ChIJW0XU3AGHf4gRINnmxvx9m5A,OK,326313,471579801001018
7057.911,35.0904795,-89.96597299999999,ChIJHfaNmAOHf4gR1d8V2K9rfSU,OK,352594,471579801001018
302.464,35.1444038,-90.0168571,ChIJufYEjhR-1YcREff46W6Lons,OK,22167,471570025002041
302.464,35.1444038,-90.0168571,ChIJufYEjhR-1YcREff46W6Lons,OK,22167,471570025002041
419.775,35.1490317,-90.0140679,ChIJw3q9_xV-1YcRqrte6yBn1CI,OK,25185,471570025002041
715.799,35.1161637,-89.9446263,ChIJ-ZiED8iGf4gR32IlfgDBKWY,OK,62696,471570072001013
715.799,35.1161637,-89.9446263,ChIJ-ZiED8iGf4gR32IlfgDBKWY,OK,62696,471570072001013
1797.742,35.108097,-89.941227,ChIJwxJT-r6Gf4gRhLDuFpyb128,OK,123788,471570072001013
466.013,35.086634,-89.96355199999999,ChIJW0XU3AGHf4gRINnmxvx9m5A,OK,40842,471570081203010
466.013,35.086634,-89.96355199999999,ChIJW0XU3AGHf4gRINnmxvx9m5A,OK,40842,471570081203010
940.555,35.0904795,-89.96597299999999,ChIJHfaNmAOHf4gR1d8V2K9rfSU,OK,67123,471570081203010
87.549,35.1444038,-90.0168571,ChIJufYEjhR-1YcREff46W6Lons,OK,15758,471570025002048
87.549,35.1444038,-90.0168571,ChIJufYEjhR-1YcREff46W6Lons,OK,15758,471570025002048
551.354,35.1490317,-90.0140679,ChIJw3q9_xV-1YcRqrte6yBn1CI,OK,37348,471570025002048
1996.83,35.1161637,-89.9446263,ChIJ-ZiED8iGf4gR32IlfgDBKWY,OK,145510,471570073001011
1996.83,35.1161637,-89.9446263,ChIJ-ZiED8iGf4gR32IlfgDBKWY,OK,145510,471570073001011
3293.342,35.108097,-89.941227,ChIJwxJT-r6Gf4gRhLDuFpyb128,OK,219476,471570073001011
246.79,35.1444038,-90.0168571,ChIJufYEjhR-1YcREff46W6Lons,OK,18827,471570025002040
246.79,35.1444038,-90.0168571,ChIJufYEjhR-1YcREff46W6Lons,OK,18827,471570025002040
475.449,35.1490317,-90.0140679,ChIJw3q9_xV-1YcRqrte6yBn1CI,OK,28524,471570025002040
553.422,35.086634,-89.96355199999999,ChIJW0XU3AGHf4gRINnmxvx9m5A,OK,32636,471570081201009
553.422,35.086634,-89.96355199999999,ChIJW0XU3AGHf4gRINnmxvx9m5A,OK,32636,471570081201009
1027.965,35.0904795,-89.96597299999999,ChIJHfaNmAOHf4gR1d8V2K9rfSU,OK,58917,471570081201009
1135.151,35.1161637,-89.9446263,ChIJ-ZiED8iGf4gR32IlfgDBKWY,OK,80355,471570073002001
1135.151,35.1161637,-89.9446263,ChIJ-ZiED8iGf4gR32IlfgDBKWY,OK,80355,471570073002001
2431.663,35.108097,-89.941227,ChIJwxJT-r6Gf4gRhLDuFpyb128,OK,154321,471570073002001
355.926,35.1444038,-90.0168571,ChIJufYEjhR-1YcREff46W6Lons,OK,30588,471570036002011
355.926,35.1444038,-90.0168571,ChIJufYEjhR-1YcREff46W6Lons,OK,30588,471570036002011
5160.853,35.1439641,-90.0517892,ChIJL-0zBZR-1YcRj7p5p1WY4-g,OK,385602,471570001001017
5369.769,35.1450994,-90.0538646,ChIJne6_s5V-1YcRn_LPaqiwhrk,OK,391056,471570001001017
4612.46,35.1439641,-90.0517892,ChIJL-0zBZR-1YcRj7p5p1WY4-g,OK,350857,471570001001014
4612.46,35.1439641,-90.0517892,ChIJL-0zBZR-1YcRj7p5p1WY4-g,OK,350857,471570001001014
4821.376,35.1450994,-90.0538646,ChIJne6_s5V-1YcRn_LPaqiwhrk,OK,356311,471570001001014
5552.157,35.1439641,-90.0517892,ChIJL-0zBZR-1YcRj7p5p1WY4-g,OK,405780,471570001001015
5552.157,35.1439641,-90.0517892,ChIJL-0zBZR-1YcRj7p5p1WY4-g,OK,405780,471570001001015
5761.074,35.1450994,-90.0538646,ChIJne6_s5V-1YcRn_LPaqiwhrk,OK,411234,471570001001015
5022.069,35.1439641,-90.0517892,ChIJL-0zBZR-1YcRj7p5p1WY4-g,OK,380409,471570001001004
5022.069,35.1439641,-90.0517892,ChIJL-0zBZR-1YcRj7p5p1WY4-g,OK,380409,471570001001004
5230.985,35.1450994,-90.0538646,ChIJne6_s5V-1YcRn_LPaqiwhrk,OK,385863,471570001001004
5104.479,35.1439641,-90.0517892,ChIJL-0zBZR-1YcRj7p5p1WY4-g,OK,390297,471570001001005
5104.479,35.1439641,-90.0517892,ChIJL-0zBZR-1YcRj7p5p1WY4-g,OK,390297,471570001001005
5313.396,35.1450994,-90.0538646,ChIJne6_s5V-1YcRn_LPaqiwhrk,OK,395751,471570001001005
5599.668,35.218332,-90.00299799999999,ChIJfRCGEgGA1YcRsZsWP_dycDI,OK,455995,471570099021012
5599.668,35.218332,-90.00299799999999,ChIJfRCGEgGA1YcRsZsWP_dycDI,OK,455995,471570099021012
5160.146,35.21475480000001,-90.00354540000001,ChIJF6XvX_9_1YcRD4jlF4jzevw,OK,464762,471570099021012
5676.013,35.218332,-90.00299799999999,ChIJfRCGEgGA1YcRsZsWP_dycDI,OK,474318,471570001001000
5676.013,35.218332,-90.00299799999999,ChIJfRCGEgGA1YcRsZsWP_dycDI,OK,474318,471570001001000
5236.492,35.21475480000001,-90.00354540000001,ChIJF6XvX_9_1YcRD4jlF4jzevw,OK,483085,471570001001000
5880.649,35.1439641,-90.0517892,ChIJL-0zBZR-1YcRj7p5p1WY4-g,OK,330948,471570001001009
5892.555,35.1450994,-90.0538646,ChIJne6_s5V-1YcRn_LPaqiwhrk,OK,339245,471570001001009
5892.555,35.1450994,-90.0538646,ChIJne6_s5V-1YcRn_LPaqiwhrk,OK,339245,471570001001009
4964.341,35.1439641,-90.0517892,ChIJL-0zBZR-1YcRj7p5p1WY4-g,OK,294271,471570001001045
4964.341,35.1439641,-90.0517892,ChIJL-0zBZR-1YcRj7p5p1WY4-g,OK,294271,471570001001045
4995.031,35.1435177,-90.0539328,ChIJ8VFg1pV-1YcRR9G8p0pZx6U,OK,294550,471570001001045
5411.233,35.1439641,-90.0517892,ChIJL-0zBZR-1YcRj7p5p1WY4-g,OK,316548,471570001001047
5411.233,35.1439641,-90.0517892,ChIJL-0zBZR-1YcRj7p5p1WY4-g,OK,316548,471570001001047
5423.14,35.1450994,-90.0538646,ChIJne6_s5V-1YcRn_LPaqiwhrk,OK,324845,471570001001047
5761.578,35.1439641,-90.0517892,ChIJL-0zBZR-1YcRj7p5p1WY4-g,OK,325340,471570001001010
5773.484,35.1450994,-90.0538646,ChIJne6_s5V-1YcRn_LPaqiwhrk,OK,333637,471570001001010
5773.484,35.1450994,-90.0538646,ChIJne6_s5V-1YcRn_LPaqiwhrk,OK,333637,471570001001010
4085.694,35.1738374,-89.98954379999999,ChIJ_S0BIGOAf4gRU3Ph4W65cOQ,OK,368394,471570003001001
4085.694,35.1738374,-89.98954379999999,ChIJ_S0BIGOAf4gRU3Ph4W65cOQ,OK,368394,471570003001001
6680.965,35.218332,-90.00299799999999,ChIJfRCGEgGA1YcRsZsWP_dycDI,OK,431497,471570003001001
6522.3,35.1490317,-90.0140679,ChIJw3q9_xV-1YcRqrte6yBn1CI,OK,416860,471570003001002
6522.3,35.1490317,-90.0140679,ChIJw3q9_xV-1YcRqrte6yBn1CI,OK,416860,471570003001002
6196.012,35.1738374,-89.98954379999999,ChIJ_S0BIGOAf4gRU3Ph4W65cOQ,OK,425840,471570003001002
5015.113,35.1439641,-90.0517892,ChIJL-0zBZR-1YcRj7p5p1WY4-g,OK,386603,471570001001006
5015.113,35.1439641,-90.0517892,ChIJL-0zBZR-1YcRj7p5p1WY4-g,OK,386603,471570001001006
5224.03,35.1450994,-90.0538646,ChIJne6_s5V-1YcRn_LPaqiwhrk,OK,392057,471570001001006
4874.16,35.1439641,-90.0517892,ChIJL-0zBZR-1YcRj7p5p1WY4-g,OK,366558,471570001001003
4874.16,35.1439641,-90.0517892,ChIJL-0zBZR-1YcRj7p5p1WY4-g,OK,366558,471570001001003
5083.077,35.1450994,-90.0538646,ChIJne6_s5V-1YcRn_LPaqiwhrk,OK,372012,471570001001003
5505.912,35.1439641,-90.0517892,ChIJL-0zBZR-1YcRj7p5p1WY4-g,OK,333262,471570001001039
5505.912,35.1439641,-90.0517892,ChIJL-0zBZR-1YcRj7p5p1WY4-g,OK,333262,471570001001039
5536.602,35.1435177,-90.0539328,ChIJ8VFg1pV-1YcRR9G8p0pZx6U,OK,333541,471570001001039
5595.383,35.1439641,-90.0517892,ChIJL-0zBZR-1YcRj7p5p1WY4-g,OK,339704,471570001001038
5595.383,35.1439641,-90.0517892,ChIJL-0zBZR-1YcRj7p5p1WY4-g,OK,339704,471570001001038
5626.073,35.1435177,-90.0539328,ChIJ8VFg1pV-1YcRR9G8p0pZx6U,OK,339983,471570001001038
5881.672,35.1439641,-90.0517892,ChIJL-0zBZR-1YcRj7p5p1WY4-g,OK,346091,471570001001011
5881.672,35.1439641,-90.0517892,ChIJL-0zBZR-1YcRj7p5p1WY4-g,OK,346091,471570001001011
5912.362,35.1435177,-90.0539328,ChIJ8VFg1pV-1YcRR9G8p0pZx6U,OK,346370,471570001001011
5512.027,35.1439641,-90.0517892,ChIJL-0zBZR-1YcRj7p5p1WY4-g,OK,328644,471570001001037
5512.027,35.1439641,-90.0517892,ChIJL-0zBZR-1YcRj7p5p1WY4-g,OK,328644,471570001001037
5542.718,35.1435177,-90.0539328,ChIJ8VFg1pV-1YcRR9G8p0pZx6U,OK,328923,471570001001037
5337.228,35.1439641,-90.0517892,ChIJL-0zBZR-1YcRj7p5p1WY4-g,OK,347985,471570001001042
5337.228,35.1439641,-90.0517892,ChIJL-0zBZR-1YcRj7p5p1WY4-g,OK,347985,471570001001042
5367.918,35.1435177,-90.0539328,ChIJ8VFg1pV-1YcRR9G8p0pZx6U,OK,348264,471570001001042
6135.738,35.1490317,-90.0140679,ChIJw3q9_xV-1YcRqrte6yBn1CI,OK,352201,471570003001003
6135.738,35.1490317,-90.0140679,ChIJw3q9_xV-1YcRqrte6yBn1CI,OK,352201,471570003001003
6460.565,35.1444038,-90.0168571,ChIJufYEjhR-1YcREff46W6Lons,OK,387264,471570003001003
4933.773,35.1439641,-90.0517892,ChIJL-0zBZR-1YcRj7p5p1WY4-g,OK,289036,471570001001046
4933.773,35.1439641,-90.0517892,ChIJL-0zBZR-1YcRj7p5p1WY4-g,OK,289036,471570001001046
4964.463,35.1435177,-90.0539328,ChIJ8VFg1pV-1YcRR9G8p0pZx6U,OK,289315,471570001001046
4848.169,35.1439641,-90.0517892,ChIJL-0zBZR-1YcRj7p5p1WY4-g,OK,278763,471570001001060
4848.169,35.1439641,-90.0517892,ChIJL-0zBZR-1YcRj7p5p1WY4-g,OK,278763,471570001001060
4878.86,35.1435177,-90.0539328,ChIJ8VFg1pV-1YcRR9G8p0pZx6U,OK,279042,471570001001060
3921.999,35.1439641,-90.0517892,ChIJL-0zBZR-1YcRj7p5p1WY4-g,OK,320137,471570001001044
3488.013,35.098685,-90.05664899999999,ChIJ31qwBkJ81YcRk2V5pdmdhrM,OK,270548,471570053003011
3488.013,35.098685,-90.05664899999999,ChIJ31qwBkJ81YcRk2V5pdmdhrM,OK,270548,471570053003011
1511.35,35.062945,-89.90568519999999,ChIJjxj9mL-Ff4gRoOEx9OzDyxs,OK,120428,471570106104006
1511.35,35.062945,-89.90568519999999,ChIJjxj9mL-Ff4gRoOEx9OzDyxs,OK,120428,471570106104006
1255.733,35.063996,-89.90690699999999,ChIJn51vcb-Ff4gRvoXU4r8swrw,OK,127621,471570106104006
3330.129,35.1546312,-89.79260459999999,ChIJ8UeuSEecf4gRniit7ubZLtM,OK,197197,471570211213017
3330.129,35.1546312,-89.79260459999999,ChIJ8UeuSEecf4gRniit7ubZLtM,OK,197197,471570211213017
3829.727,35.2051043,-89.79754849999999,ChIJpRDMlY2df4gRQqHmUo_lzmc,OK,224784,471570211213017
1492.893,35.0614623,-89.8536277,ChIJ4TWJkTWFf4gRbkNZYfkF9Jw,OK,108096,471570217252004
1492.893,35.0614623,-89.8536277,ChIJ4TWJkTWFf4gRbkNZYfkF9Jw,OK,108096,471570217252004
1577.665,35.0512763,-89.8427476,ChIJ7VPJ3q-af4gRdxERIyaZ0gk,OK,114284,471570217252004
3597.155,35.2051043,-89.79754849999999,ChIJpRDMlY2df4gRQqHmUo_lzmc,OK,226720,471570211213004
3597.155,35.2051043,-89.79754849999999,ChIJpRDMlY2df4gRQqHmUo_lzmc,OK,226720,471570211213004
3889.153,35.2071893,-89.79833029999999,ChIJQ0zWJIydf4gRstwjg5hObuM,OK,287233,471570211213004
270.196,35.0508681,-89.88111619999999,ChIJ68PUi3CFf4gRLPYGzNKUdto,OK,31155,471570108203009
270.196,35.0508681,-89.88111619999999,ChIJ68PUi3CFf4gRLPYGzNKUdto,OK,31155,471570108203009
824.052,35.0531879,-89.8855975,ChIJy5TuWnaFf4gRzUE1FqfjCIk,OK,73120,471570108203009
3992.424,35.1439641,-90.0517892,ChIJL-0zBZR-1YcRj7p5p1WY4-g,OK,223097,471570020001004
3647.164,35.1490317,-90.0140679,ChIJw3q9_xV-1YcRqrte6yBn1CI,OK,231083,471570020001004
3647.164,35.1490317,-90.0140679,ChIJw3q9_xV-1YcRqrte6yBn1CI,OK,231083,471570020001004
2036.606,35.1490317,-90.0140679,ChIJw3q9_xV-1YcRqrte6yBn1CI,OK,147838,471570112003013
2036.606,35.1490317,-90.0140679,ChIJw3q9_xV-1YcRqrte6yBn1CI,OK,147838,471570112003013
2758.844,35.1444038,-90.0168571,ChIJufYEjhR-1YcREff46W6Lons,OK,195191,471570112003013
1200.34,35.14981359999999,-89.94918609999999,ChIJVdGBGRaBf4gRsi89Rzqn8W4,OK,76298,471570013001011
1200.34,35.14981359999999,-89.94918609999999,ChIJVdGBGRaBf4gRsi89Rzqn8W4,OK,76298,471570013001011
1545.857,35.167095,-89.950496,ChIJecYfJgmBf4gRJh-YY67U6V8,OK,96133,471570013001011
927.414,35.04577219999999,-89.82821469999999,ChIJL-jEaJmaf4gREtYdkYi2nAs,OK,98002,471570217442000
927.414,35.04577219999999,-89.82821469999999,ChIJL-jEaJmaf4gREtYdkYi2nAs,OK,98002,471570217442000
1088.832,35.0344414,-89.8319559,ChIJfcC9SguQf4gR_xf02Tpo1-w,OK,101412,471570217442000
1446.718,35.05113000000001,-89.815021,ChIJAdLMX4iaf4gRUenKpoiyrBc,OK,103854,471570217442001
1642.023,35.04577219999999,-89.82821469999999,ChIJL-jEaJmaf4gREtYdkYi2nAs,OK,110558,471570217442001
1642.023,35.04577219999999,-89.82821469999999,ChIJL-jEaJmaf4gREtYdkYi2nAs,OK,110558,471570217442001
662.959,35.0220022,-89.82947999999999,ChIJxT9DeWuQf4gRf6HLF5uJHd0,OK,59420,471570217444008
662.959,35.0220022,-89.82947999999999,ChIJxT9DeWuQf4gRf6HLF5uJHd0,OK,59420,471570217444008
1039.917,35.0344414,-89.8319559,ChIJfcC9SguQf4gR_xf02Tpo1-w,OK,75926,471570217444008
509.253,35.0220022,-89.82947999999999,ChIJxT9DeWuQf4gRf6HLF5uJHd0,OK,40976,471570217444010
509.253,35.0220022,-89.82947999999999,ChIJxT9DeWuQf4gRf6HLF5uJHd0,OK,40976,471570217444010
970.667,35.0344414,-89.8319559,ChIJfcC9SguQf4gR_xf02Tpo1-w,OK,67616,471570217444010
1729,35.0477573,-89.86637909999999,ChIJ5_0L5VyFf4gR4HBEwl6nmRE,OK,104549,471570217413001
1729,35.0477573,-89.86637909999999,ChIJ5_0L5VyFf4gR4HBEwl6nmRE,OK,104549,471570217413001
2302.159,35.0505832,-89.86958199999999,ChIJAfPLA2iFf4gRetxnyV4zn3o,OK,143696,471570217413001
1262.309,35.0477573,-89.86637909999999,ChIJ5_0L5VyFf4gR4HBEwl6nmRE,OK,88866,471570217322011
1262.309,35.0477573,-89.86637909999999,ChIJ5_0L5VyFf4gR4HBEwl6nmRE,OK,88866,471570217322011
1171.437,35.0493493,-89.855357,ChIJH2Nw4lGFf4gRq0vxk4n5iAE,OK,100858,471570217322011
1543.808,35.0493493,-89.855357,ChIJH2Nw4lGFf4gRq0vxk4n5iAE,OK,140032,471570217322008
1543.808,35.0493493,-89.855357,ChIJH2Nw4lGFf4gRq0vxk4n5iAE,OK,140032,471570217322008
1805.337,35.0501932,-89.8529489,ChIJJ3DCd1KFf4gRBb2DFEnzV7w,OK,150043,471570217322008
1227.878,35.0477573,-89.86637909999999,ChIJ5_0L5VyFf4gR4HBEwl6nmRE,OK,93627,471570217322014
1227.878,35.0477573,-89.86637909999999,ChIJ5_0L5VyFf4gR4HBEwl6nmRE,OK,93627,471570217322014
1500.44,35.0493493,-89.855357,ChIJH2Nw4lGFf4gRq0vxk4n5iAE,OK,132217,471570217322014
1160.21,35.0477573,-89.86637909999999,ChIJ5_0L5VyFf4gR4HBEwl6nmRE,OK,85508,471570217322016
1160.21,35.0477573,-89.86637909999999,ChIJ5_0L5VyFf4gR4HBEwl6nmRE,OK,85508,471570217322016
1425.97,35.0493493,-89.855357,ChIJH2Nw4lGFf4gRq0vxk4n5iAE,OK,123282,471570217322016
1090.198,35.0477573,-89.86637909999999,ChIJ5_0L5VyFf4gR4HBEwl6nmRE,OK,77107,471570217322012
1090.198,35.0477573,-89.86637909999999,ChIJ5_0L5VyFf4gR4HBEwl6nmRE,OK,77107,471570217322012
1352.371,35.0493493,-89.855357,ChIJH2Nw4lGFf4gRq0vxk4n5iAE,OK,114451,471570217322012
1393.555,35.0493493,-89.855357,ChIJH2Nw4lGFf4gRq0vxk4n5iAE,OK,109827,471570217323000
1393.555,35.0493493,-89.855357,ChIJH2Nw4lGFf4gRq0vxk4n5iAE,OK,109827,471570217323000
1655.085,35.0501932,-89.8529489,ChIJJ3DCd1KFf4gRBb2DFEnzV7w,OK,119838,471570217323000
1779.304,35.0493493,-89.855357,ChIJH2Nw4lGFf4gRq0vxk4n5iAE,OK,152525,471570217324009
1779.304,35.0493493,-89.855357,ChIJH2Nw4lGFf4gRq0vxk4n5iAE,OK,152525,471570217324009
2040.834,35.0501932,-89.8529489,ChIJJ3DCd1KFf4gRBb2DFEnzV7w,OK,162536,471570217324009
1091.988,35.1145886,-89.90089789999999,ChIJKWmlFW6Ef4gR0YNISWQMkss,OK,67863,471570096003019
1091.988,35.1145886,-89.90089789999999,ChIJKWmlFW6Ef4gR0YNISWQMkss,OK,67863,471570096003019
1062.022,35.1153996,-89.89414069999999,ChIJCb4NOWWEf4gR79YlPQoocW4,OK,73236,471570096003019
2559.649,35.2337782,-89.9252472,ChIJra3pLkt_f4gRjZbqnHrruIM,OK,156517,471570205312014
2559.649,35.2337782,-89.9252472,ChIJra3pLkt_f4gRjZbqnHrruIM,OK,156517,471570205312014
808.07,35.1490317,-90.0140679,ChIJw3q9_xV-1YcRqrte6yBn1CI,OK,53694,471570036002011
225.746,35.1444038,-90.0168571,ChIJufYEjhR-1YcREff46W6Lons,OK,17146,471570036001005
225.746,35.1444038,-90.0168571,ChIJufYEjhR-1YcREff46W6Lons,OK,17146,471570036001005
677.89,35.1490317,-90.0140679,ChIJw3q9_xV-1YcRqrte6yBn1CI,OK,40252,471570036001005
968.186,35.1444038,-90.0168571,ChIJufYEjhR-1YcREff46W6Lons,OK,82359,471570036002013
968.186,35.1444038,-90.0168571,ChIJufYEjhR-1YcREff46W6Lons,OK,82359,471570036002013
1420.33,35.1490317,-90.0140679,ChIJw3q9_xV-1YcRqrte6yBn1CI,OK,105465,471570036002013
1514.542,35.1444038,-90.0168571,ChIJufYEjhR-1YcREff46W6Lons,OK,92189,471570037001021
1514.542,35.1444038,-90.0168571,ChIJufYEjhR-1YcREff46W6Lons,OK,92189,471570037001021
1546.108,35.13763670000001,-90.00757159999999,ChIJl69WLQV-1YcRU3z7Tt2MyhY,OK,97698,471570037001021
1143.559,35.1444038,-90.0168571,ChIJufYEjhR-1YcREff46W6Lons,OK,90392,471570036002031
1143.559,35.1444038,-90.0168571,ChIJufYEjhR-1YcREff46W6Lons,OK,90392,471570036002031
1271.914,35.13763670000001,-90.00757159999999,ChIJl69WLQV-1YcRU3z7Tt2MyhY,OK,106252,471570036002031
1445.962,35.1444038,-90.0168571,ChIJufYEjhR-1YcREff46W6Lons,OK,96950,471570036002029
1445.962,35.1444038,-90.0168571,ChIJufYEjhR-1YcREff46W6Lons,OK,96950,471570036002029
1477.528,35.13763670000001,-90.00757159999999,ChIJl69WLQV-1YcRU3z7Tt2MyhY,OK,102459,471570036002029
786.377,35.1444038,-90.0168571,ChIJufYEjhR-1YcREff46W6Lons,OK,52241,471570036002018
786.377,35.1444038,-90.0168571,ChIJufYEjhR-1YcREff46W6Lons,OK,52241,471570036002018
914.733,35.13763670000001,-90.00757159999999,ChIJl69WLQV-1YcRU3z7Tt2MyhY,OK,68101,471570036002018
637.198,35.1444038,-90.0168571,ChIJufYEjhR-1YcREff46W6Lons,OK,47524,471570036002019
637.198,35.1444038,-90.0168571,ChIJufYEjhR-1YcREff46W6Lons,OK,47524,471570036002019
1089.342,35.1490317,-90.0140679,ChIJw3q9_xV-1YcRqrte6yBn1CI,OK,70630,471570036002019
494.076,35.1444038,-90.0168571,ChIJufYEjhR-1YcREff46W6Lons,OK,39243,471570036001010
494.076,35.1444038,-90.0168571,ChIJufYEjhR-1YcREff46W6Lons,OK,39243,471570036001010
946.22,35.1490317,-90.0140679,ChIJw3q9_xV-1YcRqrte6yBn1CI,OK,62349,471570036001010
494.792,35.1444038,-90.0168571,ChIJufYEjhR-1YcREff46W6Lons,OK,39329,471570036001011
494.792,35.1444038,-90.0168571,ChIJufYEjhR-1YcREff46W6Lons,OK,39329,471570036001011
946.936,35.1490317,-90.0140679,ChIJw3q9_xV-1YcRqrte6yBn1CI,OK,62435,471570036001011
1018.9,35.1444038,-90.0168571,ChIJufYEjhR-1YcREff46W6Lons,OK,64741,471570036002017
1018.9,35.1444038,-90.0168571,ChIJufYEjhR-1YcREff46W6Lons,OK,64741,471570036002017
1050.466,35.13763670000001,-90.00757159999999,ChIJl69WLQV-1YcRU3z7Tt2MyhY,OK,70250,471570036002017
1118.368,35.1444038,-90.0168571,ChIJufYEjhR-1YcREff46W6Lons,OK,75112,471570036002028
1118.368,35.1444038,-90.0168571,ChIJufYEjhR-1YcREff46W6Lons,OK,75112,471570036002028
1149.934,35.13763670000001,-90.00757159999999,ChIJl69WLQV-1YcRU3z7Tt2MyhY,OK,80621,471570036002028
628.499,35.17410499999999,-89.97575479999999,ChIJmfYTGFmAf4gRHGKCaD0qCtI,OK,52668,471570008002011
628.499,35.17410499999999,-89.97575479999999,ChIJmfYTGFmAf4gRHGKCaD0qCtI,OK,52668,471570008002011
1216.833,35.1738374,-89.98954379999999,ChIJ_S0BIGOAf4gRU3Ph4W65cOQ,OK,87962,471570008002011
910.403,35.1444038,-90.0168571,ChIJufYEjhR-1YcREff46W6Lons,OK,64241,471570036002037
910.403,35.1444038,-90.0168571,ChIJufYEjhR-1YcREff46W6Lons,OK,64241,471570036002037
854.49,35.13763670000001,-90.00757159999999,ChIJl69WLQV-1YcRU3z7Tt2MyhY,OK,74205,471570036002037
1001.156,35.1444038,-90.0168571,ChIJufYEjhR-1YcREff46W6Lons,OK,64085,471570036002042
1001.156,35.1444038,-90.0168571,ChIJufYEjhR-1YcREff46W6Lons,OK,64085,471570036002042
1032.722,35.13763670000001,-90.00757159999999,ChIJl69WLQV-1YcRU3z7Tt2MyhY,OK,69594,471570036002042
1242.747,35.1444038,-90.0168571,ChIJufYEjhR-1YcREff46W6Lons,OK,89116,471570036002044
1242.747,35.1444038,-90.0168571,ChIJufYEjhR-1YcREff46W6Lons,OK,89116,471570036002044
1274.313,35.13763670000001,-90.00757159999999,ChIJl69WLQV-1YcRU3z7Tt2MyhY,OK,94625,471570036002044
607.599,35.13763670000001,-90.00757159999999,ChIJl69WLQV-1YcRU3z7Tt2MyhY,OK,61220,471570036002023
607.599,35.13763670000001,-90.00757159999999,ChIJl69WLQV-1YcRU3z7Tt2MyhY,OK,61220,471570036002023
564.226,35.139426,-90.00714049999999,ChIJC-6kIBt-1YcRA1cskDtjsVc,OK,74168,471570036002023
826.885,35.13763670000001,-90.00757159999999,ChIJl69WLQV-1YcRU3z7Tt2MyhY,OK,61426,471570036002038
826.885,35.13763670000001,-90.00757159999999,ChIJl69WLQV-1YcRU3z7Tt2MyhY,OK,61426,471570036002038
1175.615,35.1444038,-90.0168571,ChIJufYEjhR-1YcREff46W6Lons,OK,76979,471570036002038
1128.099,35.1444038,-90.0168571,ChIJufYEjhR-1YcREff46W6Lons,OK,75359,471570036002043
1128.099,35.1444038,-90.0168571,ChIJufYEjhR-1YcREff46W6Lons,OK,75359,471570036002043
1159.665,35.13763670000001,-90.00757159999999,ChIJl69WLQV-1YcRU3z7Tt2MyhY,OK,80868,471570036002043
396.487,35.1444038,-90.0168571,ChIJufYEjhR-1YcREff46W6Lons,OK,27128,471570025002037
396.487,35.1444038,-90.0168571,ChIJufYEjhR-1YcREff46W6Lons,OK,27128,471570025002037
627.984,35.1490317,-90.0140679,ChIJw3q9_xV-1YcRqrte6yBn1CI,OK,38891,471570025002037
421.987,35.1444038,-90.0168571,ChIJufYEjhR-1YcREff46W6Lons,OK,28014,471570036001004
421.987,35.1444038,-90.0168571,ChIJufYEjhR-1YcREff46W6Lons,OK,28014,471570036001004
706.258,35.142439,-90.006118,ChIJeUPo2Rt-1YcRdoG2a54M-d0,OK,43920,471570036001004
816.887,35.1444038,-90.0168571,ChIJufYEjhR-1YcREff46W6Lons,OK,68423,471570036001009
816.887,35.1444038,-90.0168571,ChIJufYEjhR-1YcREff46W6Lons,OK,68423,471570036001009
885.213,35.142439,-90.006118,ChIJeUPo2Rt-1YcRdoG2a54M-d0,OK,72371,471570036001009
696.676,35.1444038,-90.0168571,ChIJufYEjhR-1YcREff46W6Lons,OK,63555,471570036001008
696.676,35.1444038,-90.0168571,ChIJufYEjhR-1YcREff46W6Lons,OK,63555,471570036001008
632.02,35.139426,-90.00714049999999,ChIJC-6kIBt-1YcRA1cskDtjsVc,OK,75838,471570036001008
3336.251,35.14868459999999,-89.7948203,ChIJ4w9Lr2qcf4gRHdzl9FciAFM,OK,217757,471570211362029
2238.214,35.2051043,-89.79754849999999,ChIJpRDMlY2df4gRQqHmUo_lzmc,OK,181472,471570211131032
2238.214,35.2051043,-89.79754849999999,ChIJpRDMlY2df4gRQqHmUo_lzmc,OK,181472,471570211131032
2634.427,35.2045576,-89.81176689999999,ChIJ8ROix4Kdf4gR4Su-1OwAUMo,OK,203099,471570211131032
1894.551,35.1546312,-89.79260459999999,ChIJ8UeuSEecf4gRniit7ubZLtM,OK,136241,471570211362048
1894.551,35.1546312,-89.79260459999999,ChIJ8UeuSEecf4gRniit7ubZLtM,OK,136241,471570211362048
2842.013,35.14868459999999,-89.7948203,ChIJ4w9Lr2qcf4gRHdzl9FciAFM,OK,189793,471570211362048
1994.845,35.1546312,-89.79260459999999,ChIJ8UeuSEecf4gRniit7ubZLtM,OK,142778,471570211362040
1994.845,35.1546312,-89.79260459999999,ChIJ8UeuSEecf4gRniit7ubZLtM,OK,142778,471570211362040
2942.307,35.14868459999999,-89.7948203,ChIJ4w9Lr2qcf4gRHdzl9FciAFM,OK,196330,471570211362040
2973.373,35.1546312,-89.79260459999999,ChIJ8UeuSEecf4gRniit7ubZLtM,OK,206473,471570211374024
2973.373,35.1546312,-89.79260459999999,ChIJ8UeuSEecf4gRniit7ubZLtM,OK,206473,471570211374024
2756.434,35.14868459999999,-89.7948203,ChIJ4w9Lr2qcf4gRHdzl9FciAFM,OK,213524,471570211374024
2794.77,35.14868459999999,-89.7948203,ChIJ4w9Lr2qcf4gRHdzl9FciAFM,OK,208655,471570211374042
2794.77,35.14868459999999,-89.7948203,ChIJ4w9Lr2qcf4gRHdzl9FciAFM,OK,208655,471570211374042
3076.646,35.1546312,-89.79260459999999,ChIJ8UeuSEecf4gRniit7ubZLtM,OK,224864,471570211374042
3429.932,35.0614623,-89.8536277,ChIJ4TWJkTWFf4gRbkNZYfkF9Jw,OK,226613,471570213311009
3429.932,35.0614623,-89.8536277,ChIJ4TWJkTWFf4gRbkNZYfkF9Jw,OK,226613,471570213311009
3514.703,35.0512763,-89.8427476,ChIJ7VPJ3q-af4gRdxERIyaZ0gk,OK,232801,471570213311009
2410.728,35.1738374,-89.98954379999999,ChIJ_S0BIGOAf4gRU3Ph4W65cOQ,OK,167398,471570004001017
2410.728,35.1738374,-89.98954379999999,ChIJ_S0BIGOAf4gRU3Ph4W65cOQ,OK,167398,471570004001017
3451.278,35.1490317,-90.0140679,ChIJw3q9_xV-1YcRqrte6yBn1CI,OK,229815,471570004001017
2399.827,35.1546312,-89.79260459999999,ChIJ8UeuSEecf4gRniit7ubZLtM,OK,166571,471570211353001
2399.827,35.1546312,-89.79260459999999,ChIJ8UeuSEecf4gRniit7ubZLtM,OK,166571,471570211353001
3347.289,35.14868459999999,-89.7948203,ChIJ4w9Lr2qcf4gRHdzl9FciAFM,OK,220123,471570211353001
1170.266,35.1738374,-89.98954379999999,ChIJ_S0BIGOAf4gRU3Ph4W65cOQ,OK,130771,471570006001033
1170.266,35.1738374,-89.98954379999999,ChIJ_S0BIGOAf4gRU3Ph4W65cOQ,OK,130771,471570006001033
1895.008,35.17410499999999,-89.97575479999999,ChIJmfYTGFmAf4gRHGKCaD0qCtI,OK,175042,471570006001033
2389.018,35.217526,-89.98935,ChIJKdhOoPd_f4gRbD5w-Ol3ovU,OK,180874,471570102205005
2389.018,35.217526,-89.98935,ChIJKdhOoPd_f4gRbD5w-Ol3ovU,OK,180874,471570102205005
2425.363,35.2178517,-89.9902989,ChIJT7y6Nvh_f4gR6Khps0fYRPg,OK,185235,471570102205005
1507.608,35.222344,-89.97682999999999,ChIJ987Br45_f4gRjwrvnFN8t7k,OK,107413,471570102202015
1507.608,35.222344,-89.97682999999999,ChIJ987Br45_f4gRjwrvnFN8t7k,OK,107413,471570102202015
1908.475,35.2227028,-89.97692290000001,ChIJ987Br45_f4gRMoYIhCny13Q,OK,143545,471570102202015
1861.014,35.222344,-89.97682999999999,ChIJ987Br45_f4gRjwrvnFN8t7k,OK,134852,471570102206013
1861.014,35.222344,-89.97682999999999,ChIJ987Br45_f4gRjwrvnFN8t7k,OK,134852,471570102206013
2261.88,35.2227028,-89.97692290000001,ChIJ987Br45_f4gRMoYIhCny13Q,OK,170984,471570102206013
2062.165,35.222344,-89.97682999999999,ChIJ987Br45_f4gRjwrvnFN8t7k,OK,129538,471570102205009
2062.165,35.222344,-89.97682999999999,ChIJ987Br45_f4gRjwrvnFN8t7k,OK,129538,471570102205009
2463.032,35.2227028,-89.97692290000001,ChIJ987Br45_f4gRMoYIhCny13Q,OK,165670,471570102205009
1587.484,35.222344,-89.97682999999999,ChIJ987Br45_f4gRjwrvnFN8t7k,OK,115270,471570205111013
1587.484,35.222344,-89.97682999999999,ChIJ987Br45_f4gRjwrvnFN8t7k,OK,115270,471570205111013
1988.351,35.2227028,-89.97692290000001,ChIJ987Br45_f4gRMoYIhCny13Q,OK,151402,471570205111013
5680.99,35.1153996,-89.89414069999999,ChIJCb4NOWWEf4gR79YlPQoocW4,OK,406962,471570213112011
7452.624,35.16339899999999,-89.855841,ChIJA_xfkC6Df4gRAjVZwLz1jqA,OK,460743,471570213112011
7452.624,35.16339899999999,-89.855841,ChIJA_xfkC6Df4gRAjVZwLz1jqA,OK,460743,471570213112011
4190.243,35.222344,-89.97682999999999,ChIJ987Br45_f4gRjwrvnFN8t7k,OK,285521,471570205111008
4190.243,35.222344,-89.97682999999999,ChIJ987Br45_f4gRjwrvnFN8t7k,OK,285521,471570205111008
4591.11,35.2227028,-89.97692290000001,ChIJ987Br45_f4gRMoYIhCny13Q,OK,321653,471570205111008
4501.031,35.222344,-89.97682999999999,ChIJ987Br45_f4gRjwrvnFN8t7k,OK,288272,471570205112006
4501.031,35.222344,-89.97682999999999,ChIJ987Br45_f4gRjwrvnFN8t7k,OK,288272,471570205112006
4901.898,35.2227028,-89.97692290000001,ChIJ987Br45_f4gRMoYIhCny13Q,OK,324404,471570205112006
1679.403,35.17410499999999,-89.97575479999999,ChIJmfYTGFmAf4gRHGKCaD0qCtI,OK,105492,471570111002016
1679.403,35.17410499999999,-89.97575479999999,ChIJmfYTGFmAf4gRHGKCaD0qCtI,OK,105492,471570111002016
2700.147,35.167095,-89.950496,ChIJecYfJgmBf4gRJh-YY67U6V8,OK,178127,471570111002016
2483.436,35.1490317,-90.0140679,ChIJw3q9_xV-1YcRqrte6yBn1CI,OK,171285,471570007003006
2483.436,35.1490317,-90.0140679,ChIJw3q9_xV-1YcRqrte6yBn1CI,OK,171285,471570007003006
2610.226,35.1738374,-89.98954379999999,ChIJ_S0BIGOAf4gRU3Ph4W65cOQ,OK,188295,471570007003006
1321.756,35.1738374,-89.98954379999999,ChIJ_S0BIGOAf4gRU3Ph4W65cOQ,OK,90482,471570007002005
1321.756,35.1738374,-89.98954379999999,ChIJ_S0BIGOAf4gRU3Ph4W65cOQ,OK,90482,471570007002005
2668.365,35.17410499999999,-89.97575479999999,ChIJmfYTGFmAf4gRHGKCaD0qCtI,OK,171268,471570007002005
1381.369,35.1738374,-89.98954379999999,ChIJ_S0BIGOAf4gRU3Ph4W65cOQ,OK,104582,471570007002009
1381.369,35.1738374,-89.98954379999999,ChIJ_S0BIGOAf4gRU3Ph4W65cOQ,OK,104582,471570007002009
3574.957,35.1490317,-90.0140679,ChIJw3q9_xV-1YcRqrte6yBn1CI,OK,244872,471570007002009
3411.144,35.0078094,-89.83044679999999,ChIJpwHMo0eQf4gRIqmNFjWLuW4,OK,234257,471570226001212
3411.144,35.0078094,-89.83044679999999,ChIJpwHMo0eQf4gRIqmNFjWLuW4,OK,234257,471570226001212
1167.899,35.086634,-89.96355199999999,ChIJW0XU3AGHf4gRINnmxvx9m5A,OK,84324,471570081201012
1167.899,35.086634,-89.96355199999999,ChIJW0XU3AGHf4gRINnmxvx9m5A,OK,84324,471570081201012
1375.458,35.09464699999999,-89.9708677,ChIJx5uAuBqHf4gRze5MKc5WJFI,OK,98126,471570081201012
726.742,35.086634,-89.96355199999999,ChIJW0XU3AGHf4gRINnmxvx9m5A,OK,46800,471570081201010
726.742,35.086634,-89.96355199999999,ChIJW0XU3AGHf4gRINnmxvx9m5A,OK,46800,471570081201010
1201.284,35.0904795,-89.96597299999999,ChIJHfaNmAOHf4gR1d8V2K9rfSU,OK,73081,471570081201010
2745.828,35.19067459999999,-89.8489943,ChIJ364PGjWdf4gRKbsrGLq8_XQ,OK,224280,471570211125000
2745.828,35.19067459999999,-89.8489943,ChIJ364PGjWdf4gRKbsrGLq8_XQ,OK,224280,471570211125000
4856.79,35.16339899999999,-89.855841,ChIJA_xfkC6Df4gRAjVZwLz1jqA,OK,290682,471570211125000
2469.847,35.19067459999999,-89.8489943,ChIJ364PGjWdf4gRKbsrGLq8_XQ,OK,171416,471570211125002
2469.847,35.19067459999999,-89.8489943,ChIJ364PGjWdf4gRKbsrGLq8_XQ,OK,171416,471570211125002
3885.507,35.2045576,-89.81176689999999,ChIJ8ROix4Kdf4gR4Su-1OwAUMo,OK,251031,471570211125002
3716.89,35.2051043,-89.79754849999999,ChIJpRDMlY2df4gRQqHmUo_lzmc,OK,241090,471570211213013
3716.89,35.2051043,-89.79754849999999,ChIJpRDMlY2df4gRQqHmUo_lzmc,OK,241090,471570211213013
3797.555,35.1546312,-89.79260459999999,ChIJ8UeuSEecf4gRniit7ubZLtM,OK,253286,471570211213013
2307.465,35.2045576,-89.81176689999999,ChIJ8ROix4Kdf4gR4Su-1OwAUMo,OK,164120,471570211122009
2307.465,35.2045576,-89.81176689999999,ChIJ8ROix4Kdf4gR4Su-1OwAUMo,OK,164120,471570211122009
3330.342,35.19067459999999,-89.8489943,ChIJ364PGjWdf4gRKbsrGLq8_XQ,OK,231590,471570211122009
2015.236,35.2045576,-89.81176689999999,ChIJ8ROix4Kdf4gR4Su-1OwAUMo,OK,133039,471570211122004
2015.236,35.2045576,-89.81176689999999,ChIJ8ROix4Kdf4gR4Su-1OwAUMo,OK,133039,471570211122004
3462.242,35.19067459999999,-89.8489943,ChIJ364PGjWdf4gRKbsrGLq8_XQ,OK,214440,471570211122004
2035.683,35.2045576,-89.81176689999999,ChIJ8ROix4Kdf4gR4Su-1OwAUMo,OK,154948,471570211122010
2035.683,35.2045576,-89.81176689999999,ChIJ8ROix4Kdf4gR4Su-1OwAUMo,OK,154948,471570211122010
3285.79,35.19067459999999,-89.8489943,ChIJ364PGjWdf4gRKbsrGLq8_XQ,OK,226244,471570211122010
1619.688,35.2045576,-89.81176689999999,ChIJ8ROix4Kdf4gR4Su-1OwAUMo,OK,104802,471570211122007
1619.688,35.2045576,-89.81176689999999,ChIJ8ROix4Kdf4gR4Su-1OwAUMo,OK,104802,471570211122007
2676.196,35.2051043,-89.79754849999999,ChIJpRDMlY2df4gRQqHmUo_lzmc,OK,162221,471570211122007
621.2,35.16339899999999,-89.855841,ChIJA_xfkC6Df4gRAjVZwLz1jqA,OK,71571,471570211221005
621.2,35.16339899999999,-89.855841,ChIJA_xfkC6Df4gRAjVZwLz1jqA,OK,71571,471570211221005
694.584,35.1623785,-89.8566175,ChIJXQHWWS6Df4gRqhH5EQ9H1j0,OK,80430,471570211221005
1927.75,35.2045576,-89.81176689999999,ChIJ8ROix4Kdf4gR4Su-1OwAUMo,OK,114590,471570211131027
1927.75,35.2045576,-89.81176689999999,ChIJ8ROix4Kdf4gR4Su-1OwAUMo,OK,114590,471570211131027
2984.259,35.2051043,-89.79754849999999,ChIJpRDMlY2df4gRQqHmUo_lzmc,OK,172009,471570211131027
4344.77,35.2044739,-89.76342459999999,ChIJ3XsJxyKef4gRTeWb3lonWsU,OK,303661,471570211413022
4344.77,35.2044739,-89.76342459999999,ChIJ3XsJxyKef4gRTeWb3lonWsU,OK,303661,471570211413022
5674.383,35.1546312,-89.79260459999999,ChIJ8UeuSEecf4gRniit7ubZLtM,OK,346292,471570211413022
2309.228,35.2045576,-89.81176689999999,ChIJ8ROix4Kdf4gR4Su-1OwAUMo,OK,158823,471570211122011
2309.228,35.2045576,-89.81176689999999,ChIJ8ROix4Kdf4gR4Su-1OwAUMo,OK,158823,471570211122011
3360.653,35.19067459999999,-89.8489943,ChIJ364PGjWdf4gRKbsrGLq8_XQ,OK,211744,471570211122011
3499.25,35.2045576,-89.81176689999999,ChIJ8ROix4Kdf4gR4Su-1OwAUMo,OK,239086,471570211124004
3499.25,35.2045576,-89.81176689999999,ChIJ8ROix4Kdf4gR4Su-1OwAUMo,OK,239086,471570211124004
3517.024,35.19067459999999,-89.8489943,ChIJ364PGjWdf4gRKbsrGLq8_XQ,OK,262672,471570211124004
2969.942,35.19067459999999,-89.8489943,ChIJ364PGjWdf4gRKbsrGLq8_XQ,OK,213881,471570211125006
2969.942,35.19067459999999,-89.8489943,ChIJ364PGjWdf4gRKbsrGLq8_XQ,OK,213881,471570211125006
3654.544,35.2045576,-89.81176689999999,ChIJ8ROix4Kdf4gR4Su-1OwAUMo,OK,240861,471570211125006
1794.913,35.2051043,-89.79754849999999,ChIJpRDMlY2df4gRQqHmUo_lzmc,OK,131996,471570211132013
1794.913,35.2051043,-89.79754849999999,ChIJpRDMlY2df4gRQqHmUo_lzmc,OK,131996,471570211132013
2259.883,35.2072684,-89.7827147,ChIJKdJ2xvqdf4gRKLRUePlbOOs,OK,189418,471570211132013
3236.586,35.2045576,-89.81176689999999,ChIJ8ROix4Kdf4gR4Su-1OwAUMo,OK,215170,471570211124002
3236.586,35.2045576,-89.81176689999999,ChIJ8ROix4Kdf4gR4Su-1OwAUMo,OK,215170,471570211124002
3212.042,35.19067459999999,-89.8489943,ChIJ364PGjWdf4gRKbsrGLq8_XQ,OK,233789,471570211124002
1826.186,35.2045576,-89.81176689999999,ChIJ8ROix4Kdf4gR4Su-1OwAUMo,OK,114157,471570211122006
1826.186,35.2045576,-89.81176689999999,ChIJ8ROix4Kdf4gR4Su-1OwAUMo,OK,114157,471570211122006
3431.671,35.19067459999999,-89.8489943,ChIJ364PGjWdf4gRKbsrGLq8_XQ,OK,206968,471570211122006
710.098,35.1546312,-89.79260459999999,ChIJ8UeuSEecf4gRniit7ubZLtM,OK,55928,471570211251012
710.098,35.1546312,-89.79260459999999,ChIJ8UeuSEecf4gRniit7ubZLtM,OK,55928,471570211251012
1089.986,35.14868459999999,-89.7948203,ChIJ4w9Lr2qcf4gRHdzl9FciAFM,OK,75428,471570211251012
2794.992,35.19067459999999,-89.8489943,ChIJ364PGjWdf4gRKbsrGLq8_XQ,OK,194826,471570211125004
2794.992,35.19067459999999,-89.8489943,ChIJ364PGjWdf4gRKbsrGLq8_XQ,OK,194826,471570211125004
3560.369,35.2045576,-89.81176689999999,ChIJ8ROix4Kdf4gR4Su-1OwAUMo,OK,227622,471570211125004
1056.185,35.1546312,-89.79260459999999,ChIJ8UeuSEecf4gRniit7ubZLtM,OK,89122,471570211251018
1056.185,35.1546312,-89.79260459999999,ChIJ8UeuSEecf4gRniit7ubZLtM,OK,89122,471570211251018
1436.072,35.14868459999999,-89.7948203,ChIJ4w9Lr2qcf4gRHdzl9FciAFM,OK,108622,471570211251018
2008.533,35.095133,-90.05542799999999,ChIJATnUo0J81YcRpbAuNwXeqRw,OK,147637,471570053002032
2169.937,35.098685,-90.05664899999999,ChIJ31qwBkJ81YcRk2V5pdmdhrM,OK,156576,471570053002032
2169.937,35.098685,-90.05664899999999,ChIJ31qwBkJ81YcRk2V5pdmdhrM,OK,156576,471570053002032
579.886,35.1161637,-89.9446263,ChIJ-ZiED8iGf4gR32IlfgDBKWY,OK,54902,471570072001014
579.886,35.1161637,-89.9446263,ChIJ-ZiED8iGf4gR32IlfgDBKWY,OK,54902,471570072001014
1661.83,35.108097,-89.941227,ChIJwxJT-r6Gf4gRhLDuFpyb128,OK,115994,471570072001014
751.659,35.1161637,-89.9446263,ChIJ-ZiED8iGf4gR32IlfgDBKWY,OK,64713,471570073002002
751.659,35.1161637,-89.9446263,ChIJ-ZiED8iGf4gR32IlfgDBKWY,OK,64713,471570073002002
2048.17,35.108097,-89.941227,ChIJwxJT-r6Gf4gRhLDuFpyb128,OK,138679,471570073002002
1508.101,35.1161637,-89.9446263,ChIJ-ZiED8iGf4gR32IlfgDBKWY,OK,108959,471570073001007
1508.101,35.1161637,-89.9446263,ChIJ-ZiED8iGf4gR32IlfgDBKWY,OK,108959,471570073001007
2804.612,35.108097,-89.941227,ChIJwxJT-r6Gf4gRhLDuFpyb128,OK,182925,471570073001007
1866.066,35.1497164,-89.95515999999999,ChIJcQb6ehiBf4gR-uA54eRPNq8,OK,133125,471570029002003
1866.066,35.1497164,-89.95515999999999,ChIJcQb6ehiBf4gR-uA54eRPNq8,OK,133125,471570029002003
2173.244,35.14981359999999,-89.94918609999999,ChIJVdGBGRaBf4gRsi89Rzqn8W4,OK,141347,471570029002003
1046.667,35.14981359999999,-89.94918609999999,ChIJVdGBGRaBf4gRsi89Rzqn8W4,OK,72472,471570029002010
1046.667,35.14981359999999,-89.94918609999999,ChIJVdGBGRaBf4gRsi89Rzqn8W4,OK,72472,471570029002010
1597.87,35.1497164,-89.95515999999999,ChIJcQb6ehiBf4gR-uA54eRPNq8,OK,107772,471570029002010
1139.019,35.14981359999999,-89.94918609999999,ChIJVdGBGRaBf4gRsi89Rzqn8W4,OK,78030,471570029002011
1139.019,35.14981359999999,-89.94918609999999,ChIJVdGBGRaBf4gRsi89Rzqn8W4,OK,78030,471570029002011
1690.222,35.1497164,-89.95515999999999,ChIJcQb6ehiBf4gR-uA54eRPNq8,OK,113330,471570029002011
1121.273,35.14981359999999,-89.94918609999999,ChIJVdGBGRaBf4gRsi89Rzqn8W4,OK,88397,471570029002008
1121.273,35.14981359999999,-89.94918609999999,ChIJVdGBGRaBf4gRsi89Rzqn8W4,OK,88397,471570029002008
1672.476,35.1497164,-89.95515999999999,ChIJcQb6ehiBf4gR-uA54eRPNq8,OK,123697,471570029002008
1189.054,35.14981359999999,-89.94918609999999,ChIJVdGBGRaBf4gRsi89Rzqn8W4,OK,96531,471570029002007
1189.054,35.14981359999999,-89.94918609999999,ChIJVdGBGRaBf4gRsi89Rzqn8W4,OK,96531,471570029002007
1740.256,35.1497164,-89.95515999999999,ChIJcQb6ehiBf4gR-uA54eRPNq8,OK,131831,471570029002007
1254.517,35.14981359999999,-89.94918609999999,ChIJVdGBGRaBf4gRsi89Rzqn8W4,OK,104387,471570029002009
1254.517,35.14981359999999,-89.94918609999999,ChIJVdGBGRaBf4gRsi89Rzqn8W4,OK,104387,471570029002009
1805.72,35.1497164,-89.95515999999999,ChIJcQb6ehiBf4gR-uA54eRPNq8,OK,139687,471570029002009
1385.059,35.14981359999999,-89.94918609999999,ChIJVdGBGRaBf4gRsi89Rzqn8W4,OK,113078,471570029002012
1385.059,35.14981359999999,-89.94918609999999,ChIJVdGBGRaBf4gRsi89Rzqn8W4,OK,113078,471570029002012
1936.262,35.1497164,-89.95515999999999,ChIJcQb6ehiBf4gR-uA54eRPNq8,OK,148378,471570029002012
1330.197,35.14981359999999,-89.94918609999999,ChIJVdGBGRaBf4gRsi89Rzqn8W4,OK,89442,471570029002015
1330.197,35.14981359999999,-89.94918609999999,ChIJVdGBGRaBf4gRsi89Rzqn8W4,OK,89442,471570029002015
1881.399,35.1497164,-89.95515999999999,ChIJcQb6ehiBf4gR-uA54eRPNq8,OK,124742,471570029002015
1425.31,35.14981359999999,-89.94918609999999,ChIJVdGBGRaBf4gRsi89Rzqn8W4,OK,95239,471570029002018
1425.31,35.14981359999999,-89.94918609999999,ChIJVdGBGRaBf4gRsi89Rzqn8W4,OK,95239,471570029002018
1976.513,35.1497164,-89.95515999999999,ChIJcQb6ehiBf4gR-uA54eRPNq8,OK,130539,471570029002018
1804.769,35.14981359999999,-89.94918609999999,ChIJVdGBGRaBf4gRsi89Rzqn8W4,OK,140774,471570029002017
1804.769,35.14981359999999,-89.94918609999999,ChIJVdGBGRaBf4gRsi89Rzqn8W4,OK,140774,471570029002017
2355.971,35.1497164,-89.95515999999999,ChIJcQb6ehiBf4gR-uA54eRPNq8,OK,176074,471570029002017
1523.907,35.14981359999999,-89.94918609999999,ChIJVdGBGRaBf4gRsi89Rzqn8W4,OK,101311,471570029002019
1523.907,35.14981359999999,-89.94918609999999,ChIJVdGBGRaBf4gRsi89Rzqn8W4,OK,101311,471570029002019
2075.11,35.1497164,-89.95515999999999,ChIJcQb6ehiBf4gR-uA54eRPNq8,OK,136611,471570029002019
1665.95,35.14981359999999,-89.94918609999999,ChIJVdGBGRaBf4gRsi89Rzqn8W4,OK,116073,471570029001013
1665.95,35.14981359999999,-89.94918609999999,ChIJVdGBGRaBf4gRsi89Rzqn8W4,OK,116073,471570029001013
2217.153,35.1497164,-89.95515999999999,ChIJcQb6ehiBf4gR-uA54eRPNq8,OK,151373,471570029001013
1817.12,35.14981359999999,-89.94918609999999,ChIJVdGBGRaBf4gRsi89Rzqn8W4,OK,126513,471570029001021
1817.12,35.14981359999999,-89.94918609999999,ChIJVdGBGRaBf4gRsi89Rzqn8W4,OK,126513,471570029001021
2368.323,35.1497164,-89.95515999999999,ChIJcQb6ehiBf4gR-uA54eRPNq8,OK,161813,471570029001021
1694.465,35.14981359999999,-89.94918609999999,ChIJVdGBGRaBf4gRsi89Rzqn8W4,OK,121778,471570029002020
1694.465,35.14981359999999,-89.94918609999999,ChIJVdGBGRaBf4gRsi89Rzqn8W4,OK,121778,471570029002020
2245.667,35.1497164,-89.95515999999999,ChIJcQb6ehiBf4gR-uA54eRPNq8,OK,157078,471570029002020
1892.523,35.14981359999999,-89.94918609999999,ChIJVdGBGRaBf4gRsi89Rzqn8W4,OK,128919,471570029001022
1892.523,35.14981359999999,-89.94918609999999,ChIJVdGBGRaBf4gRsi89Rzqn8W4,OK,128919,471570029001022
2443.726,35.1497164,-89.95515999999999,ChIJcQb6ehiBf4gR-uA54eRPNq8,OK,164219,471570029001022
2104.793,35.14981359999999,-89.94918609999999,ChIJVdGBGRaBf4gRsi89Rzqn8W4,OK,149015,471570029003010
2104.793,35.14981359999999,-89.94918609999999,ChIJVdGBGRaBf4gRsi89Rzqn8W4,OK,149015,471570029003010
2655.996,35.1497164,-89.95515999999999,ChIJcQb6ehiBf4gR-uA54eRPNq8,OK,184315,471570029003010
2732.589,35.1161637,-89.9446263,ChIJ-ZiED8iGf4gR32IlfgDBKWY,OK,193474,471570029004010
2732.589,35.1161637,-89.9446263,ChIJ-ZiED8iGf4gR32IlfgDBKWY,OK,193474,471570029004010
2879.554,35.14981359999999,-89.94918609999999,ChIJVdGBGRaBf4gRsi89Rzqn8W4,OK,200351,471570029004010
1650.358,35.14981359999999,-89.94918609999999,ChIJVdGBGRaBf4gRsi89Rzqn8W4,OK,114202,471570029001014
1650.358,35.14981359999999,-89.94918609999999,ChIJVdGBGRaBf4gRsi89Rzqn8W4,OK,114202,471570029001014
2201.561,35.1497164,-89.95515999999999,ChIJcQb6ehiBf4gR-uA54eRPNq8,OK,149502,471570029001014
1908.345,35.14981359999999,-89.94918609999999,ChIJVdGBGRaBf4gRsi89Rzqn8W4,OK,145160,471570029001012
1517.48,35.05113000000001,-89.815021,ChIJAdLMX4iaf4gRUenKpoiyrBc,OK,121442,471570213421013
1517.48,35.05113000000001,-89.815021,ChIJAdLMX4iaf4gRUenKpoiyrBc,OK,121442,471570213421013
1731.622,35.048632,-89.814048,ChIJqY7T64eaf4gRoqZRK7sz4Co,OK,133718,471570213421013
1794.634,35.0461089,-89.7947008,ChIJaZI6O3Oaf4gRqa_eh0DNj_s,OK,100169,471570213421026
1794.634,35.0461089,-89.7947008,ChIJaZI6O3Oaf4gRqa_eh0DNj_s,OK,100169,471570213421026
1912.639,35.045091,-89.795412,ChIJVelsQnOaf4gRECqTW7fq-dY,OK,106704,471570213421026
1409.696,35.05113000000001,-89.815021,ChIJAdLMX4iaf4gRUenKpoiyrBc,OK,108509,471570213421014
1409.696,35.05113000000001,-89.815021,ChIJAdLMX4iaf4gRUenKpoiyrBc,OK,108509,471570213421014
1623.838,35.048632,-89.814048,ChIJqY7T64eaf4gRoqZRK7sz4Co,OK,120785,471570213421014
1679.613,35.04577219999999,-89.82821469999999,ChIJL-jEaJmaf4gREtYdkYi2nAs,OK,94163,471570213341014
2589.138,35.05113000000001,-89.815021,ChIJAdLMX4iaf4gRUenKpoiyrBc,OK,148416,471570213341014
2589.138,35.05113000000001,-89.815021,ChIJAdLMX4iaf4gRUenKpoiyrBc,OK,148416,471570213341014
2821.374,35.05113000000001,-89.815021,ChIJAdLMX4iaf4gRUenKpoiyrBc,OK,246468,471570213421006
2821.374,35.05113000000001,-89.815021,ChIJAdLMX4iaf4gRUenKpoiyrBc,OK,246468,471570213421006
3035.516,35.048632,-89.814048,ChIJqY7T64eaf4gRoqZRK7sz4Co,OK,258744,471570213421006
57.092,35.05113000000001,-89.815021,ChIJAdLMX4iaf4gRUenKpoiyrBc,OK,6850,471570213341016
57.092,35.05113000000001,-89.815021,ChIJAdLMX4iaf4gRUenKpoiyrBc,OK,6850,471570213341016
405.904,35.048632,-89.814048,ChIJqY7T64eaf4gRoqZRK7sz4Co,OK,40257,471570213341016
1864.375,35.05113000000001,-89.815021,ChIJAdLMX4iaf4gRUenKpoiyrBc,OK,161956,471570213341006
1864.375,35.05113000000001,-89.815021,ChIJAdLMX4iaf4gRUenKpoiyrBc,OK,161956,471570213341006
2078.517,35.048632,-89.814048,ChIJqY7T64eaf4gRoqZRK7sz4Co,OK,174232,471570213341006
1678.559,35.05113000000001,-89.815021,ChIJAdLMX4iaf4gRUenKpoiyrBc,OK,139660,471570213341009
1678.559,35.05113000000001,-89.815021,ChIJAdLMX4iaf4gRUenKpoiyrBc,OK,139660,471570213341009
1892.701,35.048632,-89.814048,ChIJqY7T64eaf4gRoqZRK7sz4Co,OK,151936,471570213341009
1169.233,35.0512763,-89.8427476,ChIJ7VPJ3q-af4gRdxERIyaZ0gk,OK,92723,471570217241040
1169.233,35.0512763,-89.8427476,ChIJ7VPJ3q-af4gRdxERIyaZ0gk,OK,92723,471570217241040
1414.626,35.0490562,-89.84441600000001,ChIJCUulJK6af4gR7vOP_qSrYdM,OK,97713,471570217241040
1681.258,35.0614623,-89.8536277,ChIJ4TWJkTWFf4gRbkNZYfkF9Jw,OK,137020,471570217253004
1681.258,35.0614623,-89.8536277,ChIJ4TWJkTWFf4gRbkNZYfkF9Jw,OK,137020,471570217253004
2531.563,35.0493493,-89.855357,ChIJH2Nw4lGFf4gRq0vxk4n5iAE,OK,185514,471570217253004
1204.087,35.19067459999999,-89.8489943,ChIJ364PGjWdf4gRKbsrGLq8_XQ,OK,94532,471570211112000
1204.087,35.19067459999999,-89.8489943,ChIJ364PGjWdf4gRKbsrGLq8_XQ,OK,94532,471570211112000
2572.593,35.1835367,-89.8717722,ChIJv1U5XuiCf4gRMlXiIrwnbJo,OK,187064,471570211112000
1406.507,35.2051043,-89.79754849999999,ChIJpRDMlY2df4gRQqHmUo_lzmc,OK,97240,471570211131043
1406.507,35.2051043,-89.79754849999999,ChIJpRDMlY2df4gRQqHmUo_lzmc,OK,97240,471570211131043
1802.721,35.2045576,-89.81176689999999,ChIJ8ROix4Kdf4gR4Su-1OwAUMo,OK,118867,471570211131043
2734.969,35.19067459999999,-89.8489943,ChIJ364PGjWdf4gRKbsrGLq8_XQ,OK,157603,471570211123028
2734.969,35.19067459999999,-89.8489943,ChIJ364PGjWdf4gRKbsrGLq8_XQ,OK,157603,471570211123028
2658.668,35.2045576,-89.81176689999999,ChIJ8ROix4Kdf4gR4Su-1OwAUMo,OK,171528,471570211123028
758.284,35.0512763,-89.8427476,ChIJ7VPJ3q-af4gRdxERIyaZ0gk,OK,68841,471570217241016
758.284,35.0512763,-89.8427476,ChIJ7VPJ3q-af4gRdxERIyaZ0gk,OK,68841,471570217241016
1003.676,35.0490562,-89.84441600000001,ChIJCUulJK6af4gR7vOP_qSrYdM,OK,73831,471570217241016
2294.428,35.0490562,-89.84441600000001,ChIJCUulJK6af4gR7vOP_qSrYdM,OK,155584,471570217324018
2357.067,35.0493493,-89.855357,ChIJH2Nw4lGFf4gRq0vxk4n5iAE,OK,190411,471570217324018
2357.067,35.0493493,-89.855357,ChIJH2Nw4lGFf4gRq0vxk4n5iAE,OK,190411,471570217324018
3086.664,35.2044739,-89.76342459999999,ChIJ3XsJxyKef4gRTeWb3lonWsU,OK,233080,471570211412007
3086.664,35.2044739,-89.76342459999999,ChIJ3XsJxyKef4gRTeWb3lonWsU,OK,233080,471570211412007
4777.079,35.2074362,-89.7805166,ChIJ62ATRfudf4gRPIrPAXGVsiQ,OK,364566,471570211412007
2451.631,35.0490562,-89.84441600000001,ChIJCUulJK6af4gR7vOP_qSrYdM,OK,164213,471570217411005
2528.979,35.0493493,-89.855357,ChIJH2Nw4lGFf4gRq0vxk4n5iAE,OK,201872,471570217411005
2528.979,35.0493493,-89.855357,ChIJH2Nw4lGFf4gRq0vxk4n5iAE,OK,201872,471570217411005
4696.484,35.2044739,-89.76342459999999,ChIJ3XsJxyKef4gRTeWb3lonWsU,OK,330392,471570211413019
4696.484,35.2044739,-89.76342459999999,ChIJ3XsJxyKef4gRTeWb3lonWsU,OK,330392,471570211413019
6398.478,35.2072684,-89.7827147,ChIJKdJ2xvqdf4gRKLRUePlbOOs,OK,435767,471570211413019
2046.178,35.0220022,-89.82947999999999,ChIJxT9DeWuQf4gRf6HLF5uJHd0,OK,134190,471570217541002
2046.178,35.0220022,-89.82947999999999,ChIJxT9DeWuQf4gRf6HLF5uJHd0,OK,134190,471570217541002
2588.268,35.0078094,-89.83044679999999,ChIJpwHMo0eQf4gRIqmNFjWLuW4,OK,163168,471570217541002
1926.986,35.1546312,-89.79260459999999,ChIJ8UeuSEecf4gRniit7ubZLtM,OK,134636,471570211362049
1926.986,35.1546312,-89.79260459999999,ChIJ8UeuSEecf4gRniit7ubZLtM,OK,134636,471570211362049
2874.448,35.14868459999999,-89.7948203,ChIJ4w9Lr2qcf4gRHdzl9FciAFM,OK,188188,471570211362049
980.449,35.0493563,-89.83813929999999,ChIJjRQNzqSaf4gRxmNqB0YAYGM,OK,88770,471570217463002
980.449,35.0493563,-89.83813929999999,ChIJjRQNzqSaf4gRxmNqB0YAYGM,OK,88770,471570217463002
1196.156,35.049031,-89.841437,ChIJt6vl46-af4gRvoN8Yvkmx9A,OK,105740,471570217463002
1430.052,35.0344414,-89.8319559,ChIJfcC9SguQf4gR_xf02Tpo1-w,OK,105511,471570217463009
1430.052,35.0344414,-89.8319559,ChIJfcC9SguQf4gR_xf02Tpo1-w,OK,105511,471570217463009
1524.602,35.0493563,-89.83813929999999,ChIJjRQNzqSaf4gRxmNqB0YAYGM,OK,124467,471570217463009
2218.479,35.02379430000001,-89.96377079999999,ChIJDVntamKIf4gRlF5S6rdAlgc,OK,164319,471570219003010
1306.847,35.109859,-89.99141100000001,ChIJs6JbpFyHf4gR9O01gG0a7fQ,OK,98852,471570065001012
2132.505,35.104197,-89.98335349999999,ChIJNST6hGqHf4gR0Mml4gyjQWk,OK,147032,471570065001012
1375.783,35.109859,-89.99141100000001,ChIJs6JbpFyHf4gR9O01gG0a7fQ,OK,127714,471570065001017
1375.783,35.109859,-89.99141100000001,ChIJs6JbpFyHf4gR9O01gG0a7fQ,OK,127714,471570065001017
1835.025,35.104197,-89.98335349999999,ChIJNST6hGqHf4gR0Mml4gyjQWk,OK,138666,471570065001017
1413.604,35.109859,-89.99141100000001,ChIJs6JbpFyHf4gR9O01gG0a7fQ,OK,100225,471570065001027
1413.604,35.109859,-89.99141100000001,ChIJs6JbpFyHf4gR9O01gG0a7fQ,OK,100225,471570065001027
1608.939,35.104197,-89.98335349999999,ChIJNST6hGqHf4gR0Mml4gyjQWk,OK,111538,471570065001027
1547.481,35.104197,-89.98335349999999,ChIJNST6hGqHf4gR0Mml4gyjQWk,OK,104164,471570065001028
1470.31,35.109859,-89.99141100000001,ChIJs6JbpFyHf4gR9O01gG0a7fQ,OK,104522,471570065001028
1470.31,35.109859,-89.99141100000001,ChIJs6JbpFyHf4gR9O01gG0a7fQ,OK,104522,471570065001028
1321.109,35.104197,-89.98335349999999,ChIJNST6hGqHf4gR0Mml4gyjQWk,OK,81006,471570065001021
1321.109,35.104197,-89.98335349999999,ChIJNST6hGqHf4gR0Mml4gyjQWk,OK,81006,471570065001021
1434.107,35.107529,-89.9862127,ChIJ0WGfSUKHf4gRjDLrfGQwCV4,OK,92127,471570065001021
1894.762,35.109859,-89.99141100000001,ChIJs6JbpFyHf4gR9O01gG0a7fQ,OK,130389,471570078103010
1894.762,35.109859,-89.99141100000001,ChIJs6JbpFyHf4gR9O01gG0a7fQ,OK,130389,471570078103010
2077.476,35.104197,-89.98335349999999,ChIJNST6hGqHf4gR0Mml4gyjQWk,OK,132281,471570078103010
1073.401,35.104197,-89.98335349999999,ChIJNST6hGqHf4gR0Mml4gyjQWk,OK,75035,471570065001025
1073.401,35.104197,-89.98335349999999,ChIJNST6hGqHf4gR0Mml4gyjQWk,OK,75035,471570065001025
1186.399,35.107529,-89.9862127,ChIJ0WGfSUKHf4gRjDLrfGQwCV4,OK,86156,471570065001025
1834.655,35.109859,-89.99141100000001,ChIJs6JbpFyHf4gR9O01gG0a7fQ,OK,131813,471570078103007
2017.369,35.104197,-89.98335349999999,ChIJNST6hGqHf4gR0Mml4gyjQWk,OK,133705,471570078103007
2017.369,35.104197,-89.98335349999999,ChIJNST6hGqHf4gR0Mml4gyjQWk,OK,133705,471570078103007
2091.686,35.109859,-89.99141100000001,ChIJs6JbpFyHf4gR9O01gG0a7fQ,OK,144567,471570078103013
2274.4,35.104197,-89.98335349999999,ChIJNST6hGqHf4gR0Mml4gyjQWk,OK,146459,471570078103013
2274.4,35.104197,-89.98335349999999,ChIJNST6hGqHf4gR0Mml4gyjQWk,OK,146459,471570078103013
1515.769,35.1835367,-89.8717722,ChIJv1U5XuiCf4gRMlXiIrwnbJo,OK,120496,471570206223006
1515.769,35.1835367,-89.8717722,ChIJv1U5XuiCf4gRMlXiIrwnbJo,OK,120496,471570206223006
2050.485,35.19067459999999,-89.8489943,ChIJ364PGjWdf4gRKbsrGLq8_XQ,OK,135850,471570206223006
2312.511,35.1489345,-89.89838259999999,ChIJaTBvX72Df4gRiyFT0LQMnrQ,OK,161633,471570098001008
2312.511,35.1489345,-89.89838259999999,ChIJaTBvX72Df4gRiyFT0LQMnrQ,OK,161633,471570098001008
2393.057,35.148225,-89.89748700000001,ChIJC8t095eDf4gRGuXK3FleZyg,OK,166466,471570098001008
1486.453,35.1489345,-89.89838259999999,ChIJaTBvX72Df4gRiyFT0LQMnrQ,OK,158233,471570098001020
1486.453,35.1489345,-89.89838259999999,ChIJaTBvX72Df4gRiyFT0LQMnrQ,OK,158233,471570098001020
1364.578,35.148225,-89.89748700000001,ChIJC8t095eDf4gRGuXK3FleZyg,OK,161228,471570098001020
2963.471,35.19067459999999,-89.8489943,ChIJ364PGjWdf4gRKbsrGLq8_XQ,OK,241284,471570211113010
3455.475,35.16339899999999,-89.855841,ChIJA_xfkC6Df4gRAjVZwLz1jqA,OK,287291,471570211113010
3455.475,35.16339899999999,-89.855841,ChIJA_xfkC6Df4gRAjVZwLz1jqA,OK,287291,471570211113010
1150.474,35.19067459999999,-89.8489943,ChIJ364PGjWdf4gRKbsrGLq8_XQ,OK,93475,471570206221030
1150.474,35.19067459999999,-89.8489943,ChIJ364PGjWdf4gRKbsrGLq8_XQ,OK,93475,471570206221030
2213.917,35.1927931,-89.86922029999999,ChIJAQAAAMCCf4gRZL0qi0KLjtw,OK,168841,471570206221030
528.821,35.164068,-89.8770782,ChIJpUMbExuDf4gRyW4QpPURe54,OK,36002,471570211113031
528.821,35.164068,-89.8770782,ChIJpUMbExuDf4gRyW4QpPURe54,OK,36002,471570211113031
1752.95,35.156962,-89.88851749999999,ChIJaVmJmQmDf4gR3ZGZP7kcoeo,OK,117490,471570211113031
841.188,35.1489345,-89.89838259999999,ChIJaTBvX72Df4gRiyFT0LQMnrQ,OK,98620,471570098002004
841.188,35.1489345,-89.89838259999999,ChIJaTBvX72Df4gRiyFT0LQMnrQ,OK,98620,471570098002004
844.454,35.148225,-89.89748700000001,ChIJC8t095eDf4gRGuXK3FleZyg,OK,98816,471570098002004
1369.321,35.1489345,-89.89838259999999,ChIJaTBvX72Df4gRiyFT0LQMnrQ,OK,91211,471570098002014
1369.321,35.1489345,-89.89838259999999,ChIJaTBvX72Df4gRiyFT0LQMnrQ,OK,91211,471570098002014
1449.866,35.148225,-89.89748700000001,ChIJC8t095eDf4gRGuXK3FleZyg,OK,96044,471570098002014
1715.542,35.19067459999999,-89.8489943,ChIJ364PGjWdf4gRKbsrGLq8_XQ,OK,155904,471570211111009
1715.542,35.19067459999999,-89.8489943,ChIJ364PGjWdf4gRKbsrGLq8_XQ,OK,155904,471570211111009
4500.655,35.16339899999999,-89.855841,ChIJA_xfkC6Df4gRAjVZwLz1jqA,OK,312327,471570211111009
1348.523,35.19067459999999,-89.8489943,ChIJ364PGjWdf4gRKbsrGLq8_XQ,OK,82312,471570211112008
1348.523,35.19067459999999,-89.8489943,ChIJ364PGjWdf4gRKbsrGLq8_XQ,OK,82312,471570211112008
1802.329,35.1835367,-89.8717722,ChIJv1U5XuiCf4gRMlXiIrwnbJo,OK,124188,471570211112008
1657.77,35.19067459999999,-89.8489943,ChIJ364PGjWdf4gRKbsrGLq8_XQ,OK,98677,471570211113030
1657.77,35.19067459999999,-89.8489943,ChIJ364PGjWdf4gRKbsrGLq8_XQ,OK,98677,471570211113030
1661.276,35.1835367,-89.8717722,ChIJv1U5XuiCf4gRMlXiIrwnbJo,OK,115615,471570211113030
1173.216,35.164068,-89.8770782,ChIJpUMbExuDf4gRyW4QpPURe54,OK,65399,471570211113044
1173.216,35.164068,-89.8770782,ChIJpUMbExuDf4gRyW4QpPURe54,OK,65399,471570211113044
1912.976,35.1623785,-89.8566175,ChIJXQHWWS6Df4gRqhH5EQ9H1j0,OK,112736,471570211113044
1479.116,35.16339899999999,-89.855841,ChIJA_xfkC6Df4gRAjVZwLz1jqA,OK,83121,471570211113047
1479.116,35.16339899999999,-89.855841,ChIJA_xfkC6Df4gRAjVZwLz1jqA,OK,83121,471570211113047
1552.5,35.1623785,-89.8566175,ChIJXQHWWS6Df4gRqhH5EQ9H1j0,OK,91980,471570211113047
2553.565,35.1489345,-89.89838259999999,ChIJaTBvX72Df4gRiyFT0LQMnrQ,OK,144687,471570091001011
1647.651,35.125222,-90.048147,ChIJ9cKdtid81YcRKs9h6RjzQzw,OK,121477,471570046001055
1649.465,35.1251709,-90.0481695,ChIJybIJtCd81YcR9Otxws-5qCM,OK,121577,471570046001055
1377.599,35.125222,-90.048147,ChIJ9cKdtid81YcRKs9h6RjzQzw,OK,117638,471570116002000
1377.599,35.125222,-90.048147,ChIJ9cKdtid81YcRKs9h6RjzQzw,OK,117638,471570116002000
1379.414,35.1251709,-90.0481695,ChIJybIJtCd81YcR9Otxws-5qCM,OK,117738,471570116002000
1571.181,35.125222,-90.048147,ChIJ9cKdtid81YcRKs9h6RjzQzw,OK,140867,471570116002013
1571.181,35.125222,-90.048147,ChIJ9cKdtid81YcRKs9h6RjzQzw,OK,140867,471570116002013
1572.996,35.1251709,-90.0481695,ChIJybIJtCd81YcR9Otxws-5qCM,OK,140967,471570116002013
4595.086,35.1439641,-90.0517892,ChIJL-0zBZR-1YcRj7p5p1WY4-g,OK,261244,471570003002006
4787.903,35.1490317,-90.0140679,ChIJw3q9_xV-1YcRqrte6yBn1CI,OK,270728,471570003002006
4787.903,35.1490317,-90.0140679,ChIJw3q9_xV-1YcRqrte6yBn1CI,OK,270728,471570003002006
3935.834,35.1490317,-90.0140679,ChIJw3q9_xV-1YcRqrte6yBn1CI,OK,238188,471570003002010
3935.834,35.1490317,-90.0140679,ChIJw3q9_xV-1YcRqrte6yBn1CI,OK,238188,471570003002010
4406.779,35.1439641,-90.0517892,ChIJL-0zBZR-1YcRj7p5p1WY4-g,OK,247608,471570003002010
3708.16,35.1490317,-90.0140679,ChIJw3q9_xV-1YcRqrte6yBn1CI,OK,221796,471570003001025
3708.16,35.1490317,-90.0140679,ChIJw3q9_xV-1YcRqrte6yBn1CI,OK,221796,471570003001025
4179.106,35.1439641,-90.0517892,ChIJL-0zBZR-1YcRj7p5p1WY4-g,OK,231216,471570003001025
4108.9,35.1439641,-90.0517892,ChIJL-0zBZR-1YcRj7p5p1WY4-g,OK,237073,471570003002014
3951.584,35.1490317,-90.0140679,ChIJw3q9_xV-1YcRqrte6yBn1CI,OK,246469,471570003002014
3951.584,35.1490317,-90.0140679,ChIJw3q9_xV-1YcRqrte6yBn1CI,OK,246469,471570003002014
3299.645,35.1490317,-90.0140679,ChIJw3q9_xV-1YcRqrte6yBn1CI,OK,225163,471570020001001
3299.645,35.1490317,-90.0140679,ChIJw3q9_xV-1YcRqrte6yBn1CI,OK,225163,471570020001001
4598.857,35.1439641,-90.0517892,ChIJL-0zBZR-1YcRj7p5p1WY4-g,OK,265272,471570020001001
3569.491,35.1439641,-90.0517892,ChIJL-0zBZR-1YcRj7p5p1WY4-g,OK,207424,471570020001003
3395.006,35.1490317,-90.0140679,ChIJw3q9_xV-1YcRqrte6yBn1CI,OK,212838,471570020001003
3395.006,35.1490317,-90.0140679,ChIJw3q9_xV-1YcRqrte6yBn1CI,OK,212838,471570020001003
3187.579,35.1490317,-90.0140679,ChIJw3q9_xV-1YcRqrte6yBn1CI,OK,184315,471570020001017
3187.579,35.1490317,-90.0140679,ChIJw3q9_xV-1YcRqrte6yBn1CI,OK,184315,471570020001017
3701.462,35.1439641,-90.0517892,ChIJL-0zBZR-1YcRj7p5p1WY4-g,OK,209707,471570020001017
3299.045,35.1490317,-90.0140679,ChIJw3q9_xV-1YcRqrte6yBn1CI,OK,201324,471570020001009
3299.045,35.1490317,-90.0140679,ChIJw3q9_xV-1YcRqrte6yBn1CI,OK,201324,471570020001009
3812.928,35.1439641,-90.0517892,ChIJL-0zBZR-1YcRj7p5p1WY4-g,OK,226716,471570020001009
3053.239,35.1490317,-90.0140679,ChIJw3q9_xV-1YcRqrte6yBn1CI,OK,174643,471570020002003
3053.239,35.1490317,-90.0140679,ChIJw3q9_xV-1YcRqrte6yBn1CI,OK,174643,471570020002003
3567.122,35.1439641,-90.0517892,ChIJL-0zBZR-1YcRj7p5p1WY4-g,OK,200035,471570020002003
3226.196,35.1490317,-90.0140679,ChIJw3q9_xV-1YcRqrte6yBn1CI,OK,216349,471570020001000
3226.196,35.1490317,-90.0140679,ChIJw3q9_xV-1YcRqrte6yBn1CI,OK,216349,471570020001000
3541.683,35.1444038,-90.0168571,ChIJufYEjhR-1YcREff46W6Lons,OK,258890,471570020001000
2821.752,35.1490317,-90.0140679,ChIJw3q9_xV-1YcRqrte6yBn1CI,OK,170388,471570020001016
2821.752,35.1490317,-90.0140679,ChIJw3q9_xV-1YcRqrte6yBn1CI,OK,170388,471570020001016
3137.239,35.1444038,-90.0168571,ChIJufYEjhR-1YcREff46W6Lons,OK,212929,471570020001016
2952.22,35.1490317,-90.0140679,ChIJw3q9_xV-1YcRqrte6yBn1CI,OK,190478,471570020001010
2952.22,35.1490317,-90.0140679,ChIJw3q9_xV-1YcRqrte6yBn1CI,OK,190478,471570020001010
3267.707,35.1444038,-90.0168571,ChIJufYEjhR-1YcREff46W6Lons,OK,233019,471570020001010
3166.585,35.1490317,-90.0140679,ChIJw3q9_xV-1YcRqrte6yBn1CI,OK,191186,471570020002002
3166.585,35.1490317,-90.0140679,ChIJw3q9_xV-1YcRqrte6yBn1CI,OK,191186,471570020002002
3680.468,35.1439641,-90.0517892,ChIJL-0zBZR-1YcRj7p5p1WY4-g,OK,216578,471570020002002
2857.378,35.1490317,-90.0140679,ChIJw3q9_xV-1YcRqrte6yBn1CI,OK,183585,471570020002001
2857.378,35.1490317,-90.0140679,ChIJw3q9_xV-1YcRqrte6yBn1CI,OK,183585,471570020002001
3172.865,35.1444038,-90.0168571,ChIJufYEjhR-1YcREff46W6Lons,OK,226126,471570020002001
3025.172,35.1490317,-90.0140679,ChIJw3q9_xV-1YcRqrte6yBn1CI,OK,187788,471570019002011
3025.172,35.1490317,-90.0140679,ChIJw3q9_xV-1YcRqrte6yBn1CI,OK,187788,471570019002011
3340.659,35.1444038,-90.0168571,ChIJufYEjhR-1YcREff46W6Lons,OK,230329,471570019002011
3209.759,35.1490317,-90.0140679,ChIJw3q9_xV-1YcRqrte6yBn1CI,OK,207462,471570019002003
3209.759,35.1490317,-90.0140679,ChIJw3q9_xV-1YcRqrte6yBn1CI,OK,207462,471570019002003
3758.732,35.1444038,-90.0168571,ChIJufYEjhR-1YcREff46W6Lons,OK,254362,471570019002003
3480.745,35.1738374,-89.98954379999999,ChIJ_S0BIGOAf4gRU3Ph4W65cOQ,OK,229192,471570004002024
4023.998,35.1490317,-90.0140679,ChIJw3q9_xV-1YcRqrte6yBn1CI,OK,243589,471570004002024
4023.998,35.1490317,-90.0140679,ChIJw3q9_xV-1YcRqrte6yBn1CI,OK,243589,471570004002024
4127.467,35.1490317,-90.0140679,ChIJw3q9_xV-1YcRqrte6yBn1CI,OK,242731,471570004002031
4127.467,35.1490317,-90.0140679,ChIJw3q9_xV-1YcRqrte6yBn1CI,OK,242731,471570004002031
4122.157,35.1444038,-90.0168571,ChIJufYEjhR-1YcREff46W6Lons,OK,289124,471570004002031
3528.72,35.1490317,-90.0140679,ChIJw3q9_xV-1YcRqrte6yBn1CI,OK,216614,471570019002002
3528.72,35.1490317,-90.0140679,ChIJw3q9_xV-1YcRqrte6yBn1CI,OK,216614,471570019002002
3844.207,35.1444038,-90.0168571,ChIJufYEjhR-1YcREff46W6Lons,OK,259155,471570019002002
3069.321,35.1738374,-89.98954379999999,ChIJ_S0BIGOAf4gRU3Ph4W65cOQ,OK,195886,471570004002028
3612.575,35.1490317,-90.0140679,ChIJw3q9_xV-1YcRqrte6yBn1CI,OK,210283,471570004002028
3612.575,35.1490317,-90.0140679,ChIJw3q9_xV-1YcRqrte6yBn1CI,OK,210283,471570004002028
2682.466,35.1490317,-90.0140679,ChIJw3q9_xV-1YcRqrte6yBn1CI,OK,155348,471570020002009
2682.466,35.1490317,-90.0140679,ChIJw3q9_xV-1YcRqrte6yBn1CI,OK,155348,471570020002009
6206.461,35.2158947,-89.9151158,ChIJxetq6ad4f4gRD1K1cIBWUQ4,OK,393098,471570205312014
3050.68,35.2337782,-89.9252472,ChIJra3pLkt_f4gRjZbqnHrruIM,OK,212324,471570205312011
3050.68,35.2337782,-89.9252472,ChIJra3pLkt_f4gRjZbqnHrruIM,OK,212324,471570205312011
6697.492,35.2158947,-89.9151158,ChIJxetq6ad4f4gRD1K1cIBWUQ4,OK,448905,471570205312011
3347.758,35.2337782,-89.9252472,ChIJra3pLkt_f4gRjZbqnHrruIM,OK,223032,471570205312009
3347.758,35.2337782,-89.9252472,ChIJra3pLkt_f4gRjZbqnHrruIM,OK,223032,471570205312009
6994.57,35.2158947,-89.9151158,ChIJxetq6ad4f4gRD1K1cIBWUQ4,OK,459613,471570205312009
1035.268,35.1251709,-90.0481695,ChIJybIJtCd81YcR9Otxws-5qCM,OK,66846,471570117001003
1035.268,35.1251709,-90.0481695,ChIJybIJtCd81YcR9Otxws-5qCM,OK,66846,471570117001003
1037.082,35.125222,-90.048147,ChIJ9cKdtid81YcRKs9h6RjzQzw,OK,66947,471570117001003
3456.965,35.093591,-90.056624,ChIJgyVl92d81YcRhuRHHckl8Y4,OK,184177,471570053003044
3456.965,35.093591,-90.056624,ChIJgyVl92d81YcRhuRHHckl8Y4,OK,184177,471570053003044
3636.802,35.095133,-90.05542799999999,ChIJATnUo0J81YcRpbAuNwXeqRw,OK,194137,471570053003044
4593.434,35.2337782,-89.9252472,ChIJra3pLkt_f4gRjZbqnHrruIM,OK,278542,471570205312008
4593.434,35.2337782,-89.9252472,ChIJra3pLkt_f4gRjZbqnHrruIM,OK,278542,471570205312008
6820.303,35.223866,-89.90499,ChIJJRXCRJh4f4gRcTFbl9qZzNM,OK,406400,471570205312008
3303.519,35.2337782,-89.9252472,ChIJra3pLkt_f4gRjZbqnHrruIM,OK,242663,471570205312010
3303.519,35.2337782,-89.9252472,ChIJra3pLkt_f4gRjZbqnHrruIM,OK,242663,471570205312010
6950.331,35.2158947,-89.9151158,ChIJxetq6ad4f4gRD1K1cIBWUQ4,OK,479244,471570205312010
2412.51,35.093591,-90.056624,ChIJgyVl92d81YcRhuRHHckl8Y4,OK,141132,471570053003034
2412.51,35.093591,-90.056624,ChIJgyVl92d81YcRhuRHHckl8Y4,OK,141132,471570053003034
2592.347,35.095133,-90.05542799999999,ChIJATnUo0J81YcRpbAuNwXeqRw,OK,151092,471570053003034
1625.145,35.107529,-89.9862127,ChIJ0WGfSUKHf4gRjDLrfGQwCV4,OK,107848,471570066002049
1625.145,35.107529,-89.9862127,ChIJ0WGfSUKHf4gRjDLrfGQwCV4,OK,107848,471570066002049
1719.479,35.12545849999999,-89.97454169999999,ChIJoyT3HjOHf4gRS6EdHckmff8,OK,111290,471570066002049
1221.065,35.0333519,-90.02557630000001,ChIJK8z8Ksxi1YcRt8pxxgP2SA4,OK,88206,471570221111001
1221.065,35.0333519,-90.02557630000001,ChIJK8z8Ksxi1YcRt8pxxgP2SA4,OK,88206,471570221111001
1221.159,35.033351,-90.02556199999999,ChIJY7ePKsxi1YcRIP55gZFchMw,OK,88211,471570221111001
1148.499,35.12545849999999,-89.97454169999999,ChIJoyT3HjOHf4gRS6EdHckmff8,OK,77621,471570066002007
1148.499,35.12545849999999,-89.97454169999999,ChIJoyT3HjOHf4gRS6EdHckmff8,OK,77621,471570066002007
1304.175,35.13418100000001,-89.98599,ChIJnf1_yraAf4gR9pQmD7CXhgg,OK,83150,471570066002007
2677.168,35.0461089,-89.7947008,ChIJaZI6O3Oaf4gRqa_eh0DNj_s,OK,146746,471570213424026
2677.168,35.0461089,-89.7947008,ChIJaZI6O3Oaf4gRqa_eh0DNj_s,OK,146746,471570213424026
2795.173,35.045091,-89.795412,ChIJVelsQnOaf4gRECqTW7fq-dY,OK,153281,471570213424026
3222.112,35.1439641,-90.0517892,ChIJL-0zBZR-1YcRj7p5p1WY4-g,OK,244899,471570001003061
3222.112,35.1439641,-90.0517892,ChIJL-0zBZR-1YcRj7p5p1WY4-g,OK,244899,471570001003061
3431.029,35.1450994,-90.0538646,ChIJne6_s5V-1YcRn_LPaqiwhrk,OK,250353,471570001003061
1301.433,35.02100869999999,-89.8995317,ChIJ-f6gz22Pf4gR-rWEeLgd-68,OK,59679,471570226001193
1301.433,35.02100869999999,-89.8995317,ChIJ-f6gz22Pf4gR-rWEeLgd-68,OK,59679,471570226001193
1312.705,35.0209193,-89.8996561,ChIJxWQfy22Pf4gRlC1jxVU1A2g,OK,60304,471570226001193
4454.636,35.02100869999999,-89.8995317,ChIJ-f6gz22Pf4gR-rWEeLgd-68,OK,244173,471570226001186
4454.636,35.02100869999999,-89.8995317,ChIJ-f6gz22Pf4gR-rWEeLgd-68,OK,244173,471570226001186
4465.909,35.0209193,-89.8996561,ChIJxWQfy22Pf4gRlC1jxVU1A2g,OK,244798,471570226001186
2050.357,35.0220022,-89.82947999999999,ChIJxT9DeWuQf4gRf6HLF5uJHd0,OK,128502,471570217542005
2050.357,35.0220022,-89.82947999999999,ChIJxT9DeWuQf4gRf6HLF5uJHd0,OK,128502,471570217542005
2592.447,35.0078094,-89.83044679999999,ChIJpwHMo0eQf4gRIqmNFjWLuW4,OK,157480,471570217542005
10021.903,35.2064292,-89.73436359999999,ChIJP6qgZdGff4gRQoIww3TX5kM,OK,565897,471570210101033
10021.903,35.2064292,-89.73436359999999,ChIJP6qgZdGff4gRQoIww3TX5kM,OK,565897,471570210101033
12683.807,35.2044739,-89.76342459999999,ChIJ3XsJxyKef4gRTeWb3lonWsU,OK,694075,471570210101033
7343.721,35.2064292,-89.73436359999999,ChIJP6qgZdGff4gRQoIww3TX5kM,OK,512655,471570210101012
7343.721,35.2064292,-89.73436359999999,ChIJP6qgZdGff4gRQoIww3TX5kM,OK,512655,471570210101012
10005.625,35.2044739,-89.76342459999999,ChIJ3XsJxyKef4gRTeWb3lonWsU,OK,640833,471570210101012
2354.361,35.0209193,-89.8996561,ChIJxWQfy22Pf4gRlC1jxVU1A2g,OK,140137,471570226001145
2354.361,35.0209193,-89.8996561,ChIJxWQfy22Pf4gRlC1jxVU1A2g,OK,140137,471570226001145
2365.634,35.02100869999999,-89.8995317,ChIJ-f6gz22Pf4gR-rWEeLgd-68,OK,140761,471570226001145
903.781,35.1251709,-90.0481695,ChIJybIJtCd81YcR9Otxws-5qCM,OK,61801,471570117001001
903.781,35.1251709,-90.0481695,ChIJybIJtCd81YcR9Otxws-5qCM,OK,61801,471570117001001
905.596,35.125222,-90.048147,ChIJ9cKdtid81YcRKs9h6RjzQzw,OK,61902,471570117001001
6211.646,35.0854368,-89.89541919999999,ChIJf5cc-VKEf4gRF-lYLgijYQQ,OK,340658,471570213202013
6211.646,35.0854368,-89.89541919999999,ChIJf5cc-VKEf4gRF-lYLgijYQQ,OK,340658,471570213202013
5392.181,35.1153996,-89.89414069999999,ChIJCb4NOWWEf4gR79YlPQoocW4,OK,342312,471570213202013
292.805,35.139426,-90.00714049999999,ChIJC-6kIBt-1YcRA1cskDtjsVc,OK,49202,471570034002010
292.805,35.139426,-90.00714049999999,ChIJC-6kIBt-1YcRA1cskDtjsVc,OK,49202,471570034002010
376.831,35.13763670000001,-90.00757159999999,ChIJl69WLQV-1YcRU3z7Tt2MyhY,OK,50163,471570034002010
672.872,35.142439,-90.006118,ChIJeUPo2Rt-1YcRdoG2a54M-d0,OK,56855,471570026001008
672.872,35.142439,-90.006118,ChIJeUPo2Rt-1YcRdoG2a54M-d0,OK,56855,471570026001008
927.458,35.1490317,-90.0140679,ChIJw3q9_xV-1YcRqrte6yBn1CI,OK,84879,471570026001008
649.234,35.13763670000001,-90.00757159999999,ChIJl69WLQV-1YcRU3z7Tt2MyhY,OK,48029,471570036002040
649.234,35.13763670000001,-90.00757159999999,ChIJl69WLQV-1YcRU3z7Tt2MyhY,OK,48029,471570036002040
851.497,35.139426,-90.00714049999999,ChIJC-6kIBt-1YcRA1cskDtjsVc,OK,72299,471570036002040
723.338,35.13763670000001,-90.00757159999999,ChIJl69WLQV-1YcRU3z7Tt2MyhY,OK,55792,471570036002039
723.338,35.13763670000001,-90.00757159999999,ChIJl69WLQV-1YcRU3z7Tt2MyhY,OK,55792,471570036002039
816.464,35.139426,-90.00714049999999,ChIJC-6kIBt-1YcRA1cskDtjsVc,OK,74738,471570036002039
280.363,35.13763670000001,-90.00757159999999,ChIJl69WLQV-1YcRU3z7Tt2MyhY,OK,22428,471570034001003
280.363,35.13763670000001,-90.00757159999999,ChIJl69WLQV-1YcRU3z7Tt2MyhY,OK,22428,471570034001003
389.146,35.139426,-90.00714049999999,ChIJC-6kIBt-1YcRA1cskDtjsVc,OK,35481,471570034001003
861.915,35.13763670000001,-90.00757159999999,ChIJl69WLQV-1YcRU3z7Tt2MyhY,OK,79204,471570036002051
861.915,35.13763670000001,-90.00757159999999,ChIJl69WLQV-1YcRU3z7Tt2MyhY,OK,79204,471570036002051
1064.178,35.139426,-90.00714049999999,ChIJC-6kIBt-1YcRA1cskDtjsVc,OK,103474,471570036002051
301.576,35.13763670000001,-90.00757159999999,ChIJl69WLQV-1YcRU3z7Tt2MyhY,OK,36188,471570034001004
301.576,35.13763670000001,-90.00757159999999,ChIJl69WLQV-1YcRU3z7Tt2MyhY,OK,36188,471570034001004
506.884,35.139426,-90.00714049999999,ChIJC-6kIBt-1YcRA1cskDtjsVc,OK,56860,471570034001004
283.857,35.1444038,-90.0168571,ChIJufYEjhR-1YcREff46W6Lons,OK,20364,471570025002044
283.857,35.1444038,-90.0168571,ChIJufYEjhR-1YcREff46W6Lons,OK,20364,471570025002044
931.541,35.1490317,-90.0140679,ChIJw3q9_xV-1YcRqrte6yBn1CI,OK,54298,471570025002044
177.458,35.13763670000001,-90.00757159999999,ChIJl69WLQV-1YcRU3z7Tt2MyhY,OK,17330,471570034002009
177.458,35.13763670000001,-90.00757159999999,ChIJl69WLQV-1YcRU3z7Tt2MyhY,OK,17330,471570034002009
195.212,35.139426,-90.00714049999999,ChIJC-6kIBt-1YcRA1cskDtjsVc,OK,28581,471570034002009
1582.331,35.1444038,-90.0168571,ChIJufYEjhR-1YcREff46W6Lons,OK,98953,471570036002047
1582.331,35.1444038,-90.0168571,ChIJufYEjhR-1YcREff46W6Lons,OK,98953,471570036002047
1613.897,35.13763670000001,-90.00757159999999,ChIJl69WLQV-1YcRU3z7Tt2MyhY,OK,104462,471570036002047
1855.73,35.1157645,-90.022279,ChIJwZqBNMN91YcRRpdDvj5Pcr8,OK,114851,471570035002006
1912.526,35.1444038,-90.0168571,ChIJufYEjhR-1YcREff46W6Lons,OK,130049,471570035002006
1912.526,35.1444038,-90.0168571,ChIJufYEjhR-1YcREff46W6Lons,OK,130049,471570035002006
1806.886,35.13763670000001,-90.00757159999999,ChIJl69WLQV-1YcRU3z7Tt2MyhY,OK,116041,471570035003003
1806.886,35.13763670000001,-90.00757159999999,ChIJl69WLQV-1YcRU3z7Tt2MyhY,OK,116041,471570035003003
2113.72,35.1157645,-90.022279,ChIJwZqBNMN91YcRRpdDvj5Pcr8,OK,118565,471570035003003
1673.249,35.1444038,-90.0168571,ChIJufYEjhR-1YcREff46W6Lons,OK,114063,471570035002001
1704.815,35.13763670000001,-90.00757159999999,ChIJl69WLQV-1YcRU3z7Tt2MyhY,OK,119572,471570035002001
1704.815,35.13763670000001,-90.00757159999999,ChIJl69WLQV-1YcRU3z7Tt2MyhY,OK,119572,471570035002001
1515.688,35.1444038,-90.0168571,ChIJufYEjhR-1YcREff46W6Lons,OK,94955,471570036002054
1547.254,35.13763670000001,-90.00757159999999,ChIJl69WLQV-1YcRU3z7Tt2MyhY,OK,100464,471570036002054
1547.254,35.13763670000001,-90.00757159999999,ChIJl69WLQV-1YcRU3z7Tt2MyhY,OK,100464,471570036002054
2161.835,35.1157645,-90.022279,ChIJwZqBNMN91YcRRpdDvj5Pcr8,OK,128021,471570035003002
1977.768,35.13763670000001,-90.00757159999999,ChIJl69WLQV-1YcRU3z7Tt2MyhY,OK,132863,471570035003002
1977.768,35.13763670000001,-90.00757159999999,ChIJl69WLQV-1YcRU3z7Tt2MyhY,OK,132863,471570035003002
1884.862,35.1444038,-90.0168571,ChIJufYEjhR-1YcREff46W6Lons,OK,126729,471570035002008
1916.428,35.13763670000001,-90.00757159999999,ChIJl69WLQV-1YcRU3z7Tt2MyhY,OK,132238,471570035002008
1916.428,35.13763670000001,-90.00757159999999,ChIJl69WLQV-1YcRU3z7Tt2MyhY,OK,132238,471570035002008
4384.766,35.222344,-89.97682999999999,ChIJ987Br45_f4gRjwrvnFN8t7k,OK,308863,471570205111004
4384.766,35.222344,-89.97682999999999,ChIJ987Br45_f4gRjwrvnFN8t7k,OK,308863,471570205111004
4785.632,35.2227028,-89.97692290000001,ChIJ987Br45_f4gRMoYIhCny13Q,OK,344995,471570205111004
2411.475,35.222344,-89.97682999999999,ChIJ987Br45_f4gRjwrvnFN8t7k,OK,211191,471570102206011
2411.475,35.222344,-89.97682999999999,ChIJ987Br45_f4gRjwrvnFN8t7k,OK,211191,471570102206011
2812.341,35.2227028,-89.97692290000001,ChIJ987Br45_f4gRMoYIhCny13Q,OK,247323,471570102206011
2514.806,35.222344,-89.97682999999999,ChIJ987Br45_f4gRjwrvnFN8t7k,OK,223590,471570102206023
2514.806,35.222344,-89.97682999999999,ChIJ987Br45_f4gRjwrvnFN8t7k,OK,223590,471570102206023
2915.673,35.2227028,-89.97692290000001,ChIJ987Br45_f4gRMoYIhCny13Q,OK,259722,471570102206023
2146.581,35.222344,-89.97682999999999,ChIJ987Br45_f4gRjwrvnFN8t7k,OK,179406,471570102206007
2146.581,35.222344,-89.97682999999999,ChIJ987Br45_f4gRjwrvnFN8t7k,OK,179406,471570102206007
2547.447,35.2227028,-89.97692290000001,ChIJ987Br45_f4gRMoYIhCny13Q,OK,215538,471570102206007
5662.055,35.0220022,-89.82947999999999,ChIJxT9DeWuQf4gRf6HLF5uJHd0,OK,359607,471570226001212
281.681,35.139426,-90.00714049999999,ChIJC-6kIBt-1YcRA1cskDtjsVc,OK,33800,471570034002004
281.681,35.139426,-90.00714049999999,ChIJC-6kIBt-1YcRA1cskDtjsVc,OK,33800,471570034002004
478.302,35.142439,-90.006118,ChIJeUPo2Rt-1YcRdoG2a54M-d0,OK,44177,471570034002004
979.784,35.1157645,-90.022279,ChIJwZqBNMN91YcRRpdDvj5Pcr8,OK,73876,471570115002005
979.784,35.1157645,-90.022279,ChIJwZqBNMN91YcRRpdDvj5Pcr8,OK,73876,471570115002005
1700.904,35.1087458,-90.0211918,ChIJe6w2EsF91YcRquzVZc8M0-I,OK,115266,471570115002005
5452.142,35.1546312,-89.79260459999999,ChIJ8UeuSEecf4gRniit7ubZLtM,OK,405874,471570211381026
5452.142,35.1546312,-89.79260459999999,ChIJ8UeuSEecf4gRniit7ubZLtM,OK,405874,471570211381026
6399.604,35.14868459999999,-89.7948203,ChIJ4w9Lr2qcf4gRHdzl9FciAFM,OK,459426,471570211381026
3787.76,35.14868459999999,-89.7948203,ChIJ4w9Lr2qcf4gRHdzl9FciAFM,OK,283920,471570211381027
3787.76,35.14868459999999,-89.7948203,ChIJ4w9Lr2qcf4gRHdzl9FciAFM,OK,283920,471570211381027
4210.006,35.1546312,-89.79260459999999,ChIJ8UeuSEecf4gRniit7ubZLtM,OK,300386,471570211381027
1163.901,35.13774119999999,-89.99713,ChIJtwtohKiAf4gRFxkNLUf9PgA,OK,81084,471570033001003
1163.901,35.13774119999999,-89.99713,ChIJtwtohKiAf4gRFxkNLUf9PgA,OK,81084,471570033001003
1526.751,35.13763670000001,-90.00757159999999,ChIJl69WLQV-1YcRU3z7Tt2MyhY,OK,107672,471570033001003
601.472,35.0643218,-89.9923063,ChIJb3DQuo2Hf4gRC8UI6d4pa68,OK,70503,471579801001077
601.472,35.0643218,-89.9923063,ChIJb3DQuo2Hf4gRC8UI6d4pa68,OK,70503,471579801001077
2499.705,35.05407199999999,-90.00125899999999,ChIJIzdhk1h91YcRZT7cBcBslaM,OK,155696,471579801001077
1955.427,35.0461089,-89.7947008,ChIJaZI6O3Oaf4gRqa_eh0DNj_s,OK,123304,471570213423073
1955.427,35.0461089,-89.7947008,ChIJaZI6O3Oaf4gRqa_eh0DNj_s,OK,123304,471570213423073
2073.432,35.045091,-89.795412,ChIJVelsQnOaf4gRECqTW7fq-dY,OK,129839,471570213423073
2044.104,35.04577219999999,-89.82821469999999,ChIJL-jEaJmaf4gREtYdkYi2nAs,OK,128492,471570213341027
2229.608,35.05113000000001,-89.815021,ChIJAdLMX4iaf4gRUenKpoiyrBc,OK,142884,471570213341027
2229.608,35.05113000000001,-89.815021,ChIJAdLMX4iaf4gRUenKpoiyrBc,OK,142884,471570213341027
2494.981,35.109859,-89.99141100000001,ChIJs6JbpFyHf4gR9O01gG0a7fQ,OK,179398,471570063001003
2381.189,35.13774119999999,-89.99713,ChIJtwtohKiAf4gRFxkNLUf9PgA,OK,179654,471570063001003
2381.189,35.13774119999999,-89.99713,ChIJtwtohKiAf4gRFxkNLUf9PgA,OK,179654,471570063001003
2529.198,35.1161637,-89.9446263,ChIJ-ZiED8iGf4gR32IlfgDBKWY,OK,185596,471570029004012
2529.198,35.1161637,-89.9446263,ChIJ-ZiED8iGf4gR32IlfgDBKWY,OK,185596,471570029004012
3073.925,35.14981359999999,-89.94918609999999,ChIJVdGBGRaBf4gRsi89Rzqn8W4,OK,212205,471570029004012
2285.536,35.04577219999999,-89.82821469999999,ChIJL-jEaJmaf4gREtYdkYi2nAs,OK,145643,471570213341026
2471.039,35.05113000000001,-89.815021,ChIJAdLMX4iaf4gRUenKpoiyrBc,OK,160035,471570213341026
2471.039,35.05113000000001,-89.815021,ChIJAdLMX4iaf4gRUenKpoiyrBc,OK,160035,471570213341026
1717.316,35.1738374,-89.98954379999999,ChIJ_S0BIGOAf4gRU3Ph4W65cOQ,OK,123404,471570009002011
1717.316,35.1738374,-89.98954379999999,ChIJ_S0BIGOAf4gRU3Ph4W65cOQ,OK,123404,471570009002011
1957.365,35.17410499999999,-89.97575479999999,ChIJmfYTGFmAf4gRHGKCaD0qCtI,OK,137804,471570009002011
1356.877,35.1507888,-89.977317,ChIJdVWrOuqAf4gR-V7s1E3qo7g,OK,76804,471570009003020
1356.877,35.1507888,-89.977317,ChIJdVWrOuqAf4gR-V7s1E3qo7g,OK,76804,471570009003020
2384.635,35.17410499999999,-89.97575479999999,ChIJmfYTGFmAf4gRHGKCaD0qCtI,OK,140357,471570009003020
2746.991,35.14868459999999,-89.7948203,ChIJ4w9Lr2qcf4gRHdzl9FciAFM,OK,176263,471570211402022
2746.991,35.14868459999999,-89.7948203,ChIJ4w9Lr2qcf4gRHdzl9FciAFM,OK,176263,471570211402022
3513.153,35.1546312,-89.79260459999999,ChIJ8UeuSEecf4gRniit7ubZLtM,OK,196962,471570211402022
4491.871,35.14868459999999,-89.7948203,ChIJ4w9Lr2qcf4gRHdzl9FciAFM,OK,321764,471570211401013
4491.871,35.14868459999999,-89.7948203,ChIJ4w9Lr2qcf4gRHdzl9FciAFM,OK,321764,471570211401013
5258.034,35.1546312,-89.79260459999999,ChIJ8UeuSEecf4gRniit7ubZLtM,OK,342463,471570211401013
5188.625,35.14868459999999,-89.7948203,ChIJ4w9Lr2qcf4gRHdzl9FciAFM,OK,366501,471570211401039
5188.625,35.14868459999999,-89.7948203,ChIJ4w9Lr2qcf4gRHdzl9FciAFM,OK,366501,471570211401039
5954.787,35.1546312,-89.79260459999999,ChIJ8UeuSEecf4gRniit7ubZLtM,OK,387200,471570211401039
7692.512,35.14868459999999,-89.7948203,ChIJ4w9Lr2qcf4gRHdzl9FciAFM,OK,482122,471570211391005
7692.512,35.14868459999999,-89.7948203,ChIJ4w9Lr2qcf4gRHdzl9FciAFM,OK,482122,471570211391005
8458.675,35.1546312,-89.79260459999999,ChIJ8UeuSEecf4gRniit7ubZLtM,OK,502821,471570211391005
1791.708,35.0515568,-89.90630259999999,ChIJrU8jyZKFf4gRubg1AIyELWY,OK,109570,471570226001060
1791.708,35.0515568,-89.90630259999999,ChIJrU8jyZKFf4gRubg1AIyELWY,OK,109570,471570226001060
2853.309,35.0515544,-89.92255089999999,ChIJG_UFGuOFf4gRyHNDzwp5is0,OK,154760,471570226001060
3921.999,35.1439641,-90.0517892,ChIJL-0zBZR-1YcRj7p5p1WY4-g,OK,320137,471570001001044
4130.916,35.1450994,-90.0538646,ChIJne6_s5V-1YcRn_LPaqiwhrk,OK,325591,471570001001044
5262.46,35.1439641,-90.0517892,ChIJL-0zBZR-1YcRj7p5p1WY4-g,OK,309730,471570001001059
5262.46,35.1439641,-90.0517892,ChIJL-0zBZR-1YcRj7p5p1WY4-g,OK,309730,471570001001059
5274.366,35.1450994,-90.0538646,ChIJne6_s5V-1YcRn_LPaqiwhrk,OK,318027,471570001001059
4133.505,35.0614623,-89.8536277,ChIJ4TWJkTWFf4gRbkNZYfkF9Jw,OK,294648,471570213312007
4133.505,35.0614623,-89.8536277,ChIJ4TWJkTWFf4gRbkNZYfkF9Jw,OK,294648,471570213312007
5125.1,35.0612606,-89.88628629999999,ChIJAQ_I1gqFf4gRFrt5yQeAEps,OK,349262,471570213312007
5461.652,35.1439641,-90.0517892,ChIJL-0zBZR-1YcRj7p5p1WY4-g,OK,318235,471570003001013
5654.468,35.1490317,-90.0140679,ChIJw3q9_xV-1YcRqrte6yBn1CI,OK,327719,471570003001013
5654.468,35.1490317,-90.0140679,ChIJw3q9_xV-1YcRqrte6yBn1CI,OK,327719,471570003001013
5004.632,35.1439641,-90.0517892,ChIJL-0zBZR-1YcRj7p5p1WY4-g,OK,273082,471570003001014
5004.632,35.1439641,-90.0517892,ChIJL-0zBZR-1YcRj7p5p1WY4-g,OK,273082,471570003001014
5016.539,35.1450994,-90.0538646,ChIJne6_s5V-1YcRn_LPaqiwhrk,OK,281379,471570003001014
5112.336,35.1439641,-90.0517892,ChIJL-0zBZR-1YcRj7p5p1WY4-g,OK,291716,471570001001054
5124.242,35.1450994,-90.0538646,ChIJne6_s5V-1YcRn_LPaqiwhrk,OK,300013,471570001001054
5124.242,35.1450994,-90.0538646,ChIJne6_s5V-1YcRn_LPaqiwhrk,OK,300013,471570001001054
4684.094,35.1439641,-90.0517892,ChIJL-0zBZR-1YcRj7p5p1WY4-g,OK,259075,471570001001052
4684.094,35.1439641,-90.0517892,ChIJL-0zBZR-1YcRj7p5p1WY4-g,OK,259075,471570001001052
4696.001,35.1450994,-90.0538646,ChIJne6_s5V-1YcRn_LPaqiwhrk,OK,267372,471570001001052
4560.667,35.1439641,-90.0517892,ChIJL-0zBZR-1YcRj7p5p1WY4-g,OK,257114,471570001001058
4560.667,35.1439641,-90.0517892,ChIJL-0zBZR-1YcRj7p5p1WY4-g,OK,257114,471570001001058
4591.357,35.1435177,-90.0539328,ChIJ8VFg1pV-1YcRR9G8p0pZx6U,OK,257393,471570001001058
1312.259,35.054745,-90.007971,ChIJXxyyQlt91YcRhldtWgjSnSE,OK,98538,471570220232018
1312.259,35.054745,-90.007971,ChIJXxyyQlt91YcRhldtWgjSnSE,OK,98538,471570220232018
1877.611,35.05407199999999,-90.00125899999999,ChIJIzdhk1h91YcRZT7cBcBslaM,OK,121971,471570220232018
2553.44,35.218332,-90.00299799999999,ChIJfRCGEgGA1YcRsZsWP_dycDI,OK,153201,471570099022001
2553.44,35.218332,-90.00299799999999,ChIJfRCGEgGA1YcRsZsWP_dycDI,OK,153201,471570099022001
2761.344,35.21475480000001,-90.00354540000001,ChIJF6XvX_9_1YcRD4jlF4jzevw,OK,165675,471570099022001
3096.313,35.218332,-90.00299799999999,ChIJfRCGEgGA1YcRsZsWP_dycDI,OK,181279,471570099022005
3096.313,35.218332,-90.00299799999999,ChIJfRCGEgGA1YcRsZsWP_dycDI,OK,181279,471570099022005
3304.218,35.21475480000001,-90.00354540000001,ChIJF6XvX_9_1YcRD4jlF4jzevw,OK,193753,471570099022005
3160.623,35.218332,-90.00299799999999,ChIJfRCGEgGA1YcRsZsWP_dycDI,OK,203834,471570099013038
3160.623,35.218332,-90.00299799999999,ChIJfRCGEgGA1YcRsZsWP_dycDI,OK,203834,471570099013038
3368.528,35.21475480000001,-90.00354540000001,ChIJF6XvX_9_1YcRD4jlF4jzevw,OK,216308,471570099013038
3172.029,35.218332,-90.00299799999999,ChIJfRCGEgGA1YcRsZsWP_dycDI,OK,186269,471570099013045
3172.029,35.218332,-90.00299799999999,ChIJfRCGEgGA1YcRsZsWP_dycDI,OK,186269,471570099013045
3516.78,35.22619459999999,-90.0020167,ChIJvTh1mwiA1YcRLLqD5Uxq8Nc,OK,196384,471570099013045
2902.368,35.218332,-90.00299799999999,ChIJfRCGEgGA1YcRsZsWP_dycDI,OK,194563,471570099013039
2902.368,35.218332,-90.00299799999999,ChIJfRCGEgGA1YcRsZsWP_dycDI,OK,194563,471570099013039
3110.272,35.21475480000001,-90.00354540000001,ChIJF6XvX_9_1YcRD4jlF4jzevw,OK,207037,471570099013039
3338.199,35.218332,-90.00299799999999,ChIJfRCGEgGA1YcRsZsWP_dycDI,OK,200286,471570099021000
3338.199,35.218332,-90.00299799999999,ChIJfRCGEgGA1YcRsZsWP_dycDI,OK,200286,471570099021000
2898.503,35.21475480000001,-90.00354540000001,ChIJF6XvX_9_1YcRD4jlF4jzevw,OK,201681,471570099021000
2238.382,35.21475480000001,-90.00354540000001,ChIJF6XvX_9_1YcRD4jlF4jzevw,OK,169113,471570101104002
2238.382,35.21475480000001,-90.00354540000001,ChIJF6XvX_9_1YcRD4jlF4jzevw,OK,169113,471570101104002
2694.535,35.218332,-90.00299799999999,ChIJfRCGEgGA1YcRsZsWP_dycDI,OK,190292,471570101104002
1516.876,35.218332,-90.00299799999999,ChIJfRCGEgGA1YcRsZsWP_dycDI,OK,107639,471570101103006
1516.876,35.218332,-90.00299799999999,ChIJfRCGEgGA1YcRsZsWP_dycDI,OK,107639,471570101103006
1724.781,35.21475480000001,-90.00354540000001,ChIJF6XvX_9_1YcRD4jlF4jzevw,OK,120113,471570101103006
2131.442,35.218332,-90.00299799999999,ChIJfRCGEgGA1YcRsZsWP_dycDI,OK,149011,471570101104004
2131.442,35.218332,-90.00299799999999,ChIJfRCGEgGA1YcRsZsWP_dycDI,OK,149011,471570101104004
2339.347,35.21475480000001,-90.00354540000001,ChIJF6XvX_9_1YcRD4jlF4jzevw,OK,161485,471570101104004
2002.308,35.218332,-90.00299799999999,ChIJfRCGEgGA1YcRsZsWP_dycDI,OK,133515,471570101104000
2002.308,35.218332,-90.00299799999999,ChIJfRCGEgGA1YcRsZsWP_dycDI,OK,133515,471570101104000
2210.213,35.21475480000001,-90.00354540000001,ChIJF6XvX_9_1YcRD4jlF4jzevw,OK,145989,471570101104000
1110.554,35.16339899999999,-89.855841,ChIJA_xfkC6Df4gRAjVZwLz1jqA,OK,103846,471570211221003
1110.554,35.16339899999999,-89.855841,ChIJA_xfkC6Df4gRAjVZwLz1jqA,OK,103846,471570211221003
1185.71,35.1623785,-89.8566175,ChIJXQHWWS6Df4gRqhH5EQ9H1j0,OK,112811,471570211221003
752.842,35.16339899999999,-89.855841,ChIJA_xfkC6Df4gRAjVZwLz1jqA,OK,60923,471570211221014
752.842,35.16339899999999,-89.855841,ChIJA_xfkC6Df4gRAjVZwLz1jqA,OK,60923,471570211221014
827.998,35.1623785,-89.8566175,ChIJXQHWWS6Df4gRqhH5EQ9H1j0,OK,69888,471570211221014
479.218,35.16339899999999,-89.855841,ChIJA_xfkC6Df4gRAjVZwLz1jqA,OK,46394,471570211222000
479.218,35.16339899999999,-89.855841,ChIJA_xfkC6Df4gRAjVZwLz1jqA,OK,46394,471570211222000
554.374,35.1623785,-89.8566175,ChIJXQHWWS6Df4gRqhH5EQ9H1j0,OK,55359,471570211222000
768.111,35.16339899999999,-89.855841,ChIJA_xfkC6Df4gRAjVZwLz1jqA,OK,81060,471570211221013
768.111,35.16339899999999,-89.855841,ChIJA_xfkC6Df4gRAjVZwLz1jqA,OK,81060,471570211221013
843.266,35.1623785,-89.8566175,ChIJXQHWWS6Df4gRqhH5EQ9H1j0,OK,90025,471570211221013
674.251,35.16339899999999,-89.855841,ChIJA_xfkC6Df4gRAjVZwLz1jqA,OK,69797,471570211222001
674.251,35.16339899999999,-89.855841,ChIJA_xfkC6Df4gRAjVZwLz1jqA,OK,69797,471570211222001
606.016,35.1623785,-89.8566175,ChIJXQHWWS6Df4gRqhH5EQ9H1j0,OK,72720,471570211222001
1231.888,35.16339899999999,-89.855841,ChIJA_xfkC6Df4gRAjVZwLz1jqA,OK,89308,471570211222017
1231.888,35.16339899999999,-89.855841,ChIJA_xfkC6Df4gRAjVZwLz1jqA,OK,89308,471570211222017
808.769,35.1623785,-89.8566175,ChIJXQHWWS6Df4gRqhH5EQ9H1j0,OK,97050,471570211222017
1027.298,35.16339899999999,-89.855841,ChIJA_xfkC6Df4gRAjVZwLz1jqA,OK,93856,471570211221012
1027.298,35.16339899999999,-89.855841,ChIJA_xfkC6Df4gRAjVZwLz1jqA,OK,93856,471570211221012
1102.453,35.1623785,-89.8566175,ChIJXQHWWS6Df4gRqhH5EQ9H1j0,OK,102821,471570211221012
3364.223,35.16339899999999,-89.855841,ChIJA_xfkC6Df4gRAjVZwLz1jqA,OK,239314,471570211224004
3364.223,35.16339899999999,-89.855841,ChIJA_xfkC6Df4gRAjVZwLz1jqA,OK,239314,471570211224004
3439.379,35.1623785,-89.8566175,ChIJXQHWWS6Df4gRqhH5EQ9H1j0,OK,248279,471570211224004
1267.577,35.16339899999999,-89.855841,ChIJA_xfkC6Df4gRAjVZwLz1jqA,OK,114592,471570211223005
1267.577,35.16339899999999,-89.855841,ChIJA_xfkC6Df4gRAjVZwLz1jqA,OK,114592,471570211223005
1342.733,35.1623785,-89.8566175,ChIJXQHWWS6Df4gRqhH5EQ9H1j0,OK,123557,471570211223005
1742.184,35.16339899999999,-89.855841,ChIJA_xfkC6Df4gRAjVZwLz1jqA,OK,142433,471570211223008
1742.184,35.16339899999999,-89.855841,ChIJA_xfkC6Df4gRAjVZwLz1jqA,OK,142433,471570211223008
1817.34,35.1623785,-89.8566175,ChIJXQHWWS6Df4gRqhH5EQ9H1j0,OK,151398,471570211223008
1868.493,35.16339899999999,-89.855841,ChIJA_xfkC6Df4gRAjVZwLz1jqA,OK,125710,471570211224001
1868.493,35.16339899999999,-89.855841,ChIJA_xfkC6Df4gRAjVZwLz1jqA,OK,125710,471570211224001
1943.648,35.1623785,-89.8566175,ChIJXQHWWS6Df4gRqhH5EQ9H1j0,OK,134675,471570211224001
3170.78,35.16339899999999,-89.855841,ChIJA_xfkC6Df4gRAjVZwLz1jqA,OK,199797,471570211224012
3170.78,35.16339899999999,-89.855841,ChIJA_xfkC6Df4gRAjVZwLz1jqA,OK,199797,471570211224012
3245.935,35.1623785,-89.8566175,ChIJXQHWWS6Df4gRqhH5EQ9H1j0,OK,208762,471570211224012
2488.815,35.14868459999999,-89.7948203,ChIJ4w9Lr2qcf4gRHdzl9FciAFM,OK,154964,471570211251054
2488.815,35.14868459999999,-89.7948203,ChIJ4w9Lr2qcf4gRHdzl9FciAFM,OK,154964,471570211251054
3254.977,35.1546312,-89.79260459999999,ChIJ8UeuSEecf4gRniit7ubZLtM,OK,175663,471570211251054
2484.149,35.0614623,-89.8536277,ChIJ4TWJkTWFf4gRbkNZYfkF9Jw,OK,174582,471570213332017
2484.149,35.0614623,-89.8536277,ChIJ4TWJkTWFf4gRbkNZYfkF9Jw,OK,174582,471570213332017
2568.921,35.0512763,-89.8427476,ChIJ7VPJ3q-af4gRdxERIyaZ0gk,OK,180770,471570213332017
924.964,35.16339899999999,-89.855841,ChIJA_xfkC6Df4gRAjVZwLz1jqA,OK,99879,471570211222018
924.964,35.16339899999999,-89.855841,ChIJA_xfkC6Df4gRAjVZwLz1jqA,OK,99879,471570211222018
841.91,35.1623785,-89.8566175,ChIJXQHWWS6Df4gRqhH5EQ9H1j0,OK,101026,471570211222018
2662.002,35.1546312,-89.79260459999999,ChIJ8UeuSEecf4gRniit7ubZLtM,OK,144666,471570211213021
2662.002,35.1546312,-89.79260459999999,ChIJ8UeuSEecf4gRniit7ubZLtM,OK,144666,471570211213021
3041.889,35.14868459999999,-89.7948203,ChIJ4w9Lr2qcf4gRHdzl9FciAFM,OK,164166,471570211213021
3619.025,35.14868459999999,-89.7948203,ChIJ4w9Lr2qcf4gRHdzl9FciAFM,OK,238764,471579804001000
3619.025,35.14868459999999,-89.7948203,ChIJ4w9Lr2qcf4gRHdzl9FciAFM,OK,238764,471579804001000
3614.521,35.1546312,-89.79260459999999,ChIJ8UeuSEecf4gRniit7ubZLtM,OK,254222,471579804001000
1908.345,35.14981359999999,-89.94918609999999,ChIJVdGBGRaBf4gRsi89Rzqn8W4,OK,145160,471570029001012
1908.115,35.14859919999999,-89.91828060000002,ChIJRflgf-eDf4gRHX_XNYKER-s,OK,150523,471570029001012
1809.344,35.14859919999999,-89.91828060000002,ChIJRflgf-eDf4gRHX_XNYKER-s,OK,138671,471570029001015
1809.344,35.14859919999999,-89.91828060000002,ChIJRflgf-eDf4gRHX_XNYKER-s,OK,138671,471570029001015
2003.134,35.14981359999999,-89.94918609999999,ChIJVdGBGRaBf4gRsi89Rzqn8W4,OK,156534,471570029001015
844.333,35.02138900000001,-89.996898,ChIJz3MQkR6If4gRIBgmNH-BQcg,OK,99410,471570221221024
844.333,35.02138900000001,-89.996898,ChIJz3MQkR6If4gRIBgmNH-BQcg,OK,99410,471570221221024
2214.175,35.0068452,-90.00681259999999,ChIJz3G0Jpti1YcRMCYWHOflqrA,OK,166302,471570221221024
1595.134,35.14859919999999,-89.91828060000002,ChIJRflgf-eDf4gRHX_XNYKER-s,OK,103078,471570029001019
1595.134,35.14859919999999,-89.91828060000002,ChIJRflgf-eDf4gRHX_XNYKER-s,OK,103078,471570029001019
2621.7,35.14981359999999,-89.94918609999999,ChIJVdGBGRaBf4gRsi89Rzqn8W4,OK,143940,471570029001019
1820.334,35.14859919999999,-89.91828060000002,ChIJRflgf-eDf4gRHX_XNYKER-s,OK,117445,471570029003001
1820.334,35.14859919999999,-89.91828060000002,ChIJRflgf-eDf4gRHX_XNYKER-s,OK,117445,471570029003001
2846.901,35.14981359999999,-89.94918609999999,ChIJVdGBGRaBf4gRsi89Rzqn8W4,OK,158307,471570029003001
1829.845,35.14859919999999,-89.91828060000002,ChIJRflgf-eDf4gRHX_XNYKER-s,OK,141132,471570029001009
1829.845,35.14859919999999,-89.91828060000002,ChIJRflgf-eDf4gRHX_XNYKER-s,OK,141132,471570029001009
2023.635,35.14981359999999,-89.94918609999999,ChIJVdGBGRaBf4gRsi89Rzqn8W4,OK,158995,471570029001009
2410.134,35.14981359999999,-89.94918609999999,ChIJVdGBGRaBf4gRsi89Rzqn8W4,OK,168366,471570029003008
2410.134,35.14981359999999,-89.94918609999999,ChIJVdGBGRaBf4gRsi89Rzqn8W4,OK,168366,471570029003008
2961.336,35.1497164,-89.95515999999999,ChIJcQb6ehiBf4gR-uA54eRPNq8,OK,203666,471570029003008
2505.65,35.14981359999999,-89.94918609999999,ChIJVdGBGRaBf4gRsi89Rzqn8W4,OK,175303,471570029003012
2505.65,35.14981359999999,-89.94918609999999,ChIJVdGBGRaBf4gRsi89Rzqn8W4,OK,175303,471570029003012
2837.632,35.14859919999999,-89.91828060000002,ChIJRflgf-eDf4gRHX_XNYKER-s,OK,214095,471570029003012
2639.123,35.14859919999999,-89.91828060000002,ChIJRflgf-eDf4gRHX_XNYKER-s,OK,169130,471570086002028
2639.123,35.14859919999999,-89.91828060000002,ChIJRflgf-eDf4gRHX_XNYKER-s,OK,169130,471570086002028
3665.689,35.14981359999999,-89.94918609999999,ChIJVdGBGRaBf4gRsi89Rzqn8W4,OK,209992,471570086002028
2591.389,35.14981359999999,-89.94918609999999,ChIJVdGBGRaBf4gRsi89Rzqn8W4,OK,180965,471570029003013
2591.389,35.14981359999999,-89.94918609999999,ChIJVdGBGRaBf4gRsi89Rzqn8W4,OK,180965,471570029003013
2754.205,35.14859919999999,-89.91828060000002,ChIJRflgf-eDf4gRHX_XNYKER-s,OK,204084,471570029003013
2819.78,35.14981359999999,-89.94918609999999,ChIJVdGBGRaBf4gRsi89Rzqn8W4,OK,197538,471570029004007
2819.78,35.14981359999999,-89.94918609999999,ChIJVdGBGRaBf4gRsi89Rzqn8W4,OK,197538,471570029004007
3133.399,35.1161637,-89.9446263,ChIJ-ZiED8iGf4gR32IlfgDBKWY,OK,208138,471570029004007
3023.9,35.1161637,-89.9446263,ChIJ-ZiED8iGf4gR32IlfgDBKWY,OK,200532,471570029004009
3023.9,35.1161637,-89.9446263,ChIJ-ZiED8iGf4gR32IlfgDBKWY,OK,200532,471570029004009
2940.857,35.14981359999999,-89.94918609999999,ChIJVdGBGRaBf4gRsi89Rzqn8W4,OK,206532,471570029004009
2374.368,35.14981359999999,-89.94918609999999,ChIJVdGBGRaBf4gRsi89Rzqn8W4,OK,168802,471570029003003
2374.368,35.14981359999999,-89.94918609999999,ChIJVdGBGRaBf4gRsi89Rzqn8W4,OK,168802,471570029003003
2925.571,35.1497164,-89.95515999999999,ChIJcQb6ehiBf4gR-uA54eRPNq8,OK,204102,471570029003003
2320.02,35.1161637,-89.9446263,ChIJ-ZiED8iGf4gR32IlfgDBKWY,OK,165474,471570029005006
2320.02,35.1161637,-89.9446263,ChIJ-ZiED8iGf4gR32IlfgDBKWY,OK,165474,471570029005006
3616.531,35.108097,-89.941227,ChIJwxJT-r6Gf4gRhLDuFpyb128,OK,239440,471570029005006
844.288,34.993343,-90.00823899999999,ChIJk-nxFn1i1YcRBckohHLWoho,OK,66493,471570221302006
844.288,34.993343,-90.00823899999999,ChIJk-nxFn1i1YcRBckohHLWoho,OK,66493,471570221302006
1229.064,35.0068452,-90.00681259999999,ChIJz3G0Jpti1YcRMCYWHOflqrA,OK,89579,471570221302006
2717.357,35.1161637,-89.9446263,ChIJ-ZiED8iGf4gR32IlfgDBKWY,OK,169099,471570029004017
2717.357,35.1161637,-89.9446263,ChIJ-ZiED8iGf4gR32IlfgDBKWY,OK,169099,471570029004017
3262.084,35.14981359999999,-89.94918609999999,ChIJVdGBGRaBf4gRsi89Rzqn8W4,OK,195708,471570029004017
1739.893,35.1161637,-89.9446263,ChIJ-ZiED8iGf4gR32IlfgDBKWY,OK,110454,471570029005012
1739.893,35.1161637,-89.9446263,ChIJ-ZiED8iGf4gR32IlfgDBKWY,OK,110454,471570029005012
3036.404,35.108097,-89.941227,ChIJwxJT-r6Gf4gRhLDuFpyb128,OK,184420,471570029005012
2334.992,35.02099699999999,-89.93544,ChIJW6hY3LmIf4gRWjIeu9tMgvU,OK,193897,471570219003010
2334.992,35.02099699999999,-89.93544,ChIJW6hY3LmIf4gRWjIeu9tMgvU,OK,193897,471570219003010
1777.991,35.0220022,-89.82947999999999,ChIJxT9DeWuQf4gRf6HLF5uJHd0,OK,133982,471570217471007
1777.991,35.0220022,-89.82947999999999,ChIJxT9DeWuQf4gRf6HLF5uJHd0,OK,133982,471570217471007
1930.206,35.0344414,-89.8319559,ChIJfcC9SguQf4gR_xf02Tpo1-w,OK,141407,471570217471007
1356.659,35.0220022,-89.82947999999999,ChIJxT9DeWuQf4gRf6HLF5uJHd0,OK,92335,471570217461014
1356.659,35.0220022,-89.82947999999999,ChIJxT9DeWuQf4gRf6HLF5uJHd0,OK,92335,471570217461014
1508.874,35.0344414,-89.8319559,ChIJfcC9SguQf4gR_xf02Tpo1-w,OK,99760,471570217461014
688.228,35.0344414,-89.8319559,ChIJfcC9SguQf4gR_xf02Tpo1-w,OK,81718,471570217442004
688.228,35.0344414,-89.8319559,ChIJfcC9SguQf4gR_xf02Tpo1-w,OK,81718,471570217442004
2005.481,35.0220022,-89.82947999999999,ChIJxT9DeWuQf4gRf6HLF5uJHd0,OK,146768,471570217442004
1289.593,35.0344414,-89.8319559,ChIJfcC9SguQf4gR_xf02Tpo1-w,OK,88470,471570217461006
1289.593,35.0344414,-89.8319559,ChIJfcC9SguQf4gR_xf02Tpo1-w,OK,88470,471570217461006
1976.495,35.0220022,-89.82947999999999,ChIJxT9DeWuQf4gRf6HLF5uJHd0,OK,139154,471570217461006
3652.497,35.0493563,-89.83813929999999,ChIJjRQNzqSaf4gRxmNqB0YAYGM,OK,230875,471570213331016
3652.497,35.0493563,-89.83813929999999,ChIJjRQNzqSaf4gRxmNqB0YAYGM,OK,230875,471570213331016
3567.727,35.05113000000001,-89.815021,ChIJAdLMX4iaf4gRUenKpoiyrBc,OK,235186,471570213331016
2820.803,35.04577219999999,-89.82821469999999,ChIJL-jEaJmaf4gREtYdkYi2nAs,OK,177620,471570213341005
3006.306,35.05113000000001,-89.815021,ChIJAdLMX4iaf4gRUenKpoiyrBc,OK,192012,471570213341005
3006.306,35.05113000000001,-89.815021,ChIJAdLMX4iaf4gRUenKpoiyrBc,OK,192012,471570213341005
489.756,35.02379430000001,-89.96377079999999,ChIJDVntamKIf4gRlF5S6rdAlgc,OK,29385,471579801001102
489.756,35.02379430000001,-89.96377079999999,ChIJDVntamKIf4gRlF5S6rdAlgc,OK,29385,471579801001102
3697.232,35.051879,-89.95322299999999,ChIJtbdkhjqGf4gRndtG1KtFnTA,OK,217292,471579801001102
2460.696,35.04577219999999,-89.82821469999999,ChIJL-jEaJmaf4gREtYdkYi2nAs,OK,158425,471570213341031
2460.696,35.04577219999999,-89.82821469999999,ChIJL-jEaJmaf4gREtYdkYi2nAs,OK,158425,471570213341031
2730.969,35.0493563,-89.83813929999999,ChIJjRQNzqSaf4gRxmNqB0YAYGM,OK,168506,471570213341031
2258.759,35.0461089,-89.7947008,ChIJaZI6O3Oaf4gRqa_eh0DNj_s,OK,144787,471570213423087
2258.759,35.0461089,-89.7947008,ChIJaZI6O3Oaf4gRqa_eh0DNj_s,OK,144787,471570213423087
2376.765,35.045091,-89.795412,ChIJVelsQnOaf4gRECqTW7fq-dY,OK,151322,471570213423087
1980.984,35.05113000000001,-89.815021,ChIJAdLMX4iaf4gRUenKpoiyrBc,OK,174076,471570217441002
1980.984,35.05113000000001,-89.815021,ChIJAdLMX4iaf4gRUenKpoiyrBc,OK,174076,471570217441002
2154.906,35.048632,-89.814048,ChIJqY7T64eaf4gRoqZRK7sz4Co,OK,186496,471570217441002
3644.742,35.2051043,-89.79754849999999,ChIJpRDMlY2df4gRQqHmUo_lzmc,OK,232432,471570211212057
3644.742,35.2051043,-89.79754849999999,ChIJpRDMlY2df4gRQqHmUo_lzmc,OK,232432,471570211212057
4109.712,35.2072684,-89.7827147,ChIJKdJ2xvqdf4gRKLRUePlbOOs,OK,289854,471570211212057
1892.734,35.17410499999999,-89.97575479999999,ChIJmfYTGFmAf4gRHGKCaD0qCtI,OK,113558,471570111001010
1892.734,35.17410499999999,-89.97575479999999,ChIJmfYTGFmAf4gRHGKCaD0qCtI,OK,113558,471570111001010
3131.158,35.1738374,-89.98954379999999,ChIJ_S0BIGOAf4gRU3Ph4W65cOQ,OK,187854,471570111001010
2820.105,35.16339899999999,-89.855841,ChIJA_xfkC6Df4gRAjVZwLz1jqA,OK,317019,471579804001016
2820.105,35.16339899999999,-89.855841,ChIJA_xfkC6Df4gRAjVZwLz1jqA,OK,317019,471579804001016
2893.488,35.1623785,-89.8566175,ChIJXQHWWS6Df4gRqhH5EQ9H1j0,OK,325878,471579804001016
3429.002,35.2051043,-89.79754849999999,ChIJpRDMlY2df4gRQqHmUo_lzmc,OK,241490,471570211422017
3893.972,35.2072684,-89.7827147,ChIJKdJ2xvqdf4gRKLRUePlbOOs,OK,298912,471570211422017
3893.972,35.2072684,-89.7827147,ChIJKdJ2xvqdf4gRKLRUePlbOOs,OK,298912,471570211422017
2267.418,35.2044739,-89.76342459999999,ChIJ3XsJxyKef4gRTeWb3lonWsU,OK,173448,471570211421035
3957.833,35.2074362,-89.7805166,ChIJ62ATRfudf4gRPIrPAXGVsiQ,OK,304934,471570211421035
3957.833,35.2074362,-89.7805166,ChIJ62ATRfudf4gRPIrPAXGVsiQ,OK,304934,471570211421035
2553.565,35.1489345,-89.89838259999999,ChIJaTBvX72Df4gRiyFT0LQMnrQ,OK,144687,471570091001011
2634.111,35.148225,-89.89748700000001,ChIJC8t095eDf4gRGuXK3FleZyg,OK,149520,471570091001011
2049.112,35.1489345,-89.89838259999999,ChIJaTBvX72Df4gRiyFT0LQMnrQ,OK,130028,471570098001016
2049.112,35.1489345,-89.89838259999999,ChIJaTBvX72Df4gRiyFT0LQMnrQ,OK,130028,471570098001016
2129.658,35.148225,-89.89748700000001,ChIJC8t095eDf4gRGuXK3FleZyg,OK,134861,471570098001016
873.614,35.1489345,-89.89838259999999,ChIJaTBvX72Df4gRiyFT0LQMnrQ,OK,84696,471570098002012
873.614,35.1489345,-89.89838259999999,ChIJaTBvX72Df4gRiyFT0LQMnrQ,OK,84696,471570098002012
954.16,35.148225,-89.89748700000001,ChIJC8t095eDf4gRGuXK3FleZyg,OK,89529,471570098002012
1031.154,35.1503395,-89.89321,ChIJRaSiF6KDf4gRNIqqt1VnH58,OK,123074,471570098001024
1031.154,35.1503395,-89.89321,ChIJRaSiF6KDf4gRNIqqt1VnH58,OK,123074,471570098001024
1432.635,35.156962,-89.88851749999999,ChIJaVmJmQmDf4gR3ZGZP7kcoeo,OK,148737,471570098001024
6303.077,35.156962,-89.88851749999999,ChIJaVmJmQmDf4gR3ZGZP7kcoeo,OK,317947,471570098001002
6303.077,35.156962,-89.88851749999999,ChIJaVmJmQmDf4gR3ZGZP7kcoeo,OK,317947,471570098001002
6990.075,35.1503395,-89.89321,ChIJRaSiF6KDf4gRNIqqt1VnH58,OK,347062,471570098001002
2253.513,35.1489345,-89.89838259999999,ChIJaTBvX72Df4gRiyFT0LQMnrQ,OK,154553,471570098001012
2253.513,35.1489345,-89.89838259999999,ChIJaTBvX72Df4gRiyFT0LQMnrQ,OK,154553,471570098001012
2334.059,35.148225,-89.89748700000001,ChIJC8t095eDf4gRGuXK3FleZyg,OK,159386,471570098001012
2018.683,35.1489345,-89.89838259999999,ChIJaTBvX72Df4gRiyFT0LQMnrQ,OK,136568,471570098001018
2018.683,35.1489345,-89.89838259999999,ChIJaTBvX72Df4gRiyFT0LQMnrQ,OK,136568,471570098001018
2099.229,35.148225,-89.89748700000001,ChIJC8t095eDf4gRGuXK3FleZyg,OK,141401,471570098001018
4901.566,35.156962,-89.88851749999999,ChIJaVmJmQmDf4gR3ZGZP7kcoeo,OK,655552,471570098001032
4901.566,35.156962,-89.88851749999999,ChIJaVmJmQmDf4gR3ZGZP7kcoeo,OK,655552,471570098001032
5399.211,35.1503395,-89.89321,ChIJRaSiF6KDf4gRNIqqt1VnH58,OK,674183,471570098001032
2036.871,35.1489345,-89.89838259999999,ChIJaTBvX72Df4gRiyFT0LQMnrQ,OK,128558,471570098001017
2036.871,35.1489345,-89.89838259999999,ChIJaTBvX72Df4gRiyFT0LQMnrQ,OK,128558,471570098001017
2117.416,35.148225,-89.89748700000001,ChIJC8t095eDf4gRGuXK3FleZyg,OK,133391,471570098001017
2388.002,35.1489345,-89.89838259999999,ChIJaTBvX72Df4gRiyFT0LQMnrQ,OK,155936,471570098001015
2388.002,35.1489345,-89.89838259999999,ChIJaTBvX72Df4gRiyFT0LQMnrQ,OK,155936,471570098001015
2468.547,35.148225,-89.89748700000001,ChIJC8t095eDf4gRGuXK3FleZyg,OK,160769,471570098001015
3367.796,35.1439641,-90.0517892,ChIJL-0zBZR-1YcRj7p5p1WY4-g,OK,187679,471570020002009
512.001,35.13774119999999,-89.99713,ChIJtwtohKiAf4gRFxkNLUf9PgA,OK,43508,471570032001014
512.001,35.13774119999999,-89.99713,ChIJtwtohKiAf4gRFxkNLUf9PgA,OK,43508,471570032001014
527.506,35.13779299999999,-89.99118349999999,ChIJUQlZ-K-Af4gRkRKK62-ap5w,OK,48640,471570032001014
3116.867,35.1490317,-90.0140679,ChIJw3q9_xV-1YcRqrte6yBn1CI,OK,207717,471570019002006
3116.867,35.1490317,-90.0140679,ChIJw3q9_xV-1YcRqrte6yBn1CI,OK,207717,471570019002006
3839.104,35.1444038,-90.0168571,ChIJufYEjhR-1YcREff46W6Lons,OK,255070,471570019002006
415.007,35.13779299999999,-89.99118349999999,ChIJUQlZ-K-Af4gRkRKK62-ap5w,OK,43844,471570031004008
415.007,35.13779299999999,-89.99118349999999,ChIJUQlZ-K-Af4gRkRKK62-ap5w,OK,43844,471570031004008
730.282,35.13418100000001,-89.98599,ChIJnf1_yraAf4gR9pQmD7CXhgg,OK,78887,471570031004008
3210.441,35.1490317,-90.0140679,ChIJw3q9_xV-1YcRqrte6yBn1CI,OK,213798,471570019002005
3210.441,35.1490317,-90.0140679,ChIJw3q9_xV-1YcRqrte6yBn1CI,OK,213798,471570019002005
3932.679,35.1444038,-90.0168571,ChIJufYEjhR-1YcREff46W6Lons,OK,261151,471570019002005
774.687,35.13418100000001,-89.98599,ChIJnf1_yraAf4gR9pQmD7CXhgg,OK,52637,471570032001018
632.614,35.13774119999999,-89.99713,ChIJtwtohKiAf4gRFxkNLUf9PgA,OK,57981,471570032001018
632.614,35.13774119999999,-89.99713,ChIJtwtohKiAf4gRFxkNLUf9PgA,OK,57981,471570032001018
3338.834,35.1490317,-90.0140679,ChIJw3q9_xV-1YcRqrte6yBn1CI,OK,210313,471570019002004
3338.834,35.1490317,-90.0140679,ChIJw3q9_xV-1YcRqrte6yBn1CI,OK,210313,471570019002004
3654.32,35.1444038,-90.0168571,ChIJufYEjhR-1YcREff46W6Lons,OK,252854,471570019002004
1844.907,35.1942326,-89.8965709,ChIJD7pM72eCf4gRg19OPcAuyDw,OK,150083,471570205424003
620.817,35.1439641,-90.0517892,ChIJL-0zBZR-1YcRj7p5p1WY4-g,OK,38892,471570042002020
1844.907,35.1942326,-89.8965709,ChIJD7pM72eCf4gRg19OPcAuyDw,OK,150083,471570205424003
620.817,35.1439641,-90.0517892,ChIJL-0zBZR-1YcRj7p5p1WY4-g,OK,38892,471570042002020
2240.546,35.1913738,-89.8964247,ChIJwQffFF2Cf4gRzaR3rfvt3f4,OK,174245,471570205424003
651.507,35.1435177,-90.0539328,ChIJ8VFg1pV-1YcRR9G8p0pZx6U,OK,39171,471570042002020
1188.441,35.02099699999999,-89.93544,ChIJW6hY3LmIf4gRWjIeu9tMgvU,OK,65815,471570219001015
1188.441,35.02099699999999,-89.93544,ChIJW6hY3LmIf4gRWjIeu9tMgvU,OK,65815,471570219001015
1575.486,35.015991,-89.935953,ChIJSSHzkseIf4gRnqbOP98HojY,OK,87249,471570219001015
1371.806,35.1145886,-89.90089789999999,ChIJKWmlFW6Ef4gR0YNISWQMkss,OK,84650,471570095001003
1371.806,35.1145886,-89.90089789999999,ChIJKWmlFW6Ef4gR0YNISWQMkss,OK,84650,471570095001003
1341.84,35.1153996,-89.89414069999999,ChIJCb4NOWWEf4gR79YlPQoocW4,OK,90023,471570095001003
883.443,35.1060329,-90.039159,ChIJ231bcjV81YcRQ1quDeYAd6M,OK,70362,471570059003026
883.443,35.1060329,-90.039159,ChIJ231bcjV81YcRQ1quDeYAd6M,OK,70362,471570059003026
2019.07,35.098685,-90.05664899999999,ChIJ31qwBkJ81YcRk2V5pdmdhrM,OK,125899,471570059003026
109.725,35.17410499999999,-89.97575479999999,ChIJmfYTGFmAf4gRHGKCaD0qCtI,OK,6582,471570008003000
109.725,35.17410499999999,-89.97575479999999,ChIJmfYTGFmAf4gRHGKCaD0qCtI,OK,6582,471570008003000
1236.885,35.1738374,-89.98954379999999,ChIJ_S0BIGOAf4gRU3Ph4W65cOQ,OK,74203,471570008003000
1243.565,35.125222,-90.048147,ChIJ9cKdtid81YcRKs9h6RjzQzw,OK,106252,471570045001023
1243.565,35.125222,-90.048147,ChIJ9cKdtid81YcRKs9h6RjzQzw,OK,106252,471570045001023
1245.379,35.1251709,-90.0481695,ChIJybIJtCd81YcR9Otxws-5qCM,OK,106352,471570045001023
5301.788,35.0757114,-89.9271675,ChIJ-d7FIHmGf4gR6Aa1VQWm0ps,OK,290044,471570106101002
5301.788,35.0757114,-89.9271675,ChIJ-d7FIHmGf4gR6Aa1VQWm0ps,OK,290044,471570106101002
6210.262,35.0878609,-89.931612,ChIJ78kLm4aGf4gRhPZ5eF_7ojg,OK,313140,471570106101002
1200.44,35.0078094,-89.83044679999999,ChIJpwHMo0eQf4gRIqmNFjWLuW4,OK,75660,471570217512013
1200.44,35.0078094,-89.83044679999999,ChIJpwHMo0eQf4gRIqmNFjWLuW4,OK,75660,471570217512013
1208.398,35.0220022,-89.82947999999999,ChIJxT9DeWuQf4gRf6HLF5uJHd0,OK,77325,471570217512013
2950.823,35.1546312,-89.79260459999999,ChIJ8UeuSEecf4gRniit7ubZLtM,OK,223994,471570211374025
2950.823,35.1546312,-89.79260459999999,ChIJ8UeuSEecf4gRniit7ubZLtM,OK,223994,471570211374025
2733.884,35.14868459999999,-89.7948203,ChIJ4w9Lr2qcf4gRHdzl9FciAFM,OK,231045,471570211374025
185.545,35.13779299999999,-89.99118349999999,ChIJUQlZ-K-Af4gRkRKK62-ap5w,OK,21633,471570031004007
185.545,35.13779299999999,-89.99118349999999,ChIJUQlZ-K-Af4gRkRKK62-ap5w,OK,21633,471570031004007
916.557,35.13418100000001,-89.98599,ChIJnf1_yraAf4gR9pQmD7CXhgg,OK,62995,471570031004007
3236.491,35.1490317,-90.0140679,ChIJw3q9_xV-1YcRqrte6yBn1CI,OK,202953,471570019002008
3236.491,35.1490317,-90.0140679,ChIJw3q9_xV-1YcRqrte6yBn1CI,OK,202953,471570019002008
3551.978,35.1444038,-90.0168571,ChIJufYEjhR-1YcREff46W6Lons,OK,245494,471570019002008
1734.786,35.1942326,-89.8965709,ChIJD7pM72eCf4gRg19OPcAuyDw,OK,136871,471570205424001
1734.786,35.1942326,-89.8965709,ChIJD7pM72eCf4gRg19OPcAuyDw,OK,136871,471570205424001
484.135,35.1439641,-90.0517892,ChIJL-0zBZR-1YcRj7p5p1WY4-g,OK,46472,471570114002017
1919.299,35.192778,-89.895242,ChIJ2ehTh2eCf4gR95JHzr6OIMA,OK,147941,471570205424001
484.135,35.1439641,-90.0517892,ChIJL-0zBZR-1YcRj7p5p1WY4-g,OK,46472,471570114002017
1760.815,35.02099699999999,-89.93544,ChIJW6hY3LmIf4gRWjIeu9tMgvU,OK,124998,471570219003004
744.988,35.1435177,-90.0539328,ChIJ8VFg1pV-1YcRR9G8p0pZx6U,OK,55677,471570114002017
1994.622,35.02379430000001,-89.96377079999999,ChIJDVntamKIf4gRlF5S6rdAlgc,OK,139433,471570219003004
1994.622,35.02379430000001,-89.96377079999999,ChIJDVntamKIf4gRlF5S6rdAlgc,OK,139433,471570219003004
1132.252,35.1060329,-90.039159,ChIJ231bcjV81YcRQ1quDeYAd6M,OK,131608,471570059002002
1132.252,35.1060329,-90.039159,ChIJ231bcjV81YcRQ1quDeYAd6M,OK,131608,471570059002002
2036.717,35.125222,-90.048147,ChIJ9cKdtid81YcRKs9h6RjzQzw,OK,133067,471570059002002
1496.74,35.1145886,-89.90089789999999,ChIJKWmlFW6Ef4gR0YNISWQMkss,OK,101861,471570095001007
1496.74,35.1145886,-89.90089789999999,ChIJKWmlFW6Ef4gR0YNISWQMkss,OK,101861,471570095001007
1466.774,35.1153996,-89.89414069999999,ChIJCb4NOWWEf4gR79YlPQoocW4,OK,107234,471570095001007
1652.449,35.1145886,-89.90089789999999,ChIJKWmlFW6Ef4gR0YNISWQMkss,OK,108766,471570095001004
1652.449,35.1145886,-89.90089789999999,ChIJKWmlFW6Ef4gR0YNISWQMkss,OK,108766,471570095001004
1622.483,35.1153996,-89.89414069999999,ChIJCb4NOWWEf4gR79YlPQoocW4,OK,114139,471570095001004
1605.822,35.1145886,-89.90089789999999,ChIJKWmlFW6Ef4gR0YNISWQMkss,OK,108165,471570095001006
1605.822,35.1145886,-89.90089789999999,ChIJKWmlFW6Ef4gR0YNISWQMkss,OK,108165,471570095001006
1575.856,35.1153996,-89.89414069999999,ChIJCb4NOWWEf4gR79YlPQoocW4,OK,113538,471570095001006
3879.71,35.1546312,-89.79260459999999,ChIJ8UeuSEecf4gRniit7ubZLtM,OK,229473,471570211351033
3879.71,35.1546312,-89.79260459999999,ChIJ8UeuSEecf4gRniit7ubZLtM,OK,229473,471570211351033
4259.598,35.14868459999999,-89.7948203,ChIJ4w9Lr2qcf4gRHdzl9FciAFM,OK,248973,471570211351033
3894.84,35.1546312,-89.79260459999999,ChIJ8UeuSEecf4gRniit7ubZLtM,OK,235548,471570211351002
3894.84,35.1546312,-89.79260459999999,ChIJ8UeuSEecf4gRniit7ubZLtM,OK,235548,471570211351002
4274.728,35.14868459999999,-89.7948203,ChIJ4w9Lr2qcf4gRHdzl9FciAFM,OK,255048,471570211351002
3864.434,35.1546312,-89.79260459999999,ChIJ8UeuSEecf4gRniit7ubZLtM,OK,232145,471570211351034
3864.434,35.1546312,-89.79260459999999,ChIJ8UeuSEecf4gRniit7ubZLtM,OK,232145,471570211351034
4244.322,35.14868459999999,-89.7948203,ChIJ4w9Lr2qcf4gRHdzl9FciAFM,OK,251645,471570211351034
6267.417,35.1623785,-89.8566175,ChIJXQHWWS6Df4gRqhH5EQ9H1j0,OK,291669,471570092005003
6267.417,35.1623785,-89.8566175,ChIJXQHWWS6Df4gRqhH5EQ9H1j0,OK,291669,471570092005003
4924.326,35.1503395,-89.89321,ChIJRaSiF6KDf4gRNIqqt1VnH58,OK,299374,471570092005003
2455.838,35.1157645,-90.022279,ChIJwZqBNMN91YcRRpdDvj5Pcr8,OK,153150,471570046001014
2455.838,35.1157645,-90.022279,ChIJwZqBNMN91YcRRpdDvj5Pcr8,OK,153150,471570046001014
2748.441,35.1444038,-90.0168571,ChIJufYEjhR-1YcREff46W6Lons,OK,181795,471570046001014
4387.264,35.1503395,-89.89321,ChIJRaSiF6KDf4gRNIqqt1VnH58,OK,322142,471570092005004
4387.264,35.1503395,-89.89321,ChIJRaSiF6KDf4gRNIqqt1VnH58,OK,322142,471570092005004
4519.905,35.1153996,-89.89414069999999,ChIJCb4NOWWEf4gR79YlPQoocW4,OK,324172,471570092005004
4203.183,35.093591,-90.056624,ChIJgyVl92d81YcRhuRHHckl8Y4,OK,227257,471570053003056
4203.183,35.093591,-90.056624,ChIJgyVl92d81YcRhuRHHckl8Y4,OK,227257,471570053003056
4383.02,35.095133,-90.05542799999999,ChIJATnUo0J81YcRpbAuNwXeqRw,OK,237217,471570053003056
872.127,35.0841884,-89.97146650000001,ChIJX1vb4AeHf4gRloPQ2o5nDXA,OK,81851,471570081204005
872.127,35.0841884,-89.97146650000001,ChIJX1vb4AeHf4gRloPQ2o5nDXA,OK,81851,471570081204005
2140.687,35.0904795,-89.96597299999999,ChIJHfaNmAOHf4gR1d8V2K9rfSU,OK,155408,471570081204005
1432.128,35.093591,-90.056624,ChIJgyVl92d81YcRhuRHHckl8Y4,OK,79312,471570055003043
1432.128,35.093591,-90.056624,ChIJgyVl92d81YcRhuRHHckl8Y4,OK,79312,471570055003043
1611.965,35.095133,-90.05542799999999,ChIJATnUo0J81YcRpbAuNwXeqRw,OK,89272,471570055003043
1127.253,35.0220022,-89.82947999999999,ChIJxT9DeWuQf4gRf6HLF5uJHd0,OK,70182,471570217542003
1127.253,35.0220022,-89.82947999999999,ChIJxT9DeWuQf4gRf6HLF5uJHd0,OK,70182,471570217542003
1669.343,35.0078094,-89.83044679999999,ChIJpwHMo0eQf4gRIqmNFjWLuW4,OK,99160,471570217542003
1051.923,35.0220022,-89.82947999999999,ChIJxT9DeWuQf4gRf6HLF5uJHd0,OK,63763,471570217512011
1051.923,35.0220022,-89.82947999999999,ChIJxT9DeWuQf4gRf6HLF5uJHd0,OK,63763,471570217512011
1348.777,35.0078094,-89.83044679999999,ChIJpwHMo0eQf4gRIqmNFjWLuW4,OK,79159,471570217512011
1022.221,35.0493493,-89.855357,ChIJH2Nw4lGFf4gRq0vxk4n5iAE,OK,89645,471570217263002
1022.221,35.0493493,-89.855357,ChIJH2Nw4lGFf4gRq0vxk4n5iAE,OK,89645,471570217263002
1283.75,35.0501932,-89.8529489,ChIJJ3DCd1KFf4gRBb2DFEnzV7w,OK,99656,471570217263002
1361.578,35.0493493,-89.855357,ChIJH2Nw4lGFf4gRq0vxk4n5iAE,OK,133581,471570217263000
1623.107,35.0501932,-89.8529489,ChIJJ3DCd1KFf4gRBb2DFEnzV7w,OK,143592,471570217263000
1623.107,35.0501932,-89.8529489,ChIJJ3DCd1KFf4gRBb2DFEnzV7w,OK,143592,471570217263000
396.357,35.13779299999999,-89.99118349999999,ChIJUQlZ-K-Af4gRkRKK62-ap5w,OK,37338,471570032001015
396.357,35.13779299999999,-89.99118349999999,ChIJUQlZ-K-Af4gRkRKK62-ap5w,OK,37338,471570032001015
757.211,35.13418100000001,-89.98599,ChIJnf1_yraAf4gR9pQmD7CXhgg,OK,53466,471570032001015
508.097,35.13779299999999,-89.99118349999999,ChIJUQlZ-K-Af4gRkRKK62-ap5w,OK,45939,471570031004015
508.097,35.13779299999999,-89.99118349999999,ChIJUQlZ-K-Af4gRkRKK62-ap5w,OK,45939,471570031004015
383.399,35.13418100000001,-89.98599,ChIJnf1_yraAf4gR9pQmD7CXhgg,OK,46007,471570031004015
3115.107,35.1490317,-90.0140679,ChIJw3q9_xV-1YcRqrte6yBn1CI,OK,194226,471570019002009
3115.107,35.1490317,-90.0140679,ChIJw3q9_xV-1YcRqrte6yBn1CI,OK,194226,471570019002009
3430.594,35.1444038,-90.0168571,ChIJufYEjhR-1YcREff46W6Lons,OK,236767,471570019002009
2597.925,35.1490317,-90.0140679,ChIJw3q9_xV-1YcRqrte6yBn1CI,OK,180496,471570019002010
2597.925,35.1490317,-90.0140679,ChIJw3q9_xV-1YcRqrte6yBn1CI,OK,180496,471570019002010
3320.163,35.1444038,-90.0168571,ChIJufYEjhR-1YcREff46W6Lons,OK,227849,471570019002010
389.031,35.1439641,-90.0517892,ChIJL-0zBZR-1YcRj7p5p1WY4-g,OK,23706,471570114002018
389.031,35.1439641,-90.0517892,ChIJL-0zBZR-1YcRj7p5p1WY4-g,OK,23706,471570114002018
419.721,35.1435177,-90.0539328,ChIJ8VFg1pV-1YcRR9G8p0pZx6U,OK,23985,471570114002018
497.415,35.1439641,-90.0517892,ChIJL-0zBZR-1YcRj7p5p1WY4-g,OK,47858,471570114002004
497.415,35.1439641,-90.0517892,ChIJL-0zBZR-1YcRj7p5p1WY4-g,OK,47858,471570114002004
758.269,35.1435177,-90.0539328,ChIJ8VFg1pV-1YcRR9G8p0pZx6U,OK,57063,471570114002004
1438.257,35.1942326,-89.8965709,ChIJD7pM72eCf4gRg19OPcAuyDw,OK,117747,471570205423004
1438.257,35.1942326,-89.8965709,ChIJD7pM72eCf4gRg19OPcAuyDw,OK,117747,471570205423004
1622.77,35.192778,-89.895242,ChIJ2ehTh2eCf4gR95JHzr6OIMA,OK,128817,471570205423004
1227.704,35.1804299,-89.9263818,ChIJIfvtv4eBf4gRJLjVGBpAzmc,OK,100991,471570088002003
1227.704,35.1804299,-89.9263818,ChIJIfvtv4eBf4gRJLjVGBpAzmc,OK,100991,471570088002003
2183.818,35.183951,-89.93106899999999,ChIJWQ0EIo-Bf4gR6cuqlCcQuNw,OK,180080,471570088002003
2732.513,35.02379430000001,-89.96377079999999,ChIJDVntamKIf4gRlF5S6rdAlgc,OK,210027,471570219002011
3315.178,35.02099699999999,-89.93544,ChIJW6hY3LmIf4gRWjIeu9tMgvU,OK,240810,471570219002011
3315.178,35.02099699999999,-89.93544,ChIJW6hY3LmIf4gRWjIeu9tMgvU,OK,240810,471570219002011
1407.203,35.0374859,-89.93716700000002,ChIJESgedaeIf4gRXlLu5ht4wNo,OK,92972,471570110201022
1407.203,35.0374859,-89.93716700000002,ChIJESgedaeIf4gRXlLu5ht4wNo,OK,92972,471570110201022
1780.798,35.02099699999999,-89.93544,ChIJW6hY3LmIf4gRWjIeu9tMgvU,OK,112534,471570110201022
1834.627,35.125222,-90.048147,ChIJ9cKdtid81YcRKs9h6RjzQzw,OK,107219,471570116001042
1836.441,35.1251709,-90.0481695,ChIJybIJtCd81YcR9Otxws-5qCM,OK,107319,471570116001042
1836.441,35.1251709,-90.0481695,ChIJybIJtCd81YcR9Otxws-5qCM,OK,107319,471570116001042
511.754,35.1060329,-90.039159,ChIJ231bcjV81YcRQ1quDeYAd6M,OK,38711,471570059003021
511.754,35.1060329,-90.039159,ChIJ231bcjV81YcRQ1quDeYAd6M,OK,38711,471570059003021
2079.035,35.098685,-90.05664899999999,ChIJ31qwBkJ81YcRk2V5pdmdhrM,OK,120144,471570059003021
2535.822,35.222344,-89.97682999999999,ChIJ987Br45_f4gRjwrvnFN8t7k,OK,226113,471570102206024
2936.689,35.2227028,-89.97692290000001,ChIJ987Br45_f4gRMoYIhCny13Q,OK,262245,471570102206024
3861.275,35.217526,-89.98935,ChIJKdhOoPd_f4gRbD5w-Ol3ovU,OK,308130,471570102206024
4094.908,35.14868459999999,-89.7948203,ChIJ4w9Lr2qcf4gRHdzl9FciAFM,OK,276729,471570211401025
577.487,35.2023757,-89.9218691,ChIJvw7rwByCf4gRrAscHKjp1Iw,OK,54437,471570205122010
4094.908,35.14868459999999,-89.7948203,ChIJ4w9Lr2qcf4gRHdzl9FciAFM,OK,276729,471570211401025
577.487,35.2023757,-89.9218691,ChIJvw7rwByCf4gRrAscHKjp1Iw,OK,54437,471570205122010
4861.07,35.1546312,-89.79260459999999,ChIJ8UeuSEecf4gRniit7ubZLtM,OK,297428,471570211401025
1247.529,35.210167,-89.919383,ChIJi0gqlgaCf4gRjUvfmHxGMyw,OK,95462,471570205122010
1094.908,35.0220022,-89.82947999999999,ChIJxT9DeWuQf4gRf6HLF5uJHd0,OK,68920,471570217512012
1094.908,35.0220022,-89.82947999999999,ChIJxT9DeWuQf4gRf6HLF5uJHd0,OK,68920,471570217512012
1308.979,35.0078094,-89.83044679999999,ChIJpwHMo0eQf4gRIqmNFjWLuW4,OK,79597,471570217512012
4760.605,35.1439641,-90.0517892,ChIJL-0zBZR-1YcRj7p5p1WY4-g,OK,345403,471570001002029
4760.605,35.1439641,-90.0517892,ChIJL-0zBZR-1YcRj7p5p1WY4-g,OK,345403,471570001002029
4969.521,35.1450994,-90.0538646,ChIJne6_s5V-1YcRn_LPaqiwhrk,OK,350857,471570001002029
1392.911,35.1489345,-89.89838259999999,ChIJaTBvX72Df4gRiyFT0LQMnrQ,OK,147008,471570098001019
1392.911,35.1489345,-89.89838259999999,ChIJaTBvX72Df4gRiyFT0LQMnrQ,OK,147008,471570098001019
1473.457,35.148225,-89.89748700000001,ChIJC8t095eDf4gRGuXK3FleZyg,OK,151841,471570098001019
5174.081,35.14868459999999,-89.7948203,ChIJ4w9Lr2qcf4gRHdzl9FciAFM,OK,328726,471570211401041
5174.081,35.14868459999999,-89.7948203,ChIJ4w9Lr2qcf4gRHdzl9FciAFM,OK,328726,471570211401041
5940.243,35.1546312,-89.79260459999999,ChIJ8UeuSEecf4gRniit7ubZLtM,OK,349425,471570211401041
501.895,35.13779299999999,-89.99118349999999,ChIJUQlZ-K-Af4gRkRKK62-ap5w,OK,43692,471570032001016
501.895,35.13779299999999,-89.99118349999999,ChIJUQlZ-K-Af4gRkRKK62-ap5w,OK,43692,471570032001016
652.423,35.13418100000001,-89.98599,ChIJnf1_yraAf4gR9pQmD7CXhgg,OK,47202,471570032001016
2799.611,35.1490317,-90.0140679,ChIJw3q9_xV-1YcRqrte6yBn1CI,OK,172166,471570019002013
2799.611,35.1490317,-90.0140679,ChIJw3q9_xV-1YcRqrte6yBn1CI,OK,172166,471570019002013
3115.098,35.1444038,-90.0168571,ChIJufYEjhR-1YcREff46W6Lons,OK,214707,471570019002013
3379.979,35.218332,-90.00299799999999,ChIJfRCGEgGA1YcRsZsWP_dycDI,OK,195867,471570099022017
3379.979,35.218332,-90.00299799999999,ChIJfRCGEgGA1YcRsZsWP_dycDI,OK,195867,471570099022017
3587.884,35.21475480000001,-90.00354540000001,ChIJF6XvX_9_1YcRD4jlF4jzevw,OK,208341,471570099022017
1351.998,35.1439641,-90.0517892,ChIJL-0zBZR-1YcRj7p5p1WY4-g,OK,76022,471570114002009
1351.998,35.1439641,-90.0517892,ChIJL-0zBZR-1YcRj7p5p1WY4-g,OK,76022,471570114002009
1382.688,35.1435177,-90.0539328,ChIJ8VFg1pV-1YcRR9G8p0pZx6U,OK,76301,471570114002009
686.53,35.0841884,-89.97146650000001,ChIJX1vb4AeHf4gRloPQ2o5nDXA,OK,59580,471570081204003
686.53,35.0841884,-89.97146650000001,ChIJX1vb4AeHf4gRloPQ2o5nDXA,OK,59580,471570081204003
1955.09,35.0904795,-89.96597299999999,ChIJHfaNmAOHf4gR1d8V2K9rfSU,OK,133137,471570081204003
5282.473,35.1153996,-89.89414069999999,ChIJCb4NOWWEf4gR79YlPQoocW4,OK,390652,471570213112013
7683.877,35.16339899999999,-89.855841,ChIJA_xfkC6Df4gRAjVZwLz1jqA,OK,489773,471570213112013
7683.877,35.16339899999999,-89.855841,ChIJA_xfkC6Df4gRAjVZwLz1jqA,OK,489773,471570213112013
2265.201,35.1075089,-89.9318387,ChIJVboYU6KGf4gRHfEHUi8Izac,OK,135901,471570073001000
2265.201,35.1075089,-89.9318387,ChIJVboYU6KGf4gRHfEHUi8Izac,OK,135901,471570073001000
2407.108,35.1079763,-89.9333841,ChIJqZoM4qKGf4gREaZMyPG1GBQ,OK,144416,471570073001000
1678.316,35.062945,-89.90568519999999,ChIJjxj9mL-Ff4gRoOEx9OzDyxs,OK,112436,471570107102009
1214.071,35.1804299,-89.9263818,ChIJIfvtv4eBf4gRJLjVGBpAzmc,OK,99355,471570088002002
1678.316,35.062945,-89.90568519999999,ChIJjxj9mL-Ff4gRoOEx9OzDyxs,OK,112436,471570107102009
1214.071,35.1804299,-89.9263818,ChIJIfvtv4eBf4gRJLjVGBpAzmc,OK,99355,471570088002002
1664.678,35.063996,-89.90690699999999,ChIJn51vcb-Ff4gRvoXU4r8swrw,OK,126586,471570107102009
2170.186,35.183951,-89.93106899999999,ChIJWQ0EIo-Bf4gR6cuqlCcQuNw,OK,178444,471570088002002
985.451,35.1060329,-90.039159,ChIJ231bcjV81YcRQ1quDeYAd6M,OK,75566,471570059003017
985.451,35.1060329,-90.039159,ChIJ231bcjV81YcRQ1quDeYAd6M,OK,75566,471570059003017
1967.71,35.125222,-90.048147,ChIJ9cKdtid81YcRKs9h6RjzQzw,OK,164801,471570059003017
1711.858,35.1145886,-89.90089789999999,ChIJKWmlFW6Ef4gR0YNISWQMkss,OK,114444,471570095001011
1711.858,35.1145886,-89.90089789999999,ChIJKWmlFW6Ef4gR0YNISWQMkss,OK,114444,471570095001011
1681.892,35.1153996,-89.89414069999999,ChIJCb4NOWWEf4gR79YlPQoocW4,OK,119817,471570095001011
2660.487,35.16339899999999,-89.855841,ChIJA_xfkC6Df4gRAjVZwLz1jqA,OK,187958,471570211113028
2660.487,35.16339899999999,-89.855841,ChIJA_xfkC6Df4gRAjVZwLz1jqA,OK,187958,471570211113028
2733.87,35.1623785,-89.8566175,ChIJXQHWWS6Df4gRqhH5EQ9H1j0,OK,196817,471570211113028
2068.397,35.1161637,-89.9446263,ChIJ-ZiED8iGf4gR32IlfgDBKWY,OK,135094,471570030003018
2068.397,35.1161637,-89.9446263,ChIJ-ZiED8iGf4gR32IlfgDBKWY,OK,135094,471570030003018
2445.814,35.14981359999999,-89.94918609999999,ChIJVdGBGRaBf4gRsi89Rzqn8W4,OK,168427,471570030003018
2777.79,35.222344,-89.97682999999999,ChIJ987Br45_f4gRjwrvnFN8t7k,OK,255147,471570102206015
1934.379,35.16339899999999,-89.855841,ChIJA_xfkC6Df4gRAjVZwLz1jqA,OK,154875,471570212002001
1934.379,35.16339899999999,-89.855841,ChIJA_xfkC6Df4gRAjVZwLz1jqA,OK,154875,471570212002001
2009.535,35.1623785,-89.8566175,ChIJXQHWWS6Df4gRqhH5EQ9H1j0,OK,163840,471570212002001
504.508,35.1546312,-89.79260459999999,ChIJ8UeuSEecf4gRniit7ubZLtM,OK,34941,471570211353036
504.508,35.1546312,-89.79260459999999,ChIJ8UeuSEecf4gRniit7ubZLtM,OK,34941,471570211353036
1451.97,35.14868459999999,-89.7948203,ChIJ4w9Lr2qcf4gRHdzl9FciAFM,OK,88493,471570211353036
1283.669,35.1546312,-89.79260459999999,ChIJ8UeuSEecf4gRniit7ubZLtM,OK,106085,471570211373015
1283.669,35.1546312,-89.79260459999999,ChIJ8UeuSEecf4gRniit7ubZLtM,OK,106085,471570211373015
1437.391,35.14868459999999,-89.7948203,ChIJ4w9Lr2qcf4gRHdzl9FciAFM,OK,154762,471570211373015
4259.931,35.14868459999999,-89.7948203,ChIJ4w9Lr2qcf4gRHdzl9FciAFM,OK,308941,471570211371011
4259.931,35.14868459999999,-89.7948203,ChIJ4w9Lr2qcf4gRHdzl9FciAFM,OK,308941,471570211371011
5026.093,35.1546312,-89.79260459999999,ChIJ8UeuSEecf4gRniit7ubZLtM,OK,329640,471570211371011
1115.454,35.14868459999999,-89.7948203,ChIJ4w9Lr2qcf4gRHdzl9FciAFM,OK,116130,471570211373001
1115.454,35.14868459999999,-89.7948203,ChIJ4w9Lr2qcf4gRHdzl9FciAFM,OK,116130,471570211373001
1589.848,35.1546312,-89.79260459999999,ChIJ8UeuSEecf4gRniit7ubZLtM,OK,142825,471570211373001
4176.286,35.14868459999999,-89.7948203,ChIJ4w9Lr2qcf4gRHdzl9FciAFM,OK,268417,471570211401026
4176.286,35.14868459999999,-89.7948203,ChIJ4w9Lr2qcf4gRHdzl9FciAFM,OK,268417,471570211401026
4942.448,35.1546312,-89.79260459999999,ChIJ8UeuSEecf4gRniit7ubZLtM,OK,289116,471570211401026
1269.037,35.1546312,-89.79260459999999,ChIJ8UeuSEecf4gRniit7ubZLtM,OK,104329,471570211373000
1269.037,35.1546312,-89.79260459999999,ChIJ8UeuSEecf4gRniit7ubZLtM,OK,104329,471570211373000
1103.694,35.14868459999999,-89.7948203,ChIJ4w9Lr2qcf4gRHdzl9FciAFM,OK,114720,471570211373000
4480.048,35.14868459999999,-89.7948203,ChIJ4w9Lr2qcf4gRHdzl9FciAFM,OK,304734,471570211401016
4480.048,35.14868459999999,-89.7948203,ChIJ4w9Lr2qcf4gRHdzl9FciAFM,OK,304734,471570211401016
5246.21,35.1546312,-89.79260459999999,ChIJ8UeuSEecf4gRniit7ubZLtM,OK,325433,471570211401016
5043.121,35.14868459999999,-89.7948203,ChIJ4w9Lr2qcf4gRHdzl9FciAFM,OK,372432,471570211401036
5043.121,35.14868459999999,-89.7948203,ChIJ4w9Lr2qcf4gRHdzl9FciAFM,OK,372432,471570211401036
5809.283,35.1546312,-89.79260459999999,ChIJ8UeuSEecf4gRniit7ubZLtM,OK,393131,471570211401036
5361.983,35.1546312,-89.79260459999999,ChIJ8UeuSEecf4gRniit7ubZLtM,OK,389464,471570211381002
5361.983,35.1546312,-89.79260459999999,ChIJ8UeuSEecf4gRniit7ubZLtM,OK,389464,471570211381002
6309.445,35.14868459999999,-89.7948203,ChIJ4w9Lr2qcf4gRHdzl9FciAFM,OK,443016,471570211381002
4953.24,35.14868459999999,-89.7948203,ChIJ4w9Lr2qcf4gRHdzl9FciAFM,OK,361648,471570211401037
4953.24,35.14868459999999,-89.7948203,ChIJ4w9Lr2qcf4gRHdzl9FciAFM,OK,361648,471570211401037
5719.402,35.1546312,-89.79260459999999,ChIJ8UeuSEecf4gRniit7ubZLtM,OK,382347,471570211401037
5219.777,35.14868459999999,-89.7948203,ChIJ4w9Lr2qcf4gRHdzl9FciAFM,OK,340007,471570211392006
5219.777,35.14868459999999,-89.7948203,ChIJ4w9Lr2qcf4gRHdzl9FciAFM,OK,340007,471570211392006
5985.94,35.1546312,-89.79260459999999,ChIJ8UeuSEecf4gRniit7ubZLtM,OK,360706,471570211392006
2777.79,35.222344,-89.97682999999999,ChIJ987Br45_f4gRjwrvnFN8t7k,OK,255147,471570102206015
3178.656,35.2227028,-89.97692290000001,ChIJ987Br45_f4gRMoYIhCny13Q,OK,291279,471570102206015
2699.349,35.222344,-89.97682999999999,ChIJ987Br45_f4gRjwrvnFN8t7k,OK,245735,471570102206006
2699.349,35.222344,-89.97682999999999,ChIJ987Br45_f4gRjwrvnFN8t7k,OK,245735,471570102206006
3100.215,35.2227028,-89.97692290000001,ChIJ987Br45_f4gRMoYIhCny13Q,OK,281867,471570102206006
3407.88,35.222344,-89.97682999999999,ChIJ987Br45_f4gRjwrvnFN8t7k,OK,216785,471570102206028
3407.88,35.222344,-89.97682999999999,ChIJ987Br45_f4gRjwrvnFN8t7k,OK,216785,471570102206028
3808.746,35.2227028,-89.97692290000001,ChIJ987Br45_f4gRMoYIhCny13Q,OK,252917,471570102206028
2788.555,35.222344,-89.97682999999999,ChIJ987Br45_f4gRjwrvnFN8t7k,OK,256439,471570102206005
2788.555,35.222344,-89.97682999999999,ChIJ987Br45_f4gRjwrvnFN8t7k,OK,256439,471570102206005
3189.421,35.2227028,-89.97692290000001,ChIJ987Br45_f4gRMoYIhCny13Q,OK,292571,471570102206005
2797.342,35.222344,-89.97682999999999,ChIJ987Br45_f4gRjwrvnFN8t7k,OK,257494,471570102206003
2797.342,35.222344,-89.97682999999999,ChIJ987Br45_f4gRjwrvnFN8t7k,OK,257494,471570102206003
3198.208,35.2227028,-89.97692290000001,ChIJ987Br45_f4gRMoYIhCny13Q,OK,293626,471570102206003
4746.897,35.222344,-89.97682999999999,ChIJ987Br45_f4gRjwrvnFN8t7k,OK,317775,471570205112005
4746.897,35.222344,-89.97682999999999,ChIJ987Br45_f4gRjwrvnFN8t7k,OK,317775,471570205112005
5147.764,35.2227028,-89.97692290000001,ChIJ987Br45_f4gRMoYIhCny13Q,OK,353907,471570205112005
3854.885,35.222344,-89.97682999999999,ChIJ987Br45_f4gRjwrvnFN8t7k,OK,270425,471570102206001
3854.885,35.222344,-89.97682999999999,ChIJ987Br45_f4gRjwrvnFN8t7k,OK,270425,471570102206001
4255.752,35.2227028,-89.97692290000001,ChIJ987Br45_f4gRMoYIhCny13Q,OK,306557,471570102206001
3878.09,35.222344,-89.97682999999999,ChIJ987Br45_f4gRjwrvnFN8t7k,OK,232674,471570205112022
3878.09,35.222344,-89.97682999999999,ChIJ987Br45_f4gRjwrvnFN8t7k,OK,232674,471570205112022
4098.163,35.17410499999999,-89.97575479999999,ChIJmfYTGFmAf4gRHGKCaD0qCtI,OK,245876,471570205112022
4491.253,35.183951,-89.93106899999999,ChIJWQ0EIo-Bf4gR6cuqlCcQuNw,OK,229151,471570205112025
4491.253,35.183951,-89.93106899999999,ChIJWQ0EIo-Bf4gR6cuqlCcQuNw,OK,229151,471570205112025
4491.492,35.1839382,-89.93104869999999,ChIJrQx5Io-Bf4gRSwDAaGIf4WE,OK,229194,471570205112025
4160.503,35.17410499999999,-89.97575479999999,ChIJmfYTGFmAf4gRHGKCaD0qCtI,OK,249619,471570205112018
4160.503,35.17410499999999,-89.97575479999999,ChIJmfYTGFmAf4gRHGKCaD0qCtI,OK,249619,471570205112018
4569.67,35.222344,-89.97682999999999,ChIJ987Br45_f4gRjwrvnFN8t7k,OK,275988,471570205112018
3992.712,35.222344,-89.97682999999999,ChIJ987Br45_f4gRjwrvnFN8t7k,OK,261819,471570205112001
3992.712,35.222344,-89.97682999999999,ChIJ987Br45_f4gRjwrvnFN8t7k,OK,261819,471570205112001
4393.578,35.2227028,-89.97692290000001,ChIJ987Br45_f4gRMoYIhCny13Q,OK,297951,471570205112001
4733.8,35.222344,-89.97682999999999,ChIJ987Br45_f4gRjwrvnFN8t7k,OK,297362,471570205112011
4733.8,35.222344,-89.97682999999999,ChIJ987Br45_f4gRjwrvnFN8t7k,OK,297362,471570205112011
5134.667,35.2227028,-89.97692290000001,ChIJ987Br45_f4gRMoYIhCny13Q,OK,333494,471570205112011
4552.618,35.222344,-89.97682999999999,ChIJ987Br45_f4gRjwrvnFN8t7k,OK,294462,471570205112012
4552.618,35.222344,-89.97682999999999,ChIJ987Br45_f4gRjwrvnFN8t7k,OK,294462,471570205112012
4953.484,35.2227028,-89.97692290000001,ChIJ987Br45_f4gRMoYIhCny13Q,OK,330594,471570205112012
7172.406,35.098685,-90.05664899999999,ChIJ31qwBkJ81YcRk2V5pdmdhrM,OK,593673,471579802001038
7172.406,35.098685,-90.05664899999999,ChIJ31qwBkJ81YcRk2V5pdmdhrM,OK,593673,471579802001038
7561.398,35.095133,-90.05542799999999,ChIJATnUo0J81YcRpbAuNwXeqRw,OK,615217,471579802001038
3480.447,35.1145886,-89.90089789999999,ChIJKWmlFW6Ef4gR0YNISWQMkss,OK,275875,471570096001023
3480.447,35.1145886,-89.90089789999999,ChIJKWmlFW6Ef4gR0YNISWQMkss,OK,275875,471570096001023
3450.481,35.1153996,-89.89414069999999,ChIJCb4NOWWEf4gR79YlPQoocW4,OK,281248,471570096001023
1973.483,35.2064292,-89.73436359999999,ChIJP6qgZdGff4gRQoIww3TX5kM,OK,154383,471570208313009
1973.483,35.2064292,-89.73436359999999,ChIJP6qgZdGff4gRQoIww3TX5kM,OK,154383,471570208313009
3037.743,35.2044739,-89.76342459999999,ChIJ3XsJxyKef4gRTeWb3lonWsU,OK,209971,471570208313009
1580.977,35.0501932,-89.8529489,ChIJJ3DCd1KFf4gRBb2DFEnzV7w,OK,135319,471570217261002
1580.977,35.0501932,-89.8529489,ChIJJ3DCd1KFf4gRBb2DFEnzV7w,OK,135319,471570217261002
2477.809,35.0490562,-89.84441600000001,ChIJCUulJK6af4gR7vOP_qSrYdM,OK,183112,471570217261002
2210.2,35.1145886,-89.90089789999999,ChIJKWmlFW6Ef4gR0YNISWQMkss,OK,134953,471570096004038
2210.2,35.1145886,-89.90089789999999,ChIJKWmlFW6Ef4gR0YNISWQMkss,OK,134953,471570096004038
2180.234,35.1153996,-89.89414069999999,ChIJCb4NOWWEf4gR79YlPQoocW4,OK,140326,471570096004038
2139.757,35.1087458,-90.0211918,ChIJe6w2EsF91YcRquzVZc8M0-I,OK,152218,471570078102072
2139.757,35.1087458,-90.0211918,ChIJe6w2EsF91YcRquzVZc8M0-I,OK,152218,471570078102072
2140.398,35.10874099999999,-90.021185,ChIJrVbiDcF91YcRG9TBOTpHc3I,OK,152295,471570078102072
3045.873,35.2023757,-89.9218691,ChIJvw7rwByCf4gRrAscHKjp1Iw,OK,270944,471570205123000
2798.16,35.210167,-89.919383,ChIJi0gqlgaCf4gRjUvfmHxGMyw,OK,271388,471570205123000
2798.16,35.210167,-89.919383,ChIJi0gqlgaCf4gRjUvfmHxGMyw,OK,271388,471570205123000
2390.126,35.2023757,-89.9218691,ChIJvw7rwByCf4gRrAscHKjp1Iw,OK,162301,471570205121005
4505.606,35.183951,-89.93106899999999,ChIJWQ0EIo-Bf4gR6cuqlCcQuNw,OK,278786,471570205121005
4505.606,35.183951,-89.93106899999999,ChIJWQ0EIo-Bf4gR6cuqlCcQuNw,OK,278786,471570205121005
395.435,35.05407199999999,-90.00125899999999,ChIJIzdhk1h91YcRZT7cBcBslaM,OK,43748,471570220224026
395.435,35.05407199999999,-90.00125899999999,ChIJIzdhk1h91YcRZT7cBcBslaM,OK,43748,471570220224026
972.645,35.054745,-90.007971,ChIJXxyyQlt91YcRhldtWgjSnSE,OK,83593,471570220224026
2041.346,35.1804299,-89.9263818,ChIJIfvtv4eBf4gRJLjVGBpAzmc,OK,134294,471570088004007
2041.346,35.1804299,-89.9263818,ChIJIfvtv4eBf4gRJLjVGBpAzmc,OK,134294,471570088004007
2823.467,35.14859919999999,-89.91828060000002,ChIJRflgf-eDf4gRHX_XNYKER-s,OK,183416,471570088004007
2008.964,35.14859919999999,-89.91828060000002,ChIJRflgf-eDf4gRHX_XNYKER-s,OK,122727,471570087003006
2008.964,35.14859919999999,-89.91828060000002,ChIJRflgf-eDf4gRHX_XNYKER-s,OK,122727,471570087003006
2461.768,35.1804299,-89.9263818,ChIJIfvtv4eBf4gRJLjVGBpAzmc,OK,147695,471570087003006
963.067,35.0220022,-89.82947999999999,ChIJxT9DeWuQf4gRf6HLF5uJHd0,OK,54381,471570217542000
963.067,35.0220022,-89.82947999999999,ChIJxT9DeWuQf4gRf6HLF5uJHd0,OK,54381,471570217542000
1299.566,35.0078094,-89.83044679999999,ChIJpwHMo0eQf4gRIqmNFjWLuW4,OK,71972,471570217542000
2683.722,35.02100869999999,-89.8995317,ChIJ-f6gz22Pf4gR-rWEeLgd-68,OK,207318,471570226001093
2683.722,35.02100869999999,-89.8995317,ChIJ-f6gz22Pf4gR-rWEeLgd-68,OK,207318,471570226001093
2694.995,35.0209193,-89.8996561,ChIJxWQfy22Pf4gRlC1jxVU1A2g,OK,207943,471570226001093
423.968,35.021381,-90.020287,ChIJnVfwxMBi1YcR65EtGsZDcOY,OK,48725,471570221211020
423.968,35.021381,-90.020287,ChIJnVfwxMBi1YcR65EtGsZDcOY,OK,48725,471570221211020
424.307,35.021384,-90.019407,ChIJk8DCu8Bi1YcRUnUQCgCMr-E,OK,48750,471570221211020
388.812,35.021381,-90.020287,ChIJnVfwxMBi1YcR65EtGsZDcOY,OK,33441,471570221211014
388.812,35.021381,-90.020287,ChIJnVfwxMBi1YcR65EtGsZDcOY,OK,33441,471570221211014
389.151,35.021384,-90.019407,ChIJk8DCu8Bi1YcRUnUQCgCMr-E,OK,33466,471570221211014
1106.986,35.0220022,-89.82947999999999,ChIJxT9DeWuQf4gRf6HLF5uJHd0,OK,70369,471570217512010
1106.986,35.0220022,-89.82947999999999,ChIJxT9DeWuQf4gRf6HLF5uJHd0,OK,70369,471570217512010
1403.84,35.0078094,-89.83044679999999,ChIJpwHMo0eQf4gRIqmNFjWLuW4,OK,85765,471570217512010
954.623,35.0078094,-89.83044679999999,ChIJpwHMo0eQf4gRIqmNFjWLuW4,OK,52868,471570217542009
954.623,35.0078094,-89.83044679999999,ChIJpwHMo0eQf4gRIqmNFjWLuW4,OK,52868,471570217542009
1308.009,35.0220022,-89.82947999999999,ChIJxT9DeWuQf4gRf6HLF5uJHd0,OK,73485,471570217542009
1127.696,35.0078094,-89.83044679999999,ChIJpwHMo0eQf4gRIqmNFjWLuW4,OK,62454,471570217542010
1127.696,35.0078094,-89.83044679999999,ChIJpwHMo0eQf4gRIqmNFjWLuW4,OK,62454,471570217542010
1134.937,35.0220022,-89.82947999999999,ChIJxT9DeWuQf4gRf6HLF5uJHd0,OK,63899,471570217542010
1279.519,35.0078094,-89.83044679999999,ChIJpwHMo0eQf4gRIqmNFjWLuW4,OK,85149,471570217512009
1279.519,35.0078094,-89.83044679999999,ChIJpwHMo0eQf4gRIqmNFjWLuW4,OK,85149,471570217512009
1425.357,35.0220022,-89.82947999999999,ChIJxT9DeWuQf4gRf6HLF5uJHd0,OK,94271,471570217512009
2883.651,35.0078094,-89.83044679999999,ChIJpwHMo0eQf4gRIqmNFjWLuW4,OK,176161,471570226001201
2883.651,35.0078094,-89.83044679999999,ChIJpwHMo0eQf4gRIqmNFjWLuW4,OK,176161,471570226001201
5134.562,35.0220022,-89.82947999999999,ChIJxT9DeWuQf4gRf6HLF5uJHd0,OK,301511,471570226001201
1493.996,35.00495799999999,-90.0276544,ChIJuXbrrfFi1YcR97C4vX-T9Zk,OK,158172,471570221213008
1493.996,35.00495799999999,-90.0276544,ChIJuXbrrfFi1YcR97C4vX-T9Zk,OK,158172,471570221213008
2200.281,35.0225458,-90.0257415,ChIJnc94gMRi1YcRKYztFRuX2Yw,OK,164356,471570221213008
2359.323,35.02100869999999,-89.8995317,ChIJ-f6gz22Pf4gR-rWEeLgd-68,OK,109066,471570226001170
2359.323,35.02100869999999,-89.8995317,ChIJ-f6gz22Pf4gR-rWEeLgd-68,OK,109066,471570226001170
2370.596,35.0209193,-89.8996561,ChIJxWQfy22Pf4gRlC1jxVU1A2g,OK,109691,471570226001170
2195.298,35.02100869999999,-89.8995317,ChIJ-f6gz22Pf4gR-rWEeLgd-68,OK,101685,471570226001171
2195.298,35.02100869999999,-89.8995317,ChIJ-f6gz22Pf4gR-rWEeLgd-68,OK,101685,471570226001171
2206.57,35.0209193,-89.8996561,ChIJxWQfy22Pf4gRlC1jxVU1A2g,OK,102310,471570226001171
4626.495,35.1439641,-90.0517892,ChIJL-0zBZR-1YcRj7p5p1WY4-g,OK,336786,471570001002024
4626.495,35.1439641,-90.0517892,ChIJL-0zBZR-1YcRj7p5p1WY4-g,OK,336786,471570001002024
4835.411,35.1450994,-90.0538646,ChIJne6_s5V-1YcRn_LPaqiwhrk,OK,342240,471570001002024
5095.917,35.1439641,-90.0517892,ChIJL-0zBZR-1YcRj7p5p1WY4-g,OK,373702,471570001002021
5095.917,35.1439641,-90.0517892,ChIJL-0zBZR-1YcRj7p5p1WY4-g,OK,373702,471570001002021
5304.833,35.1450994,-90.0538646,ChIJne6_s5V-1YcRn_LPaqiwhrk,OK,379156,471570001002021
4888.576,35.1439641,-90.0517892,ChIJL-0zBZR-1YcRj7p5p1WY4-g,OK,353793,471570001002042
4888.576,35.1439641,-90.0517892,ChIJL-0zBZR-1YcRj7p5p1WY4-g,OK,353793,471570001002042
5097.492,35.1450994,-90.0538646,ChIJne6_s5V-1YcRn_LPaqiwhrk,OK,359247,471570001002042
5017.237,35.1439641,-90.0517892,ChIJL-0zBZR-1YcRj7p5p1WY4-g,OK,364951,471570001002022
5017.237,35.1439641,-90.0517892,ChIJL-0zBZR-1YcRj7p5p1WY4-g,OK,364951,471570001002022
5226.153,35.1450994,-90.0538646,ChIJne6_s5V-1YcRn_LPaqiwhrk,OK,370405,471570001002022
5064.104,35.1439641,-90.0517892,ChIJL-0zBZR-1YcRj7p5p1WY4-g,OK,365075,471570001002036
5064.104,35.1439641,-90.0517892,ChIJL-0zBZR-1YcRj7p5p1WY4-g,OK,365075,471570001002036
5273.02,35.1450994,-90.0538646,ChIJne6_s5V-1YcRn_LPaqiwhrk,OK,370529,471570001002036
5167.497,35.1439641,-90.0517892,ChIJL-0zBZR-1YcRj7p5p1WY4-g,OK,374744,471570001002039
5167.497,35.1439641,-90.0517892,ChIJL-0zBZR-1YcRj7p5p1WY4-g,OK,374744,471570001002039
5376.413,35.1450994,-90.0538646,ChIJne6_s5V-1YcRn_LPaqiwhrk,OK,380198,471570001002039
5140.104,35.1439641,-90.0517892,ChIJL-0zBZR-1YcRj7p5p1WY4-g,OK,374218,471570001002037
5140.104,35.1439641,-90.0517892,ChIJL-0zBZR-1YcRj7p5p1WY4-g,OK,374218,471570001002037
5349.02,35.1450994,-90.0538646,ChIJne6_s5V-1YcRn_LPaqiwhrk,OK,379672,471570001002037
5249.803,35.1439641,-90.0517892,ChIJL-0zBZR-1YcRj7p5p1WY4-g,OK,384635,471570001002014
5249.803,35.1439641,-90.0517892,ChIJL-0zBZR-1YcRj7p5p1WY4-g,OK,384635,471570001002014
5458.719,35.1450994,-90.0538646,ChIJne6_s5V-1YcRn_LPaqiwhrk,OK,390089,471570001002014
5366.619,35.1439641,-90.0517892,ChIJL-0zBZR-1YcRj7p5p1WY4-g,OK,392879,471570001001033
5366.619,35.1439641,-90.0517892,ChIJL-0zBZR-1YcRj7p5p1WY4-g,OK,392879,471570001001033
5575.536,35.1450994,-90.0538646,ChIJne6_s5V-1YcRn_LPaqiwhrk,OK,398333,471570001001033
5290.085,35.1439641,-90.0517892,ChIJL-0zBZR-1YcRj7p5p1WY4-g,OK,383646,471570001001034
5290.085,35.1439641,-90.0517892,ChIJL-0zBZR-1YcRj7p5p1WY4-g,OK,383646,471570001001034
5499.001,35.1450994,-90.0538646,ChIJne6_s5V-1YcRn_LPaqiwhrk,OK,389100,471570001001034
5749.153,35.1439641,-90.0517892,ChIJL-0zBZR-1YcRj7p5p1WY4-g,OK,459736,471570001001021
5749.153,35.1439641,-90.0517892,ChIJL-0zBZR-1YcRj7p5p1WY4-g,OK,459736,471570001001021
5958.069,35.1450994,-90.0538646,ChIJne6_s5V-1YcRn_LPaqiwhrk,OK,465190,471570001001021
5714.809,35.1439641,-90.0517892,ChIJL-0zBZR-1YcRj7p5p1WY4-g,OK,453555,471570001001031
5714.809,35.1439641,-90.0517892,ChIJL-0zBZR-1YcRj7p5p1WY4-g,OK,453555,471570001001031
5923.726,35.1450994,-90.0538646,ChIJne6_s5V-1YcRn_LPaqiwhrk,OK,459009,471570001001031
1875.489,35.1489345,-89.89838259999999,ChIJaTBvX72Df4gRiyFT0LQMnrQ,OK,119385,471570098001027
1875.489,35.1489345,-89.89838259999999,ChIJaTBvX72Df4gRiyFT0LQMnrQ,OK,119385,471570098001027
1956.034,35.148225,-89.89748700000001,ChIJC8t095eDf4gRGuXK3FleZyg,OK,124218,471570098001027
1787.265,35.1489345,-89.89838259999999,ChIJaTBvX72Df4gRiyFT0LQMnrQ,OK,114460,471570098001028
1787.265,35.1489345,-89.89838259999999,ChIJaTBvX72Df4gRiyFT0LQMnrQ,OK,114460,471570098001028
1867.811,35.148225,-89.89748700000001,ChIJC8t095eDf4gRGuXK3FleZyg,OK,119293,471570098001028
2416.603,35.1489345,-89.89838259999999,ChIJaTBvX72Df4gRiyFT0LQMnrQ,OK,174123,471570098001007
2416.603,35.1489345,-89.89838259999999,ChIJaTBvX72Df4gRiyFT0LQMnrQ,OK,174123,471570098001007
1483.054,35.148225,-89.89748700000001,ChIJC8t095eDf4gRGuXK3FleZyg,OK,175444,471570098001007
1697.474,35.1489345,-89.89838259999999,ChIJaTBvX72Df4gRiyFT0LQMnrQ,OK,109487,471570098002002
1697.474,35.1489345,-89.89838259999999,ChIJaTBvX72Df4gRiyFT0LQMnrQ,OK,109487,471570098002002
1778.02,35.148225,-89.89748700000001,ChIJC8t095eDf4gRGuXK3FleZyg,OK,114320,471570098002002
926.958,35.1489345,-89.89838259999999,ChIJaTBvX72Df4gRiyFT0LQMnrQ,OK,108912,471570098002001
926.958,35.1489345,-89.89838259999999,ChIJaTBvX72Df4gRiyFT0LQMnrQ,OK,108912,471570098002001
930.225,35.148225,-89.89748700000001,ChIJC8t095eDf4gRGuXK3FleZyg,OK,109108,471570098002001
1608.492,35.1489345,-89.89838259999999,ChIJaTBvX72Df4gRiyFT0LQMnrQ,OK,104408,471570098002003
1608.492,35.1489345,-89.89838259999999,ChIJaTBvX72Df4gRiyFT0LQMnrQ,OK,104408,471570098002003
1689.038,35.148225,-89.89748700000001,ChIJC8t095eDf4gRGuXK3FleZyg,OK,109241,471570098002003
524.466,35.1489345,-89.89838259999999,ChIJaTBvX72Df4gRiyFT0LQMnrQ,OK,31467,471570098002021
524.466,35.1489345,-89.89838259999999,ChIJaTBvX72Df4gRiyFT0LQMnrQ,OK,31467,471570098002021
605.012,35.148225,-89.89748700000001,ChIJC8t095eDf4gRGuXK3FleZyg,OK,36300,471570098002021
1023.815,35.1489345,-89.89838259999999,ChIJaTBvX72Df4gRiyFT0LQMnrQ,OK,102720,471570098002009
1023.815,35.1489345,-89.89838259999999,ChIJaTBvX72Df4gRiyFT0LQMnrQ,OK,102720,471570098002009
1104.36,35.148225,-89.89748700000001,ChIJC8t095eDf4gRGuXK3FleZyg,OK,107553,471570098002009
427.541,35.1489345,-89.89838259999999,ChIJaTBvX72Df4gRiyFT0LQMnrQ,OK,48985,471570098002016
427.541,35.1489345,-89.89838259999999,ChIJaTBvX72Df4gRiyFT0LQMnrQ,OK,48985,471570098002016
430.807,35.148225,-89.89748700000001,ChIJC8t095eDf4gRGuXK3FleZyg,OK,49181,471570098002016
147.622,35.1489345,-89.89838259999999,ChIJaTBvX72Df4gRiyFT0LQMnrQ,OK,8857,471570098002020
147.622,35.1489345,-89.89838259999999,ChIJaTBvX72Df4gRiyFT0LQMnrQ,OK,8857,471570098002020
228.169,35.148225,-89.89748700000001,ChIJC8t095eDf4gRGuXK3FleZyg,OK,13689,471570098002020
482.707,35.1489345,-89.89838259999999,ChIJaTBvX72Df4gRiyFT0LQMnrQ,OK,28961,471570086003004
482.707,35.1489345,-89.89838259999999,ChIJaTBvX72Df4gRiyFT0LQMnrQ,OK,28961,471570086003004
563.252,35.148225,-89.89748700000001,ChIJC8t095eDf4gRGuXK3FleZyg,OK,33794,471570086003004
2521.143,35.2044739,-89.76342459999999,ChIJ3XsJxyKef4gRTeWb3lonWsU,OK,182751,471570211411009
2521.143,35.2044739,-89.76342459999999,ChIJ3XsJxyKef4gRTeWb3lonWsU,OK,182751,471570211411009
4211.558,35.2074362,-89.7805166,ChIJ62ATRfudf4gRPIrPAXGVsiQ,OK,314237,471570211411009
4690.236,35.14868459999999,-89.7948203,ChIJ4w9Lr2qcf4gRHdzl9FciAFM,OK,306696,471570211401043
4690.236,35.14868459999999,-89.7948203,ChIJ4w9Lr2qcf4gRHdzl9FciAFM,OK,306696,471570211401043
5456.398,35.1546312,-89.79260459999999,ChIJ8UeuSEecf4gRniit7ubZLtM,OK,327395,471570211401043
1080.057,35.1835367,-89.8717722,ChIJv1U5XuiCf4gRMlXiIrwnbJo,OK,97164,471570206103002
1080.057,35.1835367,-89.8717722,ChIJv1U5XuiCf4gRMlXiIrwnbJo,OK,97164,471570206103002
1927.575,35.1927931,-89.86922029999999,ChIJAQAAAMCCf4gRZL0qi0KLjtw,OK,138937,471570206103002
3218.268,35.2044739,-89.76342459999999,ChIJ3XsJxyKef4gRTeWb3lonWsU,OK,230685,471570211422007
3218.268,35.2044739,-89.76342459999999,ChIJ3XsJxyKef4gRTeWb3lonWsU,OK,230685,471570211422007
4864.713,35.2072684,-89.7827147,ChIJKdJ2xvqdf4gRKLRUePlbOOs,OK,342280,471570211422007
1626.531,35.1546312,-89.79260459999999,ChIJ8UeuSEecf4gRniit7ubZLtM,OK,119916,471570211261035
1626.531,35.1546312,-89.79260459999999,ChIJ8UeuSEecf4gRniit7ubZLtM,OK,119916,471570211261035
2006.419,35.14868459999999,-89.7948203,ChIJ4w9Lr2qcf4gRHdzl9FciAFM,OK,139416,471570211261035
1164.311,35.1546312,-89.79260459999999,ChIJ8UeuSEecf4gRniit7ubZLtM,OK,139714,471570211353047
1164.311,35.1546312,-89.79260459999999,ChIJ8UeuSEecf4gRniit7ubZLtM,OK,139714,471570211353047
2310.613,35.14868459999999,-89.7948203,ChIJ4w9Lr2qcf4gRHdzl9FciAFM,OK,181749,471570211353047
3081.382,35.14868459999999,-89.7948203,ChIJ4w9Lr2qcf4gRHdzl9FciAFM,OK,209959,471570211402031
3081.382,35.14868459999999,-89.7948203,ChIJ4w9Lr2qcf4gRHdzl9FciAFM,OK,209959,471570211402031
3847.545,35.1546312,-89.79260459999999,ChIJ8UeuSEecf4gRniit7ubZLtM,OK,230658,471570211402031
1853.75,35.1738374,-89.98954379999999,ChIJ_S0BIGOAf4gRU3Ph4W65cOQ,OK,139776,471570009003004
1853.75,35.1738374,-89.98954379999999,ChIJ_S0BIGOAf4gRU3Ph4W65cOQ,OK,139776,471570009003004
1699.087,35.17410499999999,-89.97575479999999,ChIJmfYTGFmAf4gRHGKCaD0qCtI,OK,142321,471570009003004
3899.855,35.14868459999999,-89.7948203,ChIJ4w9Lr2qcf4gRHdzl9FciAFM,OK,253324,471570211401004
3899.855,35.14868459999999,-89.7948203,ChIJ4w9Lr2qcf4gRHdzl9FciAFM,OK,253324,471570211401004
4666.017,35.1546312,-89.79260459999999,ChIJ8UeuSEecf4gRniit7ubZLtM,OK,274023,471570211401004
4135.013,35.0614623,-89.8536277,ChIJ4TWJkTWFf4gRbkNZYfkF9Jw,OK,268192,471570214302015
4135.013,35.0614623,-89.8536277,ChIJ4TWJkTWFf4gRbkNZYfkF9Jw,OK,268192,471570214302015
4219.785,35.0512763,-89.8427476,ChIJ7VPJ3q-af4gRdxERIyaZ0gk,OK,274380,471570214302015
1546.532,35.0344414,-89.8319559,ChIJfcC9SguQf4gR_xf02Tpo1-w,OK,107933,471570217453005
1546.532,35.0344414,-89.8319559,ChIJfcC9SguQf4gR_xf02Tpo1-w,OK,107933,471570217453005
2510.468,35.0220022,-89.82947999999999,ChIJxT9DeWuQf4gRf6HLF5uJHd0,OK,153883,471570217453005
538.622,35.13779299999999,-89.99118349999999,ChIJUQlZ-K-Af4gRkRKK62-ap5w,OK,51490,471570031004005
538.622,35.13779299999999,-89.99118349999999,ChIJUQlZ-K-Af4gRkRKK62-ap5w,OK,51490,471570031004005
1295.927,35.13418100000001,-89.98599,ChIJnf1_yraAf4gR9pQmD7CXhgg,OK,94744,471570031004005
480.585,35.13418100000001,-89.98599,ChIJnf1_yraAf4gR9pQmD7CXhgg,OK,48925,471570031004013
480.585,35.13418100000001,-89.98599,ChIJnf1_yraAf4gR9pQmD7CXhgg,OK,48925,471570031004013
413.229,35.13779299999999,-89.99118349999999,ChIJUQlZ-K-Af4gRkRKK62-ap5w,OK,48954,471570031004013
716.313,35.13779299999999,-89.99118349999999,ChIJUQlZ-K-Af4gRkRKK62-ap5w,OK,72812,471570031004001
716.313,35.13779299999999,-89.99118349999999,ChIJUQlZ-K-Af4gRkRKK62-ap5w,OK,72812,471570031004001
732.594,35.13418100000001,-89.98599,ChIJnf1_yraAf4gR9pQmD7CXhgg,OK,87908,471570031004001
564.759,35.13779299999999,-89.99118349999999,ChIJUQlZ-K-Af4gRkRKK62-ap5w,OK,61814,471570031004004
564.759,35.13779299999999,-89.99118349999999,ChIJUQlZ-K-Af4gRkRKK62-ap5w,OK,61814,471570031004004
582.765,35.13418100000001,-89.98599,ChIJnf1_yraAf4gR9pQmD7CXhgg,OK,69930,471570031004004
347.472,35.13418100000001,-89.98599,ChIJnf1_yraAf4gR9pQmD7CXhgg,OK,23786,471570031004021
347.472,35.13418100000001,-89.98599,ChIJnf1_yraAf4gR9pQmD7CXhgg,OK,23786,471570031004021
636.207,35.13779299999999,-89.99118349999999,ChIJUQlZ-K-Af4gRkRKK62-ap5w,OK,46631,471570031004021
315.738,35.13418100000001,-89.98599,ChIJnf1_yraAf4gR9pQmD7CXhgg,OK,33327,471570031004012
315.738,35.13418100000001,-89.98599,ChIJnf1_yraAf4gR9pQmD7CXhgg,OK,33327,471570031004012
578.221,35.13779299999999,-89.99118349999999,ChIJUQlZ-K-Af4gRkRKK62-ap5w,OK,47062,471570031004012
290.514,35.13418100000001,-89.98599,ChIJnf1_yraAf4gR9pQmD7CXhgg,OK,31511,471570031004016
290.514,35.13418100000001,-89.98599,ChIJnf1_yraAf4gR9pQmD7CXhgg,OK,31511,471570031004016
603.445,35.13779299999999,-89.99118349999999,ChIJUQlZ-K-Af4gRkRKK62-ap5w,OK,48878,471570031004016
181.718,35.13418100000001,-89.98599,ChIJnf1_yraAf4gR9pQmD7CXhgg,OK,21806,471570031004022
181.718,35.13418100000001,-89.98599,ChIJnf1_yraAf4gR9pQmD7CXhgg,OK,21806,471570031004022
708.175,35.13779299999999,-89.99118349999999,ChIJUQlZ-K-Af4gRkRKK62-ap5w,OK,66839,471570031004022
795.451,35.13418100000001,-89.98599,ChIJnf1_yraAf4gR9pQmD7CXhgg,OK,58479,471570031002008
795.451,35.13418100000001,-89.98599,ChIJnf1_yraAf4gR9pQmD7CXhgg,OK,58479,471570031002008
1147.174,35.13779299999999,-89.99118349999999,ChIJUQlZ-K-Af4gRkRKK62-ap5w,OK,94183,471570031002008
567.093,35.13418100000001,-89.98599,ChIJnf1_yraAf4gR9pQmD7CXhgg,OK,68049,471570031004003
567.093,35.13418100000001,-89.98599,ChIJnf1_yraAf4gR9pQmD7CXhgg,OK,68049,471570031004003
739.792,35.13779299999999,-89.99118349999999,ChIJUQlZ-K-Af4gRkRKK62-ap5w,OK,82817,471570031004003
215.687,35.13418100000001,-89.98599,ChIJnf1_yraAf4gR9pQmD7CXhgg,OK,30819,471570031004017
215.687,35.13418100000001,-89.98599,ChIJnf1_yraAf4gR9pQmD7CXhgg,OK,30819,471570031004017
842.854,35.13779299999999,-89.99118349999999,ChIJUQlZ-K-Af4gRkRKK62-ap5w,OK,79194,471570031004017
416.659,35.2051043,-89.79754849999999,ChIJpRDMlY2df4gRQqHmUo_lzmc,OK,49169,471570211132020
416.659,35.2051043,-89.79754849999999,ChIJpRDMlY2df4gRQqHmUo_lzmc,OK,49169,471570211132020
708.657,35.2071893,-89.79833029999999,ChIJQ0zWJIydf4gRstwjg5hObuM,OK,109682,471570211132020
2871.058,35.1490317,-90.0140679,ChIJw3q9_xV-1YcRqrte6yBn1CI,OK,213269,471570019002007
2871.058,35.1490317,-90.0140679,ChIJw3q9_xV-1YcRqrte6yBn1CI,OK,213269,471570019002007
3593.296,35.1444038,-90.0168571,ChIJufYEjhR-1YcREff46W6Lons,OK,260622,471570019002007
2815.321,35.1490317,-90.0140679,ChIJw3q9_xV-1YcRqrte6yBn1CI,OK,206580,471570019001006
2815.321,35.1490317,-90.0140679,ChIJw3q9_xV-1YcRqrte6yBn1CI,OK,206580,471570019001006
3537.559,35.1444038,-90.0168571,ChIJufYEjhR-1YcREff46W6Lons,OK,253933,471570019001006
2875.93,35.1490317,-90.0140679,ChIJw3q9_xV-1YcRqrte6yBn1CI,OK,194170,471570019001003
2875.93,35.1490317,-90.0140679,ChIJw3q9_xV-1YcRqrte6yBn1CI,OK,194170,471570019001003
3598.167,35.1444038,-90.0168571,ChIJufYEjhR-1YcREff46W6Lons,OK,241523,471570019001003
2987.86,35.1490317,-90.0140679,ChIJw3q9_xV-1YcRqrte6yBn1CI,OK,176769,471570020002012
2987.86,35.1490317,-90.0140679,ChIJw3q9_xV-1YcRqrte6yBn1CI,OK,176769,471570020002012
3223.367,35.1439641,-90.0517892,ChIJL-0zBZR-1YcRj7p5p1WY4-g,OK,186745,471570020002012
2298.543,35.1490317,-90.0140679,ChIJw3q9_xV-1YcRqrte6yBn1CI,OK,159430,471570019002017
2298.543,35.1490317,-90.0140679,ChIJw3q9_xV-1YcRqrte6yBn1CI,OK,159430,471570019002017
3020.78,35.1444038,-90.0168571,ChIJufYEjhR-1YcREff46W6Lons,OK,206783,471570019002017
2909.15,35.1490317,-90.0140679,ChIJw3q9_xV-1YcRqrte6yBn1CI,OK,164269,471570020002011
2909.15,35.1490317,-90.0140679,ChIJw3q9_xV-1YcRqrte6yBn1CI,OK,164269,471570020002011
3423.033,35.1439641,-90.0517892,ChIJL-0zBZR-1YcRj7p5p1WY4-g,OK,189661,471570020002011
2743.591,35.1490317,-90.0140679,ChIJw3q9_xV-1YcRqrte6yBn1CI,OK,152349,471570020002010
2743.591,35.1490317,-90.0140679,ChIJw3q9_xV-1YcRqrte6yBn1CI,OK,152349,471570020002010
3257.474,35.1439641,-90.0517892,ChIJL-0zBZR-1YcRj7p5p1WY4-g,OK,177741,471570020002010
2503.924,35.1490317,-90.0140679,ChIJw3q9_xV-1YcRqrte6yBn1CI,OK,145765,471570113001001
2503.924,35.1490317,-90.0140679,ChIJw3q9_xV-1YcRqrte6yBn1CI,OK,145765,471570113001001
3203.405,35.1439641,-90.0517892,ChIJL-0zBZR-1YcRj7p5p1WY4-g,OK,182167,471570113001001
2840.713,35.1490317,-90.0140679,ChIJw3q9_xV-1YcRqrte6yBn1CI,OK,174338,471570020002006
2840.713,35.1490317,-90.0140679,ChIJw3q9_xV-1YcRqrte6yBn1CI,OK,174338,471570020002006
3526.043,35.1439641,-90.0517892,ChIJL-0zBZR-1YcRj7p5p1WY4-g,OK,206669,471570020002006
2455.361,35.1490317,-90.0140679,ChIJw3q9_xV-1YcRqrte6yBn1CI,OK,144615,471570024001018
2455.361,35.1490317,-90.0140679,ChIJw3q9_xV-1YcRqrte6yBn1CI,OK,144615,471570024001018
2401.94,35.1444038,-90.0168571,ChIJufYEjhR-1YcREff46W6Lons,OK,180670,471570024001018
2316.431,35.1490317,-90.0140679,ChIJw3q9_xV-1YcRqrte6yBn1CI,OK,129830,471570024001005
2316.431,35.1490317,-90.0140679,ChIJw3q9_xV-1YcRqrte6yBn1CI,OK,129830,471570024001005
2631.918,35.1444038,-90.0168571,ChIJufYEjhR-1YcREff46W6Lons,OK,172371,471570024001005
1884.33,35.1490317,-90.0140679,ChIJw3q9_xV-1YcRqrte6yBn1CI,OK,102961,471570024001008
1884.33,35.1490317,-90.0140679,ChIJw3q9_xV-1YcRqrte6yBn1CI,OK,102961,471570024001008
2606.567,35.1444038,-90.0168571,ChIJufYEjhR-1YcREff46W6Lons,OK,150314,471570024001008
1583.572,35.218332,-90.00299799999999,ChIJfRCGEgGA1YcRsZsWP_dycDI,OK,111158,471570101105011
1583.572,35.218332,-90.00299799999999,ChIJfRCGEgGA1YcRsZsWP_dycDI,OK,111158,471570101105011
1791.477,35.21475480000001,-90.00354540000001,ChIJF6XvX_9_1YcRD4jlF4jzevw,OK,123632,471570101105011
969.134,35.054745,-90.007971,ChIJXxyyQlt91YcRhldtWgjSnSE,OK,70821,471570220232006
969.134,35.054745,-90.007971,ChIJXxyyQlt91YcRhldtWgjSnSE,OK,70821,471570220232006
1534.486,35.05407199999999,-90.00125899999999,ChIJIzdhk1h91YcRZT7cBcBslaM,OK,94254,471570220232006
611.784,35.05905920000001,-89.9340455,ChIJM89Mbw2Gf4gRFqf4fPnKU7k,OK,50453,471570106203017
611.784,35.05905920000001,-89.9340455,ChIJM89Mbw2Gf4gRFqf4fPnKU7k,OK,50453,471570106203017
1328.556,35.0515544,-89.92255089999999,ChIJG_UFGuOFf4gRyHNDzwp5is0,OK,87100,471570106203017
3785.981,35.22619459999999,-90.0020167,ChIJvTh1mwiA1YcRLLqD5Uxq8Nc,OK,255158,471570099013036
3697.084,35.218332,-90.00299799999999,ChIJfRCGEgGA1YcRsZsWP_dycDI,OK,256275,471570099013036
3697.084,35.218332,-90.00299799999999,ChIJfRCGEgGA1YcRsZsWP_dycDI,OK,256275,471570099013036
1554.258,35.21475480000001,-90.00354540000001,ChIJF6XvX_9_1YcRD4jlF4jzevw,OK,118169,471570101106007
1554.258,35.21475480000001,-90.00354540000001,ChIJF6XvX_9_1YcRD4jlF4jzevw,OK,118169,471570101106007
2010.411,35.218332,-90.00299799999999,ChIJfRCGEgGA1YcRsZsWP_dycDI,OK,139348,471570101106007
2687.465,35.21475480000001,-90.00354540000001,ChIJF6XvX_9_1YcRD4jlF4jzevw,OK,161242,471570101104006
2687.465,35.21475480000001,-90.00354540000001,ChIJF6XvX_9_1YcRD4jlF4jzevw,OK,161242,471570101104006
3085.954,35.218332,-90.00299799999999,ChIJfRCGEgGA1YcRsZsWP_dycDI,OK,185151,471570101104006
1763.64,35.21475480000001,-90.00354540000001,ChIJF6XvX_9_1YcRD4jlF4jzevw,OK,124815,471570101104005
1763.64,35.21475480000001,-90.00354540000001,ChIJF6XvX_9_1YcRD4jlF4jzevw,OK,124815,471570101104005
2219.793,35.218332,-90.00299799999999,ChIJfRCGEgGA1YcRsZsWP_dycDI,OK,145994,471570101104005
2327.717,35.218332,-90.00299799999999,ChIJfRCGEgGA1YcRsZsWP_dycDI,OK,172564,471570101104001
2327.717,35.218332,-90.00299799999999,ChIJfRCGEgGA1YcRsZsWP_dycDI,OK,172564,471570101104001
2535.621,35.21475480000001,-90.00354540000001,ChIJF6XvX_9_1YcRD4jlF4jzevw,OK,185038,471570101104001
2212.02,35.21475480000001,-90.00354540000001,ChIJF6XvX_9_1YcRD4jlF4jzevw,OK,165949,471570101104003
2212.02,35.21475480000001,-90.00354540000001,ChIJF6XvX_9_1YcRD4jlF4jzevw,OK,165949,471570101104003
2668.173,35.218332,-90.00299799999999,ChIJfRCGEgGA1YcRsZsWP_dycDI,OK,187128,471570101104003
2522.266,35.21475480000001,-90.00354540000001,ChIJF6XvX_9_1YcRD4jlF4jzevw,OK,187091,471570101204001
2522.266,35.21475480000001,-90.00354540000001,ChIJF6XvX_9_1YcRD4jlF4jzevw,OK,187091,471570101204001
2920.755,35.218332,-90.00299799999999,ChIJfRCGEgGA1YcRsZsWP_dycDI,OK,211000,471570101204001
2969.808,35.21475480000001,-90.00354540000001,ChIJF6XvX_9_1YcRD4jlF4jzevw,OK,193895,471570101205030
2969.808,35.21475480000001,-90.00354540000001,ChIJF6XvX_9_1YcRD4jlF4jzevw,OK,193895,471570101205030
3368.297,35.218332,-90.00299799999999,ChIJfRCGEgGA1YcRsZsWP_dycDI,OK,217804,471570101205030
1230.638,35.1439641,-90.0517892,ChIJL-0zBZR-1YcRj7p5p1WY4-g,OK,69782,471570114002010
1230.638,35.1439641,-90.0517892,ChIJL-0zBZR-1YcRj7p5p1WY4-g,OK,69782,471570114002010
1261.328,35.1435177,-90.0539328,ChIJ8VFg1pV-1YcRR9G8p0pZx6U,OK,70061,471570114002010
678.539,35.1439641,-90.0517892,ChIJL-0zBZR-1YcRj7p5p1WY4-g,OK,53520,471570114002014
678.539,35.1439641,-90.0517892,ChIJL-0zBZR-1YcRj7p5p1WY4-g,OK,53520,471570114002014
939.392,35.1435177,-90.0539328,ChIJ8VFg1pV-1YcRR9G8p0pZx6U,OK,62725,471570114002014
649.677,35.1439641,-90.0517892,ChIJL-0zBZR-1YcRj7p5p1WY4-g,OK,38140,471570114002023
649.677,35.1439641,-90.0517892,ChIJL-0zBZR-1YcRj7p5p1WY4-g,OK,38140,471570114002023
680.368,35.1435177,-90.0539328,ChIJ8VFg1pV-1YcRR9G8p0pZx6U,OK,38419,471570114002023
477.699,35.1439641,-90.0517892,ChIJL-0zBZR-1YcRj7p5p1WY4-g,OK,40553,471570114002033
477.699,35.1439641,-90.0517892,ChIJL-0zBZR-1YcRj7p5p1WY4-g,OK,40553,471570114002033
508.39,35.1435177,-90.0539328,ChIJ8VFg1pV-1YcRR9G8p0pZx6U,OK,40832,471570114002033
383.567,35.1439641,-90.0517892,ChIJL-0zBZR-1YcRj7p5p1WY4-g,OK,23403,471570114002026
383.567,35.1439641,-90.0517892,ChIJL-0zBZR-1YcRj7p5p1WY4-g,OK,23403,471570114002026
414.258,35.1435177,-90.0539328,ChIJ8VFg1pV-1YcRR9G8p0pZx6U,OK,23682,471570114002026
738.53,35.1439641,-90.0517892,ChIJL-0zBZR-1YcRj7p5p1WY4-g,OK,55129,471570114002027
738.53,35.1439641,-90.0517892,ChIJL-0zBZR-1YcRj7p5p1WY4-g,OK,55129,471570114002027
769.221,35.1435177,-90.0539328,ChIJ8VFg1pV-1YcRR9G8p0pZx6U,OK,55408,471570114002027
1115.17,35.1439641,-90.0517892,ChIJL-0zBZR-1YcRj7p5p1WY4-g,OK,63845,471570114002011
1115.17,35.1439641,-90.0517892,ChIJL-0zBZR-1YcRj7p5p1WY4-g,OK,63845,471570114002011
1145.86,35.1435177,-90.0539328,ChIJ8VFg1pV-1YcRR9G8p0pZx6U,OK,64124,471570114002011
502.565,35.1439641,-90.0517892,ChIJL-0zBZR-1YcRj7p5p1WY4-g,OK,39090,471570042002021
502.565,35.1439641,-90.0517892,ChIJL-0zBZR-1YcRj7p5p1WY4-g,OK,39090,471570042002021
533.255,35.1435177,-90.0539328,ChIJ8VFg1pV-1YcRR9G8p0pZx6U,OK,39369,471570042002021
480.529,35.1439641,-90.0517892,ChIJL-0zBZR-1YcRj7p5p1WY4-g,OK,34670,471570042002022
480.529,35.1439641,-90.0517892,ChIJL-0zBZR-1YcRj7p5p1WY4-g,OK,34670,471570042002022
511.219,35.1435177,-90.0539328,ChIJ8VFg1pV-1YcRR9G8p0pZx6U,OK,34949,471570042002022
596.337,35.1439641,-90.0517892,ChIJL-0zBZR-1YcRj7p5p1WY4-g,OK,44512,471570042002044
596.337,35.1439641,-90.0517892,ChIJL-0zBZR-1YcRj7p5p1WY4-g,OK,44512,471570042002044
627.028,35.1435177,-90.0539328,ChIJ8VFg1pV-1YcRR9G8p0pZx6U,OK,44791,471570042002044
749.73,35.1439641,-90.0517892,ChIJL-0zBZR-1YcRj7p5p1WY4-g,OK,57222,471570114001002
749.73,35.1439641,-90.0517892,ChIJL-0zBZR-1YcRj7p5p1WY4-g,OK,57222,471570114001002
780.421,35.1435177,-90.0539328,ChIJ8VFg1pV-1YcRR9G8p0pZx6U,OK,57501,471570114001002
582.789,35.1439641,-90.0517892,ChIJL-0zBZR-1YcRj7p5p1WY4-g,OK,53208,471570114002035
582.789,35.1439641,-90.0517892,ChIJL-0zBZR-1YcRj7p5p1WY4-g,OK,53208,471570114002035
613.48,35.1435177,-90.0539328,ChIJ8VFg1pV-1YcRR9G8p0pZx6U,OK,53487,471570114002035
1935.143,35.061362,-90.05986399999999,ChIJL_Gh8ZV81YcRDlMHRKqR_IA,OK,109389,471570225001029
2867.923,35.093591,-90.056624,ChIJgyVl92d81YcRhuRHHckl8Y4,OK,157946,471570225001029
2867.923,35.093591,-90.056624,ChIJgyVl92d81YcRhuRHHckl8Y4,OK,157946,471570225001029
3871.725,35.0854368,-89.89541919999999,ChIJf5cc-VKEf4gRF-lYLgijYQQ,OK,214991,471570107101005
3871.725,35.0854368,-89.89541919999999,ChIJf5cc-VKEf4gRF-lYLgijYQQ,OK,214991,471570107101005
3804.496,35.0612606,-89.88628629999999,ChIJAQ_I1gqFf4gRFrt5yQeAEps,OK,230902,471570107101005
1735.734,35.093591,-90.056624,ChIJgyVl92d81YcRhuRHHckl8Y4,OK,95903,471570222201000
1735.734,35.093591,-90.056624,ChIJgyVl92d81YcRhuRHHckl8Y4,OK,95903,471570222201000
2279.065,35.06128,-90.05978399999999,ChIJm06f8ZV81YcRTjzAsJPcBKY,OK,125788,471570222201000
2078.94,35.06128,-90.05978399999999,ChIJm06f8ZV81YcRTjzAsJPcBKY,OK,113909,471570225001028
2078.94,35.06128,-90.05978399999999,ChIJm06f8ZV81YcRTjzAsJPcBKY,OK,113909,471570225001028
2078.762,35.061362,-90.05986399999999,ChIJL_Gh8ZV81YcRDlMHRKqR_IA,OK,116775,471570225001028
2405.038,35.06128,-90.05978399999999,ChIJm06f8ZV81YcRTjzAsJPcBKY,OK,129235,471570225001027
2405.038,35.06128,-90.05978399999999,ChIJm06f8ZV81YcRTjzAsJPcBKY,OK,129235,471570225001027
2489.508,35.093591,-90.056624,ChIJgyVl92d81YcRhuRHHckl8Y4,OK,130359,471570225001027
3278.901,35.1087458,-90.0211918,ChIJe6w2EsF91YcRquzVZc8M0-I,OK,196984,471570078212003
3279.542,35.10874099999999,-90.021185,ChIJrVbiDcF91YcRG9TBOTpHc3I,OK,197061,471570078212003
3279.542,35.10874099999999,-90.021185,ChIJrVbiDcF91YcRG9TBOTpHc3I,OK,197061,471570078212003
3758.511,35.0854368,-89.89541919999999,ChIJf5cc-VKEf4gRF-lYLgijYQQ,OK,208198,471570107101004
3758.511,35.0854368,-89.89541919999999,ChIJf5cc-VKEf4gRF-lYLgijYQQ,OK,208198,471570107101004
3691.283,35.0612606,-89.88628629999999,ChIJAQ_I1gqFf4gRFrt5yQeAEps,OK,224109,471570107101004
1749.841,35.0878609,-89.931612,ChIJ78kLm4aGf4gRhPZ5eF_7ojg,OK,144816,471570097001023
2798.051,35.0757114,-89.9271675,ChIJ-d7FIHmGf4gR6Aa1VQWm0ps,OK,244742,471570097001023
2798.051,35.0757114,-89.9271675,ChIJ-d7FIHmGf4gR6Aa1VQWm0ps,OK,244742,471570097001023
5054.791,35.0757114,-89.9271675,ChIJ-d7FIHmGf4gR6Aa1VQWm0ps,OK,277341,471579801001000
5054.791,35.0757114,-89.9271675,ChIJ-d7FIHmGf4gR6Aa1VQWm0ps,OK,277341,471579801001000
5963.265,35.0878609,-89.931612,ChIJ78kLm4aGf4gRhPZ5eF_7ojg,OK,300437,471579801001000
2022.523,35.0854368,-89.89541919999999,ChIJf5cc-VKEf4gRF-lYLgijYQQ,OK,179277,471570217101001
2022.523,35.0854368,-89.89541919999999,ChIJf5cc-VKEf4gRF-lYLgijYQQ,OK,179277,471570217101001
2453.666,35.0612606,-89.88628629999999,ChIJAQ_I1gqFf4gRFrt5yQeAEps,OK,200760,471570217101001
1734.63,35.0854368,-89.89541919999999,ChIJf5cc-VKEf4gRF-lYLgijYQQ,OK,127456,471570217101002
1734.63,35.0854368,-89.89541919999999,ChIJf5cc-VKEf4gRF-lYLgijYQQ,OK,127456,471570217101002
2165.773,35.0612606,-89.88628629999999,ChIJAQ_I1gqFf4gRFrt5yQeAEps,OK,148939,471570217101002
2365.194,35.1161637,-89.9446263,ChIJ-ZiED8iGf4gR32IlfgDBKWY,OK,170895,471570029005011
2365.194,35.1161637,-89.9446263,ChIJ-ZiED8iGf4gR32IlfgDBKWY,OK,170895,471570029005011
3646.281,35.1079763,-89.9333841,ChIJqZoM4qKGf4gREaZMyPG1GBQ,OK,241290,471570029005011
1623.028,35.1161637,-89.9446263,ChIJ-ZiED8iGf4gR32IlfgDBKWY,OK,158291,471570073003004
1623.028,35.1161637,-89.9446263,ChIJ-ZiED8iGf4gR32IlfgDBKWY,OK,158291,471570073003004
3033.891,35.108097,-89.941227,ChIJwxJT-r6Gf4gRhLDuFpyb128,OK,236604,471570073003004
2744.88,35.1161637,-89.9446263,ChIJ-ZiED8iGf4gR32IlfgDBKWY,OK,174996,471570029004015
2744.88,35.1161637,-89.9446263,ChIJ-ZiED8iGf4gR32IlfgDBKWY,OK,174996,471570029004015
3289.606,35.14981359999999,-89.94918609999999,ChIJVdGBGRaBf4gRsi89Rzqn8W4,OK,201605,471570029004015
3153.379,35.14859919999999,-89.91828060000002,ChIJRflgf-eDf4gRHX_XNYKER-s,OK,201319,471570029005002
3153.379,35.14859919999999,-89.91828060000002,ChIJRflgf-eDf4gRHX_XNYKER-s,OK,201319,471570029005002
3638.076,35.1079763,-89.9333841,ChIJqZoM4qKGf4gREaZMyPG1GBQ,OK,228206,471570029005002
2582.501,35.14859919999999,-89.91828060000002,ChIJRflgf-eDf4gRHX_XNYKER-s,OK,183481,471570029004000
2582.501,35.14859919999999,-89.91828060000002,ChIJRflgf-eDf4gRHX_XNYKER-s,OK,183481,471570029004000
3609.067,35.14981359999999,-89.94918609999999,ChIJVdGBGRaBf4gRsi89Rzqn8W4,OK,224343,471570029004000
2564.337,35.1161637,-89.9446263,ChIJ-ZiED8iGf4gR32IlfgDBKWY,OK,159917,471570029005016
2564.337,35.1161637,-89.9446263,ChIJ-ZiED8iGf4gR32IlfgDBKWY,OK,159917,471570029005016
2956.853,35.1075089,-89.9318387,ChIJVboYU6KGf4gRHfEHUi8Izac,OK,177400,471570029005016
2905.51,35.1075089,-89.9318387,ChIJVboYU6KGf4gRHfEHUi8Izac,OK,190975,471570029005018
2905.51,35.1075089,-89.9318387,ChIJVboYU6KGf4gRHfEHUi8Izac,OK,190975,471570029005018
3047.418,35.1079763,-89.9333841,ChIJqZoM4qKGf4gREaZMyPG1GBQ,OK,199490,471570029005018
2803.953,35.1075089,-89.9318387,ChIJVboYU6KGf4gRHfEHUi8Izac,OK,178789,471570029005003
2803.953,35.1075089,-89.9318387,ChIJVboYU6KGf4gRHfEHUi8Izac,OK,178789,471570029005003
2945.861,35.1079763,-89.9333841,ChIJqZoM4qKGf4gREaZMyPG1GBQ,OK,187304,471570029005003
1896.012,35.1804299,-89.9263818,ChIJIfvtv4eBf4gRJLjVGBpAzmc,OK,128053,471570088004001
1896.012,35.1804299,-89.9263818,ChIJIfvtv4eBf4gRJLjVGBpAzmc,OK,128053,471570088004001
2852.126,35.183951,-89.93106899999999,ChIJWQ0EIo-Bf4gR6cuqlCcQuNw,OK,207142,471570088004001
124.614,35.1450994,-90.0538646,ChIJne6_s5V-1YcRn_LPaqiwhrk,OK,12235,471570042001052
124.614,35.1450994,-90.0538646,ChIJne6_s5V-1YcRn_LPaqiwhrk,OK,12235,471570042001052
344.153,35.1435177,-90.0539328,ChIJ8VFg1pV-1YcRR9G8p0pZx6U,OK,20990,471570042001052
2472.763,35.1804299,-89.9263818,ChIJIfvtv4eBf4gRJLjVGBpAzmc,OK,173974,471570088004005
2472.763,35.1804299,-89.9263818,ChIJIfvtv4eBf4gRJLjVGBpAzmc,OK,173974,471570088004005
3428.877,35.183951,-89.93106899999999,ChIJWQ0EIo-Bf4gR6cuqlCcQuNw,OK,253063,471570088004005
1039.988,35.1804299,-89.9263818,ChIJIfvtv4eBf4gRJLjVGBpAzmc,OK,67344,471570088001002
1039.988,35.1804299,-89.9263818,ChIJIfvtv4eBf4gRJLjVGBpAzmc,OK,67344,471570088001002
1996.102,35.183951,-89.93106899999999,ChIJWQ0EIo-Bf4gR6cuqlCcQuNw,OK,146433,471570088001002
3083.898,35.14868459999999,-89.7948203,ChIJ4w9Lr2qcf4gRHdzl9FciAFM,OK,183283,471579804001039
3083.898,35.14868459999999,-89.7948203,ChIJ4w9Lr2qcf4gRHdzl9FciAFM,OK,183283,471579804001039
3850.06,35.1546312,-89.79260459999999,ChIJ8UeuSEecf4gRniit7ubZLtM,OK,203982,471579804001039
696.126,35.14868459999999,-89.7948203,ChIJ4w9Lr2qcf4gRHdzl9FciAFM,OK,62447,471570211251040
696.126,35.14868459999999,-89.7948203,ChIJ4w9Lr2qcf4gRHdzl9FciAFM,OK,62447,471570211251040
1462.289,35.1546312,-89.79260459999999,ChIJ8UeuSEecf4gRniit7ubZLtM,OK,83146,471570211251040
6067.891,35.14868459999999,-89.7948203,ChIJ4w9Lr2qcf4gRHdzl9FciAFM,OK,375990,471570211391002
6067.891,35.14868459999999,-89.7948203,ChIJ4w9Lr2qcf4gRHdzl9FciAFM,OK,375990,471570211391002
6834.054,35.1546312,-89.79260459999999,ChIJ8UeuSEecf4gRniit7ubZLtM,OK,396689,471570211391002
963.821,35.14868459999999,-89.7948203,ChIJ4w9Lr2qcf4gRHdzl9FciAFM,OK,115654,471570211251034
963.821,35.14868459999999,-89.7948203,ChIJ4w9Lr2qcf4gRHdzl9FciAFM,OK,115654,471570211251034
1729.983,35.1546312,-89.79260459999999,ChIJ8UeuSEecf4gRniit7ubZLtM,OK,136353,471570211251034
1811.678,35.16339899999999,-89.855841,ChIJA_xfkC6Df4gRAjVZwLz1jqA,OK,150818,471579804001006
1811.678,35.16339899999999,-89.855841,ChIJA_xfkC6Df4gRAjVZwLz1jqA,OK,150818,471579804001006
1886.834,35.1623785,-89.8566175,ChIJXQHWWS6Df4gRqhH5EQ9H1j0,OK,159783,471579804001006
991.743,35.1145886,-89.90089789999999,ChIJKWmlFW6Ef4gR0YNISWQMkss,OK,111643,471570094001008
991.743,35.1145886,-89.90089789999999,ChIJKWmlFW6Ef4gR0YNISWQMkss,OK,111643,471570094001008
1379.29,35.1153996,-89.89414069999999,ChIJCb4NOWWEf4gR79YlPQoocW4,OK,119976,471570094001008
3499.522,35.14868459999999,-89.7948203,ChIJ4w9Lr2qcf4gRHdzl9FciAFM,OK,260136,471570211402021
3499.522,35.14868459999999,-89.7948203,ChIJ4w9Lr2qcf4gRHdzl9FciAFM,OK,260136,471570211402021
4265.685,35.1546312,-89.79260459999999,ChIJ8UeuSEecf4gRniit7ubZLtM,OK,280835,471570211402021
682.982,35.1145886,-89.90089789999999,ChIJKWmlFW6Ef4gR0YNISWQMkss,OK,74594,471570093001003
682.982,35.1145886,-89.90089789999999,ChIJKWmlFW6Ef4gR0YNISWQMkss,OK,74594,471570093001003
1500.75,35.1153996,-89.89414069999999,ChIJCb4NOWWEf4gR79YlPQoocW4,OK,130827,471570093001003
1428.259,35.1145886,-89.90089789999999,ChIJKWmlFW6Ef4gR0YNISWQMkss,OK,135928,471570085002005
1428.259,35.1145886,-89.90089789999999,ChIJKWmlFW6Ef4gR0YNISWQMkss,OK,135928,471570085002005
2246.027,35.1153996,-89.89414069999999,ChIJCb4NOWWEf4gR79YlPQoocW4,OK,192161,471570085002005
412.849,35.1145886,-89.90089789999999,ChIJKWmlFW6Ef4gR0YNISWQMkss,OK,41464,471570085002016
412.849,35.1145886,-89.90089789999999,ChIJKWmlFW6Ef4gR0YNISWQMkss,OK,41464,471570085002016
442.744,35.1153996,-89.89414069999999,ChIJCb4NOWWEf4gR79YlPQoocW4,OK,52374,471570085002016
1398.856,35.1804299,-89.9263818,ChIJIfvtv4eBf4gRJLjVGBpAzmc,OK,121529,471570088002020
1398.856,35.1804299,-89.9263818,ChIJIfvtv4eBf4gRJLjVGBpAzmc,OK,121529,471570088002020
2354.97,35.183951,-89.93106899999999,ChIJWQ0EIo-Bf4gR6cuqlCcQuNw,OK,200618,471570088002020
1304.738,35.1804299,-89.9263818,ChIJIfvtv4eBf4gRJLjVGBpAzmc,OK,110235,471570088002019
1304.738,35.1804299,-89.9263818,ChIJIfvtv4eBf4gRJLjVGBpAzmc,OK,110235,471570088002019
2260.852,35.183951,-89.93106899999999,ChIJWQ0EIo-Bf4gR6cuqlCcQuNw,OK,189324,471570088002019
3726.634,35.156962,-89.88851749999999,ChIJaVmJmQmDf4gR3ZGZP7kcoeo,OK,195066,471570091001013
3726.634,35.156962,-89.88851749999999,ChIJaVmJmQmDf4gR3ZGZP7kcoeo,OK,195066,471570091001013
4224.28,35.1503395,-89.89321,ChIJRaSiF6KDf4gRNIqqt1VnH58,OK,213697,471570091001013
1662.231,35.1804299,-89.9263818,ChIJIfvtv4eBf4gRJLjVGBpAzmc,OK,123696,471570091002002
1662.231,35.1804299,-89.9263818,ChIJIfvtv4eBf4gRJLjVGBpAzmc,OK,123696,471570091002002
2618.346,35.183951,-89.93106899999999,ChIJWQ0EIo-Bf4gR6cuqlCcQuNw,OK,202785,471570091002002
1768.531,35.1804299,-89.9263818,ChIJIfvtv4eBf4gRJLjVGBpAzmc,OK,131529,471570091002003
1768.531,35.1804299,-89.9263818,ChIJIfvtv4eBf4gRJLjVGBpAzmc,OK,131529,471570091002003
2724.645,35.183951,-89.93106899999999,ChIJWQ0EIo-Bf4gR6cuqlCcQuNw,OK,210618,471570091002003
1458.951,35.1804299,-89.9263818,ChIJIfvtv4eBf4gRJLjVGBpAzmc,OK,103377,471570091002001
1458.951,35.1804299,-89.9263818,ChIJIfvtv4eBf4gRJLjVGBpAzmc,OK,103377,471570091002001
2415.065,35.183951,-89.93106899999999,ChIJWQ0EIo-Bf4gR6cuqlCcQuNw,OK,182466,471570091002001
1553.906,35.1804299,-89.9263818,ChIJIfvtv4eBf4gRJLjVGBpAzmc,OK,118813,471570091002000
1553.906,35.1804299,-89.9263818,ChIJIfvtv4eBf4gRJLjVGBpAzmc,OK,118813,471570091002000
2510.021,35.183951,-89.93106899999999,ChIJWQ0EIo-Bf4gR6cuqlCcQuNw,OK,197902,471570091002000
2089.633,35.1804299,-89.9263818,ChIJIfvtv4eBf4gRJLjVGBpAzmc,OK,155140,471570091002004
2089.633,35.1804299,-89.9263818,ChIJIfvtv4eBf4gRJLjVGBpAzmc,OK,155140,471570091002004
3045.748,35.183951,-89.93106899999999,ChIJWQ0EIo-Bf4gR6cuqlCcQuNw,OK,234229,471570091002004
2269.08,35.1804299,-89.9263818,ChIJIfvtv4eBf4gRJLjVGBpAzmc,OK,176673,471570091002005
2269.08,35.1804299,-89.9263818,ChIJIfvtv4eBf4gRJLjVGBpAzmc,OK,176673,471570091002005
3225.194,35.183951,-89.93106899999999,ChIJWQ0EIo-Bf4gR6cuqlCcQuNw,OK,255762,471570091002005
2179.526,35.1489345,-89.89838259999999,ChIJaTBvX72Df4gRiyFT0LQMnrQ,OK,140061,471570087001009
2179.526,35.1489345,-89.89838259999999,ChIJaTBvX72Df4gRiyFT0LQMnrQ,OK,140061,471570087001009
2260.071,35.148225,-89.89748700000001,ChIJC8t095eDf4gRGuXK3FleZyg,OK,144894,471570087001009
826.831,35.167095,-89.950496,ChIJecYfJgmBf4gRJh-YY67U6V8,OK,46729,471570013002001
826.831,35.167095,-89.950496,ChIJecYfJgmBf4gRJh-YY67U6V8,OK,46729,471570013002001
2000.737,35.1497164,-89.95515999999999,ChIJcQb6ehiBf4gR-uA54eRPNq8,OK,137377,471570013002001
310.7,35.167095,-89.950496,ChIJecYfJgmBf4gRJh-YY67U6V8,OK,30019,471570011002007
310.7,35.167095,-89.950496,ChIJecYfJgmBf4gRJh-YY67U6V8,OK,30019,471570011002007
2088.39,35.14981359999999,-89.94918609999999,ChIJVdGBGRaBf4gRsi89Rzqn8W4,OK,135436,471570011002007
1943.431,35.0612606,-89.88628629999999,ChIJAQ_I1gqFf4gRFrt5yQeAEps,OK,157684,471570107102007
1943.431,35.0612606,-89.88628629999999,ChIJAQ_I1gqFf4gRFrt5yQeAEps,OK,157684,471570107102007
1826.831,35.0632829,-89.88727279999999,ChIJvVoQ4QqFf4gRItXZGUDZ-Hc,OK,173111,471570107102007
2039.72,35.0612606,-89.88628629999999,ChIJAQ_I1gqFf4gRFrt5yQeAEps,OK,169238,471570107102004
1923.119,35.0632829,-89.88727279999999,ChIJvVoQ4QqFf4gRItXZGUDZ-Hc,OK,184665,471570107102004
1923.119,35.0632829,-89.88727279999999,ChIJvVoQ4QqFf4gRItXZGUDZ-Hc,OK,184665,471570107102004
1638.688,35.0612606,-89.88628629999999,ChIJAQ_I1gqFf4gRFrt5yQeAEps,OK,112805,471570107102011
1638.688,35.0612606,-89.88628629999999,ChIJAQ_I1gqFf4gRFrt5yQeAEps,OK,112805,471570107102011
1522.088,35.0632829,-89.88727279999999,ChIJvVoQ4QqFf4gRItXZGUDZ-Hc,OK,128232,471570107102011
1233.623,35.0854368,-89.89541919999999,ChIJf5cc-VKEf4gRF-lYLgijYQQ,OK,85272,471570095001023
1233.623,35.0854368,-89.89541919999999,ChIJf5cc-VKEf4gRF-lYLgijYQQ,OK,85272,471570095001023
2804.952,35.1145886,-89.90089789999999,ChIJKWmlFW6Ef4gR0YNISWQMkss,OK,197990,471570095001023
1037.769,35.0854368,-89.89541919999999,ChIJf5cc-VKEf4gRF-lYLgijYQQ,OK,77177,471570095001024
1037.769,35.0854368,-89.89541919999999,ChIJf5cc-VKEf4gRF-lYLgijYQQ,OK,77177,471570095001024
3291.709,35.1145886,-89.90089789999999,ChIJKWmlFW6Ef4gR0YNISWQMkss,OK,214265,471570095001024
1113.989,35.0854368,-89.89541919999999,ChIJf5cc-VKEf4gRF-lYLgijYQQ,OK,83835,471570095001025
1113.989,35.0854368,-89.89541919999999,ChIJf5cc-VKEf4gRF-lYLgijYQQ,OK,83835,471570095001025
3188.226,35.1145886,-89.90089789999999,ChIJKWmlFW6Ef4gR0YNISWQMkss,OK,201848,471570095001025
1057.656,35.0854368,-89.89541919999999,ChIJf5cc-VKEf4gRF-lYLgijYQQ,OK,77075,471570095001026
1057.656,35.0854368,-89.89541919999999,ChIJf5cc-VKEf4gRF-lYLgijYQQ,OK,77075,471570095001026
3237.494,35.1145886,-89.90089789999999,ChIJKWmlFW6Ef4gR0YNISWQMkss,OK,204856,471570095001026
815.876,35.0854368,-89.89541919999999,ChIJf5cc-VKEf4gRF-lYLgijYQQ,OK,56395,471570095001027
815.876,35.0854368,-89.89541919999999,ChIJf5cc-VKEf4gRF-lYLgijYQQ,OK,56395,471570095001027
3388.359,35.1145886,-89.90089789999999,ChIJKWmlFW6Ef4gR0YNISWQMkss,OK,212923,471570095001027
1179.639,35.0854368,-89.89541919999999,ChIJf5cc-VKEf4gRF-lYLgijYQQ,OK,91713,471570095002019
1179.639,35.0854368,-89.89541919999999,ChIJf5cc-VKEf4gRF-lYLgijYQQ,OK,91713,471570095002019
3593.116,35.1145886,-89.90089789999999,ChIJKWmlFW6Ef4gR0YNISWQMkss,OK,245204,471570095002019
900.855,35.0854368,-89.89541919999999,ChIJf5cc-VKEf4gRF-lYLgijYQQ,OK,60603,471570095004015
900.855,35.0854368,-89.89541919999999,ChIJf5cc-VKEf4gRF-lYLgijYQQ,OK,60603,471570095004015
4157.957,35.0612606,-89.88628629999999,ChIJAQ_I1gqFf4gRFrt5yQeAEps,OK,251452,471570095004015
1406.933,35.0854368,-89.89541919999999,ChIJf5cc-VKEf4gRF-lYLgijYQQ,OK,94393,471570095004014
1406.933,35.0854368,-89.89541919999999,ChIJf5cc-VKEf4gRF-lYLgijYQQ,OK,94393,471570095004014
4664.034,35.0612606,-89.88628629999999,ChIJAQ_I1gqFf4gRFrt5yQeAEps,OK,285242,471570095004014
797.298,35.1060329,-90.039159,ChIJ231bcjV81YcRQ1quDeYAd6M,OK,65164,471570059003024
797.298,35.1060329,-90.039159,ChIJ231bcjV81YcRQ1quDeYAd6M,OK,65164,471570059003024
2104.221,35.098685,-90.05664899999999,ChIJ31qwBkJ81YcRk2V5pdmdhrM,OK,130977,471570059003024
268.131,35.1060329,-90.039159,ChIJ231bcjV81YcRQ1quDeYAd6M,OK,24097,471570059002025
268.131,35.1060329,-90.039159,ChIJ231bcjV81YcRQ1quDeYAd6M,OK,24097,471570059002025
2322.657,35.098685,-90.05664899999999,ChIJ31qwBkJ81YcRk2V5pdmdhrM,OK,134757,471570059002025
547.575,35.1060329,-90.039159,ChIJ231bcjV81YcRQ1quDeYAd6M,OK,47752,471570057001002
547.575,35.1060329,-90.039159,ChIJ231bcjV81YcRQ1quDeYAd6M,OK,47752,471570057001002
2272.922,35.098685,-90.05664899999999,ChIJ31qwBkJ81YcRk2V5pdmdhrM,OK,138667,471570057001002
1346.677,35.125222,-90.048147,ChIJ9cKdtid81YcRKs9h6RjzQzw,OK,79731,471570116002031
1348.491,35.1251709,-90.0481695,ChIJybIJtCd81YcR9Otxws-5qCM,OK,79831,471570116002031
1348.491,35.1251709,-90.0481695,ChIJybIJtCd81YcR9Otxws-5qCM,OK,79831,471570116002031
1495.232,35.125222,-90.048147,ChIJ9cKdtid81YcRKs9h6RjzQzw,OK,97357,471570116001029
1495.232,35.125222,-90.048147,ChIJ9cKdtid81YcRKs9h6RjzQzw,OK,97357,471570116001029
1497.046,35.1251709,-90.0481695,ChIJybIJtCd81YcR9Otxws-5qCM,OK,97457,471570116001029
1647.739,35.125222,-90.048147,ChIJ9cKdtid81YcRKs9h6RjzQzw,OK,116542,471570116002026
1647.739,35.125222,-90.048147,ChIJ9cKdtid81YcRKs9h6RjzQzw,OK,116542,471570116002026
1649.553,35.1251709,-90.0481695,ChIJybIJtCd81YcR9Otxws-5qCM,OK,116642,471570116002026
1690.791,35.1157645,-90.022279,ChIJwZqBNMN91YcRRpdDvj5Pcr8,OK,114540,471570116002034
1690.791,35.1157645,-90.022279,ChIJwZqBNMN91YcRRpdDvj5Pcr8,OK,114540,471570116002034
1749.483,35.1251709,-90.0481695,ChIJybIJtCd81YcR9Otxws-5qCM,OK,115208,471570116002034
1251.512,35.1157645,-90.022279,ChIJwZqBNMN91YcRRpdDvj5Pcr8,OK,91359,471570116002022
1251.512,35.1157645,-90.022279,ChIJwZqBNMN91YcRRpdDvj5Pcr8,OK,91359,471570116002022
2093.082,35.1087458,-90.0211918,ChIJe6w2EsF91YcRquzVZc8M0-I,OK,139976,471570116002022
1602.557,35.1251709,-90.0481695,ChIJybIJtCd81YcR9Otxws-5qCM,OK,105357,471570116002036
1789.662,35.1157645,-90.022279,ChIJwZqBNMN91YcRRpdDvj5Pcr8,OK,119916,471570116002036
1789.662,35.1157645,-90.022279,ChIJwZqBNMN91YcRRpdDvj5Pcr8,OK,119916,471570116002036
971.43,35.1060329,-90.039159,ChIJ231bcjV81YcRQ1quDeYAd6M,OK,112309,471570059002008
971.43,35.1060329,-90.039159,ChIJ231bcjV81YcRQ1quDeYAd6M,OK,112309,471570059002008
2148.914,35.125222,-90.048147,ChIJ9cKdtid81YcRKs9h6RjzQzw,OK,146530,471570059002008
836.8,35.1060329,-90.039159,ChIJ231bcjV81YcRQ1quDeYAd6M,OK,92794,471570059002015
836.8,35.1060329,-90.039159,ChIJ231bcjV81YcRQ1quDeYAd6M,OK,92794,471570059002015
2491.057,35.125222,-90.048147,ChIJ9cKdtid81YcRKs9h6RjzQzw,OK,151440,471570059002015
1802.565,35.1145886,-89.90089789999999,ChIJKWmlFW6Ef4gR0YNISWQMkss,OK,119718,471570094001024
1802.565,35.1145886,-89.90089789999999,ChIJKWmlFW6Ef4gR0YNISWQMkss,OK,119718,471570094001024
1772.599,35.1153996,-89.89414069999999,ChIJCb4NOWWEf4gR79YlPQoocW4,OK,125091,471570094001024
1939.967,35.0854368,-89.89541919999999,ChIJf5cc-VKEf4gRF-lYLgijYQQ,OK,126231,471570094001025
1997.196,35.1145886,-89.90089789999999,ChIJKWmlFW6Ef4gR0YNISWQMkss,OK,131858,471570094001025
1997.196,35.1145886,-89.90089789999999,ChIJKWmlFW6Ef4gR0YNISWQMkss,OK,131858,471570094001025
1939.24,35.0854368,-89.89541919999999,ChIJf5cc-VKEf4gRF-lYLgijYQQ,OK,126143,471570095001009
1996.469,35.1145886,-89.90089789999999,ChIJKWmlFW6Ef4gR0YNISWQMkss,OK,131770,471570095001009
1996.469,35.1145886,-89.90089789999999,ChIJKWmlFW6Ef4gR0YNISWQMkss,OK,131770,471570095001009
1807.596,35.1145886,-89.90089789999999,ChIJKWmlFW6Ef4gR0YNISWQMkss,OK,120321,471570095001010
1807.596,35.1145886,-89.90089789999999,ChIJKWmlFW6Ef4gR0YNISWQMkss,OK,120321,471570095001010
1777.63,35.1153996,-89.89414069999999,ChIJCb4NOWWEf4gR79YlPQoocW4,OK,125694,471570095001010
1814.332,35.0854368,-89.89541919999999,ChIJf5cc-VKEf4gRF-lYLgijYQQ,OK,125986,471570094001030
1814.332,35.0854368,-89.89541919999999,ChIJf5cc-VKEf4gRF-lYLgijYQQ,OK,125986,471570094001030
2202.393,35.1145886,-89.90089789999999,ChIJKWmlFW6Ef4gR0YNISWQMkss,OK,141836,471570094001030
1612.125,35.0854368,-89.89541919999999,ChIJf5cc-VKEf4gRF-lYLgijYQQ,OK,106871,471570094001035
1612.125,35.0854368,-89.89541919999999,ChIJf5cc-VKEf4gRF-lYLgijYQQ,OK,106871,471570094001035
2335.349,35.1145886,-89.90089789999999,ChIJKWmlFW6Ef4gR0YNISWQMkss,OK,152454,471570094001035
1521.637,35.0854368,-89.89541919999999,ChIJf5cc-VKEf4gRF-lYLgijYQQ,OK,101269,471570094002000
1521.637,35.0854368,-89.89541919999999,ChIJf5cc-VKEf4gRF-lYLgijYQQ,OK,101269,471570094002000
2420.073,35.1145886,-89.90089789999999,ChIJKWmlFW6Ef4gR0YNISWQMkss,OK,157364,471570094002000
1717.117,35.0854368,-89.89541919999999,ChIJf5cc-VKEf4gRF-lYLgijYQQ,OK,114320,471570094001031
1717.117,35.0854368,-89.89541919999999,ChIJf5cc-VKEf4gRF-lYLgijYQQ,OK,114320,471570094001031
2105.064,35.1145886,-89.90089789999999,ChIJKWmlFW6Ef4gR0YNISWQMkss,OK,134803,471570094001031
1783.649,35.0854368,-89.89541919999999,ChIJf5cc-VKEf4gRF-lYLgijYQQ,OK,117446,471570095001015
1783.649,35.0854368,-89.89541919999999,ChIJf5cc-VKEf4gRF-lYLgijYQQ,OK,117446,471570095001015
2173.33,35.1145886,-89.90089789999999,ChIJKWmlFW6Ef4gR0YNISWQMkss,OK,143019,471570095001015
1497.567,35.0854368,-89.89541919999999,ChIJf5cc-VKEf4gRF-lYLgijYQQ,OK,103938,471570095001019
1497.567,35.0854368,-89.89541919999999,ChIJf5cc-VKEf4gRF-lYLgijYQQ,OK,103938,471570095001019
2313.115,35.1145886,-89.90089789999999,ChIJKWmlFW6Ef4gR0YNISWQMkss,OK,154935,471570095001019
1184.115,35.0854368,-89.89541919999999,ChIJf5cc-VKEf4gRF-lYLgijYQQ,OK,84161,471570095001022
1184.115,35.0854368,-89.89541919999999,ChIJf5cc-VKEf4gRF-lYLgijYQQ,OK,84161,471570095001022
2646.729,35.1145886,-89.90089789999999,ChIJKWmlFW6Ef4gR0YNISWQMkss,OK,179004,471570095001022
1458.581,35.167095,-89.950496,ChIJecYfJgmBf4gRJh-YY67U6V8,OK,98905,471570111001050
1458.581,35.167095,-89.950496,ChIJecYfJgmBf4gRJh-YY67U6V8,OK,98905,471570111001050
1857.8,35.183951,-89.93106899999999,ChIJWQ0EIo-Bf4gR6cuqlCcQuNw,OK,132010,471570111001050
1316.759,35.167095,-89.950496,ChIJecYfJgmBf4gRJh-YY67U6V8,OK,80529,471570011001002
1316.759,35.167095,-89.950496,ChIJecYfJgmBf4gRJh-YY67U6V8,OK,80529,471570011001002
1920.092,35.183951,-89.93106899999999,ChIJWQ0EIo-Bf4gR6cuqlCcQuNw,OK,135868,471570011001002
4763.343,35.1546312,-89.79260459999999,ChIJ8UeuSEecf4gRniit7ubZLtM,OK,274349,471570211351000
4763.343,35.1546312,-89.79260459999999,ChIJ8UeuSEecf4gRniit7ubZLtM,OK,274349,471570211351000
4542.665,35.2044739,-89.76342459999999,ChIJ3XsJxyKef4gRTeWb3lonWsU,OK,324246,471570211351000
2672.957,35.19067459999999,-89.8489943,ChIJ364PGjWdf4gRKbsrGLq8_XQ,OK,192883,471570211113012
3164.96,35.16339899999999,-89.855841,ChIJA_xfkC6Df4gRAjVZwLz1jqA,OK,238890,471570211113012
3164.96,35.16339899999999,-89.855841,ChIJA_xfkC6Df4gRAjVZwLz1jqA,OK,238890,471570211113012
2699.132,35.19067459999999,-89.8489943,ChIJ364PGjWdf4gRKbsrGLq8_XQ,OK,197595,471570211113015
3191.136,35.16339899999999,-89.855841,ChIJA_xfkC6Df4gRAjVZwLz1jqA,OK,243602,471570211113015
3191.136,35.16339899999999,-89.855841,ChIJA_xfkC6Df4gRAjVZwLz1jqA,OK,243602,471570211113015
3336.866,35.1546312,-89.79260459999999,ChIJ8UeuSEecf4gRniit7ubZLtM,OK,188524,471570211351043
3336.866,35.1546312,-89.79260459999999,ChIJ8UeuSEecf4gRniit7ubZLtM,OK,188524,471570211351043
3716.753,35.14868459999999,-89.7948203,ChIJ4w9Lr2qcf4gRHdzl9FciAFM,OK,208024,471570211351043
4484.234,35.1546312,-89.79260459999999,ChIJ8UeuSEecf4gRniit7ubZLtM,OK,258575,471570211351003
4484.234,35.1546312,-89.79260459999999,ChIJ8UeuSEecf4gRniit7ubZLtM,OK,258575,471570211351003
4864.122,35.14868459999999,-89.7948203,ChIJ4w9Lr2qcf4gRHdzl9FciAFM,OK,278075,471570211351003
3032.157,35.1546312,-89.79260459999999,ChIJ8UeuSEecf4gRniit7ubZLtM,OK,174513,471570211351041
3032.157,35.1546312,-89.79260459999999,ChIJ8UeuSEecf4gRniit7ubZLtM,OK,174513,471570211351041
3412.045,35.14868459999999,-89.7948203,ChIJ4w9Lr2qcf4gRHdzl9FciAFM,OK,194013,471570211351041
3341.303,35.1546312,-89.79260459999999,ChIJ8UeuSEecf4gRniit7ubZLtM,OK,211608,471570211351017
3341.303,35.1546312,-89.79260459999999,ChIJ8UeuSEecf4gRniit7ubZLtM,OK,211608,471570211351017
3721.191,35.14868459999999,-89.7948203,ChIJ4w9Lr2qcf4gRHdzl9FciAFM,OK,231108,471570211351017
2443.951,35.16339899999999,-89.855841,ChIJA_xfkC6Df4gRAjVZwLz1jqA,OK,159430,471570211113004
2443.951,35.16339899999999,-89.855841,ChIJA_xfkC6Df4gRAjVZwLz1jqA,OK,159430,471570211113004
2517.334,35.1623785,-89.8566175,ChIJXQHWWS6Df4gRqhH5EQ9H1j0,OK,168289,471570211113004
1270.377,35.167095,-89.950496,ChIJecYfJgmBf4gRJh-YY67U6V8,OK,78463,471570011001005
1270.377,35.167095,-89.950496,ChIJecYfJgmBf4gRJh-YY67U6V8,OK,78463,471570011001005
2002.47,35.183951,-89.93106899999999,ChIJWQ0EIo-Bf4gR6cuqlCcQuNw,OK,140930,471570011001005
1209.002,35.125222,-90.048147,ChIJ9cKdtid81YcRKs9h6RjzQzw,OK,73771,471570114003056
1209.002,35.125222,-90.048147,ChIJ9cKdtid81YcRKs9h6RjzQzw,OK,73771,471570114003056
1210.817,35.1251709,-90.0481695,ChIJybIJtCd81YcR9Otxws-5qCM,OK,73871,471570114003056
497.564,35.13418100000001,-89.98599,ChIJnf1_yraAf4gR9pQmD7CXhgg,OK,30744,471570031002032
497.564,35.13418100000001,-89.98599,ChIJnf1_yraAf4gR9pQmD7CXhgg,OK,30744,471570031002032
1488.97,35.12545849999999,-89.97454169999999,ChIJoyT3HjOHf4gRS6EdHckmff8,OK,85592,471570031002032
4745.269,35.1153996,-89.89414069999999,ChIJCb4NOWWEf4gR79YlPQoocW4,OK,373884,471570213111007
4745.269,35.1153996,-89.89414069999999,ChIJCb4NOWWEf4gR79YlPQoocW4,OK,373884,471570213111007
8984.876,35.16339899999999,-89.855841,ChIJA_xfkC6Df4gRAjVZwLz1jqA,OK,496662,471570213111007
2776.683,35.14868459999999,-89.7948203,ChIJ4w9Lr2qcf4gRHdzl9FciAFM,OK,192541,471570211402026
2776.683,35.14868459999999,-89.7948203,ChIJ4w9Lr2qcf4gRHdzl9FciAFM,OK,192541,471570211402026
3542.845,35.1546312,-89.79260459999999,ChIJ8UeuSEecf4gRniit7ubZLtM,OK,213240,471570211402026
2112.55,35.1157645,-90.022279,ChIJwZqBNMN91YcRRpdDvj5Pcr8,OK,116629,471570046001004
2112.55,35.1157645,-90.022279,ChIJwZqBNMN91YcRRpdDvj5Pcr8,OK,116629,471570046001004
2806.781,35.1444038,-90.0168571,ChIJufYEjhR-1YcREff46W6Lons,OK,163111,471570046001004
1581.128,35.1435177,-90.0539328,ChIJ8VFg1pV-1YcRR9G8p0pZx6U,OK,102136,471570043001048
1901.147,35.1251709,-90.0481695,ChIJybIJtCd81YcR9Otxws-5qCM,OK,119120,471570043001048
1901.147,35.1251709,-90.0481695,ChIJybIJtCd81YcR9Otxws-5qCM,OK,119120,471570043001048
786.468,35.086634,-89.96355199999999,ChIJW0XU3AGHf4gRINnmxvx9m5A,OK,67475,471570081202020
786.468,35.086634,-89.96355199999999,ChIJW0XU3AGHf4gRINnmxvx9m5A,OK,67475,471570081202020
1261.011,35.0904795,-89.96597299999999,ChIJHfaNmAOHf4gR1d8V2K9rfSU,OK,93756,471570081202020
8212.746,35.14868459999999,-89.7948203,ChIJ4w9Lr2qcf4gRHdzl9FciAFM,OK,566079,471570214101028
8212.746,35.14868459999999,-89.7948203,ChIJ4w9Lr2qcf4gRHdzl9FciAFM,OK,566079,471570214101028
11720.324,35.16339899999999,-89.855841,ChIJA_xfkC6Df4gRAjVZwLz1jqA,OK,792071,471570214101028
1463.668,35.1546312,-89.79260459999999,ChIJ8UeuSEecf4gRniit7ubZLtM,OK,127685,471570211374005
1463.668,35.1546312,-89.79260459999999,ChIJ8UeuSEecf4gRniit7ubZLtM,OK,127685,471570211374005
2411.129,35.14868459999999,-89.7948203,ChIJ4w9Lr2qcf4gRHdzl9FciAFM,OK,181237,471570211374005
1183.034,35.093158,-89.93038,ChIJU1HLuoSGf4gRK5KIVLXtvbU,OK,141960,471570118002015
1183.034,35.093158,-89.93038,ChIJU1HLuoSGf4gRK5KIVLXtvbU,OK,141960,471570118002015
2272.615,35.0878609,-89.931612,ChIJ78kLm4aGf4gRhPZ5eF_7ojg,OK,156026,471570118002015
2220.407,35.16339899999999,-89.855841,ChIJA_xfkC6Df4gRAjVZwLz1jqA,OK,153978,471579804001005
2220.407,35.16339899999999,-89.855841,ChIJA_xfkC6Df4gRAjVZwLz1jqA,OK,153978,471579804001005
2295.562,35.1623785,-89.8566175,ChIJXQHWWS6Df4gRqhH5EQ9H1j0,OK,162943,471579804001005
6398.392,35.16339899999999,-89.855841,ChIJA_xfkC6Df4gRAjVZwLz1jqA,OK,404110,471570213111001
6398.392,35.16339899999999,-89.855841,ChIJA_xfkC6Df4gRAjVZwLz1jqA,OK,404110,471570213111001
6473.547,35.1623785,-89.8566175,ChIJXQHWWS6Df4gRqhH5EQ9H1j0,OK,413075,471570213111001
2035.079,35.086634,-89.96355199999999,ChIJW0XU3AGHf4gRINnmxvx9m5A,OK,127365,471570081202003
4945.863,35.1546312,-89.79260459999999,ChIJ8UeuSEecf4gRniit7ubZLtM,OK,363198,471570211381004
2035.079,35.086634,-89.96355199999999,ChIJW0XU3AGHf4gRINnmxvx9m5A,OK,127365,471570081202003
4945.863,35.1546312,-89.79260459999999,ChIJ8UeuSEecf4gRniit7ubZLtM,OK,363198,471570211381004
2298.839,35.0904795,-89.96597299999999,ChIJHfaNmAOHf4gR1d8V2K9rfSU,OK,140853,471570081202003
5893.324,35.14868459999999,-89.7948203,ChIJ4w9Lr2qcf4gRHdzl9FciAFM,OK,416750,471570211381004
1170.836,35.0878609,-89.931612,ChIJ78kLm4aGf4gRhPZ5eF_7ojg,OK,91925,471570118003014
2385.19,35.0757114,-89.9271675,ChIJ-d7FIHmGf4gR6Aa1VQWm0ps,OK,195199,471570118003014
2385.19,35.0757114,-89.9271675,ChIJ-d7FIHmGf4gR6Aa1VQWm0ps,OK,195199,471570118003014
814.014,35.1145886,-89.90089789999999,ChIJKWmlFW6Ef4gR0YNISWQMkss,OK,90317,471570093001005
814.014,35.1145886,-89.90089789999999,ChIJKWmlFW6Ef4gR0YNISWQMkss,OK,90317,471570093001005
1631.782,35.1153996,-89.89414069999999,ChIJCb4NOWWEf4gR79YlPQoocW4,OK,146550,471570093001005
2865.903,35.1546312,-89.79260459999999,ChIJ8UeuSEecf4gRniit7ubZLtM,OK,242129,471570211261007
2865.903,35.1546312,-89.79260459999999,ChIJ8UeuSEecf4gRniit7ubZLtM,OK,242129,471570211261007
3245.791,35.14868459999999,-89.7948203,ChIJ4w9Lr2qcf4gRHdzl9FciAFM,OK,261629,471570211261007
2883.484,35.14868459999999,-89.7948203,ChIJ4w9Lr2qcf4gRHdzl9FciAFM,OK,178366,471570211402029
2883.484,35.14868459999999,-89.7948203,ChIJ4w9Lr2qcf4gRHdzl9FciAFM,OK,178366,471570211402029
3649.646,35.1546312,-89.79260459999999,ChIJ8UeuSEecf4gRniit7ubZLtM,OK,199065,471570211402029
1436.687,35.0757114,-89.9271675,ChIJ-d7FIHmGf4gR6Aa1VQWm0ps,OK,91479,471570106102002
1436.687,35.0757114,-89.9271675,ChIJ-d7FIHmGf4gR6Aa1VQWm0ps,OK,91479,471570106102002
1813.507,35.06591589999999,-89.94154240000002,ChIJTUcfL2qGf4gRH4x-pmmajWw,OK,121816,471570106102002
1691.782,35.086634,-89.96355199999999,ChIJW0XU3AGHf4gRINnmxvx9m5A,OK,91437,471570081203018
1691.782,35.086634,-89.96355199999999,ChIJW0XU3AGHf4gRINnmxvx9m5A,OK,91437,471570081203018
4863.496,35.1153996,-89.89414069999999,ChIJCb4NOWWEf4gR79YlPQoocW4,OK,304601,471570096001003
2166.324,35.0904795,-89.96597299999999,ChIJHfaNmAOHf4gR1d8V2K9rfSU,OK,117718,471570081203018
4863.496,35.1153996,-89.89414069999999,ChIJCb4NOWWEf4gR79YlPQoocW4,OK,304601,471570096001003
5487.563,35.1503395,-89.89321,ChIJRaSiF6KDf4gRNIqqt1VnH58,OK,326348,471570096001003
319.264,35.1145886,-89.90089789999999,ChIJKWmlFW6Ef4gR0YNISWQMkss,OK,21502,471570085002026
319.264,35.1145886,-89.90089789999999,ChIJKWmlFW6Ef4gR0YNISWQMkss,OK,21502,471570085002026
576.771,35.1153996,-89.89414069999999,ChIJCb4NOWWEf4gR79YlPQoocW4,OK,44121,471570085002026
682.031,35.0344414,-89.8319559,ChIJfcC9SguQf4gR_xf02Tpo1-w,OK,38871,471570217461010
682.031,35.0344414,-89.8319559,ChIJfcC9SguQf4gR_xf02Tpo1-w,OK,38871,471570217461010
861.668,35.0220022,-89.82947999999999,ChIJxT9DeWuQf4gRf6HLF5uJHd0,OK,47720,471570217461010
3023.767,35.05113000000001,-89.815021,ChIJAdLMX4iaf4gRUenKpoiyrBc,OK,167974,471570213341015
3023.767,35.05113000000001,-89.815021,ChIJAdLMX4iaf4gRUenKpoiyrBc,OK,167974,471570213341015
3197.688,35.048632,-89.814048,ChIJqY7T64eaf4gRoqZRK7sz4Co,OK,180394,471570213341015
2158.814,35.05113000000001,-89.815021,ChIJAdLMX4iaf4gRUenKpoiyrBc,OK,154381,471570213421035
2158.814,35.05113000000001,-89.815021,ChIJAdLMX4iaf4gRUenKpoiyrBc,OK,154381,471570213421035
2372.956,35.048632,-89.814048,ChIJqY7T64eaf4gRoqZRK7sz4Co,OK,166657,471570213421035
2954.623,35.2051043,-89.79754849999999,ChIJpRDMlY2df4gRQqHmUo_lzmc,OK,181441,471570211421073
2954.623,35.2051043,-89.79754849999999,ChIJpRDMlY2df4gRQqHmUo_lzmc,OK,181441,471570211421073
3419.593,35.2072684,-89.7827147,ChIJKdJ2xvqdf4gRKLRUePlbOOs,OK,238863,471570211421073
2530.492,35.1251709,-90.0481695,ChIJybIJtCd81YcR9Otxws-5qCM,OK,163682,471570043001060
2530.492,35.1251709,-90.0481695,ChIJybIJtCd81YcR9Otxws-5qCM,OK,163682,471570043001060
2532.306,35.125222,-90.048147,ChIJ9cKdtid81YcRKs9h6RjzQzw,OK,163783,471570043001060
2094.832,35.1435177,-90.0539328,ChIJ8VFg1pV-1YcRR9G8p0pZx6U,OK,166431,471570043001058
2094.832,35.1435177,-90.0539328,ChIJ8VFg1pV-1YcRR9G8p0pZx6U,OK,166431,471570043001058
2559.32,35.1251709,-90.0481695,ChIJybIJtCd81YcR9Otxws-5qCM,OK,167140,471570043001058
945.739,35.125222,-90.048147,ChIJ9cKdtid81YcRKs9h6RjzQzw,OK,65918,471570114001039
945.739,35.125222,-90.048147,ChIJ9cKdtid81YcRKs9h6RjzQzw,OK,65918,471570114001039
947.553,35.1251709,-90.0481695,ChIJybIJtCd81YcR9Otxws-5qCM,OK,66018,471570114001039
615.008,35.0757114,-89.9271675,ChIJ-d7FIHmGf4gR6Aa1VQWm0ps,OK,63355,471570106101023
615.008,35.0757114,-89.9271675,ChIJ-d7FIHmGf4gR6Aa1VQWm0ps,OK,63355,471570106101023
902.386,35.0745932,-89.9204618,ChIJPX58KNGFf4gRLgBWAHPwusk,OK,89001,471570106101023
2020.807,35.0878609,-89.931612,ChIJ78kLm4aGf4gRhPZ5eF_7ojg,OK,121242,471570093003007
2267.087,35.0971,-89.9305344,ChIJRd53mZuGf4gRp0fETcD5Y3I,OK,136016,471570093003007
2267.087,35.0971,-89.9305344,ChIJRd53mZuGf4gRp0fETcD5Y3I,OK,136016,471570093003007
1475.475,35.0878609,-89.931612,ChIJ78kLm4aGf4gRhPZ5eF_7ojg,OK,102312,471570097001017
3271.089,35.0757114,-89.9271675,ChIJ-d7FIHmGf4gR6Aa1VQWm0ps,OK,210568,471570097001017
3271.089,35.0757114,-89.9271675,ChIJ-d7FIHmGf4gR6Aa1VQWm0ps,OK,210568,471570097001017
4504.898,35.1546312,-89.79260459999999,ChIJ8UeuSEecf4gRniit7ubZLtM,OK,310284,471570211381025
4504.898,35.1546312,-89.79260459999999,ChIJ8UeuSEecf4gRniit7ubZLtM,OK,310284,471570211381025
5452.359,35.14868459999999,-89.7948203,ChIJ4w9Lr2qcf4gRHdzl9FciAFM,OK,363836,471570211381025
2655.526,35.1546312,-89.79260459999999,ChIJ8UeuSEecf4gRniit7ubZLtM,OK,156273,471570211362021
2655.526,35.1546312,-89.79260459999999,ChIJ8UeuSEecf4gRniit7ubZLtM,OK,156273,471570211362021
3602.988,35.14868459999999,-89.7948203,ChIJ4w9Lr2qcf4gRHdzl9FciAFM,OK,209825,471570211362021
2299.537,35.1546312,-89.79260459999999,ChIJ8UeuSEecf4gRniit7ubZLtM,OK,141361,471570211362062
2299.537,35.1546312,-89.79260459999999,ChIJ8UeuSEecf4gRniit7ubZLtM,OK,141361,471570211362062
3246.999,35.14868459999999,-89.7948203,ChIJ4w9Lr2qcf4gRHdzl9FciAFM,OK,194913,471570211362062
424.693,35.086634,-89.96355199999999,ChIJW0XU3AGHf4gRINnmxvx9m5A,OK,26520,471570081203012
424.693,35.086634,-89.96355199999999,ChIJW0XU3AGHf4gRINnmxvx9m5A,OK,26520,471570081203012
899.235,35.0904795,-89.96597299999999,ChIJHfaNmAOHf4gR1d8V2K9rfSU,OK,52801,471570081203012
2027.903,35.086634,-89.96355199999999,ChIJW0XU3AGHf4gRINnmxvx9m5A,OK,129694,471570082002012
2027.903,35.086634,-89.96355199999999,ChIJW0XU3AGHf4gRINnmxvx9m5A,OK,129694,471570082002012
2477.191,35.093158,-89.93038,ChIJU1HLuoSGf4gRK5KIVLXtvbU,OK,183329,471570082002012
973.616,35.033351,-90.02556199999999,ChIJY7ePKsxi1YcRIP55gZFchMw,OK,63398,471570221111019
973.616,35.033351,-90.02556199999999,ChIJY7ePKsxi1YcRIP55gZFchMw,OK,63398,471570221111019
973.71,35.0333519,-90.02557630000001,ChIJK8z8Ksxi1YcRt8pxxgP2SA4,OK,63403,471570221111019
2202.566,35.0854368,-89.89541919999999,ChIJf5cc-VKEf4gRF-lYLgijYQQ,OK,138404,471570094001028
2202.566,35.0854368,-89.89541919999999,ChIJf5cc-VKEf4gRF-lYLgijYQQ,OK,138404,471570094001028
2429.606,35.1145886,-89.90089789999999,ChIJKWmlFW6Ef4gR0YNISWQMkss,OK,154219,471570094001028
2559.728,35.098685,-90.05664899999999,ChIJ31qwBkJ81YcRk2V5pdmdhrM,OK,153993,471570117001109
2559.728,35.098685,-90.05664899999999,ChIJ31qwBkJ81YcRk2V5pdmdhrM,OK,153993,471570117001109
2948.721,35.095133,-90.05542799999999,ChIJATnUo0J81YcRpbAuNwXeqRw,OK,175537,471570117001109
1935.58,35.1439641,-90.0517892,ChIJL-0zBZR-1YcRj7p5p1WY4-g,OK,158799,471570021001060
1935.58,35.1439641,-90.0517892,ChIJL-0zBZR-1YcRj7p5p1WY4-g,OK,158799,471570021001060
2144.497,35.1450994,-90.0538646,ChIJne6_s5V-1YcRn_LPaqiwhrk,OK,164253,471570021001060
105.563,35.1145886,-89.90089789999999,ChIJKWmlFW6Ef4gR0YNISWQMkss,OK,8680,471570085002023
105.563,35.1145886,-89.90089789999999,ChIJKWmlFW6Ef4gR0YNISWQMkss,OK,8680,471570085002023
790.472,35.1153996,-89.89414069999999,ChIJCb4NOWWEf4gR79YlPQoocW4,OK,56943,471570085002023
846.087,35.1489345,-89.89838259999999,ChIJaTBvX72Df4gRiyFT0LQMnrQ,OK,99208,471570098002011
846.087,35.1489345,-89.89838259999999,ChIJaTBvX72Df4gRiyFT0LQMnrQ,OK,99208,471570098002011
1717.133,35.218332,-90.00299799999999,ChIJfRCGEgGA1YcRsZsWP_dycDI,OK,131669,471570101103004
849.354,35.148225,-89.89748700000001,ChIJC8t095eDf4gRGuXK3FleZyg,OK,99404,471570098002011
1717.133,35.218332,-90.00299799999999,ChIJfRCGEgGA1YcRsZsWP_dycDI,OK,131669,471570101103004
1925.037,35.21475480000001,-90.00354540000001,ChIJF6XvX_9_1YcRD4jlF4jzevw,OK,144143,471570101103004
1533.163,35.062945,-89.90568519999999,ChIJjxj9mL-Ff4gRoOEx9OzDyxs,OK,90156,471570106101006
1533.163,35.062945,-89.90568519999999,ChIJjxj9mL-Ff4gRoOEx9OzDyxs,OK,90156,471570106101006
1519.525,35.063996,-89.90690699999999,ChIJn51vcb-Ff4gRvoXU4r8swrw,OK,104306,471570106101006
2316.923,35.14859919999999,-89.91828060000002,ChIJRflgf-eDf4gRHX_XNYKER-s,OK,169305,471570091002017
2316.923,35.14859919999999,-89.91828060000002,ChIJRflgf-eDf4gRHX_XNYKER-s,OK,169305,471570091002017
2523.658,35.1804299,-89.9263818,ChIJIfvtv4eBf4gRJLjVGBpAzmc,OK,170661,471570091002017
4598.757,35.14868459999999,-89.7948203,ChIJ4w9Lr2qcf4gRHdzl9FciAFM,OK,295720,471570211401001
4598.757,35.14868459999999,-89.7948203,ChIJ4w9Lr2qcf4gRHdzl9FciAFM,OK,295720,471570211401001
5364.919,35.1546312,-89.79260459999999,ChIJ8UeuSEecf4gRniit7ubZLtM,OK,316419,471570211401001
1814.627,35.1251709,-90.0481695,ChIJybIJtCd81YcR9Otxws-5qCM,OK,111132,471570117001066
1814.627,35.1251709,-90.0481695,ChIJybIJtCd81YcR9Otxws-5qCM,OK,111132,471570117001066
1816.441,35.125222,-90.048147,ChIJ9cKdtid81YcRKs9h6RjzQzw,OK,111233,471570117001066
1731.525,35.125222,-90.048147,ChIJ9cKdtid81YcRKs9h6RjzQzw,OK,101033,471570059002000
1733.339,35.1251709,-90.0481695,ChIJybIJtCd81YcR9Otxws-5qCM,OK,101133,471570059002000
1733.339,35.1251709,-90.0481695,ChIJybIJtCd81YcR9Otxws-5qCM,OK,101133,471570059002000
619.984,35.1439641,-90.0517892,ChIJL-0zBZR-1YcRj7p5p1WY4-g,OK,40465,471570114002032
619.984,35.1439641,-90.0517892,ChIJL-0zBZR-1YcRj7p5p1WY4-g,OK,40465,471570114002032
650.675,35.1435177,-90.0539328,ChIJ8VFg1pV-1YcRR9G8p0pZx6U,OK,40744,471570114002032
1073.764,35.0854368,-89.89541919999999,ChIJf5cc-VKEf4gRF-lYLgijYQQ,OK,64574,471570095001021
1073.764,35.0854368,-89.89541919999999,ChIJf5cc-VKEf4gRF-lYLgijYQQ,OK,64574,471570095001021
2540.449,35.1145886,-89.90089789999999,ChIJKWmlFW6Ef4gR0YNISWQMkss,OK,154760,471570095001021
5706.888,35.1439641,-90.0517892,ChIJL-0zBZR-1YcRj7p5p1WY4-g,OK,452129,471570001001023
5706.888,35.1439641,-90.0517892,ChIJL-0zBZR-1YcRj7p5p1WY4-g,OK,452129,471570001001023
5915.805,35.1450994,-90.0538646,ChIJne6_s5V-1YcRn_LPaqiwhrk,OK,457583,471570001001023
2019.651,35.1490317,-90.0140679,ChIJw3q9_xV-1YcRqrte6yBn1CI,OK,130325,471570024001019
2019.651,35.1490317,-90.0140679,ChIJw3q9_xV-1YcRqrte6yBn1CI,OK,130325,471570024001019
2395.66,35.1444038,-90.0168571,ChIJufYEjhR-1YcREff46W6Lons,OK,164107,471570024001019
4515.807,35.222344,-89.97682999999999,ChIJ987Br45_f4gRjwrvnFN8t7k,OK,276352,471570205112023
4515.807,35.222344,-89.97682999999999,ChIJ987Br45_f4gRjwrvnFN8t7k,OK,276352,471570205112023
4916.673,35.2227028,-89.97692290000001,ChIJ987Br45_f4gRMoYIhCny13Q,OK,312484,471570205112023
735.729,35.2051043,-89.79754849999999,ChIJpRDMlY2df4gRQqHmUo_lzmc,OK,78168,471570211132014
735.729,35.2051043,-89.79754849999999,ChIJpRDMlY2df4gRQqHmUo_lzmc,OK,78168,471570211132014
1027.727,35.2071893,-89.79833029999999,ChIJQ0zWJIydf4gRstwjg5hObuM,OK,138681,471570211132014
3596.564,35.1738374,-89.98954379999999,ChIJ_S0BIGOAf4gRU3Ph4W65cOQ,OK,227120,471570004002021
4139.818,35.1490317,-90.0140679,ChIJw3q9_xV-1YcRqrte6yBn1CI,OK,241517,471570004002021
4139.818,35.1490317,-90.0140679,ChIJw3q9_xV-1YcRqrte6yBn1CI,OK,241517,471570004002021
1961.327,35.0854368,-89.89541919999999,ChIJf5cc-VKEf4gRF-lYLgijYQQ,OK,120591,471570093002020
1961.327,35.0854368,-89.89541919999999,ChIJf5cc-VKEf4gRF-lYLgijYQQ,OK,120591,471570093002020
3158.098,35.093158,-89.93038,ChIJU1HLuoSGf4gRK5KIVLXtvbU,OK,204544,471570093002020
1634.664,35.1804299,-89.9263818,ChIJIfvtv4eBf4gRJLjVGBpAzmc,OK,107873,471570088004006
1634.664,35.1804299,-89.9263818,ChIJIfvtv4eBf4gRJLjVGBpAzmc,OK,107873,471570088004006
2590.778,35.183951,-89.93106899999999,ChIJWQ0EIo-Bf4gR6cuqlCcQuNw,OK,186962,471570088004006
951.772,35.0854368,-89.89541919999999,ChIJf5cc-VKEf4gRF-lYLgijYQQ,OK,93969,471570095004021
951.772,35.0854368,-89.89541919999999,ChIJf5cc-VKEf4gRF-lYLgijYQQ,OK,93969,471570095004021
4208.874,35.0612606,-89.88628629999999,ChIJAQ_I1gqFf4gRFrt5yQeAEps,OK,284818,471570095004021
281.104,35.167095,-89.950496,ChIJecYfJgmBf4gRJh-YY67U6V8,OK,29474,471570011002008
281.104,35.167095,-89.950496,ChIJecYfJgmBf4gRJh-YY67U6V8,OK,29474,471570011002008
2030.941,35.14981359999999,-89.94918609999999,ChIJVdGBGRaBf4gRsi89Rzqn8W4,OK,133858,471570011002008
1442.337,35.0225458,-90.0257415,ChIJnc94gMRi1YcRKYztFRuX2Yw,OK,110012,471570221211027
1798.866,35.021381,-90.020287,ChIJnVfwxMBi1YcR65EtGsZDcOY,OK,130498,471570221211027
1798.866,35.021381,-90.020287,ChIJnVfwxMBi1YcR65EtGsZDcOY,OK,130498,471570221211027
5703.107,35.1153996,-89.89414069999999,ChIJCb4NOWWEf4gR79YlPQoocW4,OK,375000,471570213111012
6410.413,35.16339899999999,-89.855841,ChIJA_xfkC6Df4gRAjVZwLz1jqA,OK,415187,471570213111012
6410.413,35.16339899999999,-89.855841,ChIJA_xfkC6Df4gRAjVZwLz1jqA,OK,415187,471570213111012
4539.13,35.2044739,-89.76342459999999,ChIJ3XsJxyKef4gRTeWb3lonWsU,OK,331533,471570211362004
4539.13,35.2044739,-89.76342459999999,ChIJ3XsJxyKef4gRTeWb3lonWsU,OK,331533,471570211362004
5083.933,35.1581502,-89.72609419999999,ChIJL6yctRGff4gRqpalt07WxQs,OK,336582,471570211362004
2726.46,35.2045576,-89.81176689999999,ChIJ8ROix4Kdf4gR4Su-1OwAUMo,OK,170720,471570211121010
2726.46,35.2045576,-89.81176689999999,ChIJ8ROix4Kdf4gR4Su-1OwAUMo,OK,170720,471570211121010
3269.23,35.19067459999999,-89.8489943,ChIJ364PGjWdf4gRKbsrGLq8_XQ,OK,197178,471570211121010
711.024,35.0078094,-89.83044679999999,ChIJpwHMo0eQf4gRIqmNFjWLuW4,OK,39377,471570217542011
711.024,35.0078094,-89.83044679999999,ChIJpwHMo0eQf4gRIqmNFjWLuW4,OK,39377,471570217542011
1551.609,35.0220022,-89.82947999999999,ChIJxT9DeWuQf4gRf6HLF5uJHd0,OK,86977,471570217542011
8044.295,35.16339899999999,-89.855841,ChIJA_xfkC6Df4gRAjVZwLz1jqA,OK,412693,471570213111034
8044.295,35.16339899999999,-89.855841,ChIJA_xfkC6Df4gRAjVZwLz1jqA,OK,412693,471570213111034
8117.678,35.1623785,-89.8566175,ChIJXQHWWS6Df4gRqhH5EQ9H1j0,OK,421552,471570213111034
304.655,35.2064292,-89.73436359999999,ChIJP6qgZdGff4gRQoIww3TX5kM,OK,16313,471570210102000
304.655,35.2064292,-89.73436359999999,ChIJP6qgZdGff4gRQoIww3TX5kM,OK,16313,471570210102000
2966.559,35.2044739,-89.76342459999999,ChIJ3XsJxyKef4gRTeWb3lonWsU,OK,144491,471570210102000
523.939,35.1546312,-89.79260459999999,ChIJ8UeuSEecf4gRniit7ubZLtM,OK,52645,471570211353029
523.939,35.1546312,-89.79260459999999,ChIJ8UeuSEecf4gRniit7ubZLtM,OK,52645,471570211353029
1692.081,35.14868459999999,-89.7948203,ChIJ4w9Lr2qcf4gRHdzl9FciAFM,OK,98916,471570211353029
2540.998,35.2064292,-89.73436359999999,ChIJP6qgZdGff4gRQoIww3TX5kM,OK,161101,471570210101061
2540.998,35.2064292,-89.73436359999999,ChIJP6qgZdGff4gRQoIww3TX5kM,OK,161101,471570210101061
4375.347,35.1581502,-89.72609419999999,ChIJL6yctRGff4gRqpalt07WxQs,OK,283631,471570210101061
2115.234,35.02138900000001,-89.996898,ChIJz3MQkR6If4gRIBgmNH-BQcg,OK,142734,471570221224003
2115.234,35.02138900000001,-89.996898,ChIJz3MQkR6If4gRIBgmNH-BQcg,OK,142734,471570221224003
2216.924,34.9907298,-89.99350899999999,ChIJaR6gqdOJf4gRbmqB7wctwt0,OK,153754,471570221224003
830.461,35.125222,-90.048147,ChIJ9cKdtid81YcRKs9h6RjzQzw,OK,43139,471570114001055
830.461,35.125222,-90.048147,ChIJ9cKdtid81YcRKs9h6RjzQzw,OK,43139,471570114001055
832.275,35.1251709,-90.0481695,ChIJybIJtCd81YcR9Otxws-5qCM,OK,43239,471570114001055
2497.578,35.093591,-90.056624,ChIJgyVl92d81YcRhuRHHckl8Y4,OK,146231,471570053003058
2671.536,35.06128,-90.05978399999999,ChIJm06f8ZV81YcRTjzAsJPcBKY,OK,186371,471570053003058
2671.536,35.06128,-90.05978399999999,ChIJm06f8ZV81YcRTjzAsJPcBKY,OK,186371,471570053003058
191.495,35.00495799999999,-90.0276544,ChIJuXbrrfFi1YcR97C4vX-T9Zk,OK,27467,471570221304002
191.495,35.00495799999999,-90.0276544,ChIJuXbrrfFi1YcR97C4vX-T9Zk,OK,27467,471570221304002
1890.023,34.99227370000001,-90.0232297,ChIJY7HkKF9i1YcRjKJ-3GH9XsM,OK,117369,471570221304002
456.907,35.2051043,-89.79754849999999,ChIJpRDMlY2df4gRQqHmUo_lzmc,OK,45813,471570206321054
456.907,35.2051043,-89.79754849999999,ChIJpRDMlY2df4gRQqHmUo_lzmc,OK,45813,471570206321054
442.845,35.2071893,-89.79833029999999,ChIJQ0zWJIydf4gRstwjg5hObuM,OK,79709,471570206321054
2500.404,35.02753099999999,-90.082077,ChIJK66rdetk1YcRwwxI9gDREks,OK,204487,471570224104001
2500.404,35.02753099999999,-90.082077,ChIJK66rdetk1YcRwwxI9gDREks,OK,204487,471570224104001
3301.476,35.0326981,-90.07589809999999,ChIJ9S1ljalk1YcRvuG-_hbpimA,OK,248853,471570224104001
1841.083,35.02100869999999,-89.8995317,ChIJ-f6gz22Pf4gR-rWEeLgd-68,OK,85745,471570226001194
1841.083,35.02100869999999,-89.8995317,ChIJ-f6gz22Pf4gR-rWEeLgd-68,OK,85745,471570226001194
1852.355,35.0209193,-89.8996561,ChIJxWQfy22Pf4gRlC1jxVU1A2g,OK,86370,471570226001194
3908.408,35.0078094,-89.83044679999999,ChIJpwHMo0eQf4gRIqmNFjWLuW4,OK,237260,471570226001094
4428.638,35.02100869999999,-89.8995317,ChIJ-f6gz22Pf4gR-rWEeLgd-68,OK,266386,471570226001094
4428.638,35.02100869999999,-89.8995317,ChIJ-f6gz22Pf4gR-rWEeLgd-68,OK,266386,471570226001094
860.433,35.0068452,-90.00681259999999,ChIJz3G0Jpti1YcRMCYWHOflqrA,OK,73281,471570221222009
860.433,35.0068452,-90.00681259999999,ChIJz3G0Jpti1YcRMCYWHOflqrA,OK,73281,471570221222009
2246.964,34.993343,-90.00823899999999,ChIJk-nxFn1i1YcRBckohHLWoho,OK,156471,471570221222009
3806.27,35.02100869999999,-89.8995317,ChIJ-f6gz22Pf4gR-rWEeLgd-68,OK,208616,471570226001091
3806.27,35.02100869999999,-89.8995317,ChIJ-f6gz22Pf4gR-rWEeLgd-68,OK,208616,471570226001091
3817.543,35.0209193,-89.8996561,ChIJxWQfy22Pf4gRlC1jxVU1A2g,OK,209241,471570226001091
2178.122,35.02100869999999,-89.8995317,ChIJ-f6gz22Pf4gR-rWEeLgd-68,OK,99765,471570226001175
2178.122,35.02100869999999,-89.8995317,ChIJ-f6gz22Pf4gR-rWEeLgd-68,OK,99765,471570226001175
2189.395,35.0209193,-89.8996561,ChIJxWQfy22Pf4gRlC1jxVU1A2g,OK,100390,471570226001175
517.251,35.00495799999999,-90.0276544,ChIJuXbrrfFi1YcR97C4vX-T9Zk,OK,48821,471570221304005
517.251,35.00495799999999,-90.0276544,ChIJuXbrrfFi1YcR97C4vX-T9Zk,OK,48821,471570221304005
2133.471,34.99227370000001,-90.0232297,ChIJY7HkKF9i1YcRjKJ-3GH9XsM,OK,128847,471570221304005
4094.811,35.0078094,-89.83044679999999,ChIJpwHMo0eQf4gRIqmNFjWLuW4,OK,246647,471570226001199
4094.811,35.0078094,-89.83044679999999,ChIJpwHMo0eQf4gRIqmNFjWLuW4,OK,246647,471570226001199
5454.457,35.0220022,-89.82947999999999,ChIJxT9DeWuQf4gRf6HLF5uJHd0,OK,322637,471570226001199
2797.568,34.9907298,-89.99350899999999,ChIJaR6gqdOJf4gRbmqB7wctwt0,OK,168221,471570219004027
274.754,35.1503395,-89.89321,ChIJRaSiF6KDf4gRNIqqt1VnH58,OK,32970,471570098002017
274.754,35.1503395,-89.89321,ChIJRaSiF6KDf4gRNIqqt1VnH58,OK,32970,471570098002017
847.317,35.1489345,-89.89838259999999,ChIJaTBvX72Df4gRiyFT0LQMnrQ,OK,69544,471570098002017
1231.896,35.148225,-89.89748700000001,ChIJC8t095eDf4gRGuXK3FleZyg,OK,90519,471570086003018
1231.896,35.148225,-89.89748700000001,ChIJC8t095eDf4gRGuXK3FleZyg,OK,90519,471570086003018
1312.442,35.1489345,-89.89838259999999,ChIJaTBvX72Df4gRiyFT0LQMnrQ,OK,95351,471570086003018
1314.375,35.1489345,-89.89838259999999,ChIJaTBvX72Df4gRiyFT0LQMnrQ,OK,155398,471570098001013
1314.375,35.1489345,-89.89838259999999,ChIJaTBvX72Df4gRiyFT0LQMnrQ,OK,155398,471570098001013
1340.102,35.1503395,-89.89321,ChIJRaSiF6KDf4gRNIqqt1VnH58,OK,160805,471570098001013
1267.44,35.1489345,-89.89838259999999,ChIJaTBvX72Df4gRiyFT0LQMnrQ,OK,149768,471570098001021
1267.44,35.1489345,-89.89838259999999,ChIJaTBvX72Df4gRiyFT0LQMnrQ,OK,149768,471570098001021
1270.706,35.148225,-89.89748700000001,ChIJC8t095eDf4gRGuXK3FleZyg,OK,149964,471570098001021
1082.146,35.1489345,-89.89838259999999,ChIJaTBvX72Df4gRiyFT0LQMnrQ,OK,127533,471570098001022
1082.146,35.1489345,-89.89838259999999,ChIJaTBvX72Df4gRiyFT0LQMnrQ,OK,127533,471570098001022
1249.763,35.1503395,-89.89321,ChIJRaSiF6KDf4gRNIqqt1VnH58,OK,149967,471570098001022
967.417,35.1503395,-89.89321,ChIJRaSiF6KDf4gRNIqqt1VnH58,OK,116087,471570098001009
967.417,35.1503395,-89.89321,ChIJRaSiF6KDf4gRNIqqt1VnH58,OK,116087,471570098001009
1046.825,35.1489345,-89.89838259999999,ChIJaTBvX72Df4gRiyFT0LQMnrQ,OK,123295,471570098001009
858.94,35.1503395,-89.89321,ChIJRaSiF6KDf4gRNIqqt1VnH58,OK,103070,471570098001030
858.94,35.1503395,-89.89321,ChIJRaSiF6KDf4gRNIqqt1VnH58,OK,103070,471570098001030
973.378,35.1489345,-89.89838259999999,ChIJaTBvX72Df4gRiyFT0LQMnrQ,OK,114482,471570098001030
682.657,35.1503395,-89.89321,ChIJRaSiF6KDf4gRNIqqt1VnH58,OK,81917,471570098002000
682.657,35.1503395,-89.89321,ChIJRaSiF6KDf4gRNIqqt1VnH58,OK,81917,471570098002000
973.74,35.1489345,-89.89838259999999,ChIJaTBvX72Df4gRiyFT0LQMnrQ,OK,114526,471570098002000
759.707,35.1489345,-89.89838259999999,ChIJaTBvX72Df4gRiyFT0LQMnrQ,OK,88843,471570098002005
759.707,35.1489345,-89.89838259999999,ChIJaTBvX72Df4gRiyFT0LQMnrQ,OK,88843,471570098002005
762.973,35.148225,-89.89748700000001,ChIJC8t095eDf4gRGuXK3FleZyg,OK,89039,471570098002005
763.96,35.1503395,-89.89321,ChIJRaSiF6KDf4gRNIqqt1VnH58,OK,91672,471570098001031
763.96,35.1503395,-89.89321,ChIJRaSiF6KDf4gRNIqqt1VnH58,OK,91672,471570098001031
1336.523,35.1489345,-89.89838259999999,ChIJaTBvX72Df4gRiyFT0LQMnrQ,OK,128246,471570098001031
741.72,35.1503395,-89.89321,ChIJRaSiF6KDf4gRNIqqt1VnH58,OK,89004,471570098001014
741.72,35.1503395,-89.89321,ChIJRaSiF6KDf4gRNIqqt1VnH58,OK,89004,471570098001014
1143.2,35.156962,-89.88851749999999,ChIJaVmJmQmDf4gR3ZGZP7kcoeo,OK,114667,471570098001014
623.501,35.1503395,-89.89321,ChIJRaSiF6KDf4gRNIqqt1VnH58,OK,74818,471570098002006
623.501,35.1503395,-89.89321,ChIJRaSiF6KDf4gRNIqqt1VnH58,OK,74818,471570098002006
1199.33,35.148225,-89.89748700000001,ChIJC8t095eDf4gRGuXK3FleZyg,OK,111588,471570098002006
300.403,35.1489345,-89.89838259999999,ChIJaTBvX72Df4gRiyFT0LQMnrQ,OK,33729,471570098002019
300.403,35.1489345,-89.89838259999999,ChIJaTBvX72Df4gRiyFT0LQMnrQ,OK,33729,471570098002019
303.67,35.148225,-89.89748700000001,ChIJC8t095eDf4gRGuXK3FleZyg,OK,33925,471570098002019
470.864,35.1503395,-89.89321,ChIJRaSiF6KDf4gRNIqqt1VnH58,OK,56502,471570098002008
470.864,35.1503395,-89.89321,ChIJRaSiF6KDf4gRNIqqt1VnH58,OK,56502,471570098002008
544.49,35.1489345,-89.89838259999999,ChIJaTBvX72Df4gRiyFT0LQMnrQ,OK,63018,471570098002008
278.392,35.1503395,-89.89321,ChIJRaSiF6KDf4gRNIqqt1VnH58,OK,33406,471570098002018
278.392,35.1503395,-89.89321,ChIJRaSiF6KDf4gRNIqqt1VnH58,OK,33406,471570098002018
850.954,35.1489345,-89.89838259999999,ChIJaTBvX72Df4gRiyFT0LQMnrQ,OK,69980,471570098002018
295.151,35.1503395,-89.89321,ChIJRaSiF6KDf4gRNIqqt1VnH58,OK,35417,471570098001025
295.151,35.1503395,-89.89321,ChIJRaSiF6KDf4gRNIqqt1VnH58,OK,35417,471570098001025
870.98,35.148225,-89.89748700000001,ChIJC8t095eDf4gRGuXK3FleZyg,OK,72187,471570098001025
1890.198,35.218332,-90.00299799999999,ChIJfRCGEgGA1YcRsZsWP_dycDI,OK,120062,471570101103007
1890.198,35.218332,-90.00299799999999,ChIJfRCGEgGA1YcRsZsWP_dycDI,OK,120062,471570101103007
2098.103,35.21475480000001,-90.00354540000001,ChIJF6XvX_9_1YcRD4jlF4jzevw,OK,132536,471570101103007
581.415,35.0878609,-89.931612,ChIJ78kLm4aGf4gRhPZ5eF_7ojg,OK,62302,471570082004005
581.415,35.0878609,-89.931612,ChIJ78kLm4aGf4gRhPZ5eF_7ojg,OK,62302,471570082004005
760.134,35.093158,-89.93038,ChIJU1HLuoSGf4gRK5KIVLXtvbU,OK,72543,471570082004005
255.052,35.1804299,-89.9263818,ChIJIfvtv4eBf4gRJLjVGBpAzmc,OK,28051,471570089002017
255.052,35.1804299,-89.9263818,ChIJIfvtv4eBf4gRJLjVGBpAzmc,OK,28051,471570089002017
994.981,35.183951,-89.93106899999999,ChIJWQ0EIo-Bf4gR6cuqlCcQuNw,OK,92936,471570089002017
2115.541,35.218332,-90.00299799999999,ChIJfRCGEgGA1YcRsZsWP_dycDI,OK,156061,471570101103005
2115.541,35.218332,-90.00299799999999,ChIJfRCGEgGA1YcRsZsWP_dycDI,OK,156061,471570101103005
2323.446,35.21475480000001,-90.00354540000001,ChIJF6XvX_9_1YcRD4jlF4jzevw,OK,168535,471570101103005
350.671,35.1804299,-89.9263818,ChIJIfvtv4eBf4gRJLjVGBpAzmc,OK,39525,471570089002018
350.671,35.1804299,-89.9263818,ChIJIfvtv4eBf4gRJLjVGBpAzmc,OK,39525,471570089002018
1089.025,35.183951,-89.93106899999999,ChIJWQ0EIo-Bf4gR6cuqlCcQuNw,OK,104220,471570089002018
1166.527,35.218332,-90.00299799999999,ChIJfRCGEgGA1YcRsZsWP_dycDI,OK,103351,471570101102006
1166.527,35.218332,-90.00299799999999,ChIJfRCGEgGA1YcRsZsWP_dycDI,OK,103351,471570101102006
1374.432,35.21475480000001,-90.00354540000001,ChIJF6XvX_9_1YcRD4jlF4jzevw,OK,115825,471570101102006
1475.392,35.21475480000001,-90.00354540000001,ChIJF6XvX_9_1YcRD4jlF4jzevw,OK,112499,471570101105012
1475.392,35.21475480000001,-90.00354540000001,ChIJF6XvX_9_1YcRD4jlF4jzevw,OK,112499,471570101105012
1931.545,35.218332,-90.00299799999999,ChIJfRCGEgGA1YcRsZsWP_dycDI,OK,133678,471570101105012
1561.491,35.21475480000001,-90.00354540000001,ChIJF6XvX_9_1YcRD4jlF4jzevw,OK,110261,471570101105013
1561.491,35.21475480000001,-90.00354540000001,ChIJF6XvX_9_1YcRD4jlF4jzevw,OK,110261,471570101105013
2017.644,35.218332,-90.00299799999999,ChIJfRCGEgGA1YcRsZsWP_dycDI,OK,131440,471570101105013
1366.271,35.218332,-90.00299799999999,ChIJfRCGEgGA1YcRsZsWP_dycDI,OK,89950,471570101105004
1366.271,35.218332,-90.00299799999999,ChIJfRCGEgGA1YcRsZsWP_dycDI,OK,89950,471570101105004
1574.176,35.21475480000001,-90.00354540000001,ChIJF6XvX_9_1YcRD4jlF4jzevw,OK,102424,471570101105004
1054.785,35.218332,-90.00299799999999,ChIJfRCGEgGA1YcRsZsWP_dycDI,OK,63285,471570101105003
1054.785,35.218332,-90.00299799999999,ChIJfRCGEgGA1YcRsZsWP_dycDI,OK,63285,471570101105003
1262.69,35.21475480000001,-90.00354540000001,ChIJF6XvX_9_1YcRD4jlF4jzevw,OK,75759,471570101105003
1616.656,35.22619459999999,-90.0020167,ChIJvTh1mwiA1YcRLLqD5Uxq8Nc,OK,120034,471570101103002
1616.656,35.22619459999999,-90.0020167,ChIJvTh1mwiA1YcRLLqD5Uxq8Nc,OK,120034,471570101103002
1888.207,35.218332,-90.00299799999999,ChIJfRCGEgGA1YcRsZsWP_dycDI,OK,127424,471570101103002
783.603,35.218332,-90.00299799999999,ChIJfRCGEgGA1YcRsZsWP_dycDI,OK,47014,471570101105002
783.603,35.218332,-90.00299799999999,ChIJfRCGEgGA1YcRsZsWP_dycDI,OK,47014,471570101105002
991.507,35.21475480000001,-90.00354540000001,ChIJF6XvX_9_1YcRD4jlF4jzevw,OK,59488,471570101105002
1884.384,35.2044739,-89.76342459999999,ChIJ3XsJxyKef4gRTeWb3lonWsU,OK,163592,471570211411004
1884.384,35.2044739,-89.76342459999999,ChIJ3XsJxyKef4gRTeWb3lonWsU,OK,163592,471570211411004
3574.799,35.2074362,-89.7805166,ChIJ62ATRfudf4gRPIrPAXGVsiQ,OK,295078,471570211411004
437.739,35.218332,-90.00299799999999,ChIJfRCGEgGA1YcRsZsWP_dycDI,OK,33910,471570101102007
437.739,35.218332,-90.00299799999999,ChIJfRCGEgGA1YcRsZsWP_dycDI,OK,33910,471570101102007
645.644,35.21475480000001,-90.00354540000001,ChIJF6XvX_9_1YcRD4jlF4jzevw,OK,46384,471570101102007
874.194,35.218332,-90.00299799999999,ChIJfRCGEgGA1YcRsZsWP_dycDI,OK,79170,471570101102002
874.194,35.218332,-90.00299799999999,ChIJfRCGEgGA1YcRsZsWP_dycDI,OK,79170,471570101102002
1010.274,35.22619459999999,-90.0020167,ChIJvTh1mwiA1YcRLLqD5Uxq8Nc,OK,86332,471570101102002
1296.724,35.054745,-90.007971,ChIJXxyyQlt91YcRhldtWgjSnSE,OK,87649,471570220232014
1296.724,35.054745,-90.007971,ChIJXxyyQlt91YcRhldtWgjSnSE,OK,87649,471570220232014
1862.076,35.05407199999999,-90.00125899999999,ChIJIzdhk1h91YcRZT7cBcBslaM,OK,111082,471570220232014
954.711,35.21475480000001,-90.00354540000001,ChIJF6XvX_9_1YcRD4jlF4jzevw,OK,66574,471570101105010
954.711,35.21475480000001,-90.00354540000001,ChIJF6XvX_9_1YcRD4jlF4jzevw,OK,66574,471570101105010
1353.2,35.218332,-90.00299799999999,ChIJfRCGEgGA1YcRsZsWP_dycDI,OK,90483,471570101105010
1351.657,35.21475480000001,-90.00354540000001,ChIJF6XvX_9_1YcRD4jlF4jzevw,OK,110780,471570101106005
1351.657,35.21475480000001,-90.00354540000001,ChIJF6XvX_9_1YcRD4jlF4jzevw,OK,110780,471570101106005
1750.147,35.218332,-90.00299799999999,ChIJfRCGEgGA1YcRsZsWP_dycDI,OK,134689,471570101106005
2383.646,35.21475480000001,-90.00354540000001,ChIJF6XvX_9_1YcRD4jlF4jzevw,OK,170456,471570101204008
2383.646,35.21475480000001,-90.00354540000001,ChIJF6XvX_9_1YcRD4jlF4jzevw,OK,170456,471570101204008
2782.135,35.218332,-90.00299799999999,ChIJfRCGEgGA1YcRsZsWP_dycDI,OK,194365,471570101204008
1394.569,35.21475480000001,-90.00354540000001,ChIJF6XvX_9_1YcRD4jlF4jzevw,OK,100845,471570101106006
1394.569,35.21475480000001,-90.00354540000001,ChIJF6XvX_9_1YcRD4jlF4jzevw,OK,100845,471570101106006
1850.722,35.218332,-90.00299799999999,ChIJfRCGEgGA1YcRsZsWP_dycDI,OK,122024,471570101106006
1154.363,35.21475480000001,-90.00354540000001,ChIJF6XvX_9_1YcRD4jlF4jzevw,OK,80949,471570101106003
1154.363,35.21475480000001,-90.00354540000001,ChIJF6XvX_9_1YcRD4jlF4jzevw,OK,80949,471570101106003
1552.853,35.218332,-90.00299799999999,ChIJfRCGEgGA1YcRsZsWP_dycDI,OK,104858,471570101106003
686.325,35.218332,-90.00299799999999,ChIJfRCGEgGA1YcRsZsWP_dycDI,OK,63739,471570101105009
686.325,35.218332,-90.00299799999999,ChIJfRCGEgGA1YcRsZsWP_dycDI,OK,63739,471570101105009
572.997,35.1145886,-89.90089789999999,ChIJKWmlFW6Ef4gR0YNISWQMkss,OK,36723,471570094001000
572.997,35.1145886,-89.90089789999999,ChIJKWmlFW6Ef4gR0YNISWQMkss,OK,36723,471570094001000
543.031,35.1153996,-89.89414069999999,ChIJCb4NOWWEf4gR79YlPQoocW4,OK,42096,471570094001000
2020.789,35.1145886,-89.90089789999999,ChIJKWmlFW6Ef4gR0YNISWQMkss,OK,128743,471570094001014
2020.789,35.1145886,-89.90089789999999,ChIJKWmlFW6Ef4gR0YNISWQMkss,OK,128743,471570094001014
1990.823,35.1153996,-89.89414069999999,ChIJCb4NOWWEf4gR79YlPQoocW4,OK,134116,471570094001014
576.44,35.1145886,-89.90089789999999,ChIJKWmlFW6Ef4gR0YNISWQMkss,OK,61808,471570094001002
576.44,35.1145886,-89.90089789999999,ChIJKWmlFW6Ef4gR0YNISWQMkss,OK,61808,471570094001002
1061.819,35.1153996,-89.89414069999999,ChIJCb4NOWWEf4gR79YlPQoocW4,OK,98579,471570094001002
833.808,35.1145886,-89.90089789999999,ChIJKWmlFW6Ef4gR0YNISWQMkss,OK,92692,471570094001007
833.808,35.1145886,-89.90089789999999,ChIJKWmlFW6Ef4gR0YNISWQMkss,OK,92692,471570094001007
1305.369,35.1153996,-89.89414069999999,ChIJCb4NOWWEf4gR79YlPQoocW4,OK,127803,471570094001007
838.349,35.1145886,-89.90089789999999,ChIJKWmlFW6Ef4gR0YNISWQMkss,OK,93236,471570094001006
838.349,35.1145886,-89.90089789999999,ChIJKWmlFW6Ef4gR0YNISWQMkss,OK,93236,471570094001006
1309.91,35.1153996,-89.89414069999999,ChIJCb4NOWWEf4gR79YlPQoocW4,OK,128347,471570094001006
1747.762,35.1153996,-89.89414069999999,ChIJCb4NOWWEf4gR79YlPQoocW4,OK,156285,471570096002018
1747.762,35.1153996,-89.89414069999999,ChIJCb4NOWWEf4gR79YlPQoocW4,OK,156285,471570096002018
2326.538,35.1145886,-89.90089789999999,ChIJKWmlFW6Ef4gR0YNISWQMkss,OK,183838,471570096002018
893.56,35.1153996,-89.89414069999999,ChIJCb4NOWWEf4gR79YlPQoocW4,OK,73329,471570085002020
893.56,35.1153996,-89.89414069999999,ChIJCb4NOWWEf4gR79YlPQoocW4,OK,73329,471570085002020
1472.336,35.1145886,-89.90089789999999,ChIJKWmlFW6Ef4gR0YNISWQMkss,OK,100882,471570085002020
675.691,35.1153996,-89.89414069999999,ChIJCb4NOWWEf4gR79YlPQoocW4,OK,60083,471570085002022
675.691,35.1153996,-89.89414069999999,ChIJCb4NOWWEf4gR79YlPQoocW4,OK,60083,471570085002022
1254.467,35.1145886,-89.90089789999999,ChIJKWmlFW6Ef4gR0YNISWQMkss,OK,87636,471570085002022
837.478,35.1153996,-89.89414069999999,ChIJCb4NOWWEf4gR79YlPQoocW4,OK,66599,471570085002019
837.478,35.1153996,-89.89414069999999,ChIJCb4NOWWEf4gR79YlPQoocW4,OK,66599,471570085002019
1416.254,35.1145886,-89.90089789999999,ChIJKWmlFW6Ef4gR0YNISWQMkss,OK,94152,471570085002019
384.636,35.1153996,-89.89414069999999,ChIJCb4NOWWEf4gR79YlPQoocW4,OK,40550,471570085002017
384.636,35.1153996,-89.89414069999999,ChIJCb4NOWWEf4gR79YlPQoocW4,OK,40550,471570085002017
434.217,35.1145886,-89.90089789999999,ChIJKWmlFW6Ef4gR0YNISWQMkss,OK,44029,471570085002017
852.378,35.1145886,-89.90089789999999,ChIJKWmlFW6Ef4gR0YNISWQMkss,OK,83665,471570094001005
852.378,35.1145886,-89.90089789999999,ChIJKWmlFW6Ef4gR0YNISWQMkss,OK,83665,471570094001005
1026.989,35.1153996,-89.89414069999999,ChIJCb4NOWWEf4gR79YlPQoocW4,OK,94400,471570094001005
1209.315,35.1145886,-89.90089789999999,ChIJKWmlFW6Ef4gR0YNISWQMkss,OK,90611,471570094001012
1209.315,35.1145886,-89.90089789999999,ChIJKWmlFW6Ef4gR0YNISWQMkss,OK,90611,471570094001012
1179.349,35.1153996,-89.89414069999999,ChIJCb4NOWWEf4gR79YlPQoocW4,OK,95984,471570094001012
969.617,35.1145886,-89.90089789999999,ChIJKWmlFW6Ef4gR0YNISWQMkss,OK,108987,471570093001007
969.617,35.1145886,-89.90089789999999,ChIJKWmlFW6Ef4gR0YNISWQMkss,OK,108987,471570093001007
1787.385,35.1153996,-89.89414069999999,ChIJCb4NOWWEf4gR79YlPQoocW4,OK,165220,471570093001007
3039.969,35.0854368,-89.89541919999999,ChIJf5cc-VKEf4gRF-lYLgijYQQ,OK,188022,471570093001016
2598.749,35.1145886,-89.90089789999999,ChIJKWmlFW6Ef4gR0YNISWQMkss,OK,188722,471570093001016
2598.749,35.1145886,-89.90089789999999,ChIJKWmlFW6Ef4gR0YNISWQMkss,OK,188722,471570093001016
3021.106,35.04577219999999,-89.82821469999999,ChIJL-jEaJmaf4gREtYdkYi2nAs,OK,215207,471570213342007
3021.106,35.04577219999999,-89.82821469999999,ChIJL-jEaJmaf4gREtYdkYi2nAs,OK,215207,471570213342007
3291.378,35.0493563,-89.83813929999999,ChIJjRQNzqSaf4gRxmNqB0YAYGM,OK,225288,471570213342007
1904.438,35.1145886,-89.90089789999999,ChIJKWmlFW6Ef4gR0YNISWQMkss,OK,125590,471570094001017
1904.438,35.1145886,-89.90089789999999,ChIJKWmlFW6Ef4gR0YNISWQMkss,OK,125590,471570094001017
1874.472,35.1153996,-89.89414069999999,ChIJCb4NOWWEf4gR79YlPQoocW4,OK,130963,471570094001017
2727.354,35.05113000000001,-89.815021,ChIJAdLMX4iaf4gRUenKpoiyrBc,OK,235186,471570213421017
2727.354,35.05113000000001,-89.815021,ChIJAdLMX4iaf4gRUenKpoiyrBc,OK,235186,471570213421017
2941.496,35.048632,-89.814048,ChIJqY7T64eaf4gRoqZRK7sz4Co,OK,247462,471570213421017
2159.639,35.05113000000001,-89.815021,ChIJAdLMX4iaf4gRUenKpoiyrBc,OK,195513,471570217451004
2333.56,35.048632,-89.814048,ChIJqY7T64eaf4gRoqZRK7sz4Co,OK,207933,471570217451004
2333.56,35.048632,-89.814048,ChIJqY7T64eaf4gRoqZRK7sz4Co,OK,207933,471570217451004
3819.934,35.06128,-90.05978399999999,ChIJm06f8ZV81YcRTjzAsJPcBKY,OK,268331,471570222203004
3819.934,35.06128,-90.05978399999999,ChIJm06f8ZV81YcRTjzAsJPcBKY,OK,268331,471570222203004
3909.115,35.061362,-90.05986399999999,ChIJL_Gh8ZV81YcRDlMHRKqR_IA,OK,276146,471570222203004
1676.913,35.14868459999999,-89.7948203,ChIJ4w9Lr2qcf4gRHdzl9FciAFM,OK,124871,471570211251049
1676.913,35.14868459999999,-89.7948203,ChIJ4w9Lr2qcf4gRHdzl9FciAFM,OK,124871,471570211251049
2443.076,35.1546312,-89.79260459999999,ChIJ8UeuSEecf4gRniit7ubZLtM,OK,145570,471570211251049
553.6,35.2074362,-89.7805166,ChIJ62ATRfudf4gRPIrPAXGVsiQ,OK,69245,471570208321062
553.6,35.2074362,-89.7805166,ChIJ62ATRfudf4gRPIrPAXGVsiQ,OK,69245,471570208321062
1449.342,35.2044739,-89.76342459999999,ChIJ3XsJxyKef4gRTeWb3lonWsU,OK,82738,471570208321062
1131.404,35.2074362,-89.7805166,ChIJ62ATRfudf4gRPIrPAXGVsiQ,OK,121608,471570208321057
1131.404,35.2074362,-89.7805166,ChIJ62ATRfudf4gRPIrPAXGVsiQ,OK,121608,471570208321057
2027.147,35.2044739,-89.76342459999999,ChIJ3XsJxyKef4gRTeWb3lonWsU,OK,135101,471570208321057
865.223,35.2044739,-89.76342459999999,ChIJ3XsJxyKef4gRTeWb3lonWsU,OK,47417,471570208312015
865.223,35.2044739,-89.76342459999999,ChIJ3XsJxyKef4gRTeWb3lonWsU,OK,47417,471570208312015
1202.44,35.2074362,-89.7805166,ChIJ62ATRfudf4gRPIrPAXGVsiQ,OK,103822,471570208312015
322.261,35.2044739,-89.76342459999999,ChIJ3XsJxyKef4gRTeWb3lonWsU,OK,17846,471570208312014
322.261,35.2044739,-89.76342459999999,ChIJ3XsJxyKef4gRTeWb3lonWsU,OK,17846,471570208312014
1778.015,35.2074362,-89.7805166,ChIJ62ATRfudf4gRPIrPAXGVsiQ,OK,136336,471570208312014
957.757,35.051879,-89.95322299999999,ChIJtbdkhjqGf4gRndtG1KtFnTA,OK,70870,471570110101004
957.757,35.051879,-89.95322299999999,ChIJtbdkhjqGf4gRndtG1KtFnTA,OK,70870,471570110101004
3518.842,35.02379430000001,-89.96377079999999,ChIJDVntamKIf4gRlF5S6rdAlgc,OK,224508,471570110101004
1376.474,35.051879,-89.95322299999999,ChIJtbdkhjqGf4gRndtG1KtFnTA,OK,78047,471579801001089
1376.474,35.051879,-89.95322299999999,ChIJtbdkhjqGf4gRndtG1KtFnTA,OK,78047,471579801001089
2810.512,35.02379430000001,-89.96377079999999,ChIJDVntamKIf4gRlF5S6rdAlgc,OK,168630,471579801001089
1217.471,35.051879,-89.95322299999999,ChIJtbdkhjqGf4gRndtG1KtFnTA,OK,68508,471579801001086
1217.471,35.051879,-89.95322299999999,ChIJtbdkhjqGf4gRndtG1KtFnTA,OK,68508,471579801001086
2969.517,35.02379430000001,-89.96377079999999,ChIJDVntamKIf4gRlF5S6rdAlgc,OK,178169,471579801001086
3137.629,35.0461089,-89.7947008,ChIJaZI6O3Oaf4gRqa_eh0DNj_s,OK,234977,471570213424043
3137.629,35.0461089,-89.7947008,ChIJaZI6O3Oaf4gRqa_eh0DNj_s,OK,234977,471570213424043
3255.634,35.045091,-89.795412,ChIJVelsQnOaf4gRECqTW7fq-dY,OK,241512,471570213424043
1733.433,35.05905920000001,-89.9340455,ChIJM89Mbw2Gf4gRFqf4fPnKU7k,OK,140657,471570106202003
1733.433,35.05905920000001,-89.9340455,ChIJM89Mbw2Gf4gRFqf4fPnKU7k,OK,140657,471570106202003
1783.167,35.06591589999999,-89.94154240000002,ChIJTUcfL2qGf4gRH4x-pmmajWw,OK,145581,471570106202003
1651.497,35.1145886,-89.90089789999999,ChIJKWmlFW6Ef4gR0YNISWQMkss,OK,112198,471570094001020
1651.497,35.1145886,-89.90089789999999,ChIJKWmlFW6Ef4gR0YNISWQMkss,OK,112198,471570094001020
1621.531,35.1153996,-89.89414069999999,ChIJCb4NOWWEf4gR79YlPQoocW4,OK,117571,471570094001020
1158.275,35.0326981,-90.07589809999999,ChIJ9S1ljalk1YcRvuG-_hbpimA,OK,125170,471570223302022
1158.275,35.0326981,-90.07589809999999,ChIJ9S1ljalk1YcRvuG-_hbpimA,OK,125170,471570223302022
1267.314,35.02753099999999,-90.082077,ChIJK66rdetk1YcRwwxI9gDREks,OK,131771,471570223302022
2020.186,35.0326981,-90.07589809999999,ChIJ9S1ljalk1YcRvuG-_hbpimA,OK,119442,471570223105017
2020.186,35.0326981,-90.07589809999999,ChIJ9S1ljalk1YcRvuG-_hbpimA,OK,119442,471570223105017
2195.082,35.02753099999999,-90.082077,ChIJK66rdetk1YcRwwxI9gDREks,OK,161611,471570223105017
1583.473,35.1153996,-89.89414069999999,ChIJCb4NOWWEf4gR79YlPQoocW4,OK,117164,471570096003013
1583.473,35.1153996,-89.89414069999999,ChIJCb4NOWWEf4gR79YlPQoocW4,OK,117164,471570096003013
2162.249,35.1145886,-89.90089789999999,ChIJKWmlFW6Ef4gR0YNISWQMkss,OK,144717,471570096003013
2124.987,35.1145886,-89.90089789999999,ChIJKWmlFW6Ef4gR0YNISWQMkss,OK,139033,471570095002000
2124.987,35.1145886,-89.90089789999999,ChIJKWmlFW6Ef4gR0YNISWQMkss,OK,139033,471570095002000
2095.021,35.1153996,-89.89414069999999,ChIJCb4NOWWEf4gR79YlPQoocW4,OK,144406,471570095002000
1459.765,35.0854368,-89.89541919999999,ChIJf5cc-VKEf4gRF-lYLgijYQQ,OK,103322,471570095001017
1459.765,35.0854368,-89.89541919999999,ChIJf5cc-VKEf4gRF-lYLgijYQQ,OK,103322,471570095001017
2767.206,35.1145886,-89.90089789999999,ChIJKWmlFW6Ef4gR0YNISWQMkss,OK,193460,471570095001017
1518.774,35.1153996,-89.89414069999999,ChIJCb4NOWWEf4gR79YlPQoocW4,OK,129844,471570096004001
1518.774,35.1153996,-89.89414069999999,ChIJCb4NOWWEf4gR79YlPQoocW4,OK,129844,471570096004001
2097.55,35.1145886,-89.90089789999999,ChIJKWmlFW6Ef4gR0YNISWQMkss,OK,157397,471570096004001
2213.019,35.0854368,-89.89541919999999,ChIJf5cc-VKEf4gRF-lYLgijYQQ,OK,144595,471570095002007
2202.931,35.1145886,-89.90089789999999,ChIJKWmlFW6Ef4gR0YNISWQMkss,OK,153707,471570095002007
2202.931,35.1145886,-89.90089789999999,ChIJKWmlFW6Ef4gR0YNISWQMkss,OK,153707,471570095002007
1168.364,35.1145886,-89.90089789999999,ChIJKWmlFW6Ef4gR0YNISWQMkss,OK,81291,471570096003018
1168.364,35.1145886,-89.90089789999999,ChIJKWmlFW6Ef4gR0YNISWQMkss,OK,81291,471570096003018
1138.398,35.1153996,-89.89414069999999,ChIJCb4NOWWEf4gR79YlPQoocW4,OK,86664,471570096003018
1327.107,35.0854368,-89.89541919999999,ChIJf5cc-VKEf4gRF-lYLgijYQQ,OK,79777,471570095001016
1327.107,35.0854368,-89.89541919999999,ChIJf5cc-VKEf4gRF-lYLgijYQQ,OK,79777,471570095001016
2865.404,35.1145886,-89.90089789999999,ChIJKWmlFW6Ef4gR0YNISWQMkss,OK,174263,471570095001016
1552.057,35.1153996,-89.89414069999999,ChIJCb4NOWWEf4gR79YlPQoocW4,OK,115118,471570096004005
1552.057,35.1153996,-89.89414069999999,ChIJCb4NOWWEf4gR79YlPQoocW4,OK,115118,471570096004005
1815.871,35.1145886,-89.90089789999999,ChIJKWmlFW6Ef4gR0YNISWQMkss,OK,115381,471570096004005
3787.514,35.1145886,-89.90089789999999,ChIJKWmlFW6Ef4gR0YNISWQMkss,OK,248256,471570096004000
3787.514,35.1145886,-89.90089789999999,ChIJKWmlFW6Ef4gR0YNISWQMkss,OK,248256,471570096004000
2541.033,35.1153996,-89.89414069999999,ChIJCb4NOWWEf4gR79YlPQoocW4,OK,251475,471570096004000
1369.725,35.1145886,-89.90089789999999,ChIJKWmlFW6Ef4gR0YNISWQMkss,OK,84526,471570096004017
1369.725,35.1145886,-89.90089789999999,ChIJKWmlFW6Ef4gR0YNISWQMkss,OK,84526,471570096004017
1339.759,35.1153996,-89.89414069999999,ChIJCb4NOWWEf4gR79YlPQoocW4,OK,89899,471570096004017
1639.241,35.1153996,-89.89414069999999,ChIJCb4NOWWEf4gR79YlPQoocW4,OK,144300,471570096004004
1639.241,35.1153996,-89.89414069999999,ChIJCb4NOWWEf4gR79YlPQoocW4,OK,144300,471570096004004
2218.017,35.1145886,-89.90089789999999,ChIJKWmlFW6Ef4gR0YNISWQMkss,OK,171853,471570096004004
2576.756,35.1145886,-89.90089789999999,ChIJKWmlFW6Ef4gR0YNISWQMkss,OK,204443,471570096004015
2576.756,35.1145886,-89.90089789999999,ChIJKWmlFW6Ef4gR0YNISWQMkss,OK,204443,471570096004015
2546.79,35.1153996,-89.89414069999999,ChIJCb4NOWWEf4gR79YlPQoocW4,OK,209816,471570096004015
2405.979,35.1145886,-89.90089789999999,ChIJKWmlFW6Ef4gR0YNISWQMkss,OK,173812,471570096004014
2405.979,35.1145886,-89.90089789999999,ChIJKWmlFW6Ef4gR0YNISWQMkss,OK,173812,471570096004014
2376.013,35.1153996,-89.89414069999999,ChIJCb4NOWWEf4gR79YlPQoocW4,OK,179185,471570096004014
1990.756,35.1153996,-89.89414069999999,ChIJCb4NOWWEf4gR79YlPQoocW4,OK,186481,471570096004002
1990.756,35.1153996,-89.89414069999999,ChIJCb4NOWWEf4gR79YlPQoocW4,OK,186481,471570096004002
2507.657,35.1145886,-89.90089789999999,ChIJKWmlFW6Ef4gR0YNISWQMkss,OK,196151,471570096004002
2028.014,35.1145886,-89.90089789999999,ChIJKWmlFW6Ef4gR0YNISWQMkss,OK,124022,471570095002004
2028.014,35.1145886,-89.90089789999999,ChIJKWmlFW6Ef4gR0YNISWQMkss,OK,124022,471570095002004
1998.048,35.1153996,-89.89414069999999,ChIJCb4NOWWEf4gR79YlPQoocW4,OK,129395,471570095002004
1927.686,35.0854368,-89.89541919999999,ChIJf5cc-VKEf4gRF-lYLgijYQQ,OK,115811,471570095002005
1927.686,35.0854368,-89.89541919999999,ChIJf5cc-VKEf4gRF-lYLgijYQQ,OK,115811,471570095002005
2264.828,35.1145886,-89.90089789999999,ChIJKWmlFW6Ef4gR0YNISWQMkss,OK,138230,471570095002005
2022.384,35.0854368,-89.89541919999999,ChIJf5cc-VKEf4gRF-lYLgijYQQ,OK,127837,471570095001008
2022.384,35.0854368,-89.89541919999999,ChIJf5cc-VKEf4gRF-lYLgijYQQ,OK,127837,471570095001008
2349.126,35.1145886,-89.90089789999999,ChIJKWmlFW6Ef4gR0YNISWQMkss,OK,152556,471570095001008
2711.211,35.1145886,-89.90089789999999,ChIJKWmlFW6Ef4gR0YNISWQMkss,OK,165010,471570095003005
2681.245,35.1153996,-89.89414069999999,ChIJCb4NOWWEf4gR79YlPQoocW4,OK,170383,471570095003005
2681.245,35.1153996,-89.89414069999999,ChIJCb4NOWWEf4gR79YlPQoocW4,OK,170383,471570095003005
2346.227,35.0854368,-89.89541919999999,ChIJf5cc-VKEf4gRF-lYLgijYQQ,OK,157609,471570095002011
2346.227,35.0854368,-89.89541919999999,ChIJf5cc-VKEf4gRF-lYLgijYQQ,OK,157609,471570095002011
2862.954,35.1145886,-89.90089789999999,ChIJKWmlFW6Ef4gR0YNISWQMkss,OK,190802,471570095002011
2141.695,35.0854368,-89.89541919999999,ChIJf5cc-VKEf4gRF-lYLgijYQQ,OK,137419,471570095002012
2141.695,35.0854368,-89.89541919999999,ChIJf5cc-VKEf4gRF-lYLgijYQQ,OK,137419,471570095002012
2658.421,35.1145886,-89.90089789999999,ChIJKWmlFW6Ef4gR0YNISWQMkss,OK,170612,471570095002012
2198.684,35.0854368,-89.89541919999999,ChIJf5cc-VKEf4gRF-lYLgijYQQ,OK,139904,471570095002017
2198.684,35.0854368,-89.89541919999999,ChIJf5cc-VKEf4gRF-lYLgijYQQ,OK,139904,471570095002017
2715.41,35.1145886,-89.90089789999999,ChIJKWmlFW6Ef4gR0YNISWQMkss,OK,173097,471570095002017
2308.084,35.0854368,-89.89541919999999,ChIJf5cc-VKEf4gRF-lYLgijYQQ,OK,148466,471570095002013
2308.084,35.0854368,-89.89541919999999,ChIJf5cc-VKEf4gRF-lYLgijYQQ,OK,148466,471570095002013
1511.639,35.0745932,-89.9204618,ChIJPX58KNGFf4gRLgBWAHPwusk,OK,109323,471570106101005
1511.639,35.0745932,-89.9204618,ChIJPX58KNGFf4gRLgBWAHPwusk,OK,109323,471570106101005
1825.508,35.062945,-89.90568519999999,ChIJjxj9mL-Ff4gRoOEx9OzDyxs,OK,121656,471570106101005
3644.56,35.054745,-90.007971,ChIJXxyyQlt91YcRhldtWgjSnSE,OK,284194,471570225001014
3644.56,35.054745,-90.007971,ChIJXxyyQlt91YcRhldtWgjSnSE,OK,284194,471570225001014
4076.408,35.05407199999999,-90.00125899999999,ChIJIzdhk1h91YcRZT7cBcBslaM,OK,300233,471570225001014
3603.551,35.0614623,-89.8536277,ChIJ4TWJkTWFf4gRbkNZYfkF9Jw,OK,251783,471570213311019
3603.551,35.0614623,-89.8536277,ChIJ4TWJkTWFf4gRbkNZYfkF9Jw,OK,251783,471570213311019
4772.256,35.0501932,-89.8529489,ChIJJ3DCd1KFf4gRBb2DFEnzV7w,OK,311250,471570213311019
1721.44,35.0841884,-89.97146650000001,ChIJX1vb4AeHf4gRloPQ2o5nDXA,OK,102248,471570078215010
1721.44,35.0841884,-89.97146650000001,ChIJX1vb4AeHf4gRloPQ2o5nDXA,OK,102248,471570078215010
2452.259,35.0643218,-89.9923063,ChIJb3DQuo2Hf4gRC8UI6d4pa68,OK,141929,471570078215010
4956.656,35.0643218,-89.9923063,ChIJb3DQuo2Hf4gRC8UI6d4pa68,OK,285029,471570078215012
4956.656,35.0643218,-89.9923063,ChIJb3DQuo2Hf4gRC8UI6d4pa68,OK,285029,471570078215012
6303.22,35.0841884,-89.97146650000001,ChIJX1vb4AeHf4gRloPQ2o5nDXA,OK,323757,471570078215012
2454.507,35.0841884,-89.97146650000001,ChIJX1vb4AeHf4gRloPQ2o5nDXA,OK,134713,471579801001033
2454.507,35.0841884,-89.97146650000001,ChIJX1vb4AeHf4gRloPQ2o5nDXA,OK,134713,471579801001033
2612.678,35.0643218,-89.9923063,ChIJb3DQuo2Hf4gRC8UI6d4pa68,OK,153782,471579801001033
2839.558,35.0841884,-89.97146650000001,ChIJX1vb4AeHf4gRloPQ2o5nDXA,OK,240752,471570078215007
3813.873,35.0643218,-89.9923063,ChIJb3DQuo2Hf4gRC8UI6d4pa68,OK,289197,471570078215007
3813.873,35.0643218,-89.9923063,ChIJb3DQuo2Hf4gRC8UI6d4pa68,OK,289197,471570078215007
1773.229,35.093591,-90.056624,ChIJgyVl92d81YcRhuRHHckl8Y4,OK,97335,471570222201001
1773.229,35.093591,-90.056624,ChIJgyVl92d81YcRhuRHHckl8Y4,OK,97335,471570222201001
1953.065,35.095133,-90.05542799999999,ChIJATnUo0J81YcRpbAuNwXeqRw,OK,107295,471570222201001
2631.819,35.0614623,-89.8536277,ChIJ4TWJkTWFf4gRbkNZYfkF9Jw,OK,159102,471570213312020
2631.819,35.0614623,-89.8536277,ChIJ4TWJkTWFf4gRbkNZYfkF9Jw,OK,159102,471570213312020
3205.494,35.050596,-89.869556,ChIJQ4vLA2iFf4gRyyCo3ihKH44,OK,186171,471570213312020
120.04,35.0757114,-89.9271675,ChIJ-d7FIHmGf4gR6Aa1VQWm0ps,OK,7202,471570106101009
120.04,35.0757114,-89.9271675,ChIJ-d7FIHmGf4gR6Aa1VQWm0ps,OK,7202,471570106101009
1798.49,35.0878609,-89.931612,ChIJ78kLm4aGf4gRhPZ5eF_7ojg,OK,106608,471570106101009
285.096,35.0757114,-89.9271675,ChIJ-d7FIHmGf4gR6Aa1VQWm0ps,OK,17104,471570106101008
285.096,35.0757114,-89.9271675,ChIJ-d7FIHmGf4gR6Aa1VQWm0ps,OK,17104,471570106101008
936.519,35.0745932,-89.9204618,ChIJPX58KNGFf4gRLgBWAHPwusk,OK,58110,471570106101008
144.149,35.0757114,-89.9271675,ChIJ-d7FIHmGf4gR6Aa1VQWm0ps,OK,8648,471570106101024
144.149,35.0757114,-89.9271675,ChIJ-d7FIHmGf4gR6Aa1VQWm0ps,OK,8648,471570106101024
1822.599,35.0878609,-89.931612,ChIJ78kLm4aGf4gRhPZ5eF_7ojg,OK,108054,471570106101024
1736.298,35.0854368,-89.89541919999999,ChIJf5cc-VKEf4gRF-lYLgijYQQ,OK,109416,471570107201005
2167.442,35.0612606,-89.88628629999999,ChIJAQ_I1gqFf4gRFrt5yQeAEps,OK,130899,471570107201005
2167.442,35.0612606,-89.88628629999999,ChIJAQ_I1gqFf4gRFrt5yQeAEps,OK,130899,471570107201005
1503.222,35.06591589999999,-89.94154240000002,ChIJTUcfL2qGf4gRH4x-pmmajWw,OK,103222,471570105001006
1503.222,35.06591589999999,-89.94154240000002,ChIJTUcfL2qGf4gRH4x-pmmajWw,OK,103222,471570105001006
1837.567,35.086634,-89.96355199999999,ChIJW0XU3AGHf4gRINnmxvx9m5A,OK,110342,471570105001006
1780.982,35.062945,-89.90568519999999,ChIJjxj9mL-Ff4gRoOEx9OzDyxs,OK,111457,471570107101013
1767.344,35.063996,-89.90690699999999,ChIJn51vcb-Ff4gRvoXU4r8swrw,OK,125607,471570107101013
1767.344,35.063996,-89.90690699999999,ChIJn51vcb-Ff4gRvoXU4r8swrw,OK,125607,471570107101013
1866.547,35.0854368,-89.89541919999999,ChIJf5cc-VKEf4gRF-lYLgijYQQ,OK,112136,471570107201004
2297.691,35.0612606,-89.88628629999999,ChIJAQ_I1gqFf4gRFrt5yQeAEps,OK,133619,471570107201004
2297.691,35.0612606,-89.88628629999999,ChIJAQ_I1gqFf4gRFrt5yQeAEps,OK,133619,471570107201004
2765.145,35.0614623,-89.8536277,ChIJ4TWJkTWFf4gRbkNZYfkF9Jw,OK,166415,471570213311027
2765.145,35.0614623,-89.8536277,ChIJ4TWJkTWFf4gRbkNZYfkF9Jw,OK,166415,471570213311027
3615.45,35.0493493,-89.855357,ChIJH2Nw4lGFf4gRq0vxk4n5iAE,OK,214909,471570213311027
8039.413,35.0614623,-89.8536277,ChIJ4TWJkTWFf4gRbkNZYfkF9Jw,OK,451639,471570213312018
8039.413,35.0614623,-89.8536277,ChIJ4TWJkTWFf4gRbkNZYfkF9Jw,OK,451639,471570213312018
8330.212,35.050596,-89.869556,ChIJQ4vLA2iFf4gRyyCo3ihKH44,OK,453848,471570213312018
1866.204,35.1489345,-89.89838259999999,ChIJaTBvX72Df4gRiyFT0LQMnrQ,OK,127361,471570087001014
1866.204,35.1489345,-89.89838259999999,ChIJaTBvX72Df4gRiyFT0LQMnrQ,OK,127361,471570087001014
1946.749,35.148225,-89.89748700000001,ChIJC8t095eDf4gRGuXK3FleZyg,OK,132194,471570087001014
2572.137,35.14981359999999,-89.94918609999999,ChIJVdGBGRaBf4gRsi89Rzqn8W4,OK,129394,471570086001011
2572.137,35.14981359999999,-89.94918609999999,ChIJVdGBGRaBf4gRsi89Rzqn8W4,OK,129394,471570086001011
4654.298,35.14859919999999,-89.91828060000002,ChIJRflgf-eDf4gRHX_XNYKER-s,OK,238874,471570086001011
444.158,35.14859919999999,-89.91828060000002,ChIJRflgf-eDf4gRHX_XNYKER-s,OK,37792,471570086001003
444.158,35.14859919999999,-89.91828060000002,ChIJRflgf-eDf4gRHX_XNYKER-s,OK,37792,471570086001003
2253.336,35.1489345,-89.89838259999999,ChIJaTBvX72Df4gRiyFT0LQMnrQ,OK,144139,471570086001003
839.442,35.14859919999999,-89.91828060000002,ChIJRflgf-eDf4gRHX_XNYKER-s,OK,61824,471570086001005
839.442,35.14859919999999,-89.91828060000002,ChIJRflgf-eDf4gRHX_XNYKER-s,OK,61824,471570086001005
2129.256,35.14981359999999,-89.94918609999999,ChIJVdGBGRaBf4gRsi89Rzqn8W4,OK,137011,471570086001005
1408.249,35.1153996,-89.89414069999999,ChIJCb4NOWWEf4gR79YlPQoocW4,OK,105425,471570096003014
1408.249,35.1153996,-89.89414069999999,ChIJCb4NOWWEf4gR79YlPQoocW4,OK,105425,471570096003014
1987.025,35.1145886,-89.90089789999999,ChIJKWmlFW6Ef4gR0YNISWQMkss,OK,132978,471570096003014
1457.64,35.109859,-89.99141100000001,ChIJs6JbpFyHf4gR9O01gG0a7fQ,OK,81703,471570063002017
1457.64,35.109859,-89.99141100000001,ChIJs6JbpFyHf4gR9O01gG0a7fQ,OK,81703,471570063002017
1753.351,35.1157645,-90.022279,ChIJwZqBNMN91YcRRpdDvj5Pcr8,OK,105191,471570063002017
1491.236,35.1060329,-90.039159,ChIJ231bcjV81YcRQ1quDeYAd6M,OK,142726,471570057002007
1491.236,35.1060329,-90.039159,ChIJ231bcjV81YcRQ1quDeYAd6M,OK,142726,471570057002007
1778.945,35.1087458,-90.0211918,ChIJe6w2EsF91YcRquzVZc8M0-I,OK,156755,471570057002007
8980.061,35.061362,-90.05986399999999,ChIJL_Gh8ZV81YcRDlMHRKqR_IA,OK,497188,471579803001033
11791.261,35.0326981,-90.07589809999999,ChIJ9S1ljalk1YcRvuG-_hbpimA,OK,680949,471579803001033
11791.261,35.0326981,-90.07589809999999,ChIJ9S1ljalk1YcRvuG-_hbpimA,OK,680949,471579803001033
1452.809,35.2060393,-89.89459389999999,ChIJN_fdM1CCf4gRqHZ_YUZgoJo,OK,106879,471570206511005
1452.809,35.2060393,-89.89459389999999,ChIJN_fdM1CCf4gRqHZ_YUZgoJo,OK,106879,471570206511005
1536.549,35.20808669999999,-89.89363879999999,ChIJa1RCwHuCf4gRSSG3nO4uWeI,OK,123131,471570206511005
2919.75,35.14868459999999,-89.7948203,ChIJ4w9Lr2qcf4gRHdzl9FciAFM,OK,196994,471579804001029
2919.75,35.14868459999999,-89.7948203,ChIJ4w9Lr2qcf4gRHdzl9FciAFM,OK,196994,471579804001029
3685.913,35.1546312,-89.79260459999999,ChIJ8UeuSEecf4gRniit7ubZLtM,OK,217693,471579804001029
2248.45,35.1251709,-90.0481695,ChIJybIJtCd81YcR9Otxws-5qCM,OK,157415,471570043001006
2248.45,35.1251709,-90.0481695,ChIJybIJtCd81YcR9Otxws-5qCM,OK,157415,471570043001006
2250.264,35.125222,-90.048147,ChIJ9cKdtid81YcRKs9h6RjzQzw,OK,157516,471570043001006
2092.031,35.1435177,-90.0539328,ChIJ8VFg1pV-1YcRR9G8p0pZx6U,OK,166095,471570043001057
2092.031,35.1435177,-90.0539328,ChIJ8VFg1pV-1YcRR9G8p0pZx6U,OK,166095,471570043001057
2556.52,35.1251709,-90.0481695,ChIJybIJtCd81YcR9Otxws-5qCM,OK,166804,471570043001057
516.416,35.0841884,-89.97146650000001,ChIJX1vb4AeHf4gRloPQ2o5nDXA,OK,39167,471570081204004
516.416,35.0841884,-89.97146650000001,ChIJX1vb4AeHf4gRloPQ2o5nDXA,OK,39167,471570081204004
1784.977,35.0904795,-89.96597299999999,ChIJHfaNmAOHf4gR1d8V2K9rfSU,OK,112724,471570081204004
1810.866,35.167095,-89.950496,ChIJecYfJgmBf4gRJh-YY67U6V8,OK,130186,471570089003033
1843.739,35.183951,-89.93106899999999,ChIJWQ0EIo-Bf4gR6cuqlCcQuNw,OK,141313,471570089003033
1843.739,35.183951,-89.93106899999999,ChIJWQ0EIo-Bf4gR6cuqlCcQuNw,OK,141313,471570089003033
1881.138,35.148225,-89.89748700000001,ChIJC8t095eDf4gRGuXK3FleZyg,OK,134860,471570092004017
1881.138,35.148225,-89.89748700000001,ChIJC8t095eDf4gRGuXK3FleZyg,OK,134860,471570092004017
1961.683,35.1489345,-89.89838259999999,ChIJaTBvX72Df4gRiyFT0LQMnrQ,OK,139692,471570092004017
2925.442,35.093591,-90.056624,ChIJgyVl92d81YcRhuRHHckl8Y4,OK,216171,471570056003038
2925.442,35.093591,-90.056624,ChIJgyVl92d81YcRhuRHHckl8Y4,OK,216171,471570056003038
3105.279,35.095133,-90.05542799999999,ChIJATnUo0J81YcRpbAuNwXeqRw,OK,226131,471570056003038
2307.784,35.054745,-90.007971,ChIJXxyyQlt91YcRhldtWgjSnSE,OK,148743,471570225001055
2307.784,35.054745,-90.007971,ChIJXxyyQlt91YcRhldtWgjSnSE,OK,148743,471570225001055
2739.632,35.05407199999999,-90.00125899999999,ChIJIzdhk1h91YcRZT7cBcBslaM,OK,164782,471570225001055
992.611,35.054745,-90.007971,ChIJXxyyQlt91YcRhldtWgjSnSE,OK,110476,471570220221015
992.611,35.054745,-90.007971,ChIJXxyyQlt91YcRhldtWgjSnSE,OK,110476,471570220221015
1557.963,35.05407199999999,-90.00125899999999,ChIJIzdhk1h91YcRZT7cBcBslaM,OK,133909,471570220221015
2145.913,35.054745,-90.007971,ChIJXxyyQlt91YcRhldtWgjSnSE,OK,137088,471570225001058
2145.913,35.054745,-90.007971,ChIJXxyyQlt91YcRhldtWgjSnSE,OK,137088,471570225001058
2577.761,35.05407199999999,-90.00125899999999,ChIJIzdhk1h91YcRZT7cBcBslaM,OK,153127,471570225001058
6553.108,35.14868459999999,-89.7948203,ChIJ4w9Lr2qcf4gRHdzl9FciAFM,OK,435405,471570211391017
6553.108,35.14868459999999,-89.7948203,ChIJ4w9Lr2qcf4gRHdzl9FciAFM,OK,435405,471570211391017
7319.27,35.1546312,-89.79260459999999,ChIJ8UeuSEecf4gRniit7ubZLtM,OK,456104,471570211391017
4036.306,35.1546312,-89.79260459999999,ChIJ8UeuSEecf4gRniit7ubZLtM,OK,231716,471570211351040
4036.306,35.1546312,-89.79260459999999,ChIJ8UeuSEecf4gRniit7ubZLtM,OK,231716,471570211351040
4416.193,35.14868459999999,-89.7948203,ChIJ4w9Lr2qcf4gRHdzl9FciAFM,OK,251216,471570211351040
495.136,35.1507888,-89.977317,ChIJdVWrOuqAf4gR-V7s1E3qo7g,OK,28546,471570015001039
495.136,35.1507888,-89.977317,ChIJdVWrOuqAf4gR-V7s1E3qo7g,OK,28546,471570015001039
2200.2,35.13418100000001,-89.98599,ChIJnf1_yraAf4gR9pQmD7CXhgg,OK,120512,471570015001039
6176.915,35.14868459999999,-89.7948203,ChIJ4w9Lr2qcf4gRHdzl9FciAFM,OK,421003,471570211391015
6176.915,35.14868459999999,-89.7948203,ChIJ4w9Lr2qcf4gRHdzl9FciAFM,OK,421003,471570211391015
6943.077,35.1546312,-89.79260459999999,ChIJ8UeuSEecf4gRniit7ubZLtM,OK,441702,471570211391015
2987.995,35.1546312,-89.79260459999999,ChIJ8UeuSEecf4gRniit7ubZLtM,OK,201436,471570211361011
2987.995,35.1546312,-89.79260459999999,ChIJ8UeuSEecf4gRniit7ubZLtM,OK,201436,471570211361011
3935.456,35.14868459999999,-89.7948203,ChIJ4w9Lr2qcf4gRHdzl9FciAFM,OK,254988,471570211361011
861.902,35.14868459999999,-89.7948203,ChIJ4w9Lr2qcf4gRHdzl9FciAFM,OK,94604,471570211373003
861.902,35.14868459999999,-89.7948203,ChIJ4w9Lr2qcf4gRHdzl9FciAFM,OK,94604,471570211373003
1961.362,35.1546312,-89.79260459999999,ChIJ8UeuSEecf4gRniit7ubZLtM,OK,155295,471570211373003
2274.106,35.1546312,-89.79260459999999,ChIJ8UeuSEecf4gRniit7ubZLtM,OK,185187,471570211374043
2274.106,35.1546312,-89.79260459999999,ChIJ8UeuSEecf4gRniit7ubZLtM,OK,185187,471570211374043
2057.167,35.14868459999999,-89.7948203,ChIJ4w9Lr2qcf4gRHdzl9FciAFM,OK,192238,471570211374043
3617.127,35.1546312,-89.79260459999999,ChIJ8UeuSEecf4gRniit7ubZLtM,OK,255707,471570211362028
3617.127,35.1546312,-89.79260459999999,ChIJ8UeuSEecf4gRniit7ubZLtM,OK,255707,471570211362028
4564.589,35.14868459999999,-89.7948203,ChIJ4w9Lr2qcf4gRHdzl9FciAFM,OK,309259,471570211362028
7927.387,35.14868459999999,-89.7948203,ChIJ4w9Lr2qcf4gRHdzl9FciAFM,OK,529975,471570211391007
7927.387,35.14868459999999,-89.7948203,ChIJ4w9Lr2qcf4gRHdzl9FciAFM,OK,529975,471570211391007
8693.549,35.1546312,-89.79260459999999,ChIJ8UeuSEecf4gRniit7ubZLtM,OK,550674,471570211391007
4067.885,35.2051043,-89.79754849999999,ChIJpRDMlY2df4gRQqHmUo_lzmc,OK,259018,471570211351007
4404.211,35.1546312,-89.79260459999999,ChIJ8UeuSEecf4gRniit7ubZLtM,OK,274111,471570211351007
4404.211,35.1546312,-89.79260459999999,ChIJ8UeuSEecf4gRniit7ubZLtM,OK,274111,471570211351007
2404.289,35.02379430000001,-89.96377079999999,ChIJDVntamKIf4gRlF5S6rdAlgc,OK,206946,471579801001080
2404.289,35.02379430000001,-89.96377079999999,ChIJDVntamKIf4gRlF5S6rdAlgc,OK,206946,471579801001080
3872.491,35.051879,-89.95322299999999,ChIJtbdkhjqGf4gRndtG1KtFnTA,OK,290497,471579801001080
1010.042,35.0643218,-89.9923063,ChIJb3DQuo2Hf4gRC8UI6d4pa68,OK,85797,471570225001088
1010.042,35.0643218,-89.9923063,ChIJb3DQuo2Hf4gRC8UI6d4pa68,OK,85797,471570225001088
2719.931,35.0841884,-89.97146650000001,ChIJX1vb4AeHf4gRloPQ2o5nDXA,OK,140401,471570225001088
3266.493,35.02138900000001,-89.996898,ChIJz3MQkR6If4gRIBgmNH-BQcg,OK,305765,471579801001058
3266.493,35.02138900000001,-89.996898,ChIJz3MQkR6If4gRIBgmNH-BQcg,OK,305765,471579801001058
3870.317,35.02379430000001,-89.96377079999999,ChIJDVntamKIf4gRlF5S6rdAlgc,OK,340691,471579801001058
1444.367,35.05905920000001,-89.9340455,ChIJM89Mbw2Gf4gRFqf4fPnKU7k,OK,93409,471570110201001
1444.367,35.05905920000001,-89.9340455,ChIJM89Mbw2Gf4gRFqf4fPnKU7k,OK,93409,471570110201001
1657.375,35.0515544,-89.92255089999999,ChIJG_UFGuOFf4gRyHNDzwp5is0,OK,107139,471570110201001
2198.474,35.054745,-90.007971,ChIJXxyyQlt91YcRhldtWgjSnSE,OK,138029,471570225001007
2198.474,35.054745,-90.007971,ChIJXxyyQlt91YcRhldtWgjSnSE,OK,138029,471570225001007
2630.322,35.05407199999999,-90.00125899999999,ChIJIzdhk1h91YcRZT7cBcBslaM,OK,154068,471570225001007
4662.943,35.054745,-90.007971,ChIJXxyyQlt91YcRhldtWgjSnSE,OK,247459,471570225001009
4662.943,35.054745,-90.007971,ChIJXxyyQlt91YcRhldtWgjSnSE,OK,247459,471570225001009
5094.791,35.05407199999999,-90.00125899999999,ChIJIzdhk1h91YcRZT7cBcBslaM,OK,263498,471570225001009
2934.112,35.05407199999999,-90.00125899999999,ChIJIzdhk1h91YcRZT7cBcBslaM,OK,159060,471579801001106
2934.112,35.05407199999999,-90.00125899999999,ChIJIzdhk1h91YcRZT7cBcBslaM,OK,159060,471579801001106
3337.511,35.0643218,-89.9923063,ChIJb3DQuo2Hf4gRC8UI6d4pa68,OK,201331,471579801001106
2672.075,35.0643218,-89.9923063,ChIJb3DQuo2Hf4gRC8UI6d4pa68,OK,161596,471579801001069
2672.075,35.0643218,-89.9923063,ChIJb3DQuo2Hf4gRC8UI6d4pa68,OK,161596,471579801001069
4570.308,35.05407199999999,-90.00125899999999,ChIJIzdhk1h91YcRZT7cBcBslaM,OK,246789,471579801001069
2563.349,35.0643218,-89.9923063,ChIJb3DQuo2Hf4gRC8UI6d4pa68,OK,156004,471579801001070
2563.349,35.0643218,-89.9923063,ChIJb3DQuo2Hf4gRC8UI6d4pa68,OK,156004,471579801001070
4461.583,35.05407199999999,-90.00125899999999,ChIJIzdhk1h91YcRZT7cBcBslaM,OK,241197,471579801001070
4477.688,35.222344,-89.97682999999999,ChIJ987Br45_f4gRjwrvnFN8t7k,OK,285399,471570205112024
4477.688,35.222344,-89.97682999999999,ChIJ987Br45_f4gRjwrvnFN8t7k,OK,285399,471570205112024
4878.555,35.2227028,-89.97692290000001,ChIJ987Br45_f4gRMoYIhCny13Q,OK,321531,471570205112024
813.36,35.17410499999999,-89.97575479999999,ChIJmfYTGFmAf4gRHGKCaD0qCtI,OK,58271,471570008001007
813.36,35.17410499999999,-89.97575479999999,ChIJmfYTGFmAf4gRHGKCaD0qCtI,OK,58271,471570008001007
2051.784,35.1738374,-89.98954379999999,ChIJ_S0BIGOAf4gRU3Ph4W65cOQ,OK,132567,471570008001007
4950.156,35.17410499999999,-89.97575479999999,ChIJmfYTGFmAf4gRHGKCaD0qCtI,OK,264651,471570102206025
4950.156,35.17410499999999,-89.97575479999999,ChIJmfYTGFmAf4gRHGKCaD0qCtI,OK,264651,471570102206025
6188.58,35.1738374,-89.98954379999999,ChIJ_S0BIGOAf4gRU3Ph4W65cOQ,OK,338947,471570102206025
1920.941,35.17410499999999,-89.97575479999999,ChIJmfYTGFmAf4gRHGKCaD0qCtI,OK,113307,471570102206031
1920.941,35.17410499999999,-89.97575479999999,ChIJmfYTGFmAf4gRHGKCaD0qCtI,OK,113307,471570102206031
3159.365,35.1738374,-89.98954379999999,ChIJ_S0BIGOAf4gRU3Ph4W65cOQ,OK,187603,471570102206031
1264.016,35.17410499999999,-89.97575479999999,ChIJmfYTGFmAf4gRHGKCaD0qCtI,OK,75836,471570008001001
1264.016,35.17410499999999,-89.97575479999999,ChIJmfYTGFmAf4gRHGKCaD0qCtI,OK,75836,471570008001001
2502.44,35.1738374,-89.98954379999999,ChIJ_S0BIGOAf4gRU3Ph4W65cOQ,OK,150132,471570008001001
10218.259,35.14868459999999,-89.7948203,ChIJ4w9Lr2qcf4gRHdzl9FciAFM,OK,608656,471570211391024
10218.259,35.14868459999999,-89.7948203,ChIJ4w9Lr2qcf4gRHdzl9FciAFM,OK,608656,471570211391024
10984.421,35.1546312,-89.79260459999999,ChIJ8UeuSEecf4gRniit7ubZLtM,OK,629355,471570211391024
1497.615,35.17410499999999,-89.97575479999999,ChIJmfYTGFmAf4gRHGKCaD0qCtI,OK,99583,471570006001010
1497.615,35.17410499999999,-89.97575479999999,ChIJmfYTGFmAf4gRHGKCaD0qCtI,OK,99583,471570006001010
2736.039,35.1738374,-89.98954379999999,ChIJ_S0BIGOAf4gRU3Ph4W65cOQ,OK,173879,471570006001010
1034.747,35.17410499999999,-89.97575479999999,ChIJmfYTGFmAf4gRHGKCaD0qCtI,OK,99516,471570008002004
1034.747,35.17410499999999,-89.97575479999999,ChIJmfYTGFmAf4gRHGKCaD0qCtI,OK,99516,471570008002004
1410.347,35.1738374,-89.98954379999999,ChIJ_S0BIGOAf4gRU3Ph4W65cOQ,OK,121835,471570008002004
1336.668,35.17410499999999,-89.97575479999999,ChIJmfYTGFmAf4gRHGKCaD0qCtI,OK,114794,471570006001008
1336.668,35.17410499999999,-89.97575479999999,ChIJmfYTGFmAf4gRHGKCaD0qCtI,OK,114794,471570006001008
1709.479,35.1738374,-89.98954379999999,ChIJ_S0BIGOAf4gRU3Ph4W65cOQ,OK,157731,471570006001008
1352.454,35.17410499999999,-89.97575479999999,ChIJmfYTGFmAf4gRHGKCaD0qCtI,OK,89300,471570006001009
1352.454,35.17410499999999,-89.97575479999999,ChIJmfYTGFmAf4gRHGKCaD0qCtI,OK,89300,471570006001009
2590.878,35.1738374,-89.98954379999999,ChIJ_S0BIGOAf4gRU3Ph4W65cOQ,OK,163596,471570006001009
1009.17,35.17410499999999,-89.97575479999999,ChIJmfYTGFmAf4gRHGKCaD0qCtI,OK,75496,471570006001020
1009.17,35.17410499999999,-89.97575479999999,ChIJmfYTGFmAf4gRHGKCaD0qCtI,OK,75496,471570006001020
2247.594,35.1738374,-89.98954379999999,ChIJ_S0BIGOAf4gRU3Ph4W65cOQ,OK,149792,471570006001020
912.229,35.17410499999999,-89.97575479999999,ChIJmfYTGFmAf4gRHGKCaD0qCtI,OK,84814,471570008002002
912.229,35.17410499999999,-89.97575479999999,ChIJmfYTGFmAf4gRHGKCaD0qCtI,OK,84814,471570008002002
1497.521,35.1738374,-89.98954379999999,ChIJ_S0BIGOAf4gRU3Ph4W65cOQ,OK,121644,471570008002002
820.142,35.17410499999999,-89.97575479999999,ChIJmfYTGFmAf4gRHGKCaD0qCtI,OK,65015,471570008002012
820.142,35.17410499999999,-89.97575479999999,ChIJmfYTGFmAf4gRHGKCaD0qCtI,OK,65015,471570008002012
1053.468,35.1738374,-89.98954379999999,ChIJ_S0BIGOAf4gRU3Ph4W65cOQ,OK,79011,471570008002012
1144.951,35.1738374,-89.98954379999999,ChIJ_S0BIGOAf4gRU3Ph4W65cOQ,OK,108935,471570006001041
1144.951,35.1738374,-89.98954379999999,ChIJ_S0BIGOAf4gRU3Ph4W65cOQ,OK,108935,471570006001041
1227.138,35.17410499999999,-89.97575479999999,ChIJmfYTGFmAf4gRHGKCaD0qCtI,OK,110875,471570006001041
1056.073,35.1738374,-89.98954379999999,ChIJ_S0BIGOAf4gRU3Ph4W65cOQ,OK,98271,471570006002000
1056.073,35.1738374,-89.98954379999999,ChIJ_S0BIGOAf4gRU3Ph4W65cOQ,OK,98271,471570006002000
1143.468,35.17410499999999,-89.97575479999999,ChIJmfYTGFmAf4gRHGKCaD0qCtI,OK,100836,471570006002000
637.227,35.17410499999999,-89.97575479999999,ChIJmfYTGFmAf4gRHGKCaD0qCtI,OK,49296,471570008003006
637.227,35.17410499999999,-89.97575479999999,ChIJmfYTGFmAf4gRHGKCaD0qCtI,OK,49296,471570008003006
908.639,35.1738374,-89.98954379999999,ChIJ_S0BIGOAf4gRU3Ph4W65cOQ,OK,65739,471570008003006
2377.445,35.098685,-90.05664899999999,ChIJ31qwBkJ81YcRk2V5pdmdhrM,OK,150836,471570117001113
2377.445,35.098685,-90.05664899999999,ChIJ31qwBkJ81YcRk2V5pdmdhrM,OK,150836,471570117001113
2809.355,35.1251709,-90.0481695,ChIJybIJtCd81YcR9Otxws-5qCM,OK,175566,471570117001113
2555.582,35.095133,-90.05542799999999,ChIJATnUo0J81YcRpbAuNwXeqRw,OK,199397,471570053002013
2716.985,35.098685,-90.05664899999999,ChIJ31qwBkJ81YcRk2V5pdmdhrM,OK,208336,471570053002013
2716.985,35.098685,-90.05664899999999,ChIJ31qwBkJ81YcRk2V5pdmdhrM,OK,208336,471570053002013
1984.623,35.095133,-90.05542799999999,ChIJATnUo0J81YcRpbAuNwXeqRw,OK,147083,471570053002000
2146.026,35.098685,-90.05664899999999,ChIJ31qwBkJ81YcRk2V5pdmdhrM,OK,156022,471570053002000
2146.026,35.098685,-90.05664899999999,ChIJ31qwBkJ81YcRk2V5pdmdhrM,OK,156022,471570053002000
1667.038,35.098685,-90.05664899999999,ChIJ31qwBkJ81YcRk2V5pdmdhrM,OK,106277,471570117001138
1667.038,35.098685,-90.05664899999999,ChIJ31qwBkJ81YcRk2V5pdmdhrM,OK,106277,471570117001138
2056.03,35.095133,-90.05542799999999,ChIJATnUo0J81YcRpbAuNwXeqRw,OK,127821,471570117001138
2944.937,35.093591,-90.056624,ChIJgyVl92d81YcRhuRHHckl8Y4,OK,205833,471570053003018
2944.937,35.093591,-90.056624,ChIJgyVl92d81YcRhuRHHckl8Y4,OK,205833,471570053003018
3124.774,35.095133,-90.05542799999999,ChIJATnUo0J81YcRpbAuNwXeqRw,OK,215793,471570053003018
1238.224,35.1738374,-89.98954379999999,ChIJ_S0BIGOAf4gRU3Ph4W65cOQ,OK,98030,471570007001017
1238.224,35.1738374,-89.98954379999999,ChIJ_S0BIGOAf4gRU3Ph4W65cOQ,OK,98030,471570007001017
2596.638,35.1507888,-89.977317,ChIJdVWrOuqAf4gR-V7s1E3qo7g,OK,171572,471570007001017
3679.619,35.1439641,-90.0517892,ChIJL-0zBZR-1YcRj7p5p1WY4-g,OK,263550,471570001003040
3679.619,35.1439641,-90.0517892,ChIJL-0zBZR-1YcRj7p5p1WY4-g,OK,263550,471570001003040
3888.535,35.1450994,-90.0538646,ChIJne6_s5V-1YcRn_LPaqiwhrk,OK,269004,471570001003040
394.951,35.13763670000001,-90.00757159999999,ChIJl69WLQV-1YcRU3z7Tt2MyhY,OK,33963,471570034001000
394.951,35.13763670000001,-90.00757159999999,ChIJl69WLQV-1YcRU3z7Tt2MyhY,OK,33963,471570034001000
503.733,35.139426,-90.00714049999999,ChIJC-6kIBt-1YcRA1cskDtjsVc,OK,47016,471570034001000
339.227,35.13774119999999,-89.99713,ChIJtwtohKiAf4gRFxkNLUf9PgA,OK,40705,471570032001003
339.227,35.13774119999999,-89.99713,ChIJtwtohKiAf4gRFxkNLUf9PgA,OK,40705,471570032001003
1113.28,35.142439,-90.006118,ChIJeUPo2Rt-1YcRdoG2a54M-d0,OK,77836,471570032001003
1269.399,35.13774119999999,-89.99713,ChIJtwtohKiAf4gRFxkNLUf9PgA,OK,90129,471570033002006
1269.399,35.13774119999999,-89.99713,ChIJtwtohKiAf4gRFxkNLUf9PgA,OK,90129,471570033002006
1339.09,35.13763670000001,-90.00757159999999,ChIJl69WLQV-1YcRU3z7Tt2MyhY,OK,116011,471570033002006
2085.886,35.1157645,-90.022279,ChIJwZqBNMN91YcRRpdDvj5Pcr8,OK,159837,471570062001006
2085.886,35.1157645,-90.022279,ChIJwZqBNMN91YcRRpdDvj5Pcr8,OK,159837,471570062001006
2887.008,35.13763670000001,-90.00757159999999,ChIJl69WLQV-1YcRU3z7Tt2MyhY,OK,206984,471570062001006
332.517,35.086634,-89.96355199999999,ChIJW0XU3AGHf4gRINnmxvx9m5A,OK,19382,471570081201008
332.517,35.086634,-89.96355199999999,ChIJW0XU3AGHf4gRINnmxvx9m5A,OK,19382,471570081201008
807.059,35.0904795,-89.96597299999999,ChIJHfaNmAOHf4gR1d8V2K9rfSU,OK,45663,471570081201008
460.216,35.05407199999999,-90.00125899999999,ChIJIzdhk1h91YcRZT7cBcBslaM,OK,51521,471570220224025
460.216,35.05407199999999,-90.00125899999999,ChIJIzdhk1h91YcRZT7cBcBslaM,OK,51521,471570220224025
1037.426,35.054745,-90.007971,ChIJXxyyQlt91YcRhldtWgjSnSE,OK,91366,471570220224025
688.065,35.054745,-90.007971,ChIJXxyyQlt91YcRhldtWgjSnSE,OK,64632,471570220223019
688.065,35.054745,-90.007971,ChIJXxyyQlt91YcRhldtWgjSnSE,OK,64632,471570220223019
694.336,35.05407199999999,-90.00125899999999,ChIJIzdhk1h91YcRZT7cBcBslaM,OK,79614,471570220223019
845.508,35.05407199999999,-90.00125899999999,ChIJIzdhk1h91YcRZT7cBcBslaM,OK,97753,471570220224004
845.508,35.05407199999999,-90.00125899999999,ChIJIzdhk1h91YcRZT7cBcBslaM,OK,97753,471570220224004
1422.718,35.054745,-90.007971,ChIJXxyyQlt91YcRhldtWgjSnSE,OK,137598,471570220224004
873.052,35.05407199999999,-90.00125899999999,ChIJIzdhk1h91YcRZT7cBcBslaM,OK,68127,471570220225001
873.052,35.05407199999999,-90.00125899999999,ChIJIzdhk1h91YcRZT7cBcBslaM,OK,68127,471570220225001
1564.83,35.054745,-90.007971,ChIJXxyyQlt91YcRhldtWgjSnSE,OK,114316,471570220225001
2862.625,35.02138900000001,-89.996898,ChIJz3MQkR6If4gRIBgmNH-BQcg,OK,190444,471570221123008
2862.625,35.02138900000001,-89.996898,ChIJz3MQkR6If4gRIBgmNH-BQcg,OK,190444,471570221123008
3060.092,35.021384,-90.019407,ChIJk8DCu8Bi1YcRUnUQCgCMr-E,OK,202129,471570221123008
1109.426,35.02138900000001,-89.996898,ChIJz3MQkR6If4gRIBgmNH-BQcg,OK,131221,471570221121010
1109.426,35.02138900000001,-89.996898,ChIJz3MQkR6If4gRIBgmNH-BQcg,OK,131221,471570221121010
3244.718,35.021384,-90.019407,ChIJk8DCu8Bi1YcRUnUQCgCMr-E,OK,250225,471570221121010
224.998,35.0612606,-89.88628629999999,ChIJAQ_I1gqFf4gRFrt5yQeAEps,OK,24730,471570108101000
224.998,35.0612606,-89.88628629999999,ChIJAQ_I1gqFf4gRFrt5yQeAEps,OK,24730,471570108101000
597.907,35.0632829,-89.88727279999999,ChIJvVoQ4QqFf4gRItXZGUDZ-Hc,OK,63030,471570108101000
561.262,35.0501932,-89.8529489,ChIJJ3DCd1KFf4gRBb2DFEnzV7w,OK,63208,471570217321004
561.262,35.0501932,-89.8529489,ChIJJ3DCd1KFf4gRBb2DFEnzV7w,OK,63208,471570217321004
815.853,35.0493493,-89.855357,ChIJH2Nw4lGFf4gRq0vxk4n5iAE,OK,81771,471570217321004
1931.313,35.0493493,-89.855357,ChIJH2Nw4lGFf4gRq0vxk4n5iAE,OK,170765,471570217324005
1931.313,35.0493493,-89.855357,ChIJH2Nw4lGFf4gRq0vxk4n5iAE,OK,170765,471570217324005
2192.843,35.0501932,-89.8529489,ChIJJ3DCd1KFf4gRBb2DFEnzV7w,OK,180776,471570217324005
1227.611,35.0490562,-89.84441600000001,ChIJCUulJK6af4gR7vOP_qSrYdM,OK,85791,471570217462009
1227.611,35.0490562,-89.84441600000001,ChIJCUulJK6af4gR7vOP_qSrYdM,OK,85791,471570217462009
1531.234,35.049031,-89.841437,ChIJt6vl46-af4gRvoN8Yvkmx9A,OK,101081,471570217462009
720.59,35.1060329,-90.039159,ChIJ231bcjV81YcRQ1quDeYAd6M,OK,84237,471570059002014
720.59,35.1060329,-90.039159,ChIJ231bcjV81YcRQ1quDeYAd6M,OK,84237,471570059002014
2580.575,35.125222,-90.048147,ChIJ9cKdtid81YcRKs9h6RjzQzw,OK,167569,471570059002014
680.007,35.1060329,-90.039159,ChIJ231bcjV81YcRQ1quDeYAd6M,OK,79367,471570059002019
680.007,35.1060329,-90.039159,ChIJ231bcjV81YcRQ1quDeYAd6M,OK,79367,471570059002019
1803.599,35.1087458,-90.0211918,ChIJe6w2EsF91YcRquzVZc8M0-I,OK,119014,471570059002019
426.987,35.1060329,-90.039159,ChIJ231bcjV81YcRQ1quDeYAd6M,OK,40510,471570057001000
426.987,35.1060329,-90.039159,ChIJ231bcjV81YcRQ1quDeYAd6M,OK,40510,471570057001000
2393.222,35.098685,-90.05664899999999,ChIJ31qwBkJ81YcRk2V5pdmdhrM,OK,145875,471570057001000
1620.504,35.1497164,-89.95515999999999,ChIJcQb6ehiBf4gR-uA54eRPNq8,OK,107731,471570028002024
1620.504,35.1497164,-89.95515999999999,ChIJcQb6ehiBf4gR-uA54eRPNq8,OK,107731,471570028002024
1970.933,35.14981359999999,-89.94918609999999,ChIJVdGBGRaBf4gRsi89Rzqn8W4,OK,126530,471570028002024
1440.169,35.1497164,-89.95515999999999,ChIJcQb6ehiBf4gR-uA54eRPNq8,OK,100664,471570028002025
1440.169,35.1497164,-89.95515999999999,ChIJcQb6ehiBf4gR-uA54eRPNq8,OK,100664,471570028002025
1806.775,35.1507888,-89.977317,ChIJdVWrOuqAf4gR-V7s1E3qo7g,OK,119350,471570028002025
2488.802,35.1507888,-89.977317,ChIJdVWrOuqAf4gR-V7s1E3qo7g,OK,166449,471570028003001
2488.802,35.1507888,-89.977317,ChIJdVWrOuqAf4gR-V7s1E3qo7g,OK,166449,471570028003001
2421.853,35.1497164,-89.95515999999999,ChIJcQb6ehiBf4gR-uA54eRPNq8,OK,168060,471570028003001
1986.719,35.1507888,-89.977317,ChIJdVWrOuqAf4gR-V7s1E3qo7g,OK,119189,471570028003002
1986.719,35.1507888,-89.977317,ChIJdVWrOuqAf4gR-V7s1E3qo7g,OK,119189,471570028003002
2165.964,35.1497164,-89.95515999999999,ChIJcQb6ehiBf4gR-uA54eRPNq8,OK,132171,471570028003002
1956.33,35.13418100000001,-89.98599,ChIJnf1_yraAf4gR9pQmD7CXhgg,OK,121427,471570031002000
1956.33,35.13418100000001,-89.98599,ChIJnf1_yraAf4gR9pQmD7CXhgg,OK,121427,471570031002000
2121.548,35.12545849999999,-89.97454169999999,ChIJoyT3HjOHf4gRS6EdHckmff8,OK,128401,471570031002000
2220.336,35.13418100000001,-89.98599,ChIJnf1_yraAf4gR9pQmD7CXhgg,OK,134281,471570031001006
2220.336,35.13418100000001,-89.98599,ChIJnf1_yraAf4gR9pQmD7CXhgg,OK,134281,471570031001006
2037.515,35.12545849999999,-89.97454169999999,ChIJoyT3HjOHf4gRS6EdHckmff8,OK,139283,471570031001006
1680.26,35.12545849999999,-89.97454169999999,ChIJoyT3HjOHf4gRS6EdHckmff8,OK,118788,471570030002013
1680.26,35.12545849999999,-89.97454169999999,ChIJoyT3HjOHf4gRS6EdHckmff8,OK,118788,471570030002013
2634.198,35.1507888,-89.977317,ChIJdVWrOuqAf4gR-V7s1E3qo7g,OK,158043,471570030002013
2335.032,35.1507888,-89.977317,ChIJdVWrOuqAf4gR-V7s1E3qo7g,OK,144371,471570028003006
2514.276,35.1497164,-89.95515999999999,ChIJcQb6ehiBf4gR-uA54eRPNq8,OK,157353,471570028003006
2514.276,35.1497164,-89.95515999999999,ChIJcQb6ehiBf4gR-uA54eRPNq8,OK,157353,471570028003006
2183.606,35.1497164,-89.95515999999999,ChIJcQb6ehiBf4gR-uA54eRPNq8,OK,144121,471570028003003
2183.606,35.1497164,-89.95515999999999,ChIJcQb6ehiBf4gR-uA54eRPNq8,OK,144121,471570028003003
2444.265,35.1507888,-89.977317,ChIJdVWrOuqAf4gR-V7s1E3qo7g,OK,156456,471570028003003
2418.341,35.1507888,-89.977317,ChIJdVWrOuqAf4gR-V7s1E3qo7g,OK,149361,471570028003008
2513.916,35.12545849999999,-89.97454169999999,ChIJoyT3HjOHf4gRS6EdHckmff8,OK,156218,471570028003008
2513.916,35.12545849999999,-89.97454169999999,ChIJoyT3HjOHf4gRS6EdHckmff8,OK,156218,471570028003008
1692.122,35.1497164,-89.95515999999999,ChIJcQb6ehiBf4gR-uA54eRPNq8,OK,109827,471570030001007
1692.122,35.1497164,-89.95515999999999,ChIJcQb6ehiBf4gR-uA54eRPNq8,OK,109827,471570030001007
2042.551,35.14981359999999,-89.94918609999999,ChIJVdGBGRaBf4gRsi89Rzqn8W4,OK,128626,471570030001007
2163.268,35.1497164,-89.95515999999999,ChIJcQb6ehiBf4gR-uA54eRPNq8,OK,134971,471570030002009
2163.268,35.1497164,-89.95515999999999,ChIJcQb6ehiBf4gR-uA54eRPNq8,OK,134971,471570030002009
2075.367,35.12545849999999,-89.97454169999999,ChIJoyT3HjOHf4gRS6EdHckmff8,OK,145453,471570030002009
1723.884,35.12545849999999,-89.97454169999999,ChIJoyT3HjOHf4gRS6EdHckmff8,OK,128988,471570030002012
1723.884,35.12545849999999,-89.97454169999999,ChIJoyT3HjOHf4gRS6EdHckmff8,OK,128988,471570030002012
2405.157,35.1497164,-89.95515999999999,ChIJcQb6ehiBf4gR-uA54eRPNq8,OK,155541,471570030002012
2094.422,35.1497164,-89.95515999999999,ChIJcQb6ehiBf4gR-uA54eRPNq8,OK,127880,471570030002010
2094.422,35.1497164,-89.95515999999999,ChIJcQb6ehiBf4gR-uA54eRPNq8,OK,127880,471570030002010
2045.541,35.12545849999999,-89.97454169999999,ChIJoyT3HjOHf4gRS6EdHckmff8,OK,140703,471570030002010
1462.989,35.1497164,-89.95515999999999,ChIJcQb6ehiBf4gR-uA54eRPNq8,OK,92577,471570028002031
1462.989,35.1497164,-89.95515999999999,ChIJcQb6ehiBf4gR-uA54eRPNq8,OK,92577,471570028002031
1813.418,35.14981359999999,-89.94918609999999,ChIJVdGBGRaBf4gRsi89Rzqn8W4,OK,111376,471570028002031
1390.74,35.1497164,-89.95515999999999,ChIJcQb6ehiBf4gR-uA54eRPNq8,OK,101644,471570028002030
1390.74,35.1497164,-89.95515999999999,ChIJcQb6ehiBf4gR-uA54eRPNq8,OK,101644,471570028002030
1741.169,35.14981359999999,-89.94918609999999,ChIJVdGBGRaBf4gRsi89Rzqn8W4,OK,120443,471570028002030
1962.52,35.1497164,-89.95515999999999,ChIJcQb6ehiBf4gR-uA54eRPNq8,OK,128813,471570030001004
1962.52,35.1497164,-89.95515999999999,ChIJcQb6ehiBf4gR-uA54eRPNq8,OK,128813,471570030001004
2312.949,35.14981359999999,-89.94918609999999,ChIJVdGBGRaBf4gRsi89Rzqn8W4,OK,147612,471570030001004
1738.134,35.14981359999999,-89.94918609999999,ChIJVdGBGRaBf4gRsi89Rzqn8W4,OK,120746,471570030001003
1738.134,35.14981359999999,-89.94918609999999,ChIJVdGBGRaBf4gRsi89Rzqn8W4,OK,120746,471570030001003
1882.992,35.1497164,-89.95515999999999,ChIJcQb6ehiBf4gR-uA54eRPNq8,OK,131665,471570030001003
1379.737,35.14981359999999,-89.94918609999999,ChIJVdGBGRaBf4gRsi89Rzqn8W4,OK,94117,471570030001002
1379.737,35.14981359999999,-89.94918609999999,ChIJVdGBGRaBf4gRsi89Rzqn8W4,OK,94117,471570030001002
1062.049,35.1439641,-90.0517892,ChIJL-0zBZR-1YcRj7p5p1WY4-g,OK,62708,471570114001004
1062.049,35.1439641,-90.0517892,ChIJL-0zBZR-1YcRj7p5p1WY4-g,OK,62708,471570114001004
1092.739,35.1435177,-90.0539328,ChIJ8VFg1pV-1YcRR9G8p0pZx6U,OK,62987,471570114001004
1370.348,35.1439641,-90.0517892,ChIJL-0zBZR-1YcRj7p5p1WY4-g,OK,85841,471570114001008
1370.348,35.1439641,-90.0517892,ChIJL-0zBZR-1YcRj7p5p1WY4-g,OK,85841,471570114001008
1401.039,35.1435177,-90.0539328,ChIJ8VFg1pV-1YcRR9G8p0pZx6U,OK,86120,471570114001008
751.818,35.1439641,-90.0517892,ChIJL-0zBZR-1YcRj7p5p1WY4-g,OK,56724,471570114002031
751.818,35.1439641,-90.0517892,ChIJL-0zBZR-1YcRj7p5p1WY4-g,OK,56724,471570114002031
782.508,35.1435177,-90.0539328,ChIJ8VFg1pV-1YcRR9G8p0pZx6U,OK,57003,471570114002031
1139.622,35.1439641,-90.0517892,ChIJL-0zBZR-1YcRj7p5p1WY4-g,OK,74870,471570114001001
1139.622,35.1439641,-90.0517892,ChIJL-0zBZR-1YcRj7p5p1WY4-g,OK,74870,471570114001001
1170.312,35.1435177,-90.0539328,ChIJ8VFg1pV-1YcRR9G8p0pZx6U,OK,75149,471570114001001
862.452,35.1439641,-90.0517892,ChIJL-0zBZR-1YcRj7p5p1WY4-g,OK,49922,471570114003010
862.452,35.1439641,-90.0517892,ChIJL-0zBZR-1YcRj7p5p1WY4-g,OK,49922,471570114003010
893.142,35.1435177,-90.0539328,ChIJ8VFg1pV-1YcRR9G8p0pZx6U,OK,50201,471570114003010
1190.351,35.1439641,-90.0517892,ChIJL-0zBZR-1YcRj7p5p1WY4-g,OK,90661,471570114001010
1190.351,35.1439641,-90.0517892,ChIJL-0zBZR-1YcRj7p5p1WY4-g,OK,90661,471570114001010
1221.041,35.1435177,-90.0539328,ChIJ8VFg1pV-1YcRR9G8p0pZx6U,OK,90940,471570114001010
1384.562,35.1435177,-90.0539328,ChIJ8VFg1pV-1YcRR9G8p0pZx6U,OK,98042,471570042002067
1384.562,35.1435177,-90.0539328,ChIJ8VFg1pV-1YcRR9G8p0pZx6U,OK,98042,471570042002067
1655.249,35.1439641,-90.0517892,ChIJL-0zBZR-1YcRj7p5p1WY4-g,OK,103604,471570042002067
1471.662,35.125222,-90.048147,ChIJ9cKdtid81YcRKs9h6RjzQzw,OK,79603,471570114001009
1643.187,35.1439641,-90.0517892,ChIJL-0zBZR-1YcRj7p5p1WY4-g,OK,94185,471570114001009
1643.187,35.1439641,-90.0517892,ChIJL-0zBZR-1YcRj7p5p1WY4-g,OK,94185,471570114001009
1387.144,35.125222,-90.048147,ChIJ9cKdtid81YcRKs9h6RjzQzw,OK,85444,471570114001020
1543.909,35.1439641,-90.0517892,ChIJL-0zBZR-1YcRj7p5p1WY4-g,OK,103319,471570114001020
1543.909,35.1439641,-90.0517892,ChIJL-0zBZR-1YcRj7p5p1WY4-g,OK,103319,471570114001020
1377.115,35.1439641,-90.0517892,ChIJL-0zBZR-1YcRj7p5p1WY4-g,OK,95253,471570114001028
1377.115,35.1439641,-90.0517892,ChIJL-0zBZR-1YcRj7p5p1WY4-g,OK,95253,471570114001028
1407.805,35.1435177,-90.0539328,ChIJ8VFg1pV-1YcRR9G8p0pZx6U,OK,95532,471570114001028
1444.743,35.1439641,-90.0517892,ChIJL-0zBZR-1YcRj7p5p1WY4-g,OK,85826,471570114001011
1444.743,35.1439641,-90.0517892,ChIJL-0zBZR-1YcRj7p5p1WY4-g,OK,85826,471570114001011
1475.434,35.1435177,-90.0539328,ChIJ8VFg1pV-1YcRR9G8p0pZx6U,OK,86105,471570114001011
1464.954,35.125222,-90.048147,ChIJ9cKdtid81YcRKs9h6RjzQzw,OK,98450,471570114001017
1464.954,35.125222,-90.048147,ChIJ9cKdtid81YcRKs9h6RjzQzw,OK,98450,471570114001017
1466.768,35.1251709,-90.0481695,ChIJybIJtCd81YcR9Otxws-5qCM,OK,98550,471570114001017
1694.299,35.1251709,-90.0481695,ChIJybIJtCd81YcR9Otxws-5qCM,OK,134645,471570043001044
1694.299,35.1251709,-90.0481695,ChIJybIJtCd81YcR9Otxws-5qCM,OK,134645,471570043001044
1696.113,35.125222,-90.048147,ChIJ9cKdtid81YcRKs9h6RjzQzw,OK,134746,471570043001044
1658.907,35.1435177,-90.0539328,ChIJ8VFg1pV-1YcRR9G8p0pZx6U,OK,97457,471570043001045
1658.907,35.1435177,-90.0539328,ChIJ8VFg1pV-1YcRR9G8p0pZx6U,OK,97457,471570043001045
1978.927,35.1251709,-90.0481695,ChIJybIJtCd81YcR9Otxws-5qCM,OK,114441,471570043001045
1407.459,35.1435177,-90.0539328,ChIJ8VFg1pV-1YcRR9G8p0pZx6U,OK,100789,471570042002068
1407.459,35.1435177,-90.0539328,ChIJ8VFg1pV-1YcRR9G8p0pZx6U,OK,100789,471570042002068
1632.351,35.1439641,-90.0517892,ChIJL-0zBZR-1YcRj7p5p1WY4-g,OK,100856,471570042002068
1181.587,35.1439641,-90.0517892,ChIJL-0zBZR-1YcRj7p5p1WY4-g,OK,78706,471570042002055
1181.587,35.1439641,-90.0517892,ChIJL-0zBZR-1YcRj7p5p1WY4-g,OK,78706,471570042002055
1212.278,35.1435177,-90.0539328,ChIJ8VFg1pV-1YcRR9G8p0pZx6U,OK,78985,471570042002055
1558.48,35.1439641,-90.0517892,ChIJL-0zBZR-1YcRj7p5p1WY4-g,OK,95470,471570042002069
1558.48,35.1439641,-90.0517892,ChIJL-0zBZR-1YcRj7p5p1WY4-g,OK,95470,471570042002069
1589.171,35.1435177,-90.0539328,ChIJ8VFg1pV-1YcRR9G8p0pZx6U,OK,95749,471570042002069
1266.417,35.1439641,-90.0517892,ChIJL-0zBZR-1YcRj7p5p1WY4-g,OK,72292,471570042002052
1266.417,35.1439641,-90.0517892,ChIJL-0zBZR-1YcRj7p5p1WY4-g,OK,72292,471570042002052
1297.107,35.1435177,-90.0539328,ChIJ8VFg1pV-1YcRR9G8p0pZx6U,OK,72571,471570042002052
1233.636,35.1439641,-90.0517892,ChIJL-0zBZR-1YcRj7p5p1WY4-g,OK,72955,471570042002053
1233.636,35.1439641,-90.0517892,ChIJL-0zBZR-1YcRj7p5p1WY4-g,OK,72955,471570042002053
1264.326,35.1435177,-90.0539328,ChIJ8VFg1pV-1YcRR9G8p0pZx6U,OK,73234,471570042002053
1754.031,35.1251709,-90.0481695,ChIJybIJtCd81YcR9Otxws-5qCM,OK,115142,471570043001050
1754.031,35.1251709,-90.0481695,ChIJybIJtCd81YcR9Otxws-5qCM,OK,115142,471570043001050
1755.845,35.125222,-90.048147,ChIJ9cKdtid81YcRKs9h6RjzQzw,OK,115243,471570043001050
1257.965,35.1251709,-90.0481695,ChIJybIJtCd81YcR9Otxws-5qCM,OK,69664,471570043001047
1257.965,35.1251709,-90.0481695,ChIJybIJtCd81YcR9Otxws-5qCM,OK,69664,471570043001047
1259.779,35.125222,-90.048147,ChIJ9cKdtid81YcRKs9h6RjzQzw,OK,69765,471570043001047
1088.449,35.1439641,-90.0517892,ChIJL-0zBZR-1YcRj7p5p1WY4-g,OK,62437,471570042002054
1088.449,35.1439641,-90.0517892,ChIJL-0zBZR-1YcRj7p5p1WY4-g,OK,62437,471570042002054
1119.14,35.1435177,-90.0539328,ChIJ8VFg1pV-1YcRR9G8p0pZx6U,OK,62716,471570042002054
1507.222,35.1251709,-90.0481695,ChIJybIJtCd81YcR9Otxws-5qCM,OK,91427,471570114001029
1507.222,35.1251709,-90.0481695,ChIJybIJtCd81YcR9Otxws-5qCM,OK,91427,471570114001029
1509.037,35.125222,-90.048147,ChIJ9cKdtid81YcRKs9h6RjzQzw,OK,91528,471570114001029
1193.856,35.1251709,-90.0481695,ChIJybIJtCd81YcR9Otxws-5qCM,OK,78746,471570043001052
5443.65,35.1439641,-90.0517892,ChIJL-0zBZR-1YcRj7p5p1WY4-g,OK,404746,471570001001028
5443.65,35.1439641,-90.0517892,ChIJL-0zBZR-1YcRj7p5p1WY4-g,OK,404746,471570001001028
5652.566,35.1450994,-90.0538646,ChIJne6_s5V-1YcRn_LPaqiwhrk,OK,410200,471570001001028
5438.175,35.1439641,-90.0517892,ChIJL-0zBZR-1YcRj7p5p1WY4-g,OK,394815,471570001001026
5438.175,35.1439641,-90.0517892,ChIJL-0zBZR-1YcRj7p5p1WY4-g,OK,394815,471570001001026
5647.091,35.1450994,-90.0538646,ChIJne6_s5V-1YcRn_LPaqiwhrk,OK,400269,471570001001026
5384.018,35.1439641,-90.0517892,ChIJL-0zBZR-1YcRj7p5p1WY4-g,OK,385067,471570001001020
5384.018,35.1439641,-90.0517892,ChIJL-0zBZR-1YcRj7p5p1WY4-g,OK,385067,471570001001020
5592.934,35.1450994,-90.0538646,ChIJne6_s5V-1YcRn_LPaqiwhrk,OK,390521,471570001001020
4624.041,35.1439641,-90.0517892,ChIJL-0zBZR-1YcRj7p5p1WY4-g,OK,336551,471570001002023
4624.041,35.1439641,-90.0517892,ChIJL-0zBZR-1YcRj7p5p1WY4-g,OK,336551,471570001002023
4832.957,35.1450994,-90.0538646,ChIJne6_s5V-1YcRn_LPaqiwhrk,OK,342005,471570001002023
5415.682,35.1439641,-90.0517892,ChIJL-0zBZR-1YcRj7p5p1WY4-g,OK,397331,471570001002035
5415.682,35.1439641,-90.0517892,ChIJL-0zBZR-1YcRj7p5p1WY4-g,OK,397331,471570001002035
5624.598,35.1450994,-90.0538646,ChIJne6_s5V-1YcRn_LPaqiwhrk,OK,402785,471570001002035
4152.23,35.1439641,-90.0517892,ChIJL-0zBZR-1YcRj7p5p1WY4-g,OK,302670,471570001002033
4152.23,35.1439641,-90.0517892,ChIJL-0zBZR-1YcRj7p5p1WY4-g,OK,302670,471570001002033
4361.146,35.1450994,-90.0538646,ChIJne6_s5V-1YcRn_LPaqiwhrk,OK,308124,471570001002033
4702.79,35.1439641,-90.0517892,ChIJL-0zBZR-1YcRj7p5p1WY4-g,OK,341650,471570001002025
4702.79,35.1439641,-90.0517892,ChIJL-0zBZR-1YcRj7p5p1WY4-g,OK,341650,471570001002025
4911.707,35.1450994,-90.0538646,ChIJne6_s5V-1YcRn_LPaqiwhrk,OK,347104,471570001002025
750.722,35.1087458,-90.0211918,ChIJe6w2EsF91YcRquzVZc8M0-I,OK,43303,471570115004010
750.722,35.1087458,-90.0211918,ChIJe6w2EsF91YcRquzVZc8M0-I,OK,43303,471570115004010
751.363,35.10874099999999,-90.021185,ChIJrVbiDcF91YcRG9TBOTpHc3I,OK,43380,471570115004010
4824.387,35.1439641,-90.0517892,ChIJL-0zBZR-1YcRj7p5p1WY4-g,OK,369705,471570001002002
4824.387,35.1439641,-90.0517892,ChIJL-0zBZR-1YcRj7p5p1WY4-g,OK,369705,471570001002002
5033.303,35.1450994,-90.0538646,ChIJne6_s5V-1YcRn_LPaqiwhrk,OK,375159,471570001002002
3545.886,35.1439641,-90.0517892,ChIJL-0zBZR-1YcRj7p5p1WY4-g,OK,283750,471570001003063
3545.886,35.1439641,-90.0517892,ChIJL-0zBZR-1YcRj7p5p1WY4-g,OK,283750,471570001003063
3754.802,35.1450994,-90.0538646,ChIJne6_s5V-1YcRn_LPaqiwhrk,OK,289204,471570001003063
1792.037,35.0612606,-89.88628629999999,ChIJAQ_I1gqFf4gRFrt5yQeAEps,OK,126433,471570107202003
1792.037,35.0612606,-89.88628629999999,ChIJAQ_I1gqFf4gRFrt5yQeAEps,OK,126433,471570107202003
1675.437,35.0632829,-89.88727279999999,ChIJvVoQ4QqFf4gRItXZGUDZ-Hc,OK,141860,471570107202003
1804.662,35.0612606,-89.88628629999999,ChIJAQ_I1gqFf4gRFrt5yQeAEps,OK,127948,471570107202002
1804.662,35.0612606,-89.88628629999999,ChIJAQ_I1gqFf4gRFrt5yQeAEps,OK,127948,471570107202002
1688.062,35.0632829,-89.88727279999999,ChIJvVoQ4QqFf4gRItXZGUDZ-Hc,OK,143375,471570107202002
1385.479,35.1927931,-89.86922029999999,ChIJAQAAAMCCf4gRZL0qi0KLjtw,OK,106859,471570206215001
1385.479,35.1927931,-89.86922029999999,ChIJAQAAAMCCf4gRZL0qi0KLjtw,OK,106859,471570206215001
2385.713,35.1835367,-89.8717722,ChIJv1U5XuiCf4gRMlXiIrwnbJo,OK,176131,471570206215001
836.625,35.1835367,-89.8717722,ChIJv1U5XuiCf4gRMlXiIrwnbJo,OK,71972,471570206102002
836.625,35.1835367,-89.8717722,ChIJv1U5XuiCf4gRMlXiIrwnbJo,OK,71972,471570206102002
1684.143,35.1927931,-89.86922029999999,ChIJAQAAAMCCf4gRZL0qi0KLjtw,OK,113745,471570206102002
2541.417,35.1490317,-90.0140679,ChIJw3q9_xV-1YcRqrte6yBn1CI,OK,151834,471570019002020
2541.417,35.1490317,-90.0140679,ChIJw3q9_xV-1YcRqrte6yBn1CI,OK,151834,471570019002020
2856.904,35.1444038,-90.0168571,ChIJufYEjhR-1YcREff46W6Lons,OK,194375,471570019002020
2274.827,35.1444038,-90.0168571,ChIJufYEjhR-1YcREff46W6Lons,OK,165417,471570113001083
2274.827,35.1444038,-90.0168571,ChIJufYEjhR-1YcREff46W6Lons,OK,165417,471570113001083
3083.277,35.1490317,-90.0140679,ChIJw3q9_xV-1YcRqrte6yBn1CI,OK,184113,471570113001083
2117.628,35.1490317,-90.0140679,ChIJw3q9_xV-1YcRqrte6yBn1CI,OK,142081,471570024001028
2117.628,35.1490317,-90.0140679,ChIJw3q9_xV-1YcRqrte6yBn1CI,OK,142081,471570024001028
2296.76,35.1444038,-90.0168571,ChIJufYEjhR-1YcREff46W6Lons,OK,156833,471570024001028
1733.64,35.1444038,-90.0168571,ChIJufYEjhR-1YcREff46W6Lons,OK,109099,471570113001095
1733.64,35.1444038,-90.0168571,ChIJufYEjhR-1YcREff46W6Lons,OK,109099,471570113001095
2381.324,35.1490317,-90.0140679,ChIJw3q9_xV-1YcRqrte6yBn1CI,OK,143033,471570113001095
2002.369,35.1490317,-90.0140679,ChIJw3q9_xV-1YcRqrte6yBn1CI,OK,146536,471570024001025
2002.369,35.1490317,-90.0140679,ChIJw3q9_xV-1YcRqrte6yBn1CI,OK,146536,471570024001025
2423.718,35.1444038,-90.0168571,ChIJufYEjhR-1YcREff46W6Lons,OK,181536,471570024001025
1985.318,35.1490317,-90.0140679,ChIJw3q9_xV-1YcRqrte6yBn1CI,OK,144490,471570024001030
1985.318,35.1490317,-90.0140679,ChIJw3q9_xV-1YcRqrte6yBn1CI,OK,144490,471570024001030
2440.768,35.1444038,-90.0168571,ChIJufYEjhR-1YcREff46W6Lons,OK,183582,471570024001030
1814.322,35.1490317,-90.0140679,ChIJw3q9_xV-1YcRqrte6yBn1CI,OK,123971,471570024001031
1814.322,35.1490317,-90.0140679,ChIJw3q9_xV-1YcRqrte6yBn1CI,OK,123971,471570024001031
2536.56,35.1444038,-90.0168571,ChIJufYEjhR-1YcREff46W6Lons,OK,171324,471570024001031
1694.272,35.1444038,-90.0168571,ChIJufYEjhR-1YcREff46W6Lons,OK,105729,471570024002005
1694.272,35.1444038,-90.0168571,ChIJufYEjhR-1YcREff46W6Lons,OK,105729,471570024002005
2341.956,35.1490317,-90.0140679,ChIJw3q9_xV-1YcRqrte6yBn1CI,OK,139663,471570024002005
1660.059,35.1444038,-90.0168571,ChIJufYEjhR-1YcREff46W6Lons,OK,106717,471570024003004
1660.059,35.1444038,-90.0168571,ChIJufYEjhR-1YcREff46W6Lons,OK,106717,471570024003004
2307.743,35.1490317,-90.0140679,ChIJw3q9_xV-1YcRqrte6yBn1CI,OK,140651,471570024003004
1675.704,35.1444038,-90.0168571,ChIJufYEjhR-1YcREff46W6Lons,OK,106748,471570024002012
1675.704,35.1444038,-90.0168571,ChIJufYEjhR-1YcREff46W6Lons,OK,106748,471570024002012
2323.389,35.1490317,-90.0140679,ChIJw3q9_xV-1YcRqrte6yBn1CI,OK,140682,471570024002012
1415.46,35.1444038,-90.0168571,ChIJufYEjhR-1YcREff46W6Lons,OK,114182,471570024002008
1415.46,35.1444038,-90.0168571,ChIJufYEjhR-1YcREff46W6Lons,OK,114182,471570024002008
2063.144,35.1490317,-90.0140679,ChIJw3q9_xV-1YcRqrte6yBn1CI,OK,148116,471570024002008
1379.836,35.1444038,-90.0168571,ChIJufYEjhR-1YcREff46W6Lons,OK,109907,471570024002010
1379.836,35.1444038,-90.0168571,ChIJufYEjhR-1YcREff46W6Lons,OK,109907,471570024002010
2027.52,35.1490317,-90.0140679,ChIJw3q9_xV-1YcRqrte6yBn1CI,OK,143841,471570024002010
1919.948,35.1490317,-90.0140679,ChIJw3q9_xV-1YcRqrte6yBn1CI,OK,118361,471570024001009
1919.948,35.1490317,-90.0140679,ChIJw3q9_xV-1YcRqrte6yBn1CI,OK,118361,471570024001009
2642.185,35.1444038,-90.0168571,ChIJufYEjhR-1YcREff46W6Lons,OK,165714,471570024001009
699.141,35.0477573,-89.86637909999999,ChIJ5_0L5VyFf4gR4HBEwl6nmRE,OK,38710,471570108204015
758.363,35.050596,-89.869556,ChIJQ4vLA2iFf4gRyyCo3ihKH44,OK,49112,471570108204015
758.363,35.050596,-89.869556,ChIJQ4vLA2iFf4gRyyCo3ihKH44,OK,49112,471570108204015
2082.28,35.1490317,-90.0140679,ChIJw3q9_xV-1YcRqrte6yBn1CI,OK,131389,471570024001004
2082.28,35.1490317,-90.0140679,ChIJw3q9_xV-1YcRqrte6yBn1CI,OK,131389,471570024001004
2804.518,35.1444038,-90.0168571,ChIJufYEjhR-1YcREff46W6Lons,OK,178742,471570024001004
1262.628,35.1804299,-89.9263818,ChIJIfvtv4eBf4gRJLjVGBpAzmc,OK,94060,471570088001003
1262.628,35.1804299,-89.9263818,ChIJIfvtv4eBf4gRJLjVGBpAzmc,OK,94060,471570088001003
2218.742,35.183951,-89.93106899999999,ChIJWQ0EIo-Bf4gR6cuqlCcQuNw,OK,173149,471570088001003
1204.333,35.1804299,-89.9263818,ChIJIfvtv4eBf4gRJLjVGBpAzmc,OK,79290,471570088001017
1204.333,35.1804299,-89.9263818,ChIJIfvtv4eBf4gRJLjVGBpAzmc,OK,79290,471570088001017
2160.447,35.183951,-89.93106899999999,ChIJWQ0EIo-Bf4gR6cuqlCcQuNw,OK,158379,471570088001017
1690.915,35.1804299,-89.9263818,ChIJIfvtv4eBf4gRJLjVGBpAzmc,OK,107281,471570088004009
1690.915,35.1804299,-89.9263818,ChIJIfvtv4eBf4gRJLjVGBpAzmc,OK,107281,471570088004009
2647.029,35.183951,-89.93106899999999,ChIJWQ0EIo-Bf4gR6cuqlCcQuNw,OK,186370,471570088004009
2478.626,35.1804299,-89.9263818,ChIJIfvtv4eBf4gRJLjVGBpAzmc,OK,174677,471570088004010
2478.626,35.1804299,-89.9263818,ChIJIfvtv4eBf4gRJLjVGBpAzmc,OK,174677,471570088004010
2962.682,35.14859919999999,-89.91828060000002,ChIJRflgf-eDf4gRHX_XNYKER-s,OK,207690,471570088004010
864.142,35.14859919999999,-89.91828060000002,ChIJRflgf-eDf4gRHX_XNYKER-s,OK,74487,471570087003013
864.142,35.14859919999999,-89.91828060000002,ChIJRflgf-eDf4gRHX_XNYKER-s,OK,74487,471570087003013
2505.406,35.14981359999999,-89.94918609999999,ChIJVdGBGRaBf4gRsi89Rzqn8W4,OK,153867,471570087003013
2243.137,35.14859919999999,-89.91828060000002,ChIJRflgf-eDf4gRHX_XNYKER-s,OK,149607,471570012001010
2243.137,35.14859919999999,-89.91828060000002,ChIJRflgf-eDf4gRHX_XNYKER-s,OK,149607,471570012001010
2589.54,35.14981359999999,-89.94918609999999,ChIJVdGBGRaBf4gRsi89Rzqn8W4,OK,181365,471570012001010
1679.291,35.1145886,-89.90089789999999,ChIJKWmlFW6Ef4gR0YNISWQMkss,OK,105165,471570096004007
1679.291,35.1145886,-89.90089789999999,ChIJKWmlFW6Ef4gR0YNISWQMkss,OK,105165,471570096004007
1649.325,35.1153996,-89.89414069999999,ChIJCb4NOWWEf4gR79YlPQoocW4,OK,110538,471570096004007
2031.184,35.1804299,-89.9263818,ChIJIfvtv4eBf4gRJLjVGBpAzmc,OK,133074,471570088004013
2031.184,35.1804299,-89.9263818,ChIJIfvtv4eBf4gRJLjVGBpAzmc,OK,133074,471570088004013
2710.559,35.14859919999999,-89.91828060000002,ChIJRflgf-eDf4gRHX_XNYKER-s,OK,177436,471570088004013
1435.535,35.1153996,-89.89414069999999,ChIJCb4NOWWEf4gR79YlPQoocW4,OK,106126,471570096004006
1435.535,35.1153996,-89.89414069999999,ChIJCb4NOWWEf4gR79YlPQoocW4,OK,106126,471570096004006
1865.677,35.1145886,-89.90089789999999,ChIJKWmlFW6Ef4gR0YNISWQMkss,OK,116367,471570096004006
1223.283,35.14859919999999,-89.91828060000002,ChIJRflgf-eDf4gRHX_XNYKER-s,OK,120028,471570087003012
1223.283,35.14859919999999,-89.91828060000002,ChIJRflgf-eDf4gRHX_XNYKER-s,OK,120028,471570087003012
2966.421,35.14981359999999,-89.94918609999999,ChIJVdGBGRaBf4gRsi89Rzqn8W4,OK,206742,471570087003012
1310.79,35.0512763,-89.8427476,ChIJ7VPJ3q-af4gRdxERIyaZ0gk,OK,111788,471570217261001
1852.91,35.0614623,-89.8536277,ChIJ4TWJkTWFf4gRbkNZYfkF9Jw,OK,139909,471570217261001
1852.91,35.0614623,-89.8536277,ChIJ4TWJkTWFf4gRbkNZYfkF9Jw,OK,139909,471570217261001
2453.715,35.1804299,-89.9263818,ChIJIfvtv4eBf4gRJLjVGBpAzmc,OK,165185,471570087003002
2453.715,35.1804299,-89.9263818,ChIJIfvtv4eBf4gRJLjVGBpAzmc,OK,165185,471570087003002
2247.036,35.14859919999999,-89.91828060000002,ChIJRflgf-eDf4gRHX_XNYKER-s,OK,166789,471570087003002
1258.405,35.1804299,-89.9263818,ChIJIfvtv4eBf4gRJLjVGBpAzmc,OK,99011,471570088001001
1258.405,35.1804299,-89.9263818,ChIJIfvtv4eBf4gRJLjVGBpAzmc,OK,99011,471570088001001
2214.52,35.183951,-89.93106899999999,ChIJWQ0EIo-Bf4gR6cuqlCcQuNw,OK,178100,471570088001001
1276.573,35.1804299,-89.9263818,ChIJIfvtv4eBf4gRJLjVGBpAzmc,OK,95733,471570088001004
1276.573,35.1804299,-89.9263818,ChIJIfvtv4eBf4gRJLjVGBpAzmc,OK,95733,471570088001004
2232.687,35.183951,-89.93106899999999,ChIJWQ0EIo-Bf4gR6cuqlCcQuNw,OK,174822,471570088001004
1915.093,35.1804299,-89.9263818,ChIJIfvtv4eBf4gRJLjVGBpAzmc,OK,134263,471570088001000
1915.093,35.1804299,-89.9263818,ChIJIfvtv4eBf4gRJLjVGBpAzmc,OK,134263,471570088001000
2871.208,35.183951,-89.93106899999999,ChIJWQ0EIo-Bf4gR6cuqlCcQuNw,OK,213352,471570088001000
2307.985,35.14859919999999,-89.91828060000002,ChIJRflgf-eDf4gRHX_XNYKER-s,OK,175266,471570088001008
2307.985,35.14859919999999,-89.91828060000002,ChIJRflgf-eDf4gRHX_XNYKER-s,OK,175266,471570088001008
2250.511,35.1804299,-89.9263818,ChIJIfvtv4eBf4gRJLjVGBpAzmc,OK,179211,471570088001008
1094.129,35.1153996,-89.89414069999999,ChIJCb4NOWWEf4gR79YlPQoocW4,OK,106179,471570096003015
1094.129,35.1153996,-89.89414069999999,ChIJCb4NOWWEf4gR79YlPQoocW4,OK,106179,471570096003015
1672.905,35.1145886,-89.90089789999999,ChIJKWmlFW6Ef4gR0YNISWQMkss,OK,133732,471570096003015
698.716,35.109859,-89.99141100000001,ChIJs6JbpFyHf4gR9O01gG0a7fQ,OK,45061,471570064001014
698.716,35.109859,-89.99141100000001,ChIJs6JbpFyHf4gR9O01gG0a7fQ,OK,45061,471570064001014
1500.776,35.107529,-89.9862127,ChIJ0WGfSUKHf4gRjDLrfGQwCV4,OK,95942,471570064001014
2257.368,35.1804299,-89.9263818,ChIJIfvtv4eBf4gRJLjVGBpAzmc,OK,147861,471570091002007
2257.368,35.1804299,-89.9263818,ChIJIfvtv4eBf4gRJLjVGBpAzmc,OK,147861,471570091002007
3213.483,35.183951,-89.93106899999999,ChIJWQ0EIo-Bf4gR6cuqlCcQuNw,OK,226950,471570091002007
1886.227,35.1804299,-89.9263818,ChIJIfvtv4eBf4gRJLjVGBpAzmc,OK,130799,471570088001006
1886.227,35.1804299,-89.9263818,ChIJIfvtv4eBf4gRJLjVGBpAzmc,OK,130799,471570088001006
2842.341,35.183951,-89.93106899999999,ChIJWQ0EIo-Bf4gR6cuqlCcQuNw,OK,209888,471570088001006
1806.344,35.1804299,-89.9263818,ChIJIfvtv4eBf4gRJLjVGBpAzmc,OK,115389,471570088001007
1806.344,35.1804299,-89.9263818,ChIJIfvtv4eBf4gRJLjVGBpAzmc,OK,115389,471570088001007
2762.458,35.183951,-89.93106899999999,ChIJWQ0EIo-Bf4gR6cuqlCcQuNw,OK,194478,471570088001007
1883.417,35.1804299,-89.9263818,ChIJIfvtv4eBf4gRJLjVGBpAzmc,OK,130462,471570088001019
1883.417,35.1804299,-89.9263818,ChIJIfvtv4eBf4gRJLjVGBpAzmc,OK,130462,471570088001019
2839.531,35.183951,-89.93106899999999,ChIJWQ0EIo-Bf4gR6cuqlCcQuNw,OK,209551,471570088001019
1981.383,35.1804299,-89.9263818,ChIJIfvtv4eBf4gRJLjVGBpAzmc,OK,142217,471570088001018
1049.448,35.13418100000001,-89.98599,ChIJnf1_yraAf4gR9pQmD7CXhgg,OK,75269,471570033001004
1049.448,35.13418100000001,-89.98599,ChIJnf1_yraAf4gR9pQmD7CXhgg,OK,75269,471570033001004
1115.727,35.13779299999999,-89.99118349999999,ChIJUQlZ-K-Af4gRkRKK62-ap5w,OK,84767,471570033001004
773.718,35.13418100000001,-89.98599,ChIJnf1_yraAf4gR9pQmD7CXhgg,OK,54804,471570032003016
773.718,35.13418100000001,-89.98599,ChIJnf1_yraAf4gR9pQmD7CXhgg,OK,54804,471570032003016
839.998,35.13779299999999,-89.99118349999999,ChIJUQlZ-K-Af4gRkRKK62-ap5w,OK,64302,471570032003016
662.469,35.13418100000001,-89.98599,ChIJnf1_yraAf4gR9pQmD7CXhgg,OK,48149,471570032003012
662.469,35.13418100000001,-89.98599,ChIJnf1_yraAf4gR9pQmD7CXhgg,OK,48149,471570032003012
728.749,35.13779299999999,-89.99118349999999,ChIJUQlZ-K-Af4gRkRKK62-ap5w,OK,57647,471570032003012
969.086,35.13418100000001,-89.98599,ChIJnf1_yraAf4gR9pQmD7CXhgg,OK,70502,471570033001000
969.086,35.13418100000001,-89.98599,ChIJnf1_yraAf4gR9pQmD7CXhgg,OK,70502,471570033001000
1035.366,35.13779299999999,-89.99118349999999,ChIJUQlZ-K-Af4gRkRKK62-ap5w,OK,80000,471570033001000
664.935,35.13418100000001,-89.98599,ChIJnf1_yraAf4gR9pQmD7CXhgg,OK,62399,471570031003006
664.935,35.13418100000001,-89.98599,ChIJnf1_yraAf4gR9pQmD7CXhgg,OK,62399,471570031003006
974.23,35.13779299999999,-89.99118349999999,ChIJUQlZ-K-Af4gRkRKK62-ap5w,OK,80409,471570031003006
709.515,35.13418100000001,-89.98599,ChIJnf1_yraAf4gR9pQmD7CXhgg,OK,50008,471570032003010
775.795,35.13779299999999,-89.99118349999999,ChIJUQlZ-K-Af4gRkRKK62-ap5w,OK,59506,471570032003010
775.795,35.13779299999999,-89.99118349999999,ChIJUQlZ-K-Af4gRkRKK62-ap5w,OK,59506,471570032003010
664.452,35.13418100000001,-89.98599,ChIJnf1_yraAf4gR9pQmD7CXhgg,OK,48387,471570032003011
664.452,35.13418100000001,-89.98599,ChIJnf1_yraAf4gR9pQmD7CXhgg,OK,48387,471570032003011
730.732,35.13779299999999,-89.99118349999999,ChIJUQlZ-K-Af4gRkRKK62-ap5w,OK,57885,471570032003011
575.554,35.13418100000001,-89.98599,ChIJnf1_yraAf4gR9pQmD7CXhgg,OK,37470,471570031003004
575.554,35.13418100000001,-89.98599,ChIJnf1_yraAf4gR9pQmD7CXhgg,OK,37470,471570031003004
641.834,35.13779299999999,-89.99118349999999,ChIJUQlZ-K-Af4gRkRKK62-ap5w,OK,46968,471570031003004
1578.591,35.13418100000001,-89.98599,ChIJnf1_yraAf4gR9pQmD7CXhgg,OK,118006,471570033001012
1644.87,35.13779299999999,-89.99118349999999,ChIJUQlZ-K-Af4gRkRKK62-ap5w,OK,127504,471570033001012
1644.87,35.13779299999999,-89.99118349999999,ChIJUQlZ-K-Af4gRkRKK62-ap5w,OK,127504,471570033001012
1626.376,35.13418100000001,-89.98599,ChIJnf1_yraAf4gR9pQmD7CXhgg,OK,123740,471570033001016
1626.376,35.13418100000001,-89.98599,ChIJnf1_yraAf4gR9pQmD7CXhgg,OK,123740,471570033001016
1692.655,35.13779299999999,-89.99118349999999,ChIJUQlZ-K-Af4gRkRKK62-ap5w,OK,133238,471570033001016
1562.549,35.13418100000001,-89.98599,ChIJnf1_yraAf4gR9pQmD7CXhgg,OK,96685,471570033002021
1562.549,35.13418100000001,-89.98599,ChIJnf1_yraAf4gR9pQmD7CXhgg,OK,96685,471570033002021
1628.829,35.13779299999999,-89.99118349999999,ChIJUQlZ-K-Af4gRkRKK62-ap5w,OK,106183,471570033002021
1394.706,35.13418100000001,-89.98599,ChIJnf1_yraAf4gR9pQmD7CXhgg,OK,98790,471570033001014
1394.706,35.13418100000001,-89.98599,ChIJnf1_yraAf4gR9pQmD7CXhgg,OK,98790,471570033001014
1460.986,35.13779299999999,-89.99118349999999,ChIJUQlZ-K-Af4gRkRKK62-ap5w,OK,108288,471570033001014
1236.585,35.13418100000001,-89.98599,ChIJnf1_yraAf4gR9pQmD7CXhgg,OK,83883,471570033001008
1236.585,35.13418100000001,-89.98599,ChIJnf1_yraAf4gR9pQmD7CXhgg,OK,83883,471570033001008
1302.864,35.13779299999999,-89.99118349999999,ChIJUQlZ-K-Af4gRkRKK62-ap5w,OK,93381,471570033001008
1352.45,35.13418100000001,-89.98599,ChIJnf1_yraAf4gR9pQmD7CXhgg,OK,90870,471570033001013
1352.45,35.13418100000001,-89.98599,ChIJnf1_yraAf4gR9pQmD7CXhgg,OK,90870,471570033001013
1418.73,35.13779299999999,-89.99118349999999,ChIJUQlZ-K-Af4gRkRKK62-ap5w,OK,100368,471570033001013
1194.18,35.13418100000001,-89.98599,ChIJnf1_yraAf4gR9pQmD7CXhgg,OK,80313,471570031003013
1194.18,35.13418100000001,-89.98599,ChIJnf1_yraAf4gR9pQmD7CXhgg,OK,80313,471570031003013
1260.459,35.13779299999999,-89.99118349999999,ChIJUQlZ-K-Af4gRkRKK62-ap5w,OK,89811,471570031003013
1593.271,35.13418100000001,-89.98599,ChIJnf1_yraAf4gR9pQmD7CXhgg,OK,96000,471570066002014
1593.271,35.13418100000001,-89.98599,ChIJnf1_yraAf4gR9pQmD7CXhgg,OK,96000,471570066002014
1608.334,35.13779299999999,-89.99118349999999,ChIJUQlZ-K-Af4gRkRKK62-ap5w,OK,109179,471570066002014
1623.155,35.109859,-89.99141100000001,ChIJs6JbpFyHf4gR9O01gG0a7fQ,OK,100161,471570066002017
1717.746,35.13418100000001,-89.98599,ChIJnf1_yraAf4gR9pQmD7CXhgg,OK,111297,471570066002017
1717.746,35.13418100000001,-89.98599,ChIJnf1_yraAf4gR9pQmD7CXhgg,OK,111297,471570066002017
1527.674,35.109859,-89.99141100000001,ChIJs6JbpFyHf4gR9O01gG0a7fQ,OK,107366,471570063001007
1527.674,35.109859,-89.99141100000001,ChIJs6JbpFyHf4gR9O01gG0a7fQ,OK,107366,471570063001007
1925.153,35.13418100000001,-89.98599,ChIJnf1_yraAf4gR9pQmD7CXhgg,OK,138663,471570063001007
1539.131,35.13418100000001,-89.98599,ChIJnf1_yraAf4gR9pQmD7CXhgg,OK,99677,471570066002016
1539.131,35.13418100000001,-89.98599,ChIJnf1_yraAf4gR9pQmD7CXhgg,OK,99677,471570066002016
1605.411,35.13779299999999,-89.99118349999999,ChIJUQlZ-K-Af4gRkRKK62-ap5w,OK,109175,471570066002016
1497.612,35.109859,-89.99141100000001,ChIJs6JbpFyHf4gR9O01gG0a7fQ,OK,94177,471570066002035
1497.612,35.109859,-89.99141100000001,ChIJs6JbpFyHf4gR9O01gG0a7fQ,OK,94177,471570066002035
1789.019,35.12545849999999,-89.97454169999999,ChIJoyT3HjOHf4gRS6EdHckmff8,OK,121899,471570066002035
876.028,35.13418100000001,-89.98599,ChIJnf1_yraAf4gR9pQmD7CXhgg,OK,50207,471570066002011
876.028,35.13418100000001,-89.98599,ChIJnf1_yraAf4gR9pQmD7CXhgg,OK,50207,471570066002011
1867.434,35.12545849999999,-89.97454169999999,ChIJoyT3HjOHf4gRS6EdHckmff8,OK,105055,471570066002011
161.775,35.13418100000001,-89.98599,ChIJnf1_yraAf4gR9pQmD7CXhgg,OK,19413,471570031004020
641.952,35.1157645,-90.022279,ChIJwZqBNMN91YcRRpdDvj5Pcr8,OK,45488,471570115001006
641.952,35.1157645,-90.022279,ChIJwZqBNMN91YcRRpdDvj5Pcr8,OK,45488,471570115001006
1002.907,35.1087458,-90.0211918,ChIJe6w2EsF91YcRquzVZc8M0-I,OK,70323,471570115001006
2135.83,35.0854368,-89.89541919999999,ChIJf5cc-VKEf4gRF-lYLgijYQQ,OK,137038,471570095003023
2135.83,35.0854368,-89.89541919999999,ChIJf5cc-VKEf4gRF-lYLgijYQQ,OK,137038,471570095003023
3652.416,35.1145886,-89.90089789999999,ChIJKWmlFW6Ef4gR0YNISWQMkss,OK,230219,471570095003023
1874.241,35.0854368,-89.89541919999999,ChIJf5cc-VKEf4gRF-lYLgijYQQ,OK,133973,471570095003026
1874.241,35.0854368,-89.89541919999999,ChIJf5cc-VKEf4gRF-lYLgijYQQ,OK,133973,471570095003026
3825.568,35.1145886,-89.90089789999999,ChIJKWmlFW6Ef4gR0YNISWQMkss,OK,256480,471570095003026
1924.353,35.0854368,-89.89541919999999,ChIJf5cc-VKEf4gRF-lYLgijYQQ,OK,139986,471570095003027
1924.353,35.0854368,-89.89541919999999,ChIJf5cc-VKEf4gRF-lYLgijYQQ,OK,139986,471570095003027
3651.224,35.1145886,-89.90089789999999,ChIJKWmlFW6Ef4gR0YNISWQMkss,OK,235559,471570095003027
1820.32,35.0854368,-89.89541919999999,ChIJf5cc-VKEf4gRF-lYLgijYQQ,OK,127503,471570095003022
1820.32,35.0854368,-89.89541919999999,ChIJf5cc-VKEf4gRF-lYLgijYQQ,OK,127503,471570095003022
3831.787,35.1153996,-89.89414069999999,ChIJCb4NOWWEf4gR79YlPQoocW4,OK,266195,471570095003022
1375.977,35.0854368,-89.89541919999999,ChIJf5cc-VKEf4gRF-lYLgijYQQ,OK,82708,471570095004012
1375.977,35.0854368,-89.89541919999999,ChIJf5cc-VKEf4gRF-lYLgijYQQ,OK,82708,471570095004012
3738.993,35.1153996,-89.89414069999999,ChIJCb4NOWWEf4gR79YlPQoocW4,OK,233844,471570095004012
2590.799,35.0854368,-89.89541919999999,ChIJf5cc-VKEf4gRF-lYLgijYQQ,OK,186294,471570095003019
2590.799,35.0854368,-89.89541919999999,ChIJf5cc-VKEf4gRF-lYLgijYQQ,OK,186294,471570095003019
4107.386,35.1145886,-89.90089789999999,ChIJKWmlFW6Ef4gR0YNISWQMkss,OK,279475,471570095003019
1765.234,35.0854368,-89.89541919999999,ChIJf5cc-VKEf4gRF-lYLgijYQQ,OK,120893,471570095004028
1765.234,35.0854368,-89.89541919999999,ChIJf5cc-VKEf4gRF-lYLgijYQQ,OK,120893,471570095004028
5022.335,35.0612606,-89.88628629999999,ChIJAQ_I1gqFf4gRFrt5yQeAEps,OK,311742,471570095004028
1463.013,35.0854368,-89.89541919999999,ChIJf5cc-VKEf4gRF-lYLgijYQQ,OK,155315,471570095004008
1463.013,35.0854368,-89.89541919999999,ChIJf5cc-VKEf4gRF-lYLgijYQQ,OK,155315,471570095004008
4720.115,35.0612606,-89.88628629999999,ChIJAQ_I1gqFf4gRFrt5yQeAEps,OK,346164,471570095004008
1650.89,35.0854368,-89.89541919999999,ChIJf5cc-VKEf4gRF-lYLgijYQQ,OK,123666,471570095004027
1650.89,35.0854368,-89.89541919999999,ChIJf5cc-VKEf4gRF-lYLgijYQQ,OK,123666,471570095004027
4907.991,35.0612606,-89.88628629999999,ChIJAQ_I1gqFf4gRFrt5yQeAEps,OK,314515,471570095004027
1995.727,35.0854368,-89.89541919999999,ChIJf5cc-VKEf4gRF-lYLgijYQQ,OK,148551,471570095004009
1995.727,35.0854368,-89.89541919999999,ChIJf5cc-VKEf4gRF-lYLgijYQQ,OK,148551,471570095004009
5252.829,35.0612606,-89.88628629999999,ChIJAQ_I1gqFf4gRFrt5yQeAEps,OK,339400,471570095004009
2083.073,35.0854368,-89.89541919999999,ChIJf5cc-VKEf4gRF-lYLgijYQQ,OK,159033,471570095004003
2083.073,35.0854368,-89.89541919999999,ChIJf5cc-VKEf4gRF-lYLgijYQQ,OK,159033,471570095004003
5340.175,35.0612606,-89.88628629999999,ChIJAQ_I1gqFf4gRFrt5yQeAEps,OK,349882,471570095004003
1774.215,35.0854368,-89.89541919999999,ChIJf5cc-VKEf4gRF-lYLgijYQQ,OK,113966,471570107201003
2205.358,35.0612606,-89.88628629999999,ChIJAQ_I1gqFf4gRFrt5yQeAEps,OK,135449,471570107201003
2205.358,35.0612606,-89.88628629999999,ChIJAQ_I1gqFf4gRFrt5yQeAEps,OK,135449,471570107201003
1905.55,35.0854368,-89.89541919999999,ChIJf5cc-VKEf4gRF-lYLgijYQQ,OK,158222,471570217101000
1905.55,35.0854368,-89.89541919999999,ChIJf5cc-VKEf4gRF-lYLgijYQQ,OK,158222,471570217101000
2336.694,35.0612606,-89.88628629999999,ChIJAQ_I1gqFf4gRFrt5yQeAEps,OK,179705,471570217101000
915.916,35.0612606,-89.88628629999999,ChIJAQ_I1gqFf4gRFrt5yQeAEps,OK,82111,471570107103001
915.916,35.0612606,-89.88628629999999,ChIJAQ_I1gqFf4gRFrt5yQeAEps,OK,82111,471570107103001
813.966,35.0632829,-89.88727279999999,ChIJvVoQ4QqFf4gRItXZGUDZ-Hc,OK,92579,471570107103001
1711.95,35.0612606,-89.88628629999999,ChIJAQ_I1gqFf4gRFrt5yQeAEps,OK,129907,471570107102012
1711.95,35.0612606,-89.88628629999999,ChIJAQ_I1gqFf4gRFrt5yQeAEps,OK,129907,471570107102012
1595.35,35.0632829,-89.88727279999999,ChIJvVoQ4QqFf4gRItXZGUDZ-Hc,OK,145334,471570107102012
1073.988,35.0612606,-89.88628629999999,ChIJAQ_I1gqFf4gRFrt5yQeAEps,OK,72293,471570107103003
1073.988,35.0612606,-89.88628629999999,ChIJAQ_I1gqFf4gRFrt5yQeAEps,OK,72293,471570107103003
972.039,35.0632829,-89.88727279999999,ChIJvVoQ4QqFf4gRItXZGUDZ-Hc,OK,82761,471570107103003
1566.143,35.0612606,-89.88628629999999,ChIJAQ_I1gqFf4gRFrt5yQeAEps,OK,112411,471570107102013
1566.143,35.0612606,-89.88628629999999,ChIJAQ_I1gqFf4gRFrt5yQeAEps,OK,112411,471570107102013
1449.543,35.0632829,-89.88727279999999,ChIJvVoQ4QqFf4gRItXZGUDZ-Hc,OK,127838,471570107102013
1279.578,35.0612606,-89.88628629999999,ChIJAQ_I1gqFf4gRFrt5yQeAEps,OK,80741,471570107103004
1279.578,35.0612606,-89.88628629999999,ChIJAQ_I1gqFf4gRFrt5yQeAEps,OK,80741,471570107103004
1162.978,35.0632829,-89.88727279999999,ChIJvVoQ4QqFf4gRItXZGUDZ-Hc,OK,96168,471570107103004
1097.208,35.0612606,-89.88628629999999,ChIJAQ_I1gqFf4gRFrt5yQeAEps,OK,71552,471570107103000
1097.208,35.0612606,-89.88628629999999,ChIJAQ_I1gqFf4gRFrt5yQeAEps,OK,71552,471570107103000
980.608,35.0632829,-89.88727279999999,ChIJvVoQ4QqFf4gRItXZGUDZ-Hc,OK,86979,471570107103000
1825.98,35.0612606,-89.88628629999999,ChIJAQ_I1gqFf4gRFrt5yQeAEps,OK,130507,471570107201002
1825.98,35.0612606,-89.88628629999999,ChIJAQ_I1gqFf4gRFrt5yQeAEps,OK,130507,471570107201002
1709.38,35.0632829,-89.88727279999999,ChIJvVoQ4QqFf4gRItXZGUDZ-Hc,OK,145934,471570107201002
1357.38,35.0461089,-89.7947008,ChIJaZI6O3Oaf4gRqa_eh0DNj_s,OK,75169,471570213421047
1357.38,35.0461089,-89.7947008,ChIJaZI6O3Oaf4gRqa_eh0DNj_s,OK,75169,471570213421047
1475.385,35.045091,-89.795412,ChIJVelsQnOaf4gRECqTW7fq-dY,OK,81704,471570213421047
2346.534,35.1835367,-89.8717722,ChIJv1U5XuiCf4gRMlXiIrwnbJo,OK,145770,471570206102026
2346.534,35.1835367,-89.8717722,ChIJv1U5XuiCf4gRMlXiIrwnbJo,OK,145770,471570206102026
3092.731,35.164068,-89.8770782,ChIJpUMbExuDf4gRyW4QpPURe54,OK,176252,471570206102026
2250.638,35.1835367,-89.8717722,ChIJv1U5XuiCf4gRMlXiIrwnbJo,OK,140016,471570206102015
2250.638,35.1835367,-89.8717722,ChIJv1U5XuiCf4gRMlXiIrwnbJo,OK,140016,471570206102015
2996.835,35.164068,-89.8770782,ChIJpUMbExuDf4gRyW4QpPURe54,OK,170498,471570206102015
1472.031,35.164068,-89.8770782,ChIJpUMbExuDf4gRyW4QpPURe54,OK,81522,471570206102025
1472.031,35.164068,-89.8770782,ChIJpUMbExuDf4gRyW4QpPURe54,OK,81522,471570206102025
1584.377,35.1835367,-89.8717722,ChIJv1U5XuiCf4gRMlXiIrwnbJo,OK,99376,471570206102025
2046.213,35.1835367,-89.8717722,ChIJv1U5XuiCf4gRMlXiIrwnbJo,OK,127750,471570206102027
2046.213,35.1835367,-89.8717722,ChIJv1U5XuiCf4gRMlXiIrwnbJo,OK,127750,471570206102027
2792.41,35.164068,-89.8770782,ChIJpUMbExuDf4gRyW4QpPURe54,OK,158232,471570206102027
1296.659,35.1835367,-89.8717722,ChIJv1U5XuiCf4gRMlXiIrwnbJo,OK,83442,471570206102020
1296.659,35.1835367,-89.8717722,ChIJv1U5XuiCf4gRMlXiIrwnbJo,OK,83442,471570206102020
2042.855,35.164068,-89.8770782,ChIJpUMbExuDf4gRyW4QpPURe54,OK,113924,471570206102020
3148.076,35.1546312,-89.79260459999999,ChIJ8UeuSEecf4gRniit7ubZLtM,OK,192784,471570211213018
3148.076,35.1546312,-89.79260459999999,ChIJ8UeuSEecf4gRniit7ubZLtM,OK,192784,471570211213018
3527.963,35.14868459999999,-89.7948203,ChIJ4w9Lr2qcf4gRHdzl9FciAFM,OK,212284,471570211213018
1571.528,35.1835367,-89.8717722,ChIJv1U5XuiCf4gRMlXiIrwnbJo,OK,99271,471570206102019
1571.528,35.1835367,-89.8717722,ChIJv1U5XuiCf4gRMlXiIrwnbJo,OK,99271,471570206102019
2317.724,35.164068,-89.8770782,ChIJpUMbExuDf4gRyW4QpPURe54,OK,129753,471570206102019
2341.646,35.183951,-89.93106899999999,ChIJWQ0EIo-Bf4gR6cuqlCcQuNw,OK,211746,471570011001019
2341.646,35.183951,-89.93106899999999,ChIJWQ0EIo-Bf4gR6cuqlCcQuNw,OK,211746,471570011001019
2341.885,35.1839382,-89.93104869999999,ChIJrQx5Io-Bf4gRSwDAaGIf4WE,OK,211789,471570011001019
2658.493,35.183951,-89.93106899999999,ChIJWQ0EIo-Bf4gR6cuqlCcQuNw,OK,268780,471570011001000
2658.732,35.1839382,-89.93104869999999,ChIJrQx5Io-Bf4gRSwDAaGIf4WE,OK,268823,471570011001000
2658.732,35.1839382,-89.93104869999999,ChIJrQx5Io-Bf4gRSwDAaGIf4WE,OK,268823,471570011001000
1574.289,35.1738374,-89.98954379999999,ChIJ_S0BIGOAf4gRU3Ph4W65cOQ,OK,99002,471570006001028
1574.289,35.1738374,-89.98954379999999,ChIJ_S0BIGOAf4gRU3Ph4W65cOQ,OK,99002,471570006001028
2920.898,35.17410499999999,-89.97575479999999,ChIJmfYTGFmAf4gRHGKCaD0qCtI,OK,179788,471570006001028
3259.226,35.1546312,-89.79260459999999,ChIJ8UeuSEecf4gRniit7ubZLtM,OK,253058,471570211352002
3259.226,35.1546312,-89.79260459999999,ChIJ8UeuSEecf4gRniit7ubZLtM,OK,253058,471570211352002
3639.113,35.14868459999999,-89.7948203,ChIJ4w9Lr2qcf4gRHdzl9FciAFM,OK,272558,471570211352002
4004.949,35.1546312,-89.79260459999999,ChIJ8UeuSEecf4gRniit7ubZLtM,OK,253554,471570211212056
4004.949,35.1546312,-89.79260459999999,ChIJ8UeuSEecf4gRniit7ubZLtM,OK,253554,471570211212056
4384.836,35.14868459999999,-89.7948203,ChIJ4w9Lr2qcf4gRHdzl9FciAFM,OK,273054,471570211212056
1222.967,35.1738374,-89.98954379999999,ChIJ_S0BIGOAf4gRU3Ph4W65cOQ,OK,83311,471570007002007
1222.967,35.1738374,-89.98954379999999,ChIJ_S0BIGOAf4gRU3Ph4W65cOQ,OK,83311,471570007002007
2569.576,35.17410499999999,-89.97575479999999,ChIJmfYTGFmAf4gRHGKCaD0qCtI,OK,164097,471570007002007
4374.519,35.1581502,-89.72609419999999,ChIJL6yctRGff4gRqpalt07WxQs,OK,273723,471570210102054
4374.519,35.1581502,-89.72609419999999,ChIJL6yctRGff4gRqpalt07WxQs,OK,273723,471570210102054
4452.712,35.2044739,-89.76342459999999,ChIJ3XsJxyKef4gRTeWb3lonWsU,OK,310122,471570210102054
4521.723,35.1581502,-89.72609419999999,ChIJL6yctRGff4gRqpalt07WxQs,OK,290588,471570210102071
4521.723,35.1581502,-89.72609419999999,ChIJL6yctRGff4gRqpalt07WxQs,OK,290588,471570210102071
4214.546,35.2044739,-89.76342459999999,ChIJ3XsJxyKef4gRTeWb3lonWsU,OK,303865,471570210102071
3301.705,35.1546312,-89.79260459999999,ChIJ8UeuSEecf4gRniit7ubZLtM,OK,232284,471570211361015
3301.705,35.1546312,-89.79260459999999,ChIJ8UeuSEecf4gRniit7ubZLtM,OK,232284,471570211361015
4291.122,35.14868459999999,-89.7948203,ChIJ4w9Lr2qcf4gRHdzl9FciAFM,OK,253462,471570211361015
2608.813,35.1546312,-89.79260459999999,ChIJ8UeuSEecf4gRniit7ubZLtM,OK,142109,471570211261001
2608.813,35.1546312,-89.79260459999999,ChIJ8UeuSEecf4gRniit7ubZLtM,OK,142109,471570211261001
2988.701,35.14868459999999,-89.7948203,ChIJ4w9Lr2qcf4gRHdzl9FciAFM,OK,161609,471570211261001
3179.255,35.1546312,-89.79260459999999,ChIJ8UeuSEecf4gRniit7ubZLtM,OK,238664,471570211352001
3179.255,35.1546312,-89.79260459999999,ChIJ8UeuSEecf4gRniit7ubZLtM,OK,238664,471570211352001
3559.143,35.14868459999999,-89.7948203,ChIJ4w9Lr2qcf4gRHdzl9FciAFM,OK,258164,471570211352001
4625.632,35.1439641,-90.0517892,ChIJL-0zBZR-1YcRj7p5p1WY4-g,OK,332391,471570001002012
4625.632,35.1439641,-90.0517892,ChIJL-0zBZR-1YcRj7p5p1WY4-g,OK,332391,471570001002012
4834.548,35.1450994,-90.0538646,ChIJne6_s5V-1YcRn_LPaqiwhrk,OK,337845,471570001002012
2046.702,35.1546312,-89.79260459999999,ChIJ8UeuSEecf4gRniit7ubZLtM,OK,206684,471570211352014
2046.702,35.1546312,-89.79260459999999,ChIJ8UeuSEecf4gRniit7ubZLtM,OK,206684,471570211352014
3161.127,35.14868459999999,-89.7948203,ChIJ4w9Lr2qcf4gRHdzl9FciAFM,OK,240704,471570211352014
3341.64,35.1546312,-89.79260459999999,ChIJ8UeuSEecf4gRniit7ubZLtM,OK,251745,471570211353008
3341.64,35.1546312,-89.79260459999999,ChIJ8UeuSEecf4gRniit7ubZLtM,OK,251745,471570211353008
3749.119,35.14868459999999,-89.7948203,ChIJ4w9Lr2qcf4gRHdzl9FciAFM,OK,277353,471570211353008
4627.476,35.1439641,-90.0517892,ChIJL-0zBZR-1YcRj7p5p1WY4-g,OK,337170,471570001002043
4627.476,35.1439641,-90.0517892,ChIJL-0zBZR-1YcRj7p5p1WY4-g,OK,337170,471570001002043
4836.392,35.1450994,-90.0538646,ChIJne6_s5V-1YcRn_LPaqiwhrk,OK,342624,471570001002043
4450.892,35.1439641,-90.0517892,ChIJL-0zBZR-1YcRj7p5p1WY4-g,OK,323861,471570001002030
2833.894,35.148225,-89.89748700000001,ChIJC8t095eDf4gRGuXK3FleZyg,OK,194009,471570092005015
3090.35,35.1503395,-89.89321,ChIJRaSiF6KDf4gRNIqqt1VnH58,OK,201086,471570092005015
3090.35,35.1503395,-89.89321,ChIJRaSiF6KDf4gRNIqqt1VnH58,OK,201086,471570092005015
3601.473,35.148225,-89.89748700000001,ChIJC8t095eDf4gRGuXK3FleZyg,OK,256738,471570092005016
3857.929,35.1503395,-89.89321,ChIJRaSiF6KDf4gRNIqqt1VnH58,OK,263815,471570092005016
3857.929,35.1503395,-89.89321,ChIJRaSiF6KDf4gRNIqqt1VnH58,OK,263815,471570092005016
3156.818,35.1153996,-89.89414069999999,ChIJCb4NOWWEf4gR79YlPQoocW4,OK,225213,471570096002012
3156.818,35.1153996,-89.89414069999999,ChIJCb4NOWWEf4gR79YlPQoocW4,OK,225213,471570096002012
3735.594,35.1145886,-89.90089789999999,ChIJKWmlFW6Ef4gR0YNISWQMkss,OK,252766,471570096002012
4306.76,35.1153996,-89.89414069999999,ChIJCb4NOWWEf4gR79YlPQoocW4,OK,275971,471570092005008
4306.76,35.1153996,-89.89414069999999,ChIJCb4NOWWEf4gR79YlPQoocW4,OK,275971,471570092005008
4930.827,35.1503395,-89.89321,ChIJRaSiF6KDf4gRNIqqt1VnH58,OK,297718,471570092005008
4397.01,35.1153996,-89.89414069999999,ChIJCb4NOWWEf4gR79YlPQoocW4,OK,324829,471570213111027
4397.01,35.1153996,-89.89414069999999,ChIJCb4NOWWEf4gR79YlPQoocW4,OK,324829,471570213111027
6019.127,35.1503395,-89.89321,ChIJRaSiF6KDf4gRNIqqt1VnH58,OK,377209,471570213111027
2038.941,35.19067459999999,-89.8489943,ChIJ364PGjWdf4gRKbsrGLq8_XQ,OK,136713,471570211111020
2038.941,35.19067459999999,-89.8489943,ChIJ364PGjWdf4gRKbsrGLq8_XQ,OK,136713,471570211111020
4058.522,35.16339899999999,-89.855841,ChIJA_xfkC6Df4gRAjVZwLz1jqA,OK,197632,471570211111020
3784.742,35.2051043,-89.79754849999999,ChIJpRDMlY2df4gRQqHmUo_lzmc,OK,249232,471570211213007
3784.742,35.2051043,-89.79754849999999,ChIJpRDMlY2df4gRQqHmUo_lzmc,OK,249232,471570211213007
3833.13,35.1546312,-89.79260459999999,ChIJ8UeuSEecf4gRniit7ubZLtM,OK,257554,471570211213007
1189.896,35.1060329,-90.039159,ChIJ231bcjV81YcRQ1quDeYAd6M,OK,90096,471570059002018
1189.896,35.1060329,-90.039159,ChIJ231bcjV81YcRQ1quDeYAd6M,OK,90096,471570059002018
1896.279,35.1087458,-90.0211918,ChIJe6w2EsF91YcRquzVZc8M0-I,OK,122271,471570059002018
1181.571,35.1060329,-90.039159,ChIJ231bcjV81YcRQ1quDeYAd6M,OK,99576,471570057001027
1181.571,35.1060329,-90.039159,ChIJ231bcjV81YcRQ1quDeYAd6M,OK,99576,471570057001027
2098.543,35.098685,-90.05664899999999,ChIJ31qwBkJ81YcRk2V5pdmdhrM,OK,141995,471570057001027
486.859,35.1060329,-90.039159,ChIJ231bcjV81YcRQ1quDeYAd6M,OK,44081,471570057001001
486.859,35.1060329,-90.039159,ChIJ231bcjV81YcRQ1quDeYAd6M,OK,44081,471570057001001
2332.647,35.098685,-90.05664899999999,ChIJ31qwBkJ81YcRk2V5pdmdhrM,OK,142220,471570057001001
1769.833,35.1060329,-90.039159,ChIJ231bcjV81YcRQ1quDeYAd6M,OK,128959,471570056001020
1769.833,35.1060329,-90.039159,ChIJ231bcjV81YcRQ1quDeYAd6M,OK,128959,471570056001020
1431.457,35.095133,-90.05542799999999,ChIJATnUo0J81YcRpbAuNwXeqRw,OK,135500,471570056001020
325.28,35.1060329,-90.039159,ChIJ231bcjV81YcRQ1quDeYAd6M,OK,39031,471570057002021
325.28,35.1060329,-90.039159,ChIJ231bcjV81YcRQ1quDeYAd6M,OK,39031,471570057002021
2223.946,35.1087458,-90.0211918,ChIJe6w2EsF91YcRquzVZc8M0-I,OK,139839,471570057002021
211.271,35.1060329,-90.039159,ChIJ231bcjV81YcRQ1quDeYAd6M,OK,25351,471570057002019
211.271,35.1060329,-90.039159,ChIJ231bcjV81YcRQ1quDeYAd6M,OK,25351,471570057002019
2167.691,35.1087458,-90.0211918,ChIJe6w2EsF91YcRquzVZc8M0-I,OK,144514,471570057002019
838.199,35.1060329,-90.039159,ChIJ231bcjV81YcRQ1quDeYAd6M,OK,82606,471570057002004
838.199,35.1060329,-90.039159,ChIJ231bcjV81YcRQ1quDeYAd6M,OK,82606,471570057002004
1957.1,35.1087458,-90.0211918,ChIJe6w2EsF91YcRquzVZc8M0-I,OK,140768,471570057002004
1520.941,35.0333519,-90.02557630000001,ChIJK8z8Ksxi1YcRt8pxxgP2SA4,OK,94093,471570220243019
1520.941,35.0333519,-90.02557630000001,ChIJK8z8Ksxi1YcRt8pxxgP2SA4,OK,94093,471570220243019
1521.035,35.033351,-90.02556199999999,ChIJY7ePKsxi1YcRIP55gZFchMw,OK,94098,471570220243019
1013.44,35.167095,-89.950496,ChIJecYfJgmBf4gRJh-YY67U6V8,OK,64509,471570011002012
1013.44,35.167095,-89.950496,ChIJecYfJgmBf4gRJh-YY67U6V8,OK,64509,471570011002012
1754.878,35.14981359999999,-89.94918609999999,ChIJVdGBGRaBf4gRsi89Rzqn8W4,OK,110775,471570011002012
928.067,35.167095,-89.950496,ChIJecYfJgmBf4gRJh-YY67U6V8,OK,66488,471570013002002
928.067,35.167095,-89.950496,ChIJecYfJgmBf4gRJh-YY67U6V8,OK,66488,471570013002002
1859.775,35.1497164,-89.95515999999999,ChIJcQb6ehiBf4gR-uA54eRPNq8,OK,154486,471570013002002
1029.875,35.167095,-89.950496,ChIJecYfJgmBf4gRJh-YY67U6V8,OK,78705,471570013002006
1029.875,35.167095,-89.950496,ChIJecYfJgmBf4gRJh-YY67U6V8,OK,78705,471570013002006
1754.549,35.1497164,-89.95515999999999,ChIJcQb6ehiBf4gR-uA54eRPNq8,OK,141859,471570013002006
1096.933,35.167095,-89.950496,ChIJecYfJgmBf4gRJh-YY67U6V8,OK,86752,471570013002005
1096.933,35.167095,-89.950496,ChIJecYfJgmBf4gRJh-YY67U6V8,OK,86752,471570013002005
1734.626,35.14981359999999,-89.94918609999999,ChIJVdGBGRaBf4gRsi89Rzqn8W4,OK,142203,471570013002005
1121.059,35.167095,-89.950496,ChIJecYfJgmBf4gRJh-YY67U6V8,OK,78008,471570013002007
1121.059,35.167095,-89.950496,ChIJecYfJgmBf4gRJh-YY67U6V8,OK,78008,471570013002007
1561.891,35.14981359999999,-89.94918609999999,ChIJVdGBGRaBf4gRsi89Rzqn8W4,OK,116954,471570013002007
531.806,35.167095,-89.950496,ChIJecYfJgmBf4gRJh-YY67U6V8,OK,44787,471570011002014
531.806,35.167095,-89.950496,ChIJecYfJgmBf4gRJh-YY67U6V8,OK,44787,471570011002014
2097.221,35.14981359999999,-89.94918609999999,ChIJVdGBGRaBf4gRsi89Rzqn8W4,OK,129000,471570011002014
779.957,35.167095,-89.950496,ChIJecYfJgmBf4gRJh-YY67U6V8,OK,45007,471570011002013
779.957,35.167095,-89.950496,ChIJecYfJgmBf4gRJh-YY67U6V8,OK,45007,471570011002013
1805.249,35.14981359999999,-89.94918609999999,ChIJVdGBGRaBf4gRsi89Rzqn8W4,OK,108304,471570011002013
1292.307,35.14981359999999,-89.94918609999999,ChIJVdGBGRaBf4gRsi89Rzqn8W4,OK,77530,471570013001004
1292.307,35.14981359999999,-89.94918609999999,ChIJVdGBGRaBf4gRsi89Rzqn8W4,OK,77530,471570013001004
1433.828,35.167095,-89.950496,ChIJecYfJgmBf4gRJh-YY67U6V8,OK,85104,471570013001004
626.253,35.167095,-89.950496,ChIJecYfJgmBf4gRJh-YY67U6V8,OK,67884,471570011003005
626.253,35.167095,-89.950496,ChIJecYfJgmBf4gRJh-YY67U6V8,OK,67884,471570011003005
2065.842,35.14981359999999,-89.94918609999999,ChIJVdGBGRaBf4gRsi89Rzqn8W4,OK,132729,471570011003005
501.989,35.167095,-89.950496,ChIJecYfJgmBf4gRJh-YY67U6V8,OK,39337,471570011002005
501.989,35.167095,-89.950496,ChIJecYfJgmBf4gRJh-YY67U6V8,OK,39337,471570011002005
2256.675,35.14981359999999,-89.94918609999999,ChIJVdGBGRaBf4gRsi89Rzqn8W4,OK,143558,471570011002005
927.555,35.167095,-89.950496,ChIJecYfJgmBf4gRJh-YY67U6V8,OK,90405,471570011003003
927.555,35.167095,-89.950496,ChIJecYfJgmBf4gRJh-YY67U6V8,OK,90405,471570011003003
2409.945,35.14981359999999,-89.94918609999999,ChIJVdGBGRaBf4gRsi89Rzqn8W4,OK,161951,471570011003003
599.442,35.167095,-89.950496,ChIJecYfJgmBf4gRJh-YY67U6V8,OK,43471,471570011002004
599.442,35.167095,-89.950496,ChIJecYfJgmBf4gRJh-YY67U6V8,OK,43471,471570011002004
2346.313,35.14981359999999,-89.94918609999999,ChIJVdGBGRaBf4gRsi89Rzqn8W4,OK,148001,471570011002004
1137.41,35.167095,-89.950496,ChIJecYfJgmBf4gRJh-YY67U6V8,OK,93072,471570011001011
1137.41,35.167095,-89.950496,ChIJecYfJgmBf4gRJh-YY67U6V8,OK,93072,471570011001011
2695.965,35.14981359999999,-89.94918609999999,ChIJVdGBGRaBf4gRsi89Rzqn8W4,OK,177075,471570011001011
698.774,35.167095,-89.950496,ChIJecYfJgmBf4gRJh-YY67U6V8,OK,47939,471570011002003
698.774,35.167095,-89.950496,ChIJecYfJgmBf4gRJh-YY67U6V8,OK,47939,471570011002003
2585.388,35.183951,-89.93106899999999,ChIJWQ0EIo-Bf4gR6cuqlCcQuNw,OK,175307,471570011002003
800.783,35.167095,-89.950496,ChIJecYfJgmBf4gRJh-YY67U6V8,OK,52677,471570011002002
800.783,35.167095,-89.950496,ChIJecYfJgmBf4gRJh-YY67U6V8,OK,52677,471570011002002
2456.747,35.183951,-89.93106899999999,ChIJWQ0EIo-Bf4gR6cuqlCcQuNw,OK,166330,471570011002002
539.782,35.0493563,-89.83813929999999,ChIJjRQNzqSaf4gRxmNqB0YAYGM,OK,58943,471570217242004
539.782,35.0493563,-89.83813929999999,ChIJjRQNzqSaf4gRxmNqB0YAYGM,OK,58943,471570217242004
861.547,35.049031,-89.841437,ChIJt6vl46-af4gRvoN8Yvkmx9A,OK,81785,471570217242004
525.317,35.167095,-89.950496,ChIJecYfJgmBf4gRJh-YY67U6V8,OK,58779,471570011002009
525.317,35.167095,-89.950496,ChIJecYfJgmBf4gRJh-YY67U6V8,OK,58779,471570011002009
1874.738,35.14981359999999,-89.94918609999999,ChIJVdGBGRaBf4gRsi89Rzqn8W4,OK,115114,471570011002009
744.092,35.167095,-89.950496,ChIJecYfJgmBf4gRJh-YY67U6V8,OK,75860,471570011002011
744.092,35.167095,-89.950496,ChIJecYfJgmBf4gRJh-YY67U6V8,OK,75860,471570011002011
1787.78,35.14981359999999,-89.94918609999999,ChIJVdGBGRaBf4gRsi89Rzqn8W4,OK,113851,471570011002011
1395.383,35.167095,-89.950496,ChIJecYfJgmBf4gRJh-YY67U6V8,OK,87146,471570013001001
1395.383,35.167095,-89.950496,ChIJecYfJgmBf4gRJh-YY67U6V8,OK,87146,471570013001001
1534.627,35.14981359999999,-89.94918609999999,ChIJVdGBGRaBf4gRsi89Rzqn8W4,OK,97091,471570013001001
1175.38,35.14981359999999,-89.94918609999999,ChIJVdGBGRaBf4gRsi89Rzqn8W4,OK,70516,471570013001010
1175.38,35.14981359999999,-89.94918609999999,ChIJVdGBGRaBf4gRsi89Rzqn8W4,OK,70516,471570013001010
1520.897,35.167095,-89.950496,ChIJecYfJgmBf4gRJh-YY67U6V8,OK,90351,471570013001010
671.725,35.167095,-89.950496,ChIJecYfJgmBf4gRJh-YY67U6V8,OK,76348,471570011002010
671.725,35.167095,-89.950496,ChIJecYfJgmBf4gRJh-YY67U6V8,OK,76348,471570011002010
2021.147,35.14981359999999,-89.94918609999999,ChIJVdGBGRaBf4gRsi89Rzqn8W4,OK,132683,471570011002010
1146.66,35.167095,-89.950496,ChIJecYfJgmBf4gRJh-YY67U6V8,OK,67009,471570011002016
1146.66,35.167095,-89.950496,ChIJecYfJgmBf4gRJh-YY67U6V8,OK,67009,471570011002016
1683.212,35.14981359999999,-89.94918609999999,ChIJVdGBGRaBf4gRsi89Rzqn8W4,OK,100983,471570011002016
1351.738,35.167095,-89.950496,ChIJecYfJgmBf4gRJh-YY67U6V8,OK,89222,471570013001000
894.229,35.21475480000001,-90.00354540000001,ChIJF6XvX_9_1YcRD4jlF4jzevw,OK,76213,471570101105009
564.746,35.218332,-90.00299799999999,ChIJfRCGEgGA1YcRsZsWP_dycDI,OK,49150,471570101105008
564.746,35.218332,-90.00299799999999,ChIJfRCGEgGA1YcRsZsWP_dycDI,OK,49150,471570101105008
772.65,35.21475480000001,-90.00354540000001,ChIJF6XvX_9_1YcRD4jlF4jzevw,OK,61624,471570101105008
888.909,35.21475480000001,-90.00354540000001,ChIJF6XvX_9_1YcRD4jlF4jzevw,OK,66913,471570101106002
888.909,35.21475480000001,-90.00354540000001,ChIJF6XvX_9_1YcRD4jlF4jzevw,OK,66913,471570101106002
1287.399,35.218332,-90.00299799999999,ChIJfRCGEgGA1YcRsZsWP_dycDI,OK,90822,471570101106002
2131.666,35.21475480000001,-90.00354540000001,ChIJF6XvX_9_1YcRD4jlF4jzevw,OK,147244,471570101203009
2131.666,35.21475480000001,-90.00354540000001,ChIJF6XvX_9_1YcRD4jlF4jzevw,OK,147244,471570101203009
2530.155,35.218332,-90.00299799999999,ChIJfRCGEgGA1YcRsZsWP_dycDI,OK,171153,471570101203009
1876.137,35.21475480000001,-90.00354540000001,ChIJF6XvX_9_1YcRD4jlF4jzevw,OK,156164,471570101203011
1876.137,35.21475480000001,-90.00354540000001,ChIJF6XvX_9_1YcRD4jlF4jzevw,OK,156164,471570101203011
2274.627,35.218332,-90.00299799999999,ChIJfRCGEgGA1YcRsZsWP_dycDI,OK,180073,471570101203011
5175.093,35.1490317,-90.0140679,ChIJw3q9_xV-1YcRqrte6yBn1CI,OK,350322,471570003001012
5175.093,35.1490317,-90.0140679,ChIJw3q9_xV-1YcRqrte6yBn1CI,OK,350322,471570003001012
5988.834,35.1439641,-90.0517892,ChIJL-0zBZR-1YcRj7p5p1WY4-g,OK,366498,471570003001012
2564.277,35.21475480000001,-90.00354540000001,ChIJF6XvX_9_1YcRD4jlF4jzevw,OK,192132,471570101204006
2564.277,35.21475480000001,-90.00354540000001,ChIJF6XvX_9_1YcRD4jlF4jzevw,OK,192132,471570101204006
2962.766,35.218332,-90.00299799999999,ChIJfRCGEgGA1YcRsZsWP_dycDI,OK,216041,471570101204006
2453.125,35.21475480000001,-90.00354540000001,ChIJF6XvX_9_1YcRD4jlF4jzevw,OK,178794,471570101204002
2453.125,35.21475480000001,-90.00354540000001,ChIJF6XvX_9_1YcRD4jlF4jzevw,OK,178794,471570101204002
2851.615,35.218332,-90.00299799999999,ChIJfRCGEgGA1YcRsZsWP_dycDI,OK,202703,471570101204002
2221.022,35.21475480000001,-90.00354540000001,ChIJF6XvX_9_1YcRD4jlF4jzevw,OK,170693,471570101203013
2221.022,35.21475480000001,-90.00354540000001,ChIJF6XvX_9_1YcRD4jlF4jzevw,OK,170693,471570101203013
2619.511,35.218332,-90.00299799999999,ChIJfRCGEgGA1YcRsZsWP_dycDI,OK,194602,471570101203013
2346.827,35.21475480000001,-90.00354540000001,ChIJF6XvX_9_1YcRD4jlF4jzevw,OK,183870,471570101203012
2346.827,35.21475480000001,-90.00354540000001,ChIJF6XvX_9_1YcRD4jlF4jzevw,OK,183870,471570101203012
2745.316,35.218332,-90.00299799999999,ChIJfRCGEgGA1YcRsZsWP_dycDI,OK,207779,471570101203012
2651.813,35.21475480000001,-90.00354540000001,ChIJF6XvX_9_1YcRD4jlF4jzevw,OK,160084,471570101205002
2651.813,35.21475480000001,-90.00354540000001,ChIJF6XvX_9_1YcRD4jlF4jzevw,OK,160084,471570101205002
3050.302,35.218332,-90.00299799999999,ChIJfRCGEgGA1YcRsZsWP_dycDI,OK,183993,471570101205002
1643.987,35.21475480000001,-90.00354540000001,ChIJF6XvX_9_1YcRD4jlF4jzevw,OK,128307,471570101203007
1643.987,35.21475480000001,-90.00354540000001,ChIJF6XvX_9_1YcRD4jlF4jzevw,OK,128307,471570101203007
2042.476,35.218332,-90.00299799999999,ChIJfRCGEgGA1YcRsZsWP_dycDI,OK,152216,471570101203007
1600.284,35.21475480000001,-90.00354540000001,ChIJF6XvX_9_1YcRD4jlF4jzevw,OK,97853,471570101203006
1600.284,35.21475480000001,-90.00354540000001,ChIJF6XvX_9_1YcRD4jlF4jzevw,OK,97853,471570101203006
1998.773,35.218332,-90.00299799999999,ChIJfRCGEgGA1YcRsZsWP_dycDI,OK,121762,471570101203006
919.802,35.21475480000001,-90.00354540000001,ChIJF6XvX_9_1YcRD4jlF4jzevw,OK,55184,471570101106014
919.802,35.21475480000001,-90.00354540000001,ChIJF6XvX_9_1YcRD4jlF4jzevw,OK,55184,471570101106014
1318.291,35.218332,-90.00299799999999,ChIJfRCGEgGA1YcRsZsWP_dycDI,OK,79093,471570101106014
1479.07,35.21475480000001,-90.00354540000001,ChIJF6XvX_9_1YcRD4jlF4jzevw,OK,109833,471570101202010
1479.07,35.21475480000001,-90.00354540000001,ChIJF6XvX_9_1YcRD4jlF4jzevw,OK,109833,471570101202010
1718.904,35.2166323,-89.9945206,ChIJ4fSgw_h_f4gRx0hAJfGjdzA,OK,109886,471570101202010
2356.765,35.21475480000001,-90.00354540000001,ChIJF6XvX_9_1YcRD4jlF4jzevw,OK,186464,471570101203010
2356.765,35.21475480000001,-90.00354540000001,ChIJF6XvX_9_1YcRD4jlF4jzevw,OK,186464,471570101203010
2755.254,35.218332,-90.00299799999999,ChIJfRCGEgGA1YcRsZsWP_dycDI,OK,210373,471570101203010
2908.2,35.2064292,-89.73436359999999,ChIJP6qgZdGff4gRQoIww3TX5kM,OK,172521,471570210101060
2908.2,35.2064292,-89.73436359999999,ChIJP6qgZdGff4gRQoIww3TX5kM,OK,172521,471570210101060
3380.009,35.1581502,-89.72609419999999,ChIJL6yctRGff4gRqpalt07WxQs,OK,213301,471570210101060
1535.045,35.05113000000001,-89.815021,ChIJAdLMX4iaf4gRUenKpoiyrBc,OK,123550,471570213421027
1535.045,35.05113000000001,-89.815021,ChIJAdLMX4iaf4gRUenKpoiyrBc,OK,123550,471570213421027
1749.187,35.048632,-89.814048,ChIJqY7T64eaf4gRoqZRK7sz4Co,OK,135826,471570213421027
1902.093,35.21475480000001,-90.00354540000001,ChIJF6XvX_9_1YcRD4jlF4jzevw,OK,129345,471570101203015
1902.093,35.21475480000001,-90.00354540000001,ChIJF6XvX_9_1YcRD4jlF4jzevw,OK,129345,471570101203015
2300.582,35.218332,-90.00299799999999,ChIJfRCGEgGA1YcRsZsWP_dycDI,OK,153254,471570101203015
6582.447,35.218332,-90.00299799999999,ChIJfRCGEgGA1YcRsZsWP_dycDI,OK,344614,471570101205011
6582.447,35.218332,-90.00299799999999,ChIJfRCGEgGA1YcRsZsWP_dycDI,OK,344614,471570101205011
6142.926,35.21475480000001,-90.00354540000001,ChIJF6XvX_9_1YcRD4jlF4jzevw,OK,353381,471570101205011
5509.642,35.218332,-90.00299799999999,ChIJfRCGEgGA1YcRsZsWP_dycDI,OK,308531,471570101205015
5509.642,35.218332,-90.00299799999999,ChIJfRCGEgGA1YcRsZsWP_dycDI,OK,308531,471570101205015
5070.121,35.21475480000001,-90.00354540000001,ChIJF6XvX_9_1YcRD4jlF4jzevw,OK,317298,471570101205015
4024.943,35.21475480000001,-90.00354540000001,ChIJF6XvX_9_1YcRD4jlF4jzevw,OK,297083,471570101205029
4024.943,35.21475480000001,-90.00354540000001,ChIJF6XvX_9_1YcRD4jlF4jzevw,OK,297083,471570101205029
4423.432,35.218332,-90.00299799999999,ChIJfRCGEgGA1YcRsZsWP_dycDI,OK,320992,471570101205029
2797.568,34.9907298,-89.99350899999999,ChIJaR6gqdOJf4gRbmqB7wctwt0,OK,168221,471570219004027
3431.369,35.02138900000001,-89.996898,ChIJz3MQkR6If4gRIBgmNH-BQcg,OK,203320,471570219004027
2930.835,35.015991,-89.935953,ChIJSSHzkseIf4gRnqbOP98HojY,OK,262158,471570219002015
2930.835,35.015991,-89.935953,ChIJSSHzkseIf4gRnqbOP98HojY,OK,262158,471570219002015
3581.593,35.02099699999999,-89.93544,ChIJW6hY3LmIf4gRWjIeu9tMgvU,OK,298197,471570219002015
543.943,35.00495799999999,-90.0276544,ChIJuXbrrfFi1YcR97C4vX-T9Zk,OK,52024,471570221304007
543.943,35.00495799999999,-90.0276544,ChIJuXbrrfFi1YcR97C4vX-T9Zk,OK,52024,471570221304007
2160.163,34.99227370000001,-90.0232297,ChIJY7HkKF9i1YcRjKJ-3GH9XsM,OK,132050,471570221304007
2806.46,34.9907298,-89.99350899999999,ChIJaR6gqdOJf4gRbmqB7wctwt0,OK,169288,471570219004009
2806.46,34.9907298,-89.99350899999999,ChIJaR6gqdOJf4gRbmqB7wctwt0,OK,169288,471570219004009
3440.26,35.02138900000001,-89.996898,ChIJz3MQkR6If4gRIBgmNH-BQcg,OK,204387,471570219004009
2883.266,34.9907298,-89.99350899999999,ChIJaR6gqdOJf4gRbmqB7wctwt0,OK,178504,471570219004010
2883.266,34.9907298,-89.99350899999999,ChIJaR6gqdOJf4gRbmqB7wctwt0,OK,178504,471570219004010
3517.067,35.02138900000001,-89.996898,ChIJz3MQkR6If4gRIBgmNH-BQcg,OK,213603,471570219004010
2916.018,34.9907298,-89.99350899999999,ChIJaR6gqdOJf4gRbmqB7wctwt0,OK,182434,471570219004011
2916.018,34.9907298,-89.99350899999999,ChIJaR6gqdOJf4gRbmqB7wctwt0,OK,182434,471570219004011
3549.819,35.02138900000001,-89.996898,ChIJz3MQkR6If4gRIBgmNH-BQcg,OK,217533,471570219004011
613.777,35.0068452,-90.00681259999999,ChIJz3G0Jpti1YcRMCYWHOflqrA,OK,47794,471570221302010
613.777,35.0068452,-90.00681259999999,ChIJz3G0Jpti1YcRMCYWHOflqrA,OK,47794,471570221302010
1297.306,34.993343,-90.00823899999999,ChIJk-nxFn1i1YcRBckohHLWoho,OK,88804,471570221302010
318.417,35.0068452,-90.00681259999999,ChIJz3G0Jpti1YcRMCYWHOflqrA,OK,30683,471570221302009
318.417,35.0068452,-90.00681259999999,ChIJz3G0Jpti1YcRMCYWHOflqrA,OK,30683,471570221302009
1476.271,34.993343,-90.00823899999999,ChIJk-nxFn1i1YcRBckohHLWoho,OK,110281,471570221302009
3053.723,34.9907298,-89.99350899999999,ChIJaR6gqdOJf4gRbmqB7wctwt0,OK,198959,471570219004004
3053.723,34.9907298,-89.99350899999999,ChIJaR6gqdOJf4gRbmqB7wctwt0,OK,198959,471570219004004
3687.524,35.02138900000001,-89.996898,ChIJz3MQkR6If4gRIBgmNH-BQcg,OK,234058,471570219004004
4444.385,35.0326981,-90.07589809999999,ChIJ9S1ljalk1YcRvuG-_hbpimA,OK,265943,471570224104006
4444.385,35.0326981,-90.07589809999999,ChIJ9S1ljalk1YcRvuG-_hbpimA,OK,265943,471570224104006
4416.734,35.00495799999999,-90.0276544,ChIJuXbrrfFi1YcR97C4vX-T9Zk,OK,275524,471570224104006
3407.608,35.0078094,-89.83044679999999,ChIJpwHMo0eQf4gRIqmNFjWLuW4,OK,198862,471570226001190
3407.608,35.0078094,-89.83044679999999,ChIJpwHMo0eQf4gRIqmNFjWLuW4,OK,198862,471570226001190
4264.733,35.02100869999999,-89.8995317,ChIJ-f6gz22Pf4gR-rWEeLgd-68,OK,235928,471570226001190
4286.257,35.0326981,-90.07589809999999,ChIJ9S1ljalk1YcRvuG-_hbpimA,OK,257216,471570224104009
4286.257,35.0326981,-90.07589809999999,ChIJ9S1ljalk1YcRvuG-_hbpimA,OK,257216,471570224104009
4258.606,35.00495799999999,-90.0276544,ChIJuXbrrfFi1YcR97C4vX-T9Zk,OK,266797,471570224104009
1795.476,35.015991,-89.935953,ChIJSSHzkseIf4gRnqbOP98HojY,OK,122185,471570219002020
1795.476,35.015991,-89.935953,ChIJSSHzkseIf4gRnqbOP98HojY,OK,122185,471570219002020
2446.234,35.02099699999999,-89.93544,ChIJW6hY3LmIf4gRWjIeu9tMgvU,OK,158224,471570219002020
30.026,35.00495799999999,-90.0276544,ChIJuXbrrfFi1YcR97C4vX-T9Zk,OK,3603,471570221304008
30.026,35.00495799999999,-90.0276544,ChIJuXbrrfFi1YcR97C4vX-T9Zk,OK,3603,471570221304008
1583.624,34.99227370000001,-90.0232297,ChIJY7HkKF9i1YcRjKJ-3GH9XsM,OK,114649,471570221304008
666.883,35.0068452,-90.00681259999999,ChIJz3G0Jpti1YcRMCYWHOflqrA,OK,54166,471570221302005
666.883,35.0068452,-90.00681259999999,ChIJz3G0Jpti1YcRMCYWHOflqrA,OK,54166,471570221302005
1350.412,34.993343,-90.00823899999999,ChIJk-nxFn1i1YcRBckohHLWoho,OK,95176,471570221302005
1817.676,35.1444038,-90.0168571,ChIJufYEjhR-1YcREff46W6Lons,OK,112483,471570039001018
1817.676,35.1444038,-90.0168571,ChIJufYEjhR-1YcREff46W6Lons,OK,112483,471570039001018
2223.866,35.1439641,-90.0517892,ChIJL-0zBZR-1YcRj7p5p1WY4-g,OK,141740,471570039001018
2980.174,34.9907298,-89.99350899999999,ChIJaR6gqdOJf4gRbmqB7wctwt0,OK,190133,471570219004007
2980.174,34.9907298,-89.99350899999999,ChIJaR6gqdOJf4gRbmqB7wctwt0,OK,190133,471570219004007
3613.975,35.02138900000001,-89.996898,ChIJz3MQkR6If4gRIBgmNH-BQcg,OK,225232,471570219004007
3089.96,34.9907298,-89.99350899999999,ChIJaR6gqdOJf4gRbmqB7wctwt0,OK,203307,471570219004005
3089.96,34.9907298,-89.99350899999999,ChIJaR6gqdOJf4gRbmqB7wctwt0,OK,203307,471570219004005
3723.761,35.02138900000001,-89.996898,ChIJz3MQkR6If4gRIBgmNH-BQcg,OK,238406,471570219004005
2970.253,34.9907298,-89.99350899999999,ChIJaR6gqdOJf4gRbmqB7wctwt0,OK,188943,471570219004026
2970.253,34.9907298,-89.99350899999999,ChIJaR6gqdOJf4gRbmqB7wctwt0,OK,188943,471570219004026
3604.054,35.02138900000001,-89.996898,ChIJz3MQkR6If4gRIBgmNH-BQcg,OK,224042,471570219004026
3397.077,34.999309,-90.118577,ChIJ9TRIjgZl1YcR3fm2jM14AHY,OK,242862,471570224104013
3397.077,34.999309,-90.118577,ChIJ9TRIjgZl1YcR3fm2jM14AHY,OK,242862,471570224104013
3996.757,35.02753099999999,-90.082077,ChIJK66rdetk1YcRwwxI9gDREks,OK,275675,471570224104013
1852.95,35.015991,-89.935953,ChIJSSHzkseIf4gRnqbOP98HojY,OK,119100,471570219002018
1852.95,35.015991,-89.935953,ChIJSSHzkseIf4gRnqbOP98HojY,OK,119100,471570219002018
2503.708,35.02099699999999,-89.93544,ChIJW6hY3LmIf4gRWjIeu9tMgvU,OK,155139,471570219002018
3618.332,35.0078094,-89.83044679999999,ChIJpwHMo0eQf4gRIqmNFjWLuW4,OK,224149,471570226001188
3618.332,35.0078094,-89.83044679999999,ChIJpwHMo0eQf4gRIqmNFjWLuW4,OK,224149,471570226001188
4475.457,35.02100869999999,-89.8995317,ChIJ-f6gz22Pf4gR-rWEeLgd-68,OK,261215,471570226001188
5520.819,35.0326981,-90.07589809999999,ChIJ9S1ljalk1YcRvuG-_hbpimA,OK,362269,471570224104008
128.467,35.02099699999999,-89.93544,ChIJW6hY3LmIf4gRWjIeu9tMgvU,OK,7114,471570226001129
128.467,35.02099699999999,-89.93544,ChIJW6hY3LmIf4gRWjIeu9tMgvU,OK,7114,471570226001129
779.225,35.015991,-89.935953,ChIJSSHzkseIf4gRnqbOP98HojY,OK,43153,471570226001129
556.235,35.0757114,-89.9271675,ChIJ-d7FIHmGf4gR6Aa1VQWm0ps,OK,56303,471570106101021
556.235,35.0757114,-89.9271675,ChIJ-d7FIHmGf4gR6Aa1VQWm0ps,OK,56303,471570106101021
1207.658,35.0745932,-89.9204618,ChIJPX58KNGFf4gRLgBWAHPwusk,OK,97309,471570106101021
270.166,35.02099699999999,-89.93544,ChIJW6hY3LmIf4gRWjIeu9tMgvU,OK,14961,471570219001010
270.166,35.02099699999999,-89.93544,ChIJW6hY3LmIf4gRWjIeu9tMgvU,OK,14961,471570219001010
657.212,35.015991,-89.935953,ChIJSSHzkseIf4gRnqbOP98HojY,OK,36395,471570219001010
422.697,35.1507888,-89.977317,ChIJdVWrOuqAf4gR-V7s1E3qo7g,OK,25069,471570015001030
422.697,35.1507888,-89.977317,ChIJdVWrOuqAf4gR-V7s1E3qo7g,OK,25069,471570015001030
2287.08,35.13418100000001,-89.98599,ChIJnf1_yraAf4gR9pQmD7CXhgg,OK,123938,471570015001030
1150.759,35.2064292,-89.73436359999999,ChIJP6qgZdGff4gRQoIww3TX5kM,OK,90911,471570208313003
1150.759,35.2064292,-89.73436359999999,ChIJP6qgZdGff4gRQoIww3TX5kM,OK,90911,471570208313003
3812.663,35.2044739,-89.76342459999999,ChIJ3XsJxyKef4gRTeWb3lonWsU,OK,219089,471570208313003
701.777,35.148225,-89.89748700000001,ChIJC8t095eDf4gRGuXK3FleZyg,OK,69198,471570092002012
701.777,35.148225,-89.89748700000001,ChIJC8t095eDf4gRGuXK3FleZyg,OK,69198,471570092002012
782.323,35.1489345,-89.89838259999999,ChIJaTBvX72Df4gRiyFT0LQMnrQ,OK,74030,471570092002012
985.278,35.1145886,-89.90089789999999,ChIJKWmlFW6Ef4gR0YNISWQMkss,OK,82772,471570093001001
985.278,35.1145886,-89.90089789999999,ChIJKWmlFW6Ef4gR0YNISWQMkss,OK,82772,471570093001001
1803.046,35.1153996,-89.89414069999999,ChIJCb4NOWWEf4gR79YlPQoocW4,OK,139005,471570093001001
1366.086,35.1507888,-89.977317,ChIJdVWrOuqAf4gR-V7s1E3qo7g,OK,86020,471570009001018
1366.086,35.1507888,-89.977317,ChIJdVWrOuqAf4gR-V7s1E3qo7g,OK,86020,471570009001018
2298.795,35.17410499999999,-89.97575479999999,ChIJmfYTGFmAf4gRHGKCaD0qCtI,OK,141974,471570009001018
1766.924,35.17410499999999,-89.97575479999999,ChIJmfYTGFmAf4gRHGKCaD0qCtI,OK,121041,471570111001019
1766.924,35.17410499999999,-89.97575479999999,ChIJmfYTGFmAf4gRHGKCaD0qCtI,OK,121041,471570111001019
2955.86,35.167095,-89.950496,ChIJecYfJgmBf4gRJh-YY67U6V8,OK,203766,471570111001019
1213.599,35.1507888,-89.977317,ChIJdVWrOuqAf4gR-V7s1E3qo7g,OK,81672,471570015001004
1213.599,35.1507888,-89.977317,ChIJdVWrOuqAf4gR-V7s1E3qo7g,OK,81672,471570015001004
2146.308,35.17410499999999,-89.97575479999999,ChIJmfYTGFmAf4gRHGKCaD0qCtI,OK,137626,471570015001004
490.269,35.054745,-90.007971,ChIJXxyyQlt91YcRhldtWgjSnSE,OK,48001,471570220222002
490.269,35.054745,-90.007971,ChIJXxyyQlt91YcRhldtWgjSnSE,OK,48001,471570220222002
922.117,35.05407199999999,-90.00125899999999,ChIJIzdhk1h91YcRZT7cBcBslaM,OK,64040,471570220222002
3210.056,35.0225458,-90.0257415,ChIJnc94gMRi1YcRKYztFRuX2Yw,OK,220312,471570223223002
3210.056,35.0225458,-90.0257415,ChIJnc94gMRi1YcRKYztFRuX2Yw,OK,220312,471570223223002
3265.857,35.0326981,-90.07589809999999,ChIJ9S1ljalk1YcRvuG-_hbpimA,OK,227205,471570223223002
1356.814,35.0461089,-89.7947008,ChIJaZI6O3Oaf4gRqa_eh0DNj_s,OK,82668,471570213421074
1356.814,35.0461089,-89.7947008,ChIJaZI6O3Oaf4gRqa_eh0DNj_s,OK,82668,471570213421074
1474.819,35.045091,-89.795412,ChIJVelsQnOaf4gRECqTW7fq-dY,OK,89203,471570213421074
2314.775,35.1489345,-89.89838259999999,ChIJaTBvX72Df4gRiyFT0LQMnrQ,OK,140546,471570087001000
2314.775,35.1489345,-89.89838259999999,ChIJaTBvX72Df4gRiyFT0LQMnrQ,OK,140546,471570087001000
2395.321,35.148225,-89.89748700000001,ChIJC8t095eDf4gRGuXK3FleZyg,OK,145379,471570087001000
775.437,35.02753099999999,-90.082077,ChIJK66rdetk1YcRwwxI9gDREks,OK,72418,471570223301009
775.437,35.02753099999999,-90.082077,ChIJK66rdetk1YcRwwxI9gDREks,OK,72418,471570223301009
1576.509,35.0326981,-90.07589809999999,ChIJ9S1ljalk1YcRvuG-_hbpimA,OK,116784,471570223301009
2219.708,35.0461089,-89.7947008,ChIJaZI6O3Oaf4gRqa_eh0DNj_s,OK,155016,471570213423058
2219.708,35.0461089,-89.7947008,ChIJaZI6O3Oaf4gRqa_eh0DNj_s,OK,155016,471570213423058
2337.714,35.045091,-89.795412,ChIJVelsQnOaf4gRECqTW7fq-dY,OK,161551,471570213423058
2293.519,35.04577219999999,-89.82821469999999,ChIJL-jEaJmaf4gREtYdkYi2nAs,OK,146601,471570213341030
2479.023,35.05113000000001,-89.815021,ChIJAdLMX4iaf4gRUenKpoiyrBc,OK,160993,471570213341030
2479.023,35.05113000000001,-89.815021,ChIJAdLMX4iaf4gRUenKpoiyrBc,OK,160993,471570213341030
1246.082,35.12545849999999,-89.97454169999999,ChIJoyT3HjOHf4gRS6EdHckmff8,OK,86836,471570071001030
1246.082,35.12545849999999,-89.97454169999999,ChIJoyT3HjOHf4gRS6EdHckmff8,OK,86836,471570071001030
2521,35.13418100000001,-89.98599,ChIJnf1_yraAf4gR9pQmD7CXhgg,OK,177486,471570071001030
3078.51,35.222344,-89.97682999999999,ChIJ987Br45_f4gRjwrvnFN8t7k,OK,186916,471570205123006
3078.51,35.222344,-89.97682999999999,ChIJ987Br45_f4gRjwrvnFN8t7k,OK,186916,471570205123006
3479.376,35.2227028,-89.97692290000001,ChIJ987Br45_f4gRMoYIhCny13Q,OK,223048,471570205123006
3454.616,35.222344,-89.97682999999999,ChIJ987Br45_f4gRjwrvnFN8t7k,OK,209750,471570205123007
3454.616,35.222344,-89.97682999999999,ChIJ987Br45_f4gRjwrvnFN8t7k,OK,209750,471570205123007
3855.483,35.2227028,-89.97692290000001,ChIJ987Br45_f4gRMoYIhCny13Q,OK,245882,471570205123007
243.129,35.167095,-89.950496,ChIJecYfJgmBf4gRJh-YY67U6V8,OK,14441,471570111001042
243.129,35.167095,-89.950496,ChIJecYfJgmBf4gRJh-YY67U6V8,OK,14441,471570111001042
2463.286,35.14981359999999,-89.94918609999999,ChIJVdGBGRaBf4gRsi89Rzqn8W4,OK,146495,471570111001042
2757.312,35.14859919999999,-89.91828060000002,ChIJRflgf-eDf4gRHX_XNYKER-s,OK,188090,471570086002011
2757.312,35.14859919999999,-89.91828060000002,ChIJRflgf-eDf4gRHX_XNYKER-s,OK,188090,471570086002011
3699.79,35.1145886,-89.90089789999999,ChIJKWmlFW6Ef4gR0YNISWQMkss,OK,237434,471570086002011
2776.138,35.1489345,-89.89838259999999,ChIJaTBvX72Df4gRiyFT0LQMnrQ,OK,174786,471570086002018
2776.138,35.1489345,-89.89838259999999,ChIJaTBvX72Df4gRiyFT0LQMnrQ,OK,174786,471570086002018
2283.066,35.148225,-89.89748700000001,ChIJC8t095eDf4gRGuXK3FleZyg,OK,176629,471570086002018
1894.997,35.1489345,-89.89838259999999,ChIJaTBvX72Df4gRiyFT0LQMnrQ,OK,112614,471570087001016
1894.997,35.1489345,-89.89838259999999,ChIJaTBvX72Df4gRiyFT0LQMnrQ,OK,112614,471570087001016
1975.542,35.148225,-89.89748700000001,ChIJC8t095eDf4gRGuXK3FleZyg,OK,117447,471570087001016
807.937,35.14859919999999,-89.91828060000002,ChIJRflgf-eDf4gRHX_XNYKER-s,OK,58908,471570087004015
807.937,35.14859919999999,-89.91828060000002,ChIJRflgf-eDf4gRHX_XNYKER-s,OK,58908,471570087004015
1349.117,35.1489345,-89.89838259999999,ChIJaTBvX72Df4gRiyFT0LQMnrQ,OK,89181,471570087004015
1178.604,35.1804299,-89.9263818,ChIJIfvtv4eBf4gRJLjVGBpAzmc,OK,89435,471570088003020
1178.604,35.1804299,-89.9263818,ChIJIfvtv4eBf4gRJLjVGBpAzmc,OK,89435,471570088003020
2134.718,35.183951,-89.93106899999999,ChIJWQ0EIo-Bf4gR6cuqlCcQuNw,OK,168524,471570088003020
978.975,35.1804299,-89.9263818,ChIJIfvtv4eBf4gRJLjVGBpAzmc,OK,72907,471570088003013
1664.986,35.183951,-89.93106899999999,ChIJWQ0EIo-Bf4gR6cuqlCcQuNw,OK,137699,471570088003013
1664.986,35.183951,-89.93106899999999,ChIJWQ0EIo-Bf4gR6cuqlCcQuNw,OK,137699,471570088003013
2634.073,35.167095,-89.950496,ChIJecYfJgmBf4gRJh-YY67U6V8,OK,165208,471570088004011
2634.073,35.167095,-89.950496,ChIJecYfJgmBf4gRJh-YY67U6V8,OK,165208,471570088004011
2713.064,35.1804299,-89.9263818,ChIJIfvtv4eBf4gRJLjVGBpAzmc,OK,169644,471570088004011
489.269,35.1804299,-89.9263818,ChIJIfvtv4eBf4gRJLjVGBpAzmc,OK,40853,471570088002007
489.269,35.1804299,-89.9263818,ChIJIfvtv4eBf4gRJLjVGBpAzmc,OK,40853,471570088002007
1445.383,35.183951,-89.93106899999999,ChIJWQ0EIo-Bf4gR6cuqlCcQuNw,OK,119942,471570088002007
1128.732,35.1804299,-89.9263818,ChIJIfvtv4eBf4gRJLjVGBpAzmc,OK,89114,471570088002001
1128.732,35.1804299,-89.9263818,ChIJIfvtv4eBf4gRJLjVGBpAzmc,OK,89114,471570088002001
2084.847,35.183951,-89.93106899999999,ChIJWQ0EIo-Bf4gR6cuqlCcQuNw,OK,168203,471570088002001
850.382,35.183951,-89.93106899999999,ChIJWQ0EIo-Bf4gR6cuqlCcQuNw,OK,89694,471570089001014
850.382,35.183951,-89.93106899999999,ChIJWQ0EIo-Bf4gR6cuqlCcQuNw,OK,89694,471570089001014
850.621,35.1839382,-89.93104869999999,ChIJrQx5Io-Bf4gRSwDAaGIf4WE,OK,89737,471570089001014
2993.428,35.1489345,-89.89838259999999,ChIJaTBvX72Df4gRiyFT0LQMnrQ,OK,221981,471570091001010
2993.428,35.1489345,-89.89838259999999,ChIJaTBvX72Df4gRiyFT0LQMnrQ,OK,221981,471570091001010
3073.974,35.148225,-89.89748700000001,ChIJC8t095eDf4gRGuXK3FleZyg,OK,226814,471570091001010
1718.04,35.148225,-89.89748700000001,ChIJC8t095eDf4gRGuXK3FleZyg,OK,142659,471570092001006
1718.04,35.148225,-89.89748700000001,ChIJC8t095eDf4gRGuXK3FleZyg,OK,142659,471570092001006
1798.585,35.1489345,-89.89838259999999,ChIJaTBvX72Df4gRiyFT0LQMnrQ,OK,147491,471570092001006
2474.104,35.1804299,-89.9263818,ChIJIfvtv4eBf4gRJLjVGBpAzmc,OK,178315,471570091002013
2474.104,35.1804299,-89.9263818,ChIJIfvtv4eBf4gRJLjVGBpAzmc,OK,178315,471570091002013
2831.197,35.14859919999999,-89.91828060000002,ChIJRflgf-eDf4gRHX_XNYKER-s,OK,222102,471570091002013
1618.44,35.1804299,-89.9263818,ChIJIfvtv4eBf4gRJLjVGBpAzmc,OK,147719,471570091002006
1618.44,35.1804299,-89.9263818,ChIJIfvtv4eBf4gRJLjVGBpAzmc,OK,147719,471570091002006
2574.554,35.183951,-89.93106899999999,ChIJWQ0EIo-Bf4gR6cuqlCcQuNw,OK,226808,471570091002006
3197.027,35.1546312,-89.79260459999999,ChIJ8UeuSEecf4gRniit7ubZLtM,OK,172180,471570211351015
3197.027,35.1546312,-89.79260459999999,ChIJ8UeuSEecf4gRniit7ubZLtM,OK,172180,471570211351015
3732.547,35.2051043,-89.79754849999999,ChIJpRDMlY2df4gRQqHmUo_lzmc,OK,201921,471570211351015
2223.34,35.093591,-90.056624,ChIJgyVl92d81YcRhuRHHckl8Y4,OK,144003,471570053003047
2223.34,35.093591,-90.056624,ChIJgyVl92d81YcRhuRHHckl8Y4,OK,144003,471570053003047
2403.177,35.095133,-90.05542799999999,ChIJATnUo0J81YcRpbAuNwXeqRw,OK,153963,471570053003047
638.777,35.095133,-90.05542799999999,ChIJATnUo0J81YcRpbAuNwXeqRw,OK,48320,471570055002003
638.777,35.095133,-90.05542799999999,ChIJATnUo0J81YcRpbAuNwXeqRw,OK,48320,471570055002003
800.18,35.098685,-90.05664899999999,ChIJ31qwBkJ81YcRk2V5pdmdhrM,OK,57259,471570055002003
3093.25,35.093591,-90.056624,ChIJgyVl92d81YcRhuRHHckl8Y4,OK,222036,471570222202006
3411.442,35.06128,-90.05978399999999,ChIJm06f8ZV81YcRTjzAsJPcBKY,OK,270830,471570222202006
3411.442,35.06128,-90.05978399999999,ChIJm06f8ZV81YcRTjzAsJPcBKY,OK,270830,471570222202006
2300.057,35.06128,-90.05978399999999,ChIJm06f8ZV81YcRTjzAsJPcBKY,OK,124511,471570225001033
2300.057,35.06128,-90.05978399999999,ChIJm06f8ZV81YcRTjzAsJPcBKY,OK,124511,471570225001033
2384.527,35.093591,-90.056624,ChIJgyVl92d81YcRhuRHHckl8Y4,OK,125635,471570225001033
4354.603,35.0543926,-90.0597009,ChIJT5TzUbl81YcRiPqNjkbj9CA,OK,260855,471570222202018
3641.524,35.06128,-90.05978399999999,ChIJm06f8ZV81YcRTjzAsJPcBKY,OK,272691,471570222202018
3641.524,35.06128,-90.05978399999999,ChIJm06f8ZV81YcRTjzAsJPcBKY,OK,272691,471570222202018
3045.483,35.0543926,-90.0597009,ChIJT5TzUbl81YcRiPqNjkbj9CA,OK,215251,471570222203008
3626.839,35.06128,-90.05978399999999,ChIJm06f8ZV81YcRTjzAsJPcBKY,OK,247448,471570222203008
3626.839,35.06128,-90.05978399999999,ChIJm06f8ZV81YcRTjzAsJPcBKY,OK,247448,471570222203008
1794.746,35.109859,-89.99141100000001,ChIJs6JbpFyHf4gR9O01gG0a7fQ,OK,124739,471570063001006
1794.746,35.109859,-89.99141100000001,ChIJs6JbpFyHf4gR9O01gG0a7fQ,OK,124739,471570063001006
2283.388,35.13418100000001,-89.98599,ChIJnf1_yraAf4gR9pQmD7CXhgg,OK,159517,471570063001006
347.297,35.13779299999999,-89.99118349999999,ChIJUQlZ-K-Af4gRkRKK62-ap5w,OK,30435,471570031004014
347.297,35.13779299999999,-89.99118349999999,ChIJUQlZ-K-Af4gRkRKK62-ap5w,OK,30435,471570031004014
546.662,35.13418100000001,-89.98599,ChIJnf1_yraAf4gR9pQmD7CXhgg,OK,49953,471570031004014
568.441,35.13418100000001,-89.98599,ChIJnf1_yraAf4gR9pQmD7CXhgg,OK,68211,471570031004010
568.441,35.13418100000001,-89.98599,ChIJnf1_yraAf4gR9pQmD7CXhgg,OK,68211,471570031004010
741.14,35.13779299999999,-89.99118349999999,ChIJUQlZ-K-Af4gRkRKK62-ap5w,OK,82979,471570031004010
1742.368,35.13418100000001,-89.98599,ChIJnf1_yraAf4gR9pQmD7CXhgg,OK,111277,471570033001015
1742.368,35.13418100000001,-89.98599,ChIJnf1_yraAf4gR9pQmD7CXhgg,OK,111277,471570033001015
1808.647,35.13779299999999,-89.99118349999999,ChIJUQlZ-K-Af4gRkRKK62-ap5w,OK,120775,471570033001015
449.122,35.13418100000001,-89.98599,ChIJnf1_yraAf4gR9pQmD7CXhgg,OK,36503,471570031003003
449.122,35.13418100000001,-89.98599,ChIJnf1_yraAf4gR9pQmD7CXhgg,OK,36503,471570031003003
755.142,35.13779299999999,-89.99118349999999,ChIJUQlZ-K-Af4gRkRKK62-ap5w,OK,60385,471570031003003
1353.641,35.12545849999999,-89.97454169999999,ChIJoyT3HjOHf4gRS6EdHckmff8,OK,84513,471570066002013
1509.317,35.13418100000001,-89.98599,ChIJnf1_yraAf4gR9pQmD7CXhgg,OK,90042,471570066002013
1509.317,35.13418100000001,-89.98599,ChIJnf1_yraAf4gR9pQmD7CXhgg,OK,90042,471570066002013
337.847,35.17410499999999,-89.97575479999999,ChIJmfYTGFmAf4gRHGKCaD0qCtI,OK,26933,471570008003015
337.847,35.17410499999999,-89.97575479999999,ChIJmfYTGFmAf4gRHGKCaD0qCtI,OK,26933,471570008003015
1684.456,35.1738374,-89.98954379999999,ChIJ_S0BIGOAf4gRU3Ph4W65cOQ,OK,107720,471570008003015
561.041,35.02138900000001,-89.996898,ChIJz3MQkR6If4gRIBgmNH-BQcg,OK,41164,471570221121017
561.041,35.02138900000001,-89.996898,ChIJz3MQkR6If4gRIBgmNH-BQcg,OK,41164,471570221121017
2696.333,35.021384,-90.019407,ChIJk8DCu8Bi1YcRUnUQCgCMr-E,OK,160168,471570221121017
3792.43,35.1439641,-90.0517892,ChIJL-0zBZR-1YcRj7p5p1WY4-g,OK,277085,471570001003005
3792.43,35.1439641,-90.0517892,ChIJL-0zBZR-1YcRj7p5p1WY4-g,OK,277085,471570001003005
4001.346,35.1450994,-90.0538646,ChIJne6_s5V-1YcRn_LPaqiwhrk,OK,282539,471570001003005
2019.42,35.051879,-89.95322299999999,ChIJtbdkhjqGf4gRndtG1KtFnTA,OK,116624,471579801001094
2019.42,35.051879,-89.95322299999999,ChIJtbdkhjqGf4gRndtG1KtFnTA,OK,116624,471579801001094
2167.566,35.02379430000001,-89.96377079999999,ChIJDVntamKIf4gRlF5S6rdAlgc,OK,130053,471579801001094
2045.459,35.051879,-89.95322299999999,ChIJtbdkhjqGf4gRndtG1KtFnTA,OK,141484,471570110102006
2045.459,35.051879,-89.95322299999999,ChIJtbdkhjqGf4gRndtG1KtFnTA,OK,141484,471570110102006
2320.375,35.0374859,-89.93716700000002,ChIJESgedaeIf4gRXlLu5ht4wNo,OK,158024,471570110102006
1230.921,35.1161637,-89.9446263,ChIJ-ZiED8iGf4gR32IlfgDBKWY,OK,111947,471570070001014
1230.921,35.1161637,-89.9446263,ChIJ-ZiED8iGf4gR32IlfgDBKWY,OK,111947,471570070001014
1416.105,35.108097,-89.941227,ChIJwxJT-r6Gf4gRhLDuFpyb128,OK,121939,471570070001014
161.775,35.13418100000001,-89.98599,ChIJnf1_yraAf4gR9pQmD7CXhgg,OK,19413,471570031004020
728.117,35.13779299999999,-89.99118349999999,ChIJUQlZ-K-Af4gRkRKK62-ap5w,OK,69232,471570031004020
378.44,35.13418100000001,-89.98599,ChIJnf1_yraAf4gR9pQmD7CXhgg,OK,34648,471570031003002
378.44,35.13418100000001,-89.98599,ChIJnf1_yraAf4gR9pQmD7CXhgg,OK,34648,471570031003002
905.362,35.13779299999999,-89.99118349999999,ChIJUQlZ-K-Af4gRkRKK62-ap5w,OK,71784,471570031003002
102.439,35.13418100000001,-89.98599,ChIJnf1_yraAf4gR9pQmD7CXhgg,OK,9085,471570031004019
102.439,35.13418100000001,-89.98599,ChIJnf1_yraAf4gR9pQmD7CXhgg,OK,9085,471570031004019
988.119,35.13779299999999,-89.99118349999999,ChIJUQlZ-K-Af4gRkRKK62-ap5w,OK,67745,471570031004019
660.077,35.13418100000001,-89.98599,ChIJnf1_yraAf4gR9pQmD7CXhgg,OK,76422,471570031003010
660.077,35.13418100000001,-89.98599,ChIJnf1_yraAf4gR9pQmD7CXhgg,OK,76422,471570031003010
1465.74,35.13779299999999,-89.99118349999999,ChIJUQlZ-K-Af4gRkRKK62-ap5w,OK,126765,471570031003010
3623.964,35.1439641,-90.0517892,ChIJL-0zBZR-1YcRj7p5p1WY4-g,OK,276174,471570001003016
3623.964,35.1439641,-90.0517892,ChIJL-0zBZR-1YcRj7p5p1WY4-g,OK,276174,471570001003016
3832.88,35.1450994,-90.0538646,ChIJne6_s5V-1YcRn_LPaqiwhrk,OK,281628,471570001003016
591.975,35.13418100000001,-89.98599,ChIJnf1_yraAf4gR9pQmD7CXhgg,OK,60271,471570031003007
591.975,35.13418100000001,-89.98599,ChIJnf1_yraAf4gR9pQmD7CXhgg,OK,60271,471570031003007
1118.897,35.13779299999999,-89.99118349999999,ChIJUQlZ-K-Af4gRkRKK62-ap5w,OK,97407,471570031003007
879.347,35.13418100000001,-89.98599,ChIJnf1_yraAf4gR9pQmD7CXhgg,OK,75091,471570031003009
879.347,35.13418100000001,-89.98599,ChIJnf1_yraAf4gR9pQmD7CXhgg,OK,75091,471570031003009
1438.767,35.13779299999999,-89.99118349999999,ChIJUQlZ-K-Af4gRkRKK62-ap5w,OK,116803,471570031003009
281.676,35.13418100000001,-89.98599,ChIJnf1_yraAf4gR9pQmD7CXhgg,OK,30609,471570031004018
281.676,35.13418100000001,-89.98599,ChIJnf1_yraAf4gR9pQmD7CXhgg,OK,30609,471570031004018
1033.967,35.13779299999999,-89.99118349999999,ChIJUQlZ-K-Af4gRkRKK62-ap5w,OK,76415,471570031004018
420.83,35.13418100000001,-89.98599,ChIJnf1_yraAf4gR9pQmD7CXhgg,OK,47716,471570031003001
420.83,35.13418100000001,-89.98599,ChIJnf1_yraAf4gR9pQmD7CXhgg,OK,47716,471570031003001
1213.836,35.13779299999999,-89.99118349999999,ChIJUQlZ-K-Af4gRkRKK62-ap5w,OK,100816,471570031003001
383.769,35.13418100000001,-89.98599,ChIJnf1_yraAf4gR9pQmD7CXhgg,OK,25962,471570031002017
383.769,35.13418100000001,-89.98599,ChIJnf1_yraAf4gR9pQmD7CXhgg,OK,25962,471570031002017
1269.448,35.13779299999999,-89.99118349999999,ChIJUQlZ-K-Af4gRkRKK62-ap5w,OK,84622,471570031002017
1195.488,35.12545849999999,-89.97454169999999,ChIJoyT3HjOHf4gRS6EdHckmff8,OK,80687,471570066002010
1195.488,35.12545849999999,-89.97454169999999,ChIJoyT3HjOHf4gRS6EdHckmff8,OK,80687,471570066002010
1351.164,35.13418100000001,-89.98599,ChIJnf1_yraAf4gR9pQmD7CXhgg,OK,86216,471570066002010
1247.957,35.12545849999999,-89.97454169999999,ChIJoyT3HjOHf4gRS6EdHckmff8,OK,81121,471570066002008
1403.633,35.13418100000001,-89.98599,ChIJnf1_yraAf4gR9pQmD7CXhgg,OK,86650,471570066002008
1403.633,35.13418100000001,-89.98599,ChIJnf1_yraAf4gR9pQmD7CXhgg,OK,86650,471570066002008
1423.227,35.12545849999999,-89.97454169999999,ChIJoyT3HjOHf4gRS6EdHckmff8,OK,98699,471570066002012
1578.903,35.13418100000001,-89.98599,ChIJnf1_yraAf4gR9pQmD7CXhgg,OK,104228,471570066002012
1578.903,35.13418100000001,-89.98599,ChIJnf1_yraAf4gR9pQmD7CXhgg,OK,104228,471570066002012
1078.489,35.12545849999999,-89.97454169999999,ChIJoyT3HjOHf4gRS6EdHckmff8,OK,65244,471570066002020
1078.489,35.12545849999999,-89.97454169999999,ChIJoyT3HjOHf4gRS6EdHckmff8,OK,65244,471570066002020
1234.165,35.13418100000001,-89.98599,ChIJnf1_yraAf4gR9pQmD7CXhgg,OK,70773,471570066002020
1386.812,35.12545849999999,-89.97454169999999,ChIJoyT3HjOHf4gRS6EdHckmff8,OK,97347,471570066002018
1386.812,35.12545849999999,-89.97454169999999,ChIJoyT3HjOHf4gRS6EdHckmff8,OK,97347,471570066002018
1542.488,35.13418100000001,-89.98599,ChIJnf1_yraAf4gR9pQmD7CXhgg,OK,102876,471570066002018
1517.612,35.12545849999999,-89.97454169999999,ChIJoyT3HjOHf4gRS6EdHckmff8,OK,93984,471570066002041
1517.612,35.12545849999999,-89.97454169999999,ChIJoyT3HjOHf4gRS6EdHckmff8,OK,93984,471570066002041
1673.289,35.13418100000001,-89.98599,ChIJnf1_yraAf4gR9pQmD7CXhgg,OK,99513,471570066002041
1276.021,35.12545849999999,-89.97454169999999,ChIJoyT3HjOHf4gRS6EdHckmff8,OK,84489,471570066002009
1431.697,35.13418100000001,-89.98599,ChIJnf1_yraAf4gR9pQmD7CXhgg,OK,90018,471570066002009
1431.697,35.13418100000001,-89.98599,ChIJnf1_yraAf4gR9pQmD7CXhgg,OK,90018,471570066002009
897.347,35.12545849999999,-89.97454169999999,ChIJoyT3HjOHf4gRS6EdHckmff8,OK,53593,471570031001022
897.347,35.12545849999999,-89.97454169999999,ChIJoyT3HjOHf4gRS6EdHckmff8,OK,53593,471570031001022
1096.779,35.13418100000001,-89.98599,ChIJnf1_yraAf4gR9pQmD7CXhgg,OK,61746,471570031001022
1981.383,35.1804299,-89.9263818,ChIJIfvtv4eBf4gRJLjVGBpAzmc,OK,142217,471570088001018
2689.815,35.14859919999999,-89.91828060000002,ChIJRflgf-eDf4gRHX_XNYKER-s,OK,204245,471570088001018
2389,35.14859919999999,-89.91828060000002,ChIJRflgf-eDf4gRHX_XNYKER-s,OK,180772,471570088001016
2389,35.14859919999999,-89.91828060000002,ChIJRflgf-eDf4gRHX_XNYKER-s,OK,180772,471570088001016
2845.952,35.1804299,-89.9263818,ChIJIfvtv4eBf4gRJLjVGBpAzmc,OK,187637,471570088001016
1914.056,35.14859919999999,-89.91828060000002,ChIJRflgf-eDf4gRHX_XNYKER-s,OK,126832,471570087003007
1914.056,35.14859919999999,-89.91828060000002,ChIJRflgf-eDf4gRHX_XNYKER-s,OK,126832,471570087003007
2883.335,35.1804299,-89.9263818,ChIJIfvtv4eBf4gRJLjVGBpAzmc,OK,182788,471570087003007
222.417,35.05905920000001,-89.9340455,ChIJM89Mbw2Gf4gRFqf4fPnKU7k,OK,12927,471570105001037
222.417,35.05905920000001,-89.9340455,ChIJM89Mbw2Gf4gRFqf4fPnKU7k,OK,12927,471570105001037
1207.378,35.0515544,-89.92255089999999,ChIJG_UFGuOFf4gRyHNDzwp5is0,OK,63362,471570105001037
2435.151,35.1804299,-89.9263818,ChIJIfvtv4eBf4gRJLjVGBpAzmc,OK,146097,471570088001014
2435.151,35.1804299,-89.9263818,ChIJIfvtv4eBf4gRJLjVGBpAzmc,OK,146097,471570088001014
2236.695,35.14859919999999,-89.91828060000002,ChIJRflgf-eDf4gRHX_XNYKER-s,OK,154740,471570088001014
2586.517,35.1804299,-89.9263818,ChIJIfvtv4eBf4gRJLjVGBpAzmc,OK,173878,471570087003001
2586.517,35.1804299,-89.9263818,ChIJIfvtv4eBf4gRJLjVGBpAzmc,OK,173878,471570087003001
2342.002,35.14859919999999,-89.91828060000002,ChIJRflgf-eDf4gRHX_XNYKER-s,OK,178185,471570087003001
1105.28,35.1145886,-89.90089789999999,ChIJKWmlFW6Ef4gR0YNISWQMkss,OK,101473,471570085002003
1105.28,35.1145886,-89.90089789999999,ChIJKWmlFW6Ef4gR0YNISWQMkss,OK,101473,471570085002003
1923.048,35.1153996,-89.89414069999999,ChIJCb4NOWWEf4gR79YlPQoocW4,OK,157706,471570085002003
2181.806,35.1804299,-89.9263818,ChIJIfvtv4eBf4gRJLjVGBpAzmc,OK,154197,471570088001021
2181.806,35.1804299,-89.9263818,ChIJIfvtv4eBf4gRJLjVGBpAzmc,OK,154197,471570088001021
2507.513,35.14859919999999,-89.91828060000002,ChIJRflgf-eDf4gRHX_XNYKER-s,OK,182369,471570088001021
2120.65,35.1804299,-89.9263818,ChIJIfvtv4eBf4gRJLjVGBpAzmc,OK,163627,471570088001009
2120.65,35.1804299,-89.9263818,ChIJIfvtv4eBf4gRJLjVGBpAzmc,OK,163627,471570088001009
2437.846,35.14859919999999,-89.91828060000002,ChIJRflgf-eDf4gRHX_XNYKER-s,OK,190849,471570088001009
2349.77,35.1804299,-89.9263818,ChIJIfvtv4eBf4gRJLjVGBpAzmc,OK,174352,471570088001022
2349.77,35.1804299,-89.9263818,ChIJIfvtv4eBf4gRJLjVGBpAzmc,OK,174352,471570088001022
2330.263,35.14859919999999,-89.91828060000002,ChIJRflgf-eDf4gRHX_XNYKER-s,OK,177939,471570088001022
1306.535,35.14859919999999,-89.91828060000002,ChIJRflgf-eDf4gRHX_XNYKER-s,OK,140896,471570087003008
1306.535,35.14859919999999,-89.91828060000002,ChIJRflgf-eDf4gRHX_XNYKER-s,OK,140896,471570087003008
3157.621,35.1804299,-89.9263818,ChIJIfvtv4eBf4gRJLjVGBpAzmc,OK,215701,471570087003008
905.9,35.14859919999999,-89.91828060000002,ChIJRflgf-eDf4gRHX_XNYKER-s,OK,89916,471570087003010
905.9,35.14859919999999,-89.91828060000002,ChIJRflgf-eDf4gRHX_XNYKER-s,OK,89916,471570087003010
2721.344,35.1489345,-89.89838259999999,ChIJaTBvX72Df4gRiyFT0LQMnrQ,OK,189091,471570087003010
420.824,35.14859919999999,-89.91828060000002,ChIJRflgf-eDf4gRHX_XNYKER-s,OK,35813,471570087002015
420.824,35.14859919999999,-89.91828060000002,ChIJRflgf-eDf4gRHX_XNYKER-s,OK,35813,471570087002015
2230.002,35.1489345,-89.89838259999999,ChIJaTBvX72Df4gRiyFT0LQMnrQ,OK,142160,471570087002015
1613.971,35.14859919999999,-89.91828060000002,ChIJRflgf-eDf4gRHX_XNYKER-s,OK,103513,471570012001001
1613.971,35.14859919999999,-89.91828060000002,ChIJRflgf-eDf4gRHX_XNYKER-s,OK,103513,471570012001001
2649.621,35.14981359999999,-89.94918609999999,ChIJVdGBGRaBf4gRsi89Rzqn8W4,OK,163452,471570012001001
4408.786,35.0854368,-89.89541919999999,ChIJf5cc-VKEf4gRF-lYLgijYQQ,OK,210892,471570213313012
4408.786,35.0854368,-89.89541919999999,ChIJf5cc-VKEf4gRF-lYLgijYQQ,OK,210892,471570213313012
6265.369,35.0612606,-89.88628629999999,ChIJAQ_I1gqFf4gRFrt5yQeAEps,OK,332148,471570213313012
3088.941,35.14868459999999,-89.7948203,ChIJ4w9Lr2qcf4gRHdzl9FciAFM,OK,189744,471570211402032
3088.941,35.14868459999999,-89.7948203,ChIJ4w9Lr2qcf4gRHdzl9FciAFM,OK,189744,471570211402032
3855.104,35.1546312,-89.79260459999999,ChIJ8UeuSEecf4gRniit7ubZLtM,OK,210443,471570211402032
1210.632,35.125222,-90.048147,ChIJ9cKdtid81YcRKs9h6RjzQzw,OK,64940,471570114003053
1210.632,35.125222,-90.048147,ChIJ9cKdtid81YcRKs9h6RjzQzw,OK,64940,471570114003053
1212.446,35.1251709,-90.0481695,ChIJybIJtCd81YcR9Otxws-5qCM,OK,65040,471570114003053
6056.89,35.14868459999999,-89.7948203,ChIJ4w9Lr2qcf4gRHdzl9FciAFM,OK,373327,471570211381031
6056.89,35.14868459999999,-89.7948203,ChIJ4w9Lr2qcf4gRHdzl9FciAFM,OK,373327,471570211381031
6823.053,35.1546312,-89.79260459999999,ChIJ8UeuSEecf4gRniit7ubZLtM,OK,394026,471570211381031
3291.269,35.14859919999999,-89.91828060000002,ChIJRflgf-eDf4gRHX_XNYKER-s,OK,219329,471570029005004
3291.269,35.14859919999999,-89.91828060000002,ChIJRflgf-eDf4gRHX_XNYKER-s,OK,219329,471570029005004
3532.281,35.1161637,-89.9446263,ChIJ-ZiED8iGf4gR32IlfgDBKWY,OK,237664,471570029005004
1477.847,35.125222,-90.048147,ChIJ9cKdtid81YcRKs9h6RjzQzw,OK,134364,471570045001005
1477.847,35.125222,-90.048147,ChIJ9cKdtid81YcRKs9h6RjzQzw,OK,134364,471570045001005
1479.661,35.1251709,-90.0481695,ChIJybIJtCd81YcR9Otxws-5qCM,OK,134464,471570045001005
1575.356,35.125222,-90.048147,ChIJ9cKdtid81YcRKs9h6RjzQzw,OK,121204,471570045001006
1575.356,35.125222,-90.048147,ChIJ9cKdtid81YcRKs9h6RjzQzw,OK,121204,471570045001006
1577.171,35.1251709,-90.0481695,ChIJybIJtCd81YcR9Otxws-5qCM,OK,121304,471570045001006
4754.997,35.1153996,-89.89414069999999,ChIJCb4NOWWEf4gR79YlPQoocW4,OK,375052,471570213111021
4754.997,35.1153996,-89.89414069999999,ChIJCb4NOWWEf4gR79YlPQoocW4,OK,375052,471570213111021
8994.604,35.16339899999999,-89.855841,ChIJA_xfkC6Df4gRAjVZwLz1jqA,OK,497830,471570213111021
3294.357,35.14868459999999,-89.7948203,ChIJ4w9Lr2qcf4gRHdzl9FciAFM,OK,201121,471570211401008
3294.357,35.14868459999999,-89.7948203,ChIJ4w9Lr2qcf4gRHdzl9FciAFM,OK,201121,471570211401008
4060.52,35.1546312,-89.79260459999999,ChIJ8UeuSEecf4gRniit7ubZLtM,OK,221820,471570211401008
2700.882,35.14868459999999,-89.7948203,ChIJ4w9Lr2qcf4gRHdzl9FciAFM,OK,180832,471570211402027
2700.882,35.14868459999999,-89.7948203,ChIJ4w9Lr2qcf4gRHdzl9FciAFM,OK,180832,471570211402027
3467.044,35.1546312,-89.79260459999999,ChIJ8UeuSEecf4gRniit7ubZLtM,OK,201531,471570211402027
1669.966,35.1444038,-90.0168571,ChIJufYEjhR-1YcREff46W6Lons,OK,104211,471570035002007
1701.532,35.13763670000001,-90.00757159999999,ChIJl69WLQV-1YcRU3z7Tt2MyhY,OK,109720,471570035002007
1701.532,35.13763670000001,-90.00757159999999,ChIJl69WLQV-1YcRU3z7Tt2MyhY,OK,109720,471570035002007
1030.057,35.125222,-90.048147,ChIJ9cKdtid81YcRKs9h6RjzQzw,OK,80631,471570114001047
1030.057,35.125222,-90.048147,ChIJ9cKdtid81YcRKs9h6RjzQzw,OK,80631,471570114001047
1031.871,35.1251709,-90.0481695,ChIJybIJtCd81YcR9Otxws-5qCM,OK,80731,471570114001047
4145.077,35.14868459999999,-89.7948203,ChIJ4w9Lr2qcf4gRHdzl9FciAFM,OK,301405,471570211371016
4145.077,35.14868459999999,-89.7948203,ChIJ4w9Lr2qcf4gRHdzl9FciAFM,OK,301405,471570211371016
4911.24,35.1546312,-89.79260459999999,ChIJ8UeuSEecf4gRniit7ubZLtM,OK,322104,471570211371016
2585.57,35.1157645,-90.022279,ChIJwZqBNMN91YcRRpdDvj5Pcr8,OK,165422,471570046001031
2585.57,35.1157645,-90.022279,ChIJwZqBNMN91YcRRpdDvj5Pcr8,OK,165422,471570046001031
2878.173,35.1444038,-90.0168571,ChIJufYEjhR-1YcREff46W6Lons,OK,194067,471570046001031
2097.658,35.1251709,-90.0481695,ChIJybIJtCd81YcR9Otxws-5qCM,OK,139320,471570043001059
2097.658,35.1251709,-90.0481695,ChIJybIJtCd81YcR9Otxws-5qCM,OK,139320,471570043001059
2099.472,35.125222,-90.048147,ChIJ9cKdtid81YcRKs9h6RjzQzw,OK,139421,471570043001059
729.908,35.125222,-90.048147,ChIJ9cKdtid81YcRKs9h6RjzQzw,OK,37968,471570114001056
729.908,35.125222,-90.048147,ChIJ9cKdtid81YcRKs9h6RjzQzw,OK,37968,471570114001056
731.722,35.1251709,-90.0481695,ChIJybIJtCd81YcR9Otxws-5qCM,OK,38068,471570114001056
2053.05,35.1251709,-90.0481695,ChIJybIJtCd81YcR9Otxws-5qCM,OK,133968,471570043001029
2053.05,35.1251709,-90.0481695,ChIJybIJtCd81YcR9Otxws-5qCM,OK,133968,471570043001029
2054.865,35.125222,-90.048147,ChIJ9cKdtid81YcRKs9h6RjzQzw,OK,134069,471570043001029
3468.753,35.14868459999999,-89.7948203,ChIJ4w9Lr2qcf4gRHdzl9FciAFM,OK,210779,471570211401007
3468.753,35.14868459999999,-89.7948203,ChIJ4w9Lr2qcf4gRHdzl9FciAFM,OK,210779,471570211401007
4234.915,35.1546312,-89.79260459999999,ChIJ8UeuSEecf4gRniit7ubZLtM,OK,231478,471570211401007
6051.316,35.14868459999999,-89.7948203,ChIJ4w9Lr2qcf4gRHdzl9FciAFM,OK,372658,471570211381036
6051.316,35.14868459999999,-89.7948203,ChIJ4w9Lr2qcf4gRHdzl9FciAFM,OK,372658,471570211381036
6817.479,35.1546312,-89.79260459999999,ChIJ8UeuSEecf4gRniit7ubZLtM,OK,393357,471570211381036
1524.595,35.1497164,-89.95515999999999,ChIJcQb6ehiBf4gR-uA54eRPNq8,OK,105036,471570030001002
2216.053,35.1497164,-89.95515999999999,ChIJcQb6ehiBf4gR-uA54eRPNq8,OK,148725,471570028003007
2216.053,35.1497164,-89.95515999999999,ChIJcQb6ehiBf4gR-uA54eRPNq8,OK,148725,471570028003007
2506.266,35.1507888,-89.977317,ChIJdVWrOuqAf4gR-V7s1E3qo7g,OK,163186,471570028003007
2361.395,35.1497164,-89.95515999999999,ChIJcQb6ehiBf4gR-uA54eRPNq8,OK,165260,471570030002006
2361.395,35.1497164,-89.95515999999999,ChIJcQb6ehiBf4gR-uA54eRPNq8,OK,165260,471570030002006
2369.281,35.12545849999999,-89.97454169999999,ChIJoyT3HjOHf4gRS6EdHckmff8,OK,172732,471570030002006
2378.166,35.1161637,-89.9446263,ChIJ-ZiED8iGf4gR32IlfgDBKWY,OK,173320,471570072002008
2378.166,35.1161637,-89.9446263,ChIJ-ZiED8iGf4gR32IlfgDBKWY,OK,173320,471570072002008
2624.644,35.12545849999999,-89.97454169999999,ChIJoyT3HjOHf4gRS6EdHckmff8,OK,182037,471570072002008
1299.673,35.12545849999999,-89.97454169999999,ChIJoyT3HjOHf4gRS6EdHckmff8,OK,115946,471570031001002
1299.673,35.12545849999999,-89.97454169999999,ChIJoyT3HjOHf4gRS6EdHckmff8,OK,115946,471570031001002
2244.305,35.13418100000001,-89.98599,ChIJnf1_yraAf4gR9pQmD7CXhgg,OK,158094,471570031001002
1137.306,35.12545849999999,-89.97454169999999,ChIJoyT3HjOHf4gRS6EdHckmff8,OK,96463,471570031001000
1137.306,35.12545849999999,-89.97454169999999,ChIJoyT3HjOHf4gRS6EdHckmff8,OK,96463,471570031001000
2179.079,35.13418100000001,-89.98599,ChIJnf1_yraAf4gR9pQmD7CXhgg,OK,150266,471570031001000
1213.323,35.12545849999999,-89.97454169999999,ChIJoyT3HjOHf4gRS6EdHckmff8,OK,105585,471570031001003
1213.323,35.12545849999999,-89.97454169999999,ChIJoyT3HjOHf4gRS6EdHckmff8,OK,105585,471570031001003
2300.805,35.13418100000001,-89.98599,ChIJnf1_yraAf4gR9pQmD7CXhgg,OK,164873,471570031001003
812.474,35.12545849999999,-89.97454169999999,ChIJoyT3HjOHf4gRS6EdHckmff8,OK,62039,471570071001029
812.474,35.12545849999999,-89.97454169999999,ChIJoyT3HjOHf4gRS6EdHckmff8,OK,62039,471570071001029
1920.973,35.13418100000001,-89.98599,ChIJnf1_yraAf4gR9pQmD7CXhgg,OK,132422,471570071001029
1090.053,35.12545849999999,-89.97454169999999,ChIJoyT3HjOHf4gRS6EdHckmff8,OK,90793,471570031001004
1090.053,35.12545849999999,-89.97454169999999,ChIJoyT3HjOHf4gRS6EdHckmff8,OK,90793,471570031001004
2198.552,35.13418100000001,-89.98599,ChIJnf1_yraAf4gR9pQmD7CXhgg,OK,161176,471570031001004
1402.518,35.12545849999999,-89.97454169999999,ChIJoyT3HjOHf4gRS6EdHckmff8,OK,113905,471570071001016
1402.518,35.12545849999999,-89.97454169999999,ChIJoyT3HjOHf4gRS6EdHckmff8,OK,113905,471570071001016
3209.279,35.13418100000001,-89.98599,ChIJnf1_yraAf4gR9pQmD7CXhgg,OK,225244,471570071001016
1900.481,35.12545849999999,-89.97454169999999,ChIJoyT3HjOHf4gRS6EdHckmff8,OK,173659,471570071001004
1900.481,35.12545849999999,-89.97454169999999,ChIJoyT3HjOHf4gRS6EdHckmff8,OK,173659,471570071001004
2891.529,35.13418100000001,-89.98599,ChIJnf1_yraAf4gR9pQmD7CXhgg,OK,198908,471570071001004
1810.714,35.12545849999999,-89.97454169999999,ChIJoyT3HjOHf4gRS6EdHckmff8,OK,162887,471570071001014
1810.714,35.12545849999999,-89.97454169999999,ChIJoyT3HjOHf4gRS6EdHckmff8,OK,162887,471570071001014
3003.926,35.13418100000001,-89.98599,ChIJnf1_yraAf4gR9pQmD7CXhgg,OK,212396,471570071001014
1658.372,35.12545849999999,-89.97454169999999,ChIJoyT3HjOHf4gRS6EdHckmff8,OK,144607,471570071001015
1658.372,35.12545849999999,-89.97454169999999,ChIJoyT3HjOHf4gRS6EdHckmff8,OK,144607,471570071001015
3138.59,35.13418100000001,-89.98599,ChIJnf1_yraAf4gR9pQmD7CXhgg,OK,228554,471570071001015
2188.684,35.12545849999999,-89.97454169999999,ChIJoyT3HjOHf4gRS6EdHckmff8,OK,159142,471570071001005
2188.684,35.12545849999999,-89.97454169999999,ChIJoyT3HjOHf4gRS6EdHckmff8,OK,159142,471570071001005
2941.617,35.1497164,-89.95515999999999,ChIJcQb6ehiBf4gR-uA54eRPNq8,OK,188560,471570071001005
1634.214,35.12545849999999,-89.97454169999999,ChIJoyT3HjOHf4gRS6EdHckmff8,OK,141708,471570071001013
1634.214,35.12545849999999,-89.97454169999999,ChIJoyT3HjOHf4gRS6EdHckmff8,OK,141708,471570071001013
3212.133,35.1497164,-89.95515999999999,ChIJcQb6ehiBf4gR-uA54eRPNq8,OK,221021,471570071001013
1285.948,35.12545849999999,-89.97454169999999,ChIJoyT3HjOHf4gRS6EdHckmff8,OK,99917,471570071001024
1285.948,35.12545849999999,-89.97454169999999,ChIJoyT3HjOHf4gRS6EdHckmff8,OK,99917,471570071001024
3092.71,35.13418100000001,-89.98599,ChIJnf1_yraAf4gR9pQmD7CXhgg,OK,211256,471570071001024
1125.537,35.12545849999999,-89.97454169999999,ChIJoyT3HjOHf4gRS6EdHckmff8,OK,90089,471570071002005
1125.537,35.12545849999999,-89.97454169999999,ChIJoyT3HjOHf4gRS6EdHckmff8,OK,90089,471570071002005
2932.299,35.13418100000001,-89.98599,ChIJnf1_yraAf4gR9pQmD7CXhgg,OK,201428,471570071002005
1351.738,35.167095,-89.950496,ChIJecYfJgmBf4gRJh-YY67U6V8,OK,89222,471570013001000
1694.118,35.14981359999999,-89.94918609999999,ChIJVdGBGRaBf4gRsi89Rzqn8W4,OK,116229,471570013001000
2020.865,35.167095,-89.950496,ChIJecYfJgmBf4gRJh-YY67U6V8,OK,123117,471570011003007
2020.865,35.167095,-89.950496,ChIJecYfJgmBf4gRJh-YY67U6V8,OK,123117,471570011003007
2557.416,35.14981359999999,-89.94918609999999,ChIJVdGBGRaBf4gRsi89Rzqn8W4,OK,157091,471570011003007
1396.572,35.167095,-89.950496,ChIJecYfJgmBf4gRJh-YY67U6V8,OK,83171,471570011003008
1396.572,35.167095,-89.950496,ChIJecYfJgmBf4gRJh-YY67U6V8,OK,83171,471570011003008
1933.123,35.14981359999999,-89.94918609999999,ChIJVdGBGRaBf4gRsi89Rzqn8W4,OK,117145,471570011003008
1150.899,35.1497164,-89.95515999999999,ChIJcQb6ehiBf4gR-uA54eRPNq8,OK,88567,471570013002011
1150.899,35.1497164,-89.95515999999999,ChIJcQb6ehiBf4gR-uA54eRPNq8,OK,88567,471570013002011
1658.346,35.167095,-89.950496,ChIJecYfJgmBf4gRJh-YY67U6V8,OK,107874,471570013002011
1276.794,35.1497164,-89.95515999999999,ChIJcQb6ehiBf4gR-uA54eRPNq8,OK,98902,471570013002010
1276.794,35.1497164,-89.95515999999999,ChIJcQb6ehiBf4gR-uA54eRPNq8,OK,98902,471570013002010
1585.444,35.167095,-89.950496,ChIJecYfJgmBf4gRJh-YY67U6V8,OK,103899,471570013002010
1308.73,35.167095,-89.950496,ChIJecYfJgmBf4gRJh-YY67U6V8,OK,89517,471570013002009
1290.789,35.14981359999999,-89.94918609999999,ChIJVdGBGRaBf4gRsi89Rzqn8W4,OK,95433,471570013002009
1290.789,35.14981359999999,-89.94918609999999,ChIJVdGBGRaBf4gRsi89Rzqn8W4,OK,95433,471570013002009
1304.189,35.167095,-89.950496,ChIJecYfJgmBf4gRJh-YY67U6V8,OK,88972,471570013002008
1304.189,35.167095,-89.950496,ChIJecYfJgmBf4gRJh-YY67U6V8,OK,88972,471570013002008
1286.248,35.14981359999999,-89.94918609999999,ChIJVdGBGRaBf4gRsi89Rzqn8W4,OK,94888,471570013002008
881.597,35.1497164,-89.95515999999999,ChIJcQb6ehiBf4gR-uA54eRPNq8,OK,75659,471570014001019
881.597,35.1497164,-89.95515999999999,ChIJcQb6ehiBf4gR-uA54eRPNq8,OK,75659,471570014001019
1358.497,35.14981359999999,-89.94918609999999,ChIJVdGBGRaBf4gRsi89Rzqn8W4,OK,102042,471570014001019
1058.28,35.1497164,-89.95515999999999,ChIJcQb6ehiBf4gR-uA54eRPNq8,OK,81799,471570013003001
1058.28,35.1497164,-89.95515999999999,ChIJcQb6ehiBf4gR-uA54eRPNq8,OK,81799,471570013003001
1321.549,35.14981359999999,-89.94918609999999,ChIJVdGBGRaBf4gRsi89Rzqn8W4,OK,107852,471570013003001
638.455,35.1497164,-89.95515999999999,ChIJcQb6ehiBf4gR-uA54eRPNq8,OK,55361,471570014001018
638.455,35.1497164,-89.95515999999999,ChIJcQb6ehiBf4gR-uA54eRPNq8,OK,55361,471570014001018
1115.355,35.14981359999999,-89.94918609999999,ChIJVdGBGRaBf4gRsi89Rzqn8W4,OK,81744,471570014001018
957.404,35.1497164,-89.95515999999999,ChIJcQb6ehiBf4gR-uA54eRPNq8,OK,74527,471570013003002
957.404,35.1497164,-89.95515999999999,ChIJcQb6ehiBf4gR-uA54eRPNq8,OK,74527,471570013003002
1216.488,35.14981359999999,-89.94918609999999,ChIJVdGBGRaBf4gRsi89Rzqn8W4,OK,100293,471570013003002
1110.677,35.14981359999999,-89.94918609999999,ChIJVdGBGRaBf4gRsi89Rzqn8W4,OK,82548,471570013003000
1110.677,35.14981359999999,-89.94918609999999,ChIJVdGBGRaBf4gRsi89Rzqn8W4,OK,82548,471570013003000
1255.535,35.1497164,-89.95515999999999,ChIJcQb6ehiBf4gR-uA54eRPNq8,OK,93467,471570013003000
893.33,35.14981359999999,-89.94918609999999,ChIJVdGBGRaBf4gRsi89Rzqn8W4,OK,66818,471570013003003
893.33,35.14981359999999,-89.94918609999999,ChIJVdGBGRaBf4gRsi89Rzqn8W4,OK,66818,471570013003003
1038.188,35.1497164,-89.95515999999999,ChIJcQb6ehiBf4gR-uA54eRPNq8,OK,77737,471570013003003
849.469,35.1497164,-89.95515999999999,ChIJcQb6ehiBf4gR-uA54eRPNq8,OK,66708,471570013003005
849.469,35.1497164,-89.95515999999999,ChIJcQb6ehiBf4gR-uA54eRPNq8,OK,66708,471570013003005
1326.369,35.14981359999999,-89.94918609999999,ChIJVdGBGRaBf4gRsi89Rzqn8W4,OK,93091,471570013003005
541.571,35.1497164,-89.95515999999999,ChIJcQb6ehiBf4gR-uA54eRPNq8,OK,43735,471570014001034
541.571,35.1497164,-89.95515999999999,ChIJcQb6ehiBf4gR-uA54eRPNq8,OK,43735,471570014001034
1018.471,35.14981359999999,-89.94918609999999,ChIJVdGBGRaBf4gRsi89Rzqn8W4,OK,70118,471570014001034
635.827,35.1497164,-89.95515999999999,ChIJcQb6ehiBf4gR-uA54eRPNq8,OK,51337,471570013003007
635.827,35.1497164,-89.95515999999999,ChIJcQb6ehiBf4gR-uA54eRPNq8,OK,51337,471570013003007
1112.727,35.14981359999999,-89.94918609999999,ChIJVdGBGRaBf4gRsi89Rzqn8W4,OK,77720,471570013003007
2785.372,35.1145886,-89.90089789999999,ChIJKWmlFW6Ef4gR0YNISWQMkss,OK,177105,471570095002013
2613.734,35.1145886,-89.90089789999999,ChIJKWmlFW6Ef4gR0YNISWQMkss,OK,198742,471570096004012
2613.734,35.1145886,-89.90089789999999,ChIJKWmlFW6Ef4gR0YNISWQMkss,OK,198742,471570096004012
2583.768,35.1153996,-89.89414069999999,ChIJCb4NOWWEf4gR79YlPQoocW4,OK,204115,471570096004012
1829.574,35.04577219999999,-89.82821469999999,ChIJL-jEaJmaf4gREtYdkYi2nAs,OK,119233,471570213341020
1829.574,35.04577219999999,-89.82821469999999,ChIJL-jEaJmaf4gREtYdkYi2nAs,OK,119233,471570213341020
2099.847,35.0493563,-89.83813929999999,ChIJjRQNzqSaf4gRxmNqB0YAYGM,OK,129314,471570213341020
2511.862,35.1145886,-89.90089789999999,ChIJKWmlFW6Ef4gR0YNISWQMkss,OK,160330,471570096004026
2511.862,35.1145886,-89.90089789999999,ChIJKWmlFW6Ef4gR0YNISWQMkss,OK,160330,471570096004026
2481.896,35.1153996,-89.89414069999999,ChIJCb4NOWWEf4gR79YlPQoocW4,OK,165703,471570096004026
2210.735,35.1145886,-89.90089789999999,ChIJKWmlFW6Ef4gR0YNISWQMkss,OK,143960,471570095002001
2210.735,35.1145886,-89.90089789999999,ChIJKWmlFW6Ef4gR0YNISWQMkss,OK,143960,471570095002001
2180.769,35.1153996,-89.89414069999999,ChIJCb4NOWWEf4gR79YlPQoocW4,OK,149333,471570095002001
2294.503,35.0854368,-89.89541919999999,ChIJf5cc-VKEf4gRF-lYLgijYQQ,OK,146836,471570095002016
2294.503,35.0854368,-89.89541919999999,ChIJf5cc-VKEf4gRF-lYLgijYQQ,OK,146836,471570095002016
2771.792,35.1145886,-89.90089789999999,ChIJKWmlFW6Ef4gR0YNISWQMkss,OK,175475,471570095002016
2389.098,35.0854368,-89.89541919999999,ChIJf5cc-VKEf4gRF-lYLgijYQQ,OK,153683,471570095002014
2389.098,35.0854368,-89.89541919999999,ChIJf5cc-VKEf4gRF-lYLgijYQQ,OK,153683,471570095002014
2552.497,35.1145886,-89.90089789999999,ChIJKWmlFW6Ef4gR0YNISWQMkss,OK,165545,471570095002014
2377.524,35.0854368,-89.89541919999999,ChIJf5cc-VKEf4gRF-lYLgijYQQ,OK,154818,471570095002015
2377.524,35.0854368,-89.89541919999999,ChIJf5cc-VKEf4gRF-lYLgijYQQ,OK,154818,471570095002015
2690.315,35.1145886,-89.90089789999999,ChIJKWmlFW6Ef4gR0YNISWQMkss,OK,170203,471570095002015
2419.724,35.0854368,-89.89541919999999,ChIJf5cc-VKEf4gRF-lYLgijYQQ,OK,164601,471570095003018
2419.724,35.0854368,-89.89541919999999,ChIJf5cc-VKEf4gRF-lYLgijYQQ,OK,164601,471570095003018
2910.427,35.1145886,-89.90089789999999,ChIJKWmlFW6Ef4gR0YNISWQMkss,OK,196472,471570095003018
2250.904,35.0854368,-89.89541919999999,ChIJf5cc-VKEf4gRF-lYLgijYQQ,OK,144344,471570095003017
2250.904,35.0854368,-89.89541919999999,ChIJf5cc-VKEf4gRF-lYLgijYQQ,OK,144344,471570095003017
2933.089,35.1145886,-89.90089789999999,ChIJKWmlFW6Ef4gR0YNISWQMkss,OK,187463,471570095003017
1961.648,35.0854368,-89.89541919999999,ChIJf5cc-VKEf4gRF-lYLgijYQQ,OK,125426,471570095003025
1961.648,35.0854368,-89.89541919999999,ChIJf5cc-VKEf4gRF-lYLgijYQQ,OK,125426,471570095003025
3170.227,35.1145886,-89.90089789999999,ChIJKWmlFW6Ef4gR0YNISWQMkss,OK,200127,471570095003025
1711.426,35.0854368,-89.89541919999999,ChIJf5cc-VKEf4gRF-lYLgijYQQ,OK,110034,471570093001024
1711.426,35.0854368,-89.89541919999999,ChIJf5cc-VKEf4gRF-lYLgijYQQ,OK,110034,471570093001024
3656.341,35.0745932,-89.9204618,ChIJPX58KNGFf4gRLgBWAHPwusk,OK,217533,471570093001024
1612.314,35.0854368,-89.89541919999999,ChIJf5cc-VKEf4gRF-lYLgijYQQ,OK,104145,471570093001026
1612.314,35.0854368,-89.89541919999999,ChIJf5cc-VKEf4gRF-lYLgijYQQ,OK,104145,471570093001026
3757.37,35.0745932,-89.9204618,ChIJPX58KNGFf4gRLgBWAHPwusk,OK,223652,471570093001026
1366.509,35.0854368,-89.89541919999999,ChIJf5cc-VKEf4gRF-lYLgijYQQ,OK,102636,471570093003000
1366.509,35.0854368,-89.89541919999999,ChIJf5cc-VKEf4gRF-lYLgijYQQ,OK,102636,471570093003000
3554.338,35.0745932,-89.9204618,ChIJPX58KNGFf4gRLgBWAHPwusk,OK,218904,471570093003000
1267.099,35.0854368,-89.89541919999999,ChIJf5cc-VKEf4gRF-lYLgijYQQ,OK,93272,471570094002010
1267.099,35.0854368,-89.89541919999999,ChIJf5cc-VKEf4gRF-lYLgijYQQ,OK,93272,471570094002010
3337.615,35.1145886,-89.90089789999999,ChIJKWmlFW6Ef4gR0YNISWQMkss,OK,223306,471570094002010
1450.384,35.0854368,-89.89541919999999,ChIJf5cc-VKEf4gRF-lYLgijYQQ,OK,95630,471570093003019
1450.384,35.0854368,-89.89541919999999,ChIJf5cc-VKEf4gRF-lYLgijYQQ,OK,95630,471570093003019
2900.314,35.063996,-89.90690699999999,ChIJn51vcb-Ff4gRvoXU4r8swrw,OK,185670,471570093003019
2355.023,35.1153996,-89.89414069999999,ChIJCb4NOWWEf4gR79YlPQoocW4,OK,227724,471570096001026
2355.023,35.1153996,-89.89414069999999,ChIJCb4NOWWEf4gR79YlPQoocW4,OK,227724,471570096001026
3897.63,35.1145886,-89.90089789999999,ChIJKWmlFW6Ef4gR0YNISWQMkss,OK,243907,471570096001026
2936.831,35.1145886,-89.90089789999999,ChIJKWmlFW6Ef4gR0YNISWQMkss,OK,190196,471570096004023
2906.865,35.1153996,-89.89414069999999,ChIJCb4NOWWEf4gR79YlPQoocW4,OK,195569,471570096004023
2906.865,35.1153996,-89.89414069999999,ChIJCb4NOWWEf4gR79YlPQoocW4,OK,195569,471570096004023
2322.96,35.1153996,-89.89414069999999,ChIJCb4NOWWEf4gR79YlPQoocW4,OK,218084,471570096001024
2322.96,35.1153996,-89.89414069999999,ChIJCb4NOWWEf4gR79YlPQoocW4,OK,218084,471570096001024
3672.456,35.1145886,-89.90089789999999,ChIJKWmlFW6Ef4gR0YNISWQMkss,OK,222680,471570096001024
3508.101,35.1145886,-89.90089789999999,ChIJKWmlFW6Ef4gR0YNISWQMkss,OK,221017,471570096004010
3508.101,35.1145886,-89.90089789999999,ChIJKWmlFW6Ef4gR0YNISWQMkss,OK,221017,471570096004010
3478.135,35.1153996,-89.89414069999999,ChIJCb4NOWWEf4gR79YlPQoocW4,OK,226390,471570096004010
3111.33,35.1145886,-89.90089789999999,ChIJKWmlFW6Ef4gR0YNISWQMkss,OK,206512,471570096004039
3111.33,35.1145886,-89.90089789999999,ChIJKWmlFW6Ef4gR0YNISWQMkss,OK,206512,471570096004039
3081.364,35.1153996,-89.89414069999999,ChIJCb4NOWWEf4gR79YlPQoocW4,OK,211885,471570096004039
2608.49,35.1145886,-89.90089789999999,ChIJKWmlFW6Ef4gR0YNISWQMkss,OK,187241,471570096004013
2608.49,35.1145886,-89.90089789999999,ChIJKWmlFW6Ef4gR0YNISWQMkss,OK,187241,471570096004013
2578.524,35.1153996,-89.89414069999999,ChIJCb4NOWWEf4gR79YlPQoocW4,OK,192614,471570096004013
3130.967,35.1145886,-89.90089789999999,ChIJKWmlFW6Ef4gR0YNISWQMkss,OK,200429,471570095003011
3101.001,35.1153996,-89.89414069999999,ChIJCb4NOWWEf4gR79YlPQoocW4,OK,205802,471570095003011
3101.001,35.1153996,-89.89414069999999,ChIJCb4NOWWEf4gR79YlPQoocW4,OK,205802,471570095003011
2968.589,35.1145886,-89.90089789999999,ChIJKWmlFW6Ef4gR0YNISWQMkss,OK,194008,471570096004021
2938.623,35.1153996,-89.89414069999999,ChIJCb4NOWWEf4gR79YlPQoocW4,OK,199381,471570096004021
2938.623,35.1153996,-89.89414069999999,ChIJCb4NOWWEf4gR79YlPQoocW4,OK,199381,471570096004021
2891.061,35.1145886,-89.90089789999999,ChIJKWmlFW6Ef4gR0YNISWQMkss,OK,190735,471570095003013
2774.866,35.0854368,-89.89541919999999,ChIJf5cc-VKEf4gRF-lYLgijYQQ,OK,195487,471570095003013
2774.866,35.0854368,-89.89541919999999,ChIJf5cc-VKEf4gRF-lYLgijYQQ,OK,195487,471570095003013
3000.228,35.1145886,-89.90089789999999,ChIJKWmlFW6Ef4gR0YNISWQMkss,OK,194492,471570095003012
2970.262,35.1153996,-89.89414069999999,ChIJCb4NOWWEf4gR79YlPQoocW4,OK,199865,471570095003012
2970.262,35.1153996,-89.89414069999999,ChIJCb4NOWWEf4gR79YlPQoocW4,OK,199865,471570095003012
2659.357,35.0854368,-89.89541919999999,ChIJf5cc-VKEf4gRF-lYLgijYQQ,OK,181627,471570095003016
2659.357,35.0854368,-89.89541919999999,ChIJf5cc-VKEf4gRF-lYLgijYQQ,OK,181627,471570095003016
2849.986,35.1145886,-89.90089789999999,ChIJKWmlFW6Ef4gR0YNISWQMkss,OK,198673,471570095003016
2451.737,35.0854368,-89.89541919999999,ChIJf5cc-VKEf4gRF-lYLgijYQQ,OK,169607,471570095003014
2451.737,35.0854368,-89.89541919999999,ChIJf5cc-VKEf4gRF-lYLgijYQQ,OK,169607,471570095003014
3568.405,35.1145886,-89.90089789999999,ChIJKWmlFW6Ef4gR0YNISWQMkss,OK,253486,471570095003014
4906.89,35.0854368,-89.89541919999999,ChIJf5cc-VKEf4gRF-lYLgijYQQ,OK,248333,471570096004030
4906.89,35.0854368,-89.89541919999999,ChIJf5cc-VKEf4gRF-lYLgijYQQ,OK,248333,471570096004030
4333.388,35.1145886,-89.90089789999999,ChIJKWmlFW6Ef4gR0YNISWQMkss,OK,253753,471570096004030
3938.424,35.1153996,-89.89414069999999,ChIJCb4NOWWEf4gR79YlPQoocW4,OK,231845,471570095003008
3938.424,35.1153996,-89.89414069999999,ChIJCb4NOWWEf4gR79YlPQoocW4,OK,231845,471570095003008
5713.231,35.0854368,-89.89541919999999,ChIJf5cc-VKEf4gRF-lYLgijYQQ,OK,285663,471570095003008
3913.047,35.0854368,-89.89541919999999,ChIJf5cc-VKEf4gRF-lYLgijYQQ,OK,192426,471570095003007
3913.047,35.0854368,-89.89541919999999,ChIJf5cc-VKEf4gRF-lYLgijYQQ,OK,192426,471570095003007
7385.247,35.1145886,-89.90089789999999,ChIJKWmlFW6Ef4gR0YNISWQMkss,OK,402935,471570095003007
1193.856,35.1251709,-90.0481695,ChIJybIJtCd81YcR9Otxws-5qCM,OK,78746,471570043001052
1195.67,35.125222,-90.048147,ChIJ9cKdtid81YcRKs9h6RjzQzw,OK,78847,471570043001052
1374.443,35.1251709,-90.0481695,ChIJybIJtCd81YcR9Otxws-5qCM,OK,84138,471570114001036
1374.443,35.1251709,-90.0481695,ChIJybIJtCd81YcR9Otxws-5qCM,OK,84138,471570114001036
1376.257,35.125222,-90.048147,ChIJ9cKdtid81YcRKs9h6RjzQzw,OK,84239,471570114001036
1152.353,35.1251709,-90.0481695,ChIJybIJtCd81YcR9Otxws-5qCM,OK,73766,471570114001049
1152.353,35.1251709,-90.0481695,ChIJybIJtCd81YcR9Otxws-5qCM,OK,73766,471570114001049
1154.167,35.125222,-90.048147,ChIJ9cKdtid81YcRKs9h6RjzQzw,OK,73867,471570114001049
967.848,35.1251709,-90.0481695,ChIJybIJtCd81YcR9Otxws-5qCM,OK,64906,471570050001002
967.848,35.1251709,-90.0481695,ChIJybIJtCd81YcR9Otxws-5qCM,OK,64906,471570050001002
969.662,35.125222,-90.048147,ChIJ9cKdtid81YcRKs9h6RjzQzw,OK,65007,471570050001002
1373.225,35.1251709,-90.0481695,ChIJybIJtCd81YcR9Otxws-5qCM,OK,83992,471570114001045
1373.225,35.1251709,-90.0481695,ChIJybIJtCd81YcR9Otxws-5qCM,OK,83992,471570114001045
1375.04,35.125222,-90.048147,ChIJ9cKdtid81YcRKs9h6RjzQzw,OK,84093,471570114001045
1318.87,35.1251709,-90.0481695,ChIJybIJtCd81YcR9Otxws-5qCM,OK,78345,471570043001053
1318.87,35.1251709,-90.0481695,ChIJybIJtCd81YcR9Otxws-5qCM,OK,78345,471570043001053
1320.684,35.125222,-90.048147,ChIJ9cKdtid81YcRKs9h6RjzQzw,OK,78446,471570043001053
1256.165,35.1251709,-90.0481695,ChIJybIJtCd81YcR9Otxws-5qCM,OK,73831,471570117001002
1256.165,35.1251709,-90.0481695,ChIJybIJtCd81YcR9Otxws-5qCM,OK,73831,471570117001002
1257.979,35.125222,-90.048147,ChIJ9cKdtid81YcRKs9h6RjzQzw,OK,73932,471570117001002
1031.667,35.1251709,-90.0481695,ChIJybIJtCd81YcR9Otxws-5qCM,OK,57132,471570117001017
1031.667,35.1251709,-90.0481695,ChIJybIJtCd81YcR9Otxws-5qCM,OK,57132,471570117001017
1033.482,35.125222,-90.048147,ChIJ9cKdtid81YcRKs9h6RjzQzw,OK,57233,471570117001017
721.782,35.1251709,-90.0481695,ChIJybIJtCd81YcR9Otxws-5qCM,OK,39972,471570117001006
721.782,35.1251709,-90.0481695,ChIJybIJtCd81YcR9Otxws-5qCM,OK,39972,471570117001006
723.596,35.125222,-90.048147,ChIJ9cKdtid81YcRKs9h6RjzQzw,OK,40073,471570117001006
969.97,35.1251709,-90.0481695,ChIJybIJtCd81YcR9Otxws-5qCM,OK,53715,471570117001016
969.97,35.1251709,-90.0481695,ChIJybIJtCd81YcR9Otxws-5qCM,OK,53715,471570117001016
971.784,35.125222,-90.048147,ChIJ9cKdtid81YcRKs9h6RjzQzw,OK,53816,471570117001016
1550.398,35.1251709,-90.0481695,ChIJybIJtCd81YcR9Otxws-5qCM,OK,93330,471570117001022
1550.398,35.1251709,-90.0481695,ChIJybIJtCd81YcR9Otxws-5qCM,OK,93330,471570117001022
1552.212,35.125222,-90.048147,ChIJ9cKdtid81YcRKs9h6RjzQzw,OK,93431,471570117001022
1344.589,35.1251709,-90.0481695,ChIJybIJtCd81YcR9Otxws-5qCM,OK,77927,471570117001018
1344.589,35.1251709,-90.0481695,ChIJybIJtCd81YcR9Otxws-5qCM,OK,77927,471570117001018
1346.403,35.125222,-90.048147,ChIJ9cKdtid81YcRKs9h6RjzQzw,OK,78028,471570117001018
1600.356,35.1251709,-90.0481695,ChIJybIJtCd81YcR9Otxws-5qCM,OK,102683,471570117001013
1600.356,35.1251709,-90.0481695,ChIJybIJtCd81YcR9Otxws-5qCM,OK,102683,471570117001013
1602.17,35.125222,-90.048147,ChIJ9cKdtid81YcRKs9h6RjzQzw,OK,102784,471570117001013
1992.873,35.1251709,-90.0481695,ChIJybIJtCd81YcR9Otxws-5qCM,OK,123304,471570117001070
1992.873,35.1251709,-90.0481695,ChIJybIJtCd81YcR9Otxws-5qCM,OK,123304,471570117001070
1994.687,35.125222,-90.048147,ChIJ9cKdtid81YcRKs9h6RjzQzw,OK,123405,471570117001070
1151.509,35.1251709,-90.0481695,ChIJybIJtCd81YcR9Otxws-5qCM,OK,73664,471570114001050
1151.509,35.1251709,-90.0481695,ChIJybIJtCd81YcR9Otxws-5qCM,OK,73664,471570114001050
1153.323,35.125222,-90.048147,ChIJ9cKdtid81YcRKs9h6RjzQzw,OK,73765,471570114001050
995.161,35.2051043,-89.79754849999999,ChIJpRDMlY2df4gRQqHmUo_lzmc,OK,75714,471570206321053
995.161,35.2051043,-89.79754849999999,ChIJpRDMlY2df4gRQqHmUo_lzmc,OK,75714,471570206321053
1387.496,35.2072684,-89.7827147,ChIJKdJ2xvqdf4gRKLRUePlbOOs,OK,128934,471570206321053
721.247,35.2072684,-89.7827147,ChIJKdJ2xvqdf4gRKLRUePlbOOs,OK,74044,471570208321069
721.247,35.2072684,-89.7827147,ChIJKdJ2xvqdf4gRKLRUePlbOOs,OK,74044,471570208321069
1630.76,35.2051043,-89.79754849999999,ChIJpRDMlY2df4gRQqHmUo_lzmc,OK,93142,471570208321069
293.073,35.2072684,-89.7827147,ChIJKdJ2xvqdf4gRKLRUePlbOOs,OK,50332,471570208321070
293.073,35.2072684,-89.7827147,ChIJKdJ2xvqdf4gRKLRUePlbOOs,OK,50332,471570208321070
475.394,35.2074362,-89.7805166,ChIJ62ATRfudf4gRPIrPAXGVsiQ,OK,71295,471570208321070
643.184,35.2074362,-89.7805166,ChIJ62ATRfudf4gRPIrPAXGVsiQ,OK,73223,471570208321061
643.184,35.2074362,-89.7805166,ChIJ62ATRfudf4gRPIrPAXGVsiQ,OK,73223,471570208321061
1449.287,35.2044739,-89.76342459999999,ChIJ3XsJxyKef4gRTeWb3lonWsU,OK,80262,471570208321061
4445.936,35.2072684,-89.7827147,ChIJKdJ2xvqdf4gRKLRUePlbOOs,OK,253829,471570211421011
5785.579,35.2044739,-89.76342459999999,ChIJ3XsJxyKef4gRTeWb3lonWsU,OK,260928,471570211421011
5785.579,35.2044739,-89.76342459999999,ChIJ3XsJxyKef4gRTeWb3lonWsU,OK,260928,471570211421011
437.228,35.2044739,-89.76342459999999,ChIJ3XsJxyKef4gRTeWb3lonWsU,OK,43807,471570211421001
437.228,35.2044739,-89.76342459999999,ChIJ3XsJxyKef4gRTeWb3lonWsU,OK,43807,471570211421001
2127.643,35.2074362,-89.7805166,ChIJ62ATRfudf4gRPIrPAXGVsiQ,OK,175293,471570211421001
3836.319,35.14868459999999,-89.7948203,ChIJ4w9Lr2qcf4gRHdzl9FciAFM,OK,225964,471570211401022
3836.319,35.14868459999999,-89.7948203,ChIJ4w9Lr2qcf4gRHdzl9FciAFM,OK,225964,471570211401022
4602.482,35.1546312,-89.79260459999999,ChIJ8UeuSEecf4gRniit7ubZLtM,OK,246663,471570211401022
3853.15,35.14868459999999,-89.7948203,ChIJ4w9Lr2qcf4gRHdzl9FciAFM,OK,237212,471570211401020
3853.15,35.14868459999999,-89.7948203,ChIJ4w9Lr2qcf4gRHdzl9FciAFM,OK,237212,471570211401020
4619.313,35.1546312,-89.79260459999999,ChIJ8UeuSEecf4gRniit7ubZLtM,OK,257911,471570211401020
3457.967,35.14868459999999,-89.7948203,ChIJ4w9Lr2qcf4gRHdzl9FciAFM,OK,214928,471570211401009
3457.967,35.14868459999999,-89.7948203,ChIJ4w9Lr2qcf4gRHdzl9FciAFM,OK,214928,471570211401009
4224.129,35.1546312,-89.79260459999999,ChIJ8UeuSEecf4gRniit7ubZLtM,OK,235627,471570211401009
4502.96,35.14868459999999,-89.7948203,ChIJ4w9Lr2qcf4gRHdzl9FciAFM,OK,307483,471570211401023
4502.96,35.14868459999999,-89.7948203,ChIJ4w9Lr2qcf4gRHdzl9FciAFM,OK,307483,471570211401023
5269.122,35.1546312,-89.79260459999999,ChIJ8UeuSEecf4gRniit7ubZLtM,OK,328182,471570211401023
4519.144,35.14868459999999,-89.7948203,ChIJ4w9Lr2qcf4gRHdzl9FciAFM,OK,325037,471570211401032
4519.144,35.14868459999999,-89.7948203,ChIJ4w9Lr2qcf4gRHdzl9FciAFM,OK,325037,471570211401032
5285.306,35.1546312,-89.79260459999999,ChIJ8UeuSEecf4gRniit7ubZLtM,OK,345736,471570211401032
4297.359,35.14868459999999,-89.7948203,ChIJ4w9Lr2qcf4gRHdzl9FciAFM,OK,282812,471570211401031
4297.359,35.14868459999999,-89.7948203,ChIJ4w9Lr2qcf4gRHdzl9FciAFM,OK,282812,471570211401031
5063.522,35.1546312,-89.79260459999999,ChIJ8UeuSEecf4gRniit7ubZLtM,OK,303511,471570211401031
3649.377,35.14868459999999,-89.7948203,ChIJ4w9Lr2qcf4gRHdzl9FciAFM,OK,240950,471570211241047
3649.377,35.14868459999999,-89.7948203,ChIJ4w9Lr2qcf4gRHdzl9FciAFM,OK,240950,471570211241047
3584.169,35.1546312,-89.79260459999999,ChIJ8UeuSEecf4gRniit7ubZLtM,OK,252037,471570211241047
3754.545,35.16339899999999,-89.855841,ChIJA_xfkC6Df4gRAjVZwLz1jqA,OK,264435,471570211241046
3754.545,35.16339899999999,-89.855841,ChIJA_xfkC6Df4gRAjVZwLz1jqA,OK,264435,471570211241046
3829.7,35.1623785,-89.8566175,ChIJXQHWWS6Df4gRqhH5EQ9H1j0,OK,273400,471570211241046
1051.693,35.04577219999999,-89.82821469999999,ChIJL-jEaJmaf4gREtYdkYi2nAs,OK,77096,471570217241028
1051.693,35.04577219999999,-89.82821469999999,ChIJL-jEaJmaf4gREtYdkYi2nAs,OK,77096,471570217241028
1311.599,35.05113000000001,-89.815021,ChIJAdLMX4iaf4gRUenKpoiyrBc,OK,95602,471570217241028
775.277,35.2045576,-89.81176689999999,ChIJ8ROix4Kdf4gR4Su-1OwAUMo,OK,45143,471570206321049
775.277,35.2045576,-89.81176689999999,ChIJ8ROix4Kdf4gR4Su-1OwAUMo,OK,45143,471570206321049
1457.943,35.2051043,-89.79754849999999,ChIJpRDMlY2df4gRQqHmUo_lzmc,OK,82882,471570206321049
2389.508,35.0326981,-90.07589809999999,ChIJ9S1ljalk1YcRvuG-_hbpimA,OK,155561,471570223213028
2389.508,35.0326981,-90.07589809999999,ChIJ9S1ljalk1YcRvuG-_hbpimA,OK,155561,471570223213028
2560.743,35.0543926,-90.0597009,ChIJT5TzUbl81YcRiPqNjkbj9CA,OK,179531,471570223213028
1346.547,35.0543926,-90.0597009,ChIJT5TzUbl81YcRiPqNjkbj9CA,OK,91379,471570223213011
1346.547,35.0543926,-90.0597009,ChIJT5TzUbl81YcRiPqNjkbj9CA,OK,91379,471570223213011
2106.1,35.06128,-90.05978399999999,ChIJm06f8ZV81YcRTjzAsJPcBKY,OK,133444,471570223213011
3830.508,35.1439641,-90.0517892,ChIJL-0zBZR-1YcRj7p5p1WY4-g,OK,302916,471570001003003
3830.508,35.1439641,-90.0517892,ChIJL-0zBZR-1YcRj7p5p1WY4-g,OK,302916,471570001003003
4039.424,35.1450994,-90.0538646,ChIJne6_s5V-1YcRn_LPaqiwhrk,OK,308370,471570001003003
4471.787,35.2064292,-89.73436359999999,ChIJP6qgZdGff4gRQoIww3TX5kM,OK,201225,471570208202057
4471.787,35.2064292,-89.73436359999999,ChIJP6qgZdGff4gRQoIww3TX5kM,OK,201225,471570208202057
7133.691,35.2044739,-89.76342459999999,ChIJ3XsJxyKef4gRTeWb3lonWsU,OK,329403,471570208202057
1284.111,35.054745,-90.007971,ChIJXxyyQlt91YcRhldtWgjSnSE,OK,111101,471570220224018
1284.111,35.054745,-90.007971,ChIJXxyyQlt91YcRhldtWgjSnSE,OK,111101,471570220224018
1715.959,35.05407199999999,-90.00125899999999,ChIJIzdhk1h91YcRZT7cBcBslaM,OK,127140,471570220224018
3095.288,35.0333519,-90.02557630000001,ChIJK8z8Ksxi1YcRt8pxxgP2SA4,OK,196989,471570223211005
2911.395,35.0543926,-90.0597009,ChIJT5TzUbl81YcRiPqNjkbj9CA,OK,233342,471570223211005
2911.395,35.0543926,-90.0597009,ChIJT5TzUbl81YcRiPqNjkbj9CA,OK,233342,471570223211005
2513.166,35.0333519,-90.02557630000001,ChIJK8z8Ksxi1YcRt8pxxgP2SA4,OK,174258,471570223222006
2513.166,35.0333519,-90.02557630000001,ChIJK8z8Ksxi1YcRt8pxxgP2SA4,OK,174258,471570223222006
2513.26,35.033351,-90.02556199999999,ChIJY7ePKsxi1YcRIP55gZFchMw,OK,174263,471570223222006
4945.368,35.14868459999999,-89.7948203,ChIJ4w9Lr2qcf4gRHdzl9FciAFM,OK,360703,471570211401014
4945.368,35.14868459999999,-89.7948203,ChIJ4w9Lr2qcf4gRHdzl9FciAFM,OK,360703,471570211401014
5711.53,35.1546312,-89.79260459999999,ChIJ8UeuSEecf4gRniit7ubZLtM,OK,381402,471570211401014
4851.313,35.054745,-90.007971,ChIJXxyyQlt91YcRhldtWgjSnSE,OK,312512,471570078212005
4851.313,35.054745,-90.007971,ChIJXxyyQlt91YcRhldtWgjSnSE,OK,312512,471570078212005
5281.505,35.05407199999999,-90.00125899999999,ChIJIzdhk1h91YcRZT7cBcBslaM,OK,332196,471570078212005
4963.79,35.054745,-90.007971,ChIJXxyyQlt91YcRhldtWgjSnSE,OK,352751,471570078213009
4963.79,35.054745,-90.007971,ChIJXxyyQlt91YcRhldtWgjSnSE,OK,352751,471570078213009
5393.982,35.05407199999999,-90.00125899999999,ChIJIzdhk1h91YcRZT7cBcBslaM,OK,372435,471570078213009
3521.945,35.054745,-90.007971,ChIJXxyyQlt91YcRhldtWgjSnSE,OK,253971,471570225001016
3521.945,35.054745,-90.007971,ChIJXxyyQlt91YcRhldtWgjSnSE,OK,253971,471570225001016
3953.793,35.05407199999999,-90.00125899999999,ChIJIzdhk1h91YcRZT7cBcBslaM,OK,270010,471570225001016
4450.892,35.1439641,-90.0517892,ChIJL-0zBZR-1YcRj7p5p1WY4-g,OK,323861,471570001002030
4659.809,35.1450994,-90.0538646,ChIJne6_s5V-1YcRn_LPaqiwhrk,OK,329315,471570001002030
4311.483,35.1439641,-90.0517892,ChIJL-0zBZR-1YcRj7p5p1WY4-g,OK,312687,471570001002020
4311.483,35.1439641,-90.0517892,ChIJL-0zBZR-1YcRj7p5p1WY4-g,OK,312687,471570001002020
4520.399,35.1450994,-90.0538646,ChIJne6_s5V-1YcRn_LPaqiwhrk,OK,318141,471570001002020
4159.58,35.1439641,-90.0517892,ChIJL-0zBZR-1YcRj7p5p1WY4-g,OK,298632,471570001002045
4159.58,35.1439641,-90.0517892,ChIJL-0zBZR-1YcRj7p5p1WY4-g,OK,298632,471570001002045
4368.497,35.1450994,-90.0538646,ChIJne6_s5V-1YcRn_LPaqiwhrk,OK,304086,471570001002045
4241.351,35.1439641,-90.0517892,ChIJL-0zBZR-1YcRj7p5p1WY4-g,OK,314491,471570001002013
4241.351,35.1439641,-90.0517892,ChIJL-0zBZR-1YcRj7p5p1WY4-g,OK,314491,471570001002013
4450.267,35.1450994,-90.0538646,ChIJne6_s5V-1YcRn_LPaqiwhrk,OK,319945,471570001002013
5048.231,35.1439641,-90.0517892,ChIJL-0zBZR-1YcRj7p5p1WY4-g,OK,372936,471570001002008
5048.231,35.1439641,-90.0517892,ChIJL-0zBZR-1YcRj7p5p1WY4-g,OK,372936,471570001002008
5257.148,35.1450994,-90.0538646,ChIJne6_s5V-1YcRn_LPaqiwhrk,OK,378390,471570001002008
2227.092,35.16339899999999,-89.855841,ChIJA_xfkC6Df4gRAjVZwLz1jqA,OK,147021,471570211211007
2227.092,35.16339899999999,-89.855841,ChIJA_xfkC6Df4gRAjVZwLz1jqA,OK,147021,471570211211007
2302.248,35.1623785,-89.8566175,ChIJXQHWWS6Df4gRqhH5EQ9H1j0,OK,155986,471570211211007
4087.3,35.1439641,-90.0517892,ChIJL-0zBZR-1YcRj7p5p1WY4-g,OK,293938,471570001002047
4087.3,35.1439641,-90.0517892,ChIJL-0zBZR-1YcRj7p5p1WY4-g,OK,293938,471570001002047
4296.216,35.1450994,-90.0538646,ChIJne6_s5V-1YcRn_LPaqiwhrk,OK,299392,471570001002047
3401.859,35.1546312,-89.79260459999999,ChIJ8UeuSEecf4gRniit7ubZLtM,OK,204793,471570211262010
3401.859,35.1546312,-89.79260459999999,ChIJ8UeuSEecf4gRniit7ubZLtM,OK,204793,471570211262010
3781.747,35.14868459999999,-89.7948203,ChIJ4w9Lr2qcf4gRHdzl9FciAFM,OK,224293,471570211262010
880.27,35.167095,-89.950496,ChIJecYfJgmBf4gRJh-YY67U6V8,OK,49690,471570111001046
880.27,35.167095,-89.950496,ChIJecYfJgmBf4gRJh-YY67U6V8,OK,49690,471570111001046
2291.578,35.183951,-89.93106899999999,ChIJWQ0EIo-Bf4gR6cuqlCcQuNw,OK,150774,471570111001046
3769.83,35.1490317,-90.0140679,ChIJw3q9_xV-1YcRqrte6yBn1CI,OK,235334,471570003001020
3769.83,35.1490317,-90.0140679,ChIJw3q9_xV-1YcRqrte6yBn1CI,OK,235334,471570003001020
4085.317,35.1444038,-90.0168571,ChIJufYEjhR-1YcREff46W6Lons,OK,277875,471570003001020
2126.341,35.16339899999999,-89.855841,ChIJA_xfkC6Df4gRAjVZwLz1jqA,OK,139767,471570211211008
2126.341,35.16339899999999,-89.855841,ChIJA_xfkC6Df4gRAjVZwLz1jqA,OK,139767,471570211211008
2201.497,35.1623785,-89.8566175,ChIJXQHWWS6Df4gRqhH5EQ9H1j0,OK,148732,471570211211008
2372.322,35.164068,-89.8770782,ChIJpUMbExuDf4gRyW4QpPURe54,OK,162106,471570206101036
2372.322,35.164068,-89.8770782,ChIJpUMbExuDf4gRyW4QpPURe54,OK,162106,471570206101036
2914.787,35.1913738,-89.8964247,ChIJwQffFF2Cf4gRzaR3rfvt3f4,OK,188841,471570206101036
5520.819,35.0326981,-90.07589809999999,ChIJ9S1ljalk1YcRvuG-_hbpimA,OK,362269,471570224104008
5493.169,35.00495799999999,-90.0276544,ChIJuXbrrfFi1YcR97C4vX-T9Zk,OK,371850,471570224104008
1776.92,35.015991,-89.935953,ChIJSSHzkseIf4gRnqbOP98HojY,OK,125160,471570219002014
1776.92,35.015991,-89.935953,ChIJSSHzkseIf4gRnqbOP98HojY,OK,125160,471570219002014
2427.678,35.02099699999999,-89.93544,ChIJW6hY3LmIf4gRWjIeu9tMgvU,OK,161199,471570219002014
2648.51,35.1546312,-89.79260459999999,ChIJ8UeuSEecf4gRniit7ubZLtM,OK,160388,471570211252005
2648.51,35.1546312,-89.79260459999999,ChIJ8UeuSEecf4gRniit7ubZLtM,OK,160388,471570211252005
3028.398,35.14868459999999,-89.7948203,ChIJ4w9Lr2qcf4gRHdzl9FciAFM,OK,179888,471570211252005
4544.489,35.015991,-89.935953,ChIJSSHzkseIf4gRnqbOP98HojY,OK,337095,471570226001178
5214.464,35.0209193,-89.8996561,ChIJxWQfy22Pf4gRlC1jxVU1A2g,OK,393621,471570226001178
5214.464,35.0209193,-89.8996561,ChIJxWQfy22Pf4gRlC1jxVU1A2g,OK,393621,471570226001178
3919.69,35.1738374,-89.98954379999999,ChIJ_S0BIGOAf4gRU3Ph4W65cOQ,OK,250468,471570003001010
4462.944,35.1490317,-90.0140679,ChIJw3q9_xV-1YcRqrte6yBn1CI,OK,264865,471570003001010
4462.944,35.1490317,-90.0140679,ChIJw3q9_xV-1YcRqrte6yBn1CI,OK,264865,471570003001010
4113.778,35.1490317,-90.0140679,ChIJw3q9_xV-1YcRqrte6yBn1CI,OK,285943,471570003001021
4113.778,35.1490317,-90.0140679,ChIJw3q9_xV-1YcRqrte6yBn1CI,OK,285943,471570003001021
4429.265,35.1444038,-90.0168571,ChIJufYEjhR-1YcREff46W6Lons,OK,328484,471570003001021
740.586,35.183951,-89.93106899999999,ChIJWQ0EIo-Bf4gR6cuqlCcQuNw,OK,89179,471570089003008
740.586,35.183951,-89.93106899999999,ChIJWQ0EIo-Bf4gR6cuqlCcQuNw,OK,89179,471570089003008
740.825,35.1839382,-89.93104869999999,ChIJrQx5Io-Bf4gRSwDAaGIf4WE,OK,89222,471570089003008
2284.536,35.17410499999999,-89.97575479999999,ChIJmfYTGFmAf4gRHGKCaD0qCtI,OK,162959,471570111002009
2284.536,35.17410499999999,-89.97575479999999,ChIJmfYTGFmAf4gRHGKCaD0qCtI,OK,162959,471570111002009
2800.399,35.167095,-89.950496,ChIJecYfJgmBf4gRJh-YY67U6V8,OK,205306,471570111002009
659.245,35.1251709,-90.0481695,ChIJybIJtCd81YcR9Otxws-5qCM,OK,62357,471570114001048
659.245,35.1251709,-90.0481695,ChIJybIJtCd81YcR9Otxws-5qCM,OK,62357,471570114001048
661.059,35.125222,-90.048147,ChIJ9cKdtid81YcRKs9h6RjzQzw,OK,62458,471570114001048
1182.268,35.0068452,-90.00681259999999,ChIJz3G0Jpti1YcRMCYWHOflqrA,OK,86725,471570221303008
3262.066,35.1546312,-89.79260459999999,ChIJ8UeuSEecf4gRniit7ubZLtM,OK,246029,471570211353019
1182.268,35.0068452,-90.00681259999999,ChIJz3G0Jpti1YcRMCYWHOflqrA,OK,86725,471570221303008
3262.066,35.1546312,-89.79260459999999,ChIJ8UeuSEecf4gRniit7ubZLtM,OK,246029,471570211353019
1342.673,35.00495799999999,-90.0276544,ChIJuXbrrfFi1YcR97C4vX-T9Zk,OK,105823,471570221303008
3848.366,35.14868459999999,-89.7948203,ChIJ4w9Lr2qcf4gRHdzl9FciAFM,OK,293097,471570211353019
1587.619,35.1490317,-90.0140679,ChIJw3q9_xV-1YcRqrte6yBn1CI,OK,87703,471570024001012
1587.619,35.1490317,-90.0140679,ChIJw3q9_xV-1YcRqrte6yBn1CI,OK,87703,471570024001012
2309.857,35.1444038,-90.0168571,ChIJufYEjhR-1YcREff46W6Lons,OK,135056,471570024001012
705.777,35.0543926,-90.0597009,ChIJT5TzUbl81YcRiPqNjkbj9CA,OK,49920,471570223212001
705.777,35.0543926,-90.0597009,ChIJT5TzUbl81YcRiPqNjkbj9CA,OK,49920,471570223212001
1287.133,35.06128,-90.05978399999999,ChIJm06f8ZV81YcRTjzAsJPcBKY,OK,82117,471570223212001
2219.214,35.0854368,-89.89541919999999,ChIJf5cc-VKEf4gRF-lYLgijYQQ,OK,153122,471570095003021
2219.214,35.0854368,-89.89541919999999,ChIJf5cc-VKEf4gRF-lYLgijYQQ,OK,153122,471570095003021
3938.443,35.1153996,-89.89414069999999,ChIJCb4NOWWEf4gR79YlPQoocW4,OK,268171,471570095003021
3148.457,35.1503395,-89.89321,ChIJRaSiF6KDf4gRNIqqt1VnH58,OK,222722,471570092002005
3148.457,35.1503395,-89.89321,ChIJRaSiF6KDf4gRNIqqt1VnH58,OK,222722,471570092002005
3721.019,35.1489345,-89.89838259999999,ChIJaTBvX72Df4gRiyFT0LQMnrQ,OK,259296,471570092002005
1883.129,35.1145886,-89.90089789999999,ChIJKWmlFW6Ef4gR0YNISWQMkss,OK,123033,471570094001013
1883.129,35.1145886,-89.90089789999999,ChIJKWmlFW6Ef4gR0YNISWQMkss,OK,123033,471570094001013
1853.162,35.1153996,-89.89414069999999,ChIJCb4NOWWEf4gR79YlPQoocW4,OK,128406,471570094001013
1725.825,35.062945,-89.90568519999999,ChIJjxj9mL-Ff4gRoOEx9OzDyxs,OK,97877,471570107101008
1712.187,35.063996,-89.90690699999999,ChIJn51vcb-Ff4gRvoXU4r8swrw,OK,112027,471570107101008
1712.187,35.063996,-89.90690699999999,ChIJn51vcb-Ff4gRvoXU4r8swrw,OK,112027,471570107101008
912.226,35.1835367,-89.8717722,ChIJv1U5XuiCf4gRMlXiIrwnbJo,OK,71305,471570206102005
912.226,35.1835367,-89.8717722,ChIJv1U5XuiCf4gRMlXiIrwnbJo,OK,71305,471570206102005
1759.743,35.1927931,-89.86922029999999,ChIJAQAAAMCCf4gRZL0qi0KLjtw,OK,113078,471570206102005
6188.596,35.1490317,-90.0140679,ChIJw3q9_xV-1YcRqrte6yBn1CI,OK,376815,471570003001005
6188.596,35.1490317,-90.0140679,ChIJw3q9_xV-1YcRqrte6yBn1CI,OK,376815,471570003001005
5862.308,35.1738374,-89.98954379999999,ChIJ_S0BIGOAf4gRU3Ph4W65cOQ,OK,385795,471570003001005
1313.985,35.12545849999999,-89.97454169999999,ChIJoyT3HjOHf4gRS6EdHckmff8,OK,103281,471570071001023
1313.985,35.12545849999999,-89.97454169999999,ChIJoyT3HjOHf4gRS6EdHckmff8,OK,103281,471570071001023
3120.746,35.13418100000001,-89.98599,ChIJnf1_yraAf4gR9pQmD7CXhgg,OK,214620,471570071001023
1115.016,35.0326981,-90.07589809999999,ChIJ9S1ljalk1YcRvuG-_hbpimA,OK,69409,471570223213018
1283.351,35.108097,-89.941227,ChIJwxJT-r6Gf4gRhLDuFpyb128,OK,79248,471570079001003
1115.016,35.0326981,-90.07589809999999,ChIJ9S1ljalk1YcRvuG-_hbpimA,OK,69409,471570223213018
1283.351,35.108097,-89.941227,ChIJwxJT-r6Gf4gRhLDuFpyb128,OK,79248,471570079001003
1916.088,35.02753099999999,-90.082077,ChIJK66rdetk1YcRwwxI9gDREks,OK,113775,471570223213018
1887.054,35.1161637,-89.9446263,ChIJ-ZiED8iGf4gR32IlfgDBKWY,OK,119284,471570079001003
1519.479,35.0068452,-90.00681259999999,ChIJz3G0Jpti1YcRMCYWHOflqrA,OK,142853,471570221301015
1519.479,35.0068452,-90.00681259999999,ChIJz3G0Jpti1YcRMCYWHOflqrA,OK,142853,471570221301015
1922.374,34.9907298,-89.99350899999999,ChIJaR6gqdOJf4gRbmqB7wctwt0,OK,203494,471570221301015
280.486,35.1497164,-89.95515999999999,ChIJcQb6ehiBf4gR-uA54eRPNq8,OK,20683,471570013003008
280.486,35.1497164,-89.95515999999999,ChIJcQb6ehiBf4gR-uA54eRPNq8,OK,20683,471570013003008
757.386,35.14981359999999,-89.94918609999999,ChIJVdGBGRaBf4gRsi89Rzqn8W4,OK,47066,471570013003008
3071.407,35.16339899999999,-89.855841,ChIJA_xfkC6Df4gRAjVZwLz1jqA,OK,215249,471570211241045
1143.323,35.13763670000001,-90.00757159999999,ChIJl69WLQV-1YcRU3z7Tt2MyhY,OK,92520,471570033002001
3071.407,35.16339899999999,-89.855841,ChIJA_xfkC6Df4gRAjVZwLz1jqA,OK,215249,471570211241045
3146.562,35.1623785,-89.8566175,ChIJXQHWWS6Df4gRqhH5EQ9H1j0,OK,224214,471570211241045
1143.323,35.13763670000001,-90.00757159999999,ChIJl69WLQV-1YcRU3z7Tt2MyhY,OK,92520,471570033002001
1390.7,35.1060329,-90.039159,ChIJ231bcjV81YcRQ1quDeYAd6M,OK,166876,471570075002004
1382.249,35.13774119999999,-89.99713,ChIJtwtohKiAf4gRFxkNLUf9PgA,OK,97189,471570033002001
1390.7,35.1060329,-90.039159,ChIJ231bcjV81YcRQ1quDeYAd6M,OK,166876,471570075002004
2683.995,35.1087458,-90.0211918,ChIJe6w2EsF91YcRquzVZc8M0-I,OK,244820,471570075002004
1984.641,35.1503395,-89.89321,ChIJRaSiF6KDf4gRNIqqt1VnH58,OK,163730,471570092003041
1984.641,35.1503395,-89.89321,ChIJRaSiF6KDf4gRNIqqt1VnH58,OK,163730,471570092003041
1994.485,35.156962,-89.88851749999999,ChIJaVmJmQmDf4gR3ZGZP7kcoeo,OK,173205,471570092003041
975.796,35.093591,-90.056624,ChIJgyVl92d81YcRhuRHHckl8Y4,OK,54040,471570055003008
975.796,35.093591,-90.056624,ChIJgyVl92d81YcRhuRHHckl8Y4,OK,54040,471570055003008
1155.633,35.095133,-90.05542799999999,ChIJATnUo0J81YcRpbAuNwXeqRw,OK,64000,471570055003008
3392.648,35.0614623,-89.8536277,ChIJ4TWJkTWFf4gRbkNZYfkF9Jw,OK,243642,471570213332024
3392.648,35.0614623,-89.8536277,ChIJ4TWJkTWFf4gRbkNZYfkF9Jw,OK,243642,471570213332024
3477.42,35.0512763,-89.8427476,ChIJ7VPJ3q-af4gRdxERIyaZ0gk,OK,249830,471570213332024
1003.744,35.095133,-90.05542799999999,ChIJATnUo0J81YcRpbAuNwXeqRw,OK,95337,471570056003001
1003.744,35.095133,-90.05542799999999,ChIJATnUo0J81YcRpbAuNwXeqRw,OK,95337,471570056003001
1165.147,35.098685,-90.05664899999999,ChIJ31qwBkJ81YcRk2V5pdmdhrM,OK,104276,471570056003001
2070.603,35.0477573,-89.86637909999999,ChIJ5_0L5VyFf4gR4HBEwl6nmRE,OK,134923,471570217414001
2070.603,35.0477573,-89.86637909999999,ChIJ5_0L5VyFf4gR4HBEwl6nmRE,OK,134923,471570217414001
2641.441,35.050596,-89.869556,ChIJQ4vLA2iFf4gRyyCo3ihKH44,OK,173652,471570217414001
1145.521,35.06128,-90.05978399999999,ChIJm06f8ZV81YcRTjzAsJPcBKY,OK,100127,471570225001030
1145.521,35.06128,-90.05978399999999,ChIJm06f8ZV81YcRTjzAsJPcBKY,OK,100127,471570225001030
1145.343,35.061362,-90.05986399999999,ChIJL_Gh8ZV81YcRDlMHRKqR_IA,OK,102993,471570225001030
2520.457,35.0614623,-89.8536277,ChIJ4TWJkTWFf4gRbkNZYfkF9Jw,OK,154792,471570213342027
2605.229,35.0512763,-89.8427476,ChIJ7VPJ3q-af4gRdxERIyaZ0gk,OK,160980,471570213342027
2605.229,35.0512763,-89.8427476,ChIJ7VPJ3q-af4gRdxERIyaZ0gk,OK,160980,471570213342027
3153.754,35.093591,-90.056624,ChIJgyVl92d81YcRhuRHHckl8Y4,OK,243569,471570056003043
3153.754,35.093591,-90.056624,ChIJgyVl92d81YcRhuRHHckl8Y4,OK,243569,471570056003043
3333.591,35.095133,-90.05542799999999,ChIJATnUo0J81YcRpbAuNwXeqRw,OK,253529,471570056003043
1732.1,35.05113000000001,-89.815021,ChIJAdLMX4iaf4gRUenKpoiyrBc,OK,144211,471570217441000
1732.1,35.05113000000001,-89.815021,ChIJAdLMX4iaf4gRUenKpoiyrBc,OK,144211,471570217441000
1906.022,35.048632,-89.814048,ChIJqY7T64eaf4gRoqZRK7sz4Co,OK,156631,471570217441000
1230.043,35.2023757,-89.9218691,ChIJvw7rwByCf4gRrAscHKjp1Iw,OK,103055,471570205121007
1230.043,35.2023757,-89.9218691,ChIJvw7rwByCf4gRrAscHKjp1Iw,OK,103055,471570205121007
1900.085,35.210167,-89.919383,ChIJi0gqlgaCf4gRjUvfmHxGMyw,OK,144080,471570205121007
1117.581,35.1546312,-89.79260459999999,ChIJ8UeuSEecf4gRniit7ubZLtM,OK,125957,471570211353014
1117.581,35.1546312,-89.79260459999999,ChIJ8UeuSEecf4gRniit7ubZLtM,OK,125957,471570211353014
2285.722,35.14868459999999,-89.7948203,ChIJ4w9Lr2qcf4gRHdzl9FciAFM,OK,172228,471570211353014
915.079,35.0344414,-89.8319559,ChIJfcC9SguQf4gR_xf02Tpo1-w,OK,72161,471570217444001
915.079,35.0344414,-89.8319559,ChIJfcC9SguQf4gR_xf02Tpo1-w,OK,72161,471570217444001
1847.916,35.0220022,-89.82947999999999,ChIJxT9DeWuQf4gRf6HLF5uJHd0,OK,123824,471570217444001
5675.593,35.183951,-89.93106899999999,ChIJWQ0EIo-Bf4gR6cuqlCcQuNw,OK,347772,471570205124019
5675.593,35.183951,-89.93106899999999,ChIJWQ0EIo-Bf4gR6cuqlCcQuNw,OK,347772,471570205124019
5675.832,35.1839382,-89.93104869999999,ChIJrQx5Io-Bf4gRSwDAaGIf4WE,OK,347815,471570205124019
1009.536,35.1546312,-89.79260459999999,ChIJ8UeuSEecf4gRniit7ubZLtM,OK,94543,471570211353012
1009.536,35.1546312,-89.79260459999999,ChIJ8UeuSEecf4gRniit7ubZLtM,OK,94543,471570211353012
2177.677,35.14868459999999,-89.7948203,ChIJ4w9Lr2qcf4gRHdzl9FciAFM,OK,140814,471570211353012
2722.356,35.167095,-89.950496,ChIJecYfJgmBf4gRJh-YY67U6V8,OK,206120,471570111002002
2722.356,35.167095,-89.950496,ChIJecYfJgmBf4gRJh-YY67U6V8,OK,206120,471570111002002
3452.146,35.183951,-89.93106899999999,ChIJWQ0EIo-Bf4gR6cuqlCcQuNw,OK,259059,471570111002002
587.614,35.125222,-90.048147,ChIJ9cKdtid81YcRKs9h6RjzQzw,OK,49324,471570116001005
587.614,35.125222,-90.048147,ChIJ9cKdtid81YcRKs9h6RjzQzw,OK,49324,471570116001005
589.428,35.1251709,-90.0481695,ChIJybIJtCd81YcR9Otxws-5qCM,OK,49424,471570116001005
2124.156,35.167095,-89.950496,ChIJecYfJgmBf4gRJh-YY67U6V8,OK,144863,471570111002019
2124.156,35.167095,-89.950496,ChIJecYfJgmBf4gRJh-YY67U6V8,OK,144863,471570111002019
2853.945,35.183951,-89.93106899999999,ChIJWQ0EIo-Bf4gR6cuqlCcQuNw,OK,197802,471570111002019
597.81,35.05018,-89.89110199999999,ChIJNUozxJyFf4gRrJ8tUHk1p2Q,OK,71734,471570226002001
597.81,35.05018,-89.89110199999999,ChIJNUozxJyFf4gRrJ8tUHk1p2Q,OK,71734,471570226002001
1582.247,35.04677619999999,-89.8859339,ChIJycTJ_niFf4gR5esliSzp17E,OK,130239,471570226002001
2034.711,35.167095,-89.950496,ChIJecYfJgmBf4gRJh-YY67U6V8,OK,139446,471570111002020
2034.711,35.167095,-89.950496,ChIJecYfJgmBf4gRJh-YY67U6V8,OK,139446,471570111002020
2764.501,35.183951,-89.93106899999999,ChIJWQ0EIo-Bf4gR6cuqlCcQuNw,OK,192385,471570111002020
2456.94,35.0614623,-89.8536277,ChIJ4TWJkTWFf4gRbkNZYfkF9Jw,OK,161966,471570213342016
2456.94,35.0614623,-89.8536277,ChIJ4TWJkTWFf4gRbkNZYfkF9Jw,OK,161966,471570213342016
2541.712,35.0512763,-89.8427476,ChIJ7VPJ3q-af4gRdxERIyaZ0gk,OK,168154,471570213342016
1767.241,35.183951,-89.93106899999999,ChIJWQ0EIo-Bf4gR6cuqlCcQuNw,OK,145417,471570089003028
1767.241,35.183951,-89.93106899999999,ChIJWQ0EIo-Bf4gR6cuqlCcQuNw,OK,145417,471570089003028
1767.479,35.1839382,-89.93104869999999,ChIJrQx5Io-Bf4gRSwDAaGIf4WE,OK,145460,471570089003028
2489.778,35.0614623,-89.8536277,ChIJ4TWJkTWFf4gRbkNZYfkF9Jw,OK,171687,471570213332021
2489.778,35.0614623,-89.8536277,ChIJ4TWJkTWFf4gRbkNZYfkF9Jw,OK,171687,471570213332021
2574.55,35.0512763,-89.8427476,ChIJ7VPJ3q-af4gRdxERIyaZ0gk,OK,177875,471570213332021
2444.078,35.1490317,-90.0140679,ChIJw3q9_xV-1YcRqrte6yBn1CI,OK,162034,471570019002018
2444.078,35.1490317,-90.0140679,ChIJw3q9_xV-1YcRqrte6yBn1CI,OK,162034,471570019002018
3166.316,35.1444038,-90.0168571,ChIJufYEjhR-1YcREff46W6Lons,OK,209387,471570019002018
1298.192,35.12545849999999,-89.97454169999999,ChIJoyT3HjOHf4gRS6EdHckmff8,OK,107978,471570066002024
1298.192,35.12545849999999,-89.97454169999999,ChIJoyT3HjOHf4gRS6EdHckmff8,OK,107978,471570066002024
1453.868,35.13418100000001,-89.98599,ChIJnf1_yraAf4gR9pQmD7CXhgg,OK,113507,471570066002024
2630.146,35.1490317,-90.0140679,ChIJw3q9_xV-1YcRqrte6yBn1CI,OK,184361,471570019001007
2630.146,35.1490317,-90.0140679,ChIJw3q9_xV-1YcRqrte6yBn1CI,OK,184361,471570019001007
3352.384,35.1444038,-90.0168571,ChIJufYEjhR-1YcREff46W6Lons,OK,231714,471570019001007
487.252,35.17410499999999,-89.97575479999999,ChIJmfYTGFmAf4gRHGKCaD0qCtI,OK,44862,471570008003009
487.252,35.17410499999999,-89.97575479999999,ChIJmfYTGFmAf4gRHGKCaD0qCtI,OK,44862,471570008003009
1399.525,35.1738374,-89.98954379999999,ChIJ_S0BIGOAf4gRU3Ph4W65cOQ,OK,103254,471570008003009
2188.528,35.1490317,-90.0140679,ChIJw3q9_xV-1YcRqrte6yBn1CI,OK,126080,471570024001003
2188.528,35.1490317,-90.0140679,ChIJw3q9_xV-1YcRqrte6yBn1CI,OK,126080,471570024001003
2910.766,35.1444038,-90.0168571,ChIJufYEjhR-1YcREff46W6Lons,OK,173433,471570024001003
1164.91,35.1738374,-89.98954379999999,ChIJ_S0BIGOAf4gRU3Ph4W65cOQ,OK,85363,471570009002002
1164.91,35.1738374,-89.98954379999999,ChIJ_S0BIGOAf4gRU3Ph4W65cOQ,OK,85363,471570009002002
997.872,35.17410499999999,-89.97575479999999,ChIJmfYTGFmAf4gRHGKCaD0qCtI,OK,94194,471570009002002
842.409,35.17410499999999,-89.97575479999999,ChIJmfYTGFmAf4gRHGKCaD0qCtI,OK,75538,471570009002001
842.409,35.17410499999999,-89.97575479999999,ChIJmfYTGFmAf4gRHGKCaD0qCtI,OK,75538,471570009002001
1318.918,35.1738374,-89.98954379999999,ChIJ_S0BIGOAf4gRU3Ph4W65cOQ,OK,108112,471570009002001
2194.018,35.1490317,-90.0140679,ChIJw3q9_xV-1YcRqrte6yBn1CI,OK,125835,471570024001001
2194.018,35.1490317,-90.0140679,ChIJw3q9_xV-1YcRqrte6yBn1CI,OK,125835,471570024001001
2916.256,35.1444038,-90.0168571,ChIJufYEjhR-1YcREff46W6Lons,OK,173188,471570024001001
727.923,35.17410499999999,-89.97575479999999,ChIJmfYTGFmAf4gRHGKCaD0qCtI,OK,60179,471570008003013
727.923,35.17410499999999,-89.97575479999999,ChIJmfYTGFmAf4gRHGKCaD0qCtI,OK,60179,471570008003013
995.999,35.1738374,-89.98954379999999,ChIJ_S0BIGOAf4gRU3Ph4W65cOQ,OK,76222,471570008003013
1751.234,35.1490317,-90.0140679,ChIJw3q9_xV-1YcRqrte6yBn1CI,OK,116400,471570024001020
1751.234,35.1490317,-90.0140679,ChIJw3q9_xV-1YcRqrte6yBn1CI,OK,116400,471570024001020
2473.472,35.1444038,-90.0168571,ChIJufYEjhR-1YcREff46W6Lons,OK,163753,471570024001020
537.324,35.17410499999999,-89.97575479999999,ChIJmfYTGFmAf4gRHGKCaD0qCtI,OK,50870,471570008003010
537.324,35.17410499999999,-89.97575479999999,ChIJmfYTGFmAf4gRHGKCaD0qCtI,OK,50870,471570008003010
1257.524,35.1738374,-89.98954379999999,ChIJ_S0BIGOAf4gRU3Ph4W65cOQ,OK,97265,471570008003010
1752.163,35.1490317,-90.0140679,ChIJw3q9_xV-1YcRqrte6yBn1CI,OK,116512,471570024001032
1752.163,35.1490317,-90.0140679,ChIJw3q9_xV-1YcRqrte6yBn1CI,OK,116512,471570024001032
2474.401,35.1444038,-90.0168571,ChIJufYEjhR-1YcREff46W6Lons,OK,163865,471570024001032
1116.011,35.1738374,-89.98954379999999,ChIJ_S0BIGOAf4gRU3Ph4W65cOQ,OK,79495,471570009002003
1116.011,35.1738374,-89.98954379999999,ChIJ_S0BIGOAf4gRU3Ph4W65cOQ,OK,79495,471570009002003
1356.06,35.17410499999999,-89.97575479999999,ChIJmfYTGFmAf4gRHGKCaD0qCtI,OK,93895,471570009002003
5027.508,35.1490317,-90.0140679,ChIJw3q9_xV-1YcRqrte6yBn1CI,OK,259224,471570025001029
5027.508,35.1490317,-90.0140679,ChIJw3q9_xV-1YcRqrte6yBn1CI,OK,259224,471570025001029
5749.746,35.1444038,-90.0168571,ChIJufYEjhR-1YcREff46W6Lons,OK,306577,471570025001029
763.815,35.17410499999999,-89.97575479999999,ChIJmfYTGFmAf4gRHGKCaD0qCtI,OK,60970,471570009002005
763.815,35.17410499999999,-89.97575479999999,ChIJmfYTGFmAf4gRHGKCaD0qCtI,OK,60970,471570009002005
1575.144,35.1738374,-89.98954379999999,ChIJ_S0BIGOAf4gRU3Ph4W65cOQ,OK,130479,471570009002005
2020.888,35.1490317,-90.0140679,ChIJw3q9_xV-1YcRqrte6yBn1CI,OK,130474,471570024001029
2020.888,35.1490317,-90.0140679,ChIJw3q9_xV-1YcRqrte6yBn1CI,OK,130474,471570024001029
2394.422,35.1444038,-90.0168571,ChIJufYEjhR-1YcREff46W6Lons,OK,163958,471570024001029
689.851,35.17410499999999,-89.97575479999999,ChIJmfYTGFmAf4gRHGKCaD0qCtI,OK,48757,471570009001003
689.851,35.17410499999999,-89.97575479999999,ChIJmfYTGFmAf4gRHGKCaD0qCtI,OK,48757,471570009001003
2036.459,35.1738374,-89.98954379999999,ChIJ_S0BIGOAf4gRU3Ph4W65cOQ,OK,129544,471570009001003
1939.834,35.0333519,-90.02557630000001,ChIJK8z8Ksxi1YcRt8pxxgP2SA4,OK,114943,471570220242002
1939.928,35.033351,-90.02556199999999,ChIJY7ePKsxi1YcRIP55gZFchMw,OK,114948,471570220242002
1939.928,35.033351,-90.02556199999999,ChIJY7ePKsxi1YcRIP55gZFchMw,OK,114948,471570220242002
585.678,35.05407199999999,-90.00125899999999,ChIJIzdhk1h91YcRZT7cBcBslaM,OK,66575,471570220224011
585.678,35.05407199999999,-90.00125899999999,ChIJIzdhk1h91YcRZT7cBcBslaM,OK,66575,471570220224011
1162.888,35.054745,-90.007971,ChIJXxyyQlt91YcRhldtWgjSnSE,OK,106420,471570220224011
358.333,35.054745,-90.007971,ChIJXxyyQlt91YcRhldtWgjSnSE,OK,36328,471570220221021
358.333,35.054745,-90.007971,ChIJXxyyQlt91YcRhldtWgjSnSE,OK,36328,471570220221021
544.805,35.05407199999999,-90.00125899999999,ChIJIzdhk1h91YcRZT7cBcBslaM,OK,44925,471570220221021
1360.501,35.17410499999999,-89.97575479999999,ChIJmfYTGFmAf4gRHGKCaD0qCtI,OK,101692,471570009003001
1360.501,35.17410499999999,-89.97575479999999,ChIJmfYTGFmAf4gRHGKCaD0qCtI,OK,101692,471570009003001
1973.138,35.1507888,-89.977317,ChIJdVWrOuqAf4gR-V7s1E3qo7g,OK,138454,471570009003001
1983.244,35.054745,-90.007971,ChIJXxyyQlt91YcRhldtWgjSnSE,OK,137141,471570225001046
1983.244,35.054745,-90.007971,ChIJXxyyQlt91YcRhldtWgjSnSE,OK,137141,471570225001046
2415.092,35.05407199999999,-90.00125899999999,ChIJIzdhk1h91YcRZT7cBcBslaM,OK,153180,471570225001046
853.287,35.1251709,-90.0481695,ChIJybIJtCd81YcR9Otxws-5qCM,OK,55820,471570117001008
1385.107,35.0854368,-89.89541919999999,ChIJf5cc-VKEf4gRF-lYLgijYQQ,OK,89298,471570094002009
853.287,35.1251709,-90.0481695,ChIJybIJtCd81YcR9Otxws-5qCM,OK,55820,471570117001008
1385.107,35.0854368,-89.89541919999999,ChIJf5cc-VKEf4gRF-lYLgijYQQ,OK,89298,471570094002009
637.526,35.17410499999999,-89.97575479999999,ChIJmfYTGFmAf4gRHGKCaD0qCtI,OK,49332,471570008003012
855.101,35.125222,-90.048147,ChIJ9cKdtid81YcRKs9h6RjzQzw,OK,55921,471570117001008
3236.308,35.1145886,-89.90089789999999,ChIJKWmlFW6Ef4gR0YNISWQMkss,OK,202553,471570094002009
637.526,35.17410499999999,-89.97575479999999,ChIJmfYTGFmAf4gRHGKCaD0qCtI,OK,49332,471570008003012
908.34,35.1738374,-89.98954379999999,ChIJ_S0BIGOAf4gRU3Ph4W65cOQ,OK,65703,471570008003012
356.468,35.1503395,-89.89321,ChIJRaSiF6KDf4gRNIqqt1VnH58,OK,23608,471570092002000
356.468,35.1503395,-89.89321,ChIJRaSiF6KDf4gRNIqqt1VnH58,OK,23608,471570092002000
858.231,35.148225,-89.89748700000001,ChIJC8t095eDf4gRGuXK3FleZyg,OK,51491,471570092002000
846.243,35.17410499999999,-89.97575479999999,ChIJmfYTGFmAf4gRHGKCaD0qCtI,OK,75998,471570009002000
846.243,35.17410499999999,-89.97575479999999,ChIJmfYTGFmAf4gRHGKCaD0qCtI,OK,75998,471570009002000
1315.084,35.1738374,-89.98954379999999,ChIJ_S0BIGOAf4gRU3Ph4W65cOQ,OK,107652,471570009002000
968.964,35.1251709,-90.0481695,ChIJybIJtCd81YcR9Otxws-5qCM,OK,62528,471570117001012
968.964,35.1251709,-90.0481695,ChIJybIJtCd81YcR9Otxws-5qCM,OK,62528,471570117001012
970.778,35.125222,-90.048147,ChIJ9cKdtid81YcRKs9h6RjzQzw,OK,62629,471570117001012
1043.755,35.0854368,-89.89541919999999,ChIJf5cc-VKEf4gRF-lYLgijYQQ,OK,64721,471570094002008
1043.755,35.0854368,-89.89541919999999,ChIJf5cc-VKEf4gRF-lYLgijYQQ,OK,64721,471570094002008
2894.956,35.1145886,-89.90089789999999,ChIJKWmlFW6Ef4gR0YNISWQMkss,OK,177976,471570094002008
517.432,35.164068,-89.8770782,ChIJpUMbExuDf4gRyW4QpPURe54,OK,43565,471570211113033
517.432,35.164068,-89.8770782,ChIJpUMbExuDf4gRyW4QpPURe54,OK,43565,471570211113033
2772.809,35.16339899999999,-89.855841,ChIJA_xfkC6Df4gRAjVZwLz1jqA,OK,170043,471570211113033
1147.437,35.0854368,-89.89541919999999,ChIJf5cc-VKEf4gRF-lYLgijYQQ,OK,78887,471570094002007
1147.437,35.0854368,-89.89541919999999,ChIJf5cc-VKEf4gRF-lYLgijYQQ,OK,78887,471570094002007
2796.521,35.1145886,-89.90089789999999,ChIJKWmlFW6Ef4gR0YNISWQMkss,OK,180016,471570094002007
812.609,35.1738374,-89.98954379999999,ChIJ_S0BIGOAf4gRU3Ph4W65cOQ,OK,81814,471570007002015
812.609,35.1738374,-89.98954379999999,ChIJ_S0BIGOAf4gRU3Ph4W65cOQ,OK,81814,471570007002015
1447.298,35.17410499999999,-89.97575479999999,ChIJmfYTGFmAf4gRHGKCaD0qCtI,OK,102537,471570007002015
364.79,35.164068,-89.8770782,ChIJpUMbExuDf4gRyW4QpPURe54,OK,20203,471570206101044
364.79,35.164068,-89.8770782,ChIJpUMbExuDf4gRyW4QpPURe54,OK,20203,471570206101044
1108.76,35.156962,-89.88851749999999,ChIJaVmJmQmDf4gR3ZGZP7kcoeo,OK,75098,471570206101044
1023.238,35.1251709,-90.0481695,ChIJybIJtCd81YcR9Otxws-5qCM,OK,65403,471570117001011
1023.238,35.1251709,-90.0481695,ChIJybIJtCd81YcR9Otxws-5qCM,OK,65403,471570117001011
1025.052,35.125222,-90.048147,ChIJ9cKdtid81YcRKs9h6RjzQzw,OK,65504,471570117001011
345.352,35.1503395,-89.89321,ChIJRaSiF6KDf4gRNIqqt1VnH58,OK,37411,471570092002001
345.352,35.1503395,-89.89321,ChIJRaSiF6KDf4gRNIqqt1VnH58,OK,37411,471570092002001
930.214,35.0854368,-89.89541919999999,ChIJf5cc-VKEf4gRF-lYLgijYQQ,OK,57864,471570094002014
847.115,35.148225,-89.89748700000001,ChIJC8t095eDf4gRGuXK3FleZyg,OK,65294,471570092002001
930.214,35.0854368,-89.89541919999999,ChIJf5cc-VKEf4gRF-lYLgijYQQ,OK,57864,471570094002014
3006.276,35.063996,-89.90690699999999,ChIJn51vcb-Ff4gRvoXU4r8swrw,OK,185468,471570094002014
590.653,35.17410499999999,-89.97575479999999,ChIJmfYTGFmAf4gRHGKCaD0qCtI,OK,48127,471570008002014
590.653,35.17410499999999,-89.97575479999999,ChIJmfYTGFmAf4gRHGKCaD0qCtI,OK,48127,471570008002014
924.295,35.1738374,-89.98954379999999,ChIJ_S0BIGOAf4gRU3Ph4W65cOQ,OK,63510,471570008002014
913.701,35.1251709,-90.0481695,ChIJybIJtCd81YcR9Otxws-5qCM,OK,59482,471570117001009
913.701,35.1251709,-90.0481695,ChIJybIJtCd81YcR9Otxws-5qCM,OK,59482,471570117001009
915.515,35.125222,-90.048147,ChIJ9cKdtid81YcRKs9h6RjzQzw,OK,59583,471570117001009
6154.882,35.156962,-89.88851749999999,ChIJaVmJmQmDf4gR3ZGZP7kcoeo,OK,312333,471570092003012
6154.882,35.156962,-89.88851749999999,ChIJaVmJmQmDf4gR3ZGZP7kcoeo,OK,312333,471570092003012
6841.88,35.1503395,-89.89321,ChIJRaSiF6KDf4gRNIqqt1VnH58,OK,341448,471570092003012
445.576,35.17410499999999,-89.97575479999999,ChIJmfYTGFmAf4gRHGKCaD0qCtI,OK,45293,471570008003011
445.576,35.17410499999999,-89.97575479999999,ChIJmfYTGFmAf4gRHGKCaD0qCtI,OK,45293,471570008003011
1169.408,35.1738374,-89.98954379999999,ChIJ_S0BIGOAf4gRU3Ph4W65cOQ,OK,86692,471570008003011
1390.326,35.0854368,-89.89541919999999,ChIJf5cc-VKEf4gRF-lYLgijYQQ,OK,95086,471570093003020
1390.326,35.0854368,-89.89541919999999,ChIJf5cc-VKEf4gRF-lYLgijYQQ,OK,95086,471570093003020
2840.256,35.063996,-89.90690699999999,ChIJn51vcb-Ff4gRvoXU4r8swrw,OK,185126,471570093003020
588.919,35.1251709,-90.0481695,ChIJybIJtCd81YcR9Otxws-5qCM,OK,42312,471570050001010
588.919,35.1251709,-90.0481695,ChIJybIJtCd81YcR9Otxws-5qCM,OK,42312,471570050001010
590.733,35.125222,-90.048147,ChIJ9cKdtid81YcRKs9h6RjzQzw,OK,42413,471570050001010
606.077,35.1503395,-89.89321,ChIJRaSiF6KDf4gRNIqqt1VnH58,OK,38584,471570092003013
606.077,35.1503395,-89.89321,ChIJRaSiF6KDf4gRNIqqt1VnH58,OK,38584,471570092003013
615.921,35.156962,-89.88851749999999,ChIJaVmJmQmDf4gR3ZGZP7kcoeo,OK,48059,471570092003013
1002.081,35.17410499999999,-89.97575479999999,ChIJmfYTGFmAf4gRHGKCaD0qCtI,OK,67967,471570008001003
1002.081,35.17410499999999,-89.97575479999999,ChIJmfYTGFmAf4gRHGKCaD0qCtI,OK,67967,471570008001003
2240.505,35.1738374,-89.98954379999999,ChIJ_S0BIGOAf4gRU3Ph4W65cOQ,OK,142263,471570008001003
1522.325,35.0068452,-90.00681259999999,ChIJz3G0Jpti1YcRMCYWHOflqrA,OK,117962,471570221305008
1522.325,35.0068452,-90.00681259999999,ChIJz3G0Jpti1YcRMCYWHOflqrA,OK,117962,471570221305008
1606.736,34.993343,-90.00823899999999,ChIJk-nxFn1i1YcRBckohHLWoho,OK,123026,471570221305008
1653.133,35.0068452,-90.00681259999999,ChIJz3G0Jpti1YcRMCYWHOflqrA,OK,120123,471570221303009
1653.133,35.0068452,-90.00681259999999,ChIJz3G0Jpti1YcRMCYWHOflqrA,OK,120123,471570221303009
1834.406,34.99227370000001,-90.0232297,ChIJY7HkKF9i1YcRjKJ-3GH9XsM,OK,125820,471570221303009
1740.472,34.99227370000001,-90.0232297,ChIJY7HkKF9i1YcRjKJ-3GH9XsM,OK,109225,471570221303010
1740.472,34.99227370000001,-90.0232297,ChIJY7HkKF9i1YcRjKJ-3GH9XsM,OK,109225,471570221303010
1825.906,34.9915203,-90.02290859999999,ChIJR4zh2F5i1YcRnlQUjUF62Hw,OK,113957,471570221303010
1859.746,34.99227370000001,-90.0232297,ChIJY7HkKF9i1YcRjKJ-3GH9XsM,OK,128861,471570221305011
1859.746,34.99227370000001,-90.0232297,ChIJY7HkKF9i1YcRjKJ-3GH9XsM,OK,128861,471570221305011
1802.031,34.993343,-90.00823899999999,ChIJk-nxFn1i1YcRBckohHLWoho,OK,132925,471570221305011
1538.686,34.99227370000001,-90.0232297,ChIJY7HkKF9i1YcRjKJ-3GH9XsM,OK,104831,471570221305012
1538.686,34.99227370000001,-90.0232297,ChIJY7HkKF9i1YcRjKJ-3GH9XsM,OK,104831,471570221305012
1624.12,34.9915203,-90.02290859999999,ChIJR4zh2F5i1YcRnlQUjUF62Hw,OK,109563,471570221305012
494.985,34.993343,-90.00823899999999,ChIJk-nxFn1i1YcRBckohHLWoho,OK,53386,471570221305006
494.985,34.993343,-90.00823899999999,ChIJk-nxFn1i1YcRBckohHLWoho,OK,53386,471570221305006
1465.684,35.0068452,-90.00681259999999,ChIJz3G0Jpti1YcRMCYWHOflqrA,OK,106070,471570221305006
1400.561,35.0068452,-90.00681259999999,ChIJz3G0Jpti1YcRMCYWHOflqrA,OK,103351,471570221303005
1400.561,35.0068452,-90.00681259999999,ChIJz3G0Jpti1YcRMCYWHOflqrA,OK,103351,471570221303005
1484.971,34.993343,-90.00823899999999,ChIJk-nxFn1i1YcRBckohHLWoho,OK,108415,471570221303005
821.1,35.0068452,-90.00681259999999,ChIJz3G0Jpti1YcRMCYWHOflqrA,OK,72674,471570221303013
821.1,35.0068452,-90.00681259999999,ChIJz3G0Jpti1YcRMCYWHOflqrA,OK,72674,471570221303013
1194.865,34.993343,-90.00823899999999,ChIJk-nxFn1i1YcRBckohHLWoho,OK,83345,471570221303013
1306.905,35.0068452,-90.00681259999999,ChIJz3G0Jpti1YcRMCYWHOflqrA,OK,85327,471570221303007
1306.905,35.0068452,-90.00681259999999,ChIJz3G0Jpti1YcRMCYWHOflqrA,OK,85327,471570221303007
1391.316,34.993343,-90.00823899999999,ChIJk-nxFn1i1YcRBckohHLWoho,OK,90391,471570221303007
1414.229,35.0068452,-90.00681259999999,ChIJz3G0Jpti1YcRMCYWHOflqrA,OK,104991,471570221305010
1414.229,35.0068452,-90.00681259999999,ChIJz3G0Jpti1YcRMCYWHOflqrA,OK,104991,471570221305010
1498.64,34.993343,-90.00823899999999,ChIJk-nxFn1i1YcRBckohHLWoho,OK,110055,471570221305010
798.112,34.993343,-90.00823899999999,ChIJk-nxFn1i1YcRBckohHLWoho,OK,60953,471570221305001
798.112,34.993343,-90.00823899999999,ChIJk-nxFn1i1YcRBckohHLWoho,OK,60953,471570221305001
960.244,35.0068452,-90.00681259999999,ChIJz3G0Jpti1YcRMCYWHOflqrA,OK,65989,471570221305001
702.043,35.0068452,-90.00681259999999,ChIJz3G0Jpti1YcRMCYWHOflqrA,OK,58388,471570221303011
702.043,35.0068452,-90.00681259999999,ChIJz3G0Jpti1YcRMCYWHOflqrA,OK,58388,471570221303011
1074.941,34.993343,-90.00823899999999,ChIJk-nxFn1i1YcRBckohHLWoho,OK,74688,471570221303011
1331.796,35.183951,-89.93106899999999,ChIJWQ0EIo-Bf4gR6cuqlCcQuNw,OK,96158,471570089001004
1331.796,35.183951,-89.93106899999999,ChIJWQ0EIo-Bf4gR6cuqlCcQuNw,OK,96158,471570089001004
1332.035,35.1839382,-89.93104869999999,ChIJrQx5Io-Bf4gRSwDAaGIf4WE,OK,96201,471570089001004
2008.818,35.2158947,-89.9151158,ChIJxetq6ad4f4gRD1K1cIBWUQ4,OK,135893,471570205322020
2008.818,35.2158947,-89.9151158,ChIJxetq6ad4f4gRD1K1cIBWUQ4,OK,135893,471570205322020
2221.648,35.2337782,-89.9252472,ChIJra3pLkt_f4gRjZbqnHrruIM,OK,143005,471570205322020
1188.838,35.2158947,-89.9151158,ChIJxetq6ad4f4gRD1K1cIBWUQ4,OK,83636,471570205322021
1188.838,35.2158947,-89.9151158,ChIJxetq6ad4f4gRD1K1cIBWUQ4,OK,83636,471570205322021
1380.753,35.223866,-89.90499,ChIJJRXCRJh4f4gRcTFbl9qZzNM,OK,107252,471570205322021
1136.713,35.2158947,-89.9151158,ChIJxetq6ad4f4gRD1K1cIBWUQ4,OK,118405,471570205413019
1136.713,35.2158947,-89.9151158,ChIJxetq6ad4f4gRD1K1cIBWUQ4,OK,118405,471570205413019
1133.866,35.210167,-89.919383,ChIJi0gqlgaCf4gRjUvfmHxGMyw,OK,123985,471570205413019
1122.302,35.1490317,-90.0140679,ChIJw3q9_xV-1YcRqrte6yBn1CI,OK,67036,471570017003010
1122.302,35.1490317,-90.0140679,ChIJw3q9_xV-1YcRqrte6yBn1CI,OK,67036,471570017003010
1844.54,35.1444038,-90.0168571,ChIJufYEjhR-1YcREff46W6Lons,OK,114389,471570017003010
727.403,35.2023757,-89.9218691,ChIJvw7rwByCf4gRrAscHKjp1Iw,OK,71159,471570205412036
727.403,35.2023757,-89.9218691,ChIJvw7rwByCf4gRrAscHKjp1Iw,OK,71159,471570205412036
893.484,35.210167,-89.919383,ChIJi0gqlgaCf4gRjUvfmHxGMyw,OK,99610,471570205412036
1828.888,35.2023757,-89.9218691,ChIJvw7rwByCf4gRrAscHKjp1Iw,OK,144226,471570205422012
1828.888,35.2023757,-89.9218691,ChIJvw7rwByCf4gRrAscHKjp1Iw,OK,144226,471570205422012
1994.968,35.210167,-89.919383,ChIJi0gqlgaCf4gRjUvfmHxGMyw,OK,172677,471570205422012
3424.745,35.1546312,-89.79260459999999,ChIJ8UeuSEecf4gRniit7ubZLtM,OK,221621,471570211351031
3424.745,35.1546312,-89.79260459999999,ChIJ8UeuSEecf4gRniit7ubZLtM,OK,221621,471570211351031
3804.633,35.14868459999999,-89.7948203,ChIJ4w9Lr2qcf4gRHdzl9FciAFM,OK,241121,471570211351031
1425.188,35.1161637,-89.9446263,ChIJ-ZiED8iGf4gR32IlfgDBKWY,OK,109162,471570072002000
1425.188,35.1161637,-89.9446263,ChIJ-ZiED8iGf4gR32IlfgDBKWY,OK,109162,471570072002000
2721.699,35.108097,-89.941227,ChIJwxJT-r6Gf4gRhLDuFpyb128,OK,183128,471570072002000
1498.372,35.1942326,-89.8965709,ChIJD7pM72eCf4gRg19OPcAuyDw,OK,124961,471570205423000
1498.372,35.1942326,-89.8965709,ChIJD7pM72eCf4gRg19OPcAuyDw,OK,124961,471570205423000
1682.885,35.192778,-89.895242,ChIJ2ehTh2eCf4gR95JHzr6OIMA,OK,136031,471570205423000
1196.922,35.167095,-89.950496,ChIJecYfJgmBf4gRJh-YY67U6V8,OK,88089,471570011001010
1196.922,35.167095,-89.950496,ChIJecYfJgmBf4gRJh-YY67U6V8,OK,88089,471570011001010
2453.241,35.183951,-89.93106899999999,ChIJWQ0EIo-Bf4gR6cuqlCcQuNw,OK,171924,471570011001010
1748.399,35.167095,-89.950496,ChIJecYfJgmBf4gRJh-YY67U6V8,OK,114865,471570011003006
1748.399,35.167095,-89.950496,ChIJecYfJgmBf4gRJh-YY67U6V8,OK,114865,471570011003006
2284.951,35.14981359999999,-89.94918609999999,ChIJVdGBGRaBf4gRsi89Rzqn8W4,OK,148839,471570011003006
1536.483,35.0543926,-90.0597009,ChIJT5TzUbl81YcRiPqNjkbj9CA,OK,115976,471570223212010
1536.483,35.0543926,-90.0597009,ChIJT5TzUbl81YcRiPqNjkbj9CA,OK,115976,471570223212010
2117.839,35.06128,-90.05978399999999,ChIJm06f8ZV81YcRTjzAsJPcBKY,OK,148173,471570223212010
2280.301,35.06128,-90.05978399999999,ChIJm06f8ZV81YcRTjzAsJPcBKY,OK,149194,471570225001102
2280.301,35.06128,-90.05978399999999,ChIJm06f8ZV81YcRTjzAsJPcBKY,OK,149194,471570225001102
2280.122,35.061362,-90.05986399999999,ChIJL_Gh8ZV81YcRDlMHRKqR_IA,OK,152060,471570225001102
2356.251,35.0543926,-90.0597009,ChIJT5TzUbl81YcRiPqNjkbj9CA,OK,151039,471570225001100
2356.251,35.0543926,-90.0597009,ChIJT5TzUbl81YcRiPqNjkbj9CA,OK,151039,471570225001100
2680.749,35.06128,-90.05978399999999,ChIJm06f8ZV81YcRTjzAsJPcBKY,OK,181434,471570225001100
1364.962,35.12545849999999,-89.97454169999999,ChIJoyT3HjOHf4gRS6EdHckmff8,OK,120700,471570071002010
1364.962,35.12545849999999,-89.97454169999999,ChIJoyT3HjOHf4gRS6EdHckmff8,OK,120700,471570071002010
2706.303,35.107529,-89.9862127,ChIJ0WGfSUKHf4gRjDLrfGQwCV4,OK,179645,471570071002010
2501.484,35.1546312,-89.79260459999999,ChIJ8UeuSEecf4gRniit7ubZLtM,OK,189082,471570211374019
2501.484,35.1546312,-89.79260459999999,ChIJ8UeuSEecf4gRniit7ubZLtM,OK,189082,471570211374019
2284.545,35.14868459999999,-89.7948203,ChIJ4w9Lr2qcf4gRHdzl9FciAFM,OK,196133,471570211374019
3234.487,35.0225458,-90.0257415,ChIJnc94gMRi1YcRKYztFRuX2Yw,OK,195625,471570227005000
3583.194,35.0326981,-90.07589809999999,ChIJ9S1ljalk1YcRvuG-_hbpimA,OK,215603,471570227005000
3583.194,35.0326981,-90.07589809999999,ChIJ9S1ljalk1YcRvuG-_hbpimA,OK,215603,471570227005000
3175.108,35.0225458,-90.0257415,ChIJnc94gMRi1YcRKYztFRuX2Yw,OK,211072,471570223223006
3175.108,35.0225458,-90.0257415,ChIJnc94gMRi1YcRKYztFRuX2Yw,OK,211072,471570223223006
3958.245,35.0326981,-90.07589809999999,ChIJ9S1ljalk1YcRvuG-_hbpimA,OK,257114,471570223223006
901.725,35.1161637,-89.9446263,ChIJ-ZiED8iGf4gR32IlfgDBKWY,OK,89946,471570072001001
901.725,35.1161637,-89.9446263,ChIJ-ZiED8iGf4gR32IlfgDBKWY,OK,89946,471570072001001
2198.236,35.108097,-89.941227,ChIJwxJT-r6Gf4gRhLDuFpyb128,OK,163912,471570072001001
2063.844,35.1497164,-89.95515999999999,ChIJcQb6ehiBf4gR-uA54eRPNq8,OK,143666,471570029002005
2063.844,35.1497164,-89.95515999999999,ChIJcQb6ehiBf4gR-uA54eRPNq8,OK,143666,471570029002005
2371.022,35.14981359999999,-89.94918609999999,ChIJVdGBGRaBf4gRsi89Rzqn8W4,OK,151888,471570029002005
1571.614,35.14981359999999,-89.94918609999999,ChIJVdGBGRaBf4gRsi89Rzqn8W4,OK,124232,471570029002013
1571.614,35.14981359999999,-89.94918609999999,ChIJVdGBGRaBf4gRsi89Rzqn8W4,OK,124232,471570029002013
2122.816,35.1497164,-89.95515999999999,ChIJcQb6ehiBf4gR-uA54eRPNq8,OK,159532,471570029002013
1994.079,35.14981359999999,-89.94918609999999,ChIJVdGBGRaBf4gRsi89Rzqn8W4,OK,144197,471570029003007
1994.079,35.14981359999999,-89.94918609999999,ChIJVdGBGRaBf4gRsi89Rzqn8W4,OK,144197,471570029003007
2545.282,35.1497164,-89.95515999999999,ChIJcQb6ehiBf4gR-uA54eRPNq8,OK,179497,471570029003007
2312.987,35.14981359999999,-89.94918609999999,ChIJVdGBGRaBf4gRsi89Rzqn8W4,OK,161436,471570029003009
2312.987,35.14981359999999,-89.94918609999999,ChIJVdGBGRaBf4gRsi89Rzqn8W4,OK,161436,471570029003009
2864.19,35.1497164,-89.95515999999999,ChIJcQb6ehiBf4gR-uA54eRPNq8,OK,196736,471570029003009
2106.799,35.0854368,-89.89541919999999,ChIJf5cc-VKEf4gRF-lYLgijYQQ,OK,130230,471570095003028
2106.799,35.0854368,-89.89541919999999,ChIJf5cc-VKEf4gRF-lYLgijYQQ,OK,130230,471570095003028
4469.816,35.1153996,-89.89414069999999,ChIJCb4NOWWEf4gR79YlPQoocW4,OK,281366,471570095003028
2854.93,35.1145886,-89.90089789999999,ChIJKWmlFW6Ef4gR0YNISWQMkss,OK,173633,471570096004027
2824.964,35.1153996,-89.89414069999999,ChIJCb4NOWWEf4gR79YlPQoocW4,OK,179006,471570096004027
2824.964,35.1153996,-89.89414069999999,ChIJCb4NOWWEf4gR79YlPQoocW4,OK,179006,471570096004027
3129.354,35.0854368,-89.89541919999999,ChIJf5cc-VKEf4gRF-lYLgijYQQ,OK,246569,471570095003010
3129.354,35.0854368,-89.89541919999999,ChIJf5cc-VKEf4gRF-lYLgijYQQ,OK,246569,471570095003010
3666.791,35.1145886,-89.90089789999999,ChIJKWmlFW6Ef4gR0YNISWQMkss,OK,253866,471570095003010
7240.019,35.1153996,-89.89414069999999,ChIJCb4NOWWEf4gR79YlPQoocW4,OK,411755,471570096004031
7240.019,35.1153996,-89.89414069999999,ChIJCb4NOWWEf4gR79YlPQoocW4,OK,411755,471570096004031
7818.795,35.1145886,-89.90089789999999,ChIJKWmlFW6Ef4gR0YNISWQMkss,OK,439308,471570096004031
4032.996,35.0854368,-89.89541919999999,ChIJf5cc-VKEf4gRF-lYLgijYQQ,OK,197823,471570096004034
4032.996,35.0854368,-89.89541919999999,ChIJf5cc-VKEf4gRF-lYLgijYQQ,OK,197823,471570096004034
7505.196,35.1145886,-89.90089789999999,ChIJKWmlFW6Ef4gR0YNISWQMkss,OK,408332,471570096004034
7263.006,35.1153996,-89.89414069999999,ChIJCb4NOWWEf4gR79YlPQoocW4,OK,409484,471570096004032
7263.006,35.1153996,-89.89414069999999,ChIJCb4NOWWEf4gR79YlPQoocW4,OK,409484,471570096004032
7841.782,35.1145886,-89.90089789999999,ChIJKWmlFW6Ef4gR0YNISWQMkss,OK,437037,471570096004032
3092.235,35.0854368,-89.89541919999999,ChIJf5cc-VKEf4gRF-lYLgijYQQ,OK,194036,471570213203027
3092.235,35.0854368,-89.89541919999999,ChIJf5cc-VKEf4gRF-lYLgijYQQ,OK,194036,471570213203027
5329.45,35.0614623,-89.8536277,ChIJ4TWJkTWFf4gRbkNZYfkF9Jw,OK,330293,471570213203027
3329.607,35.0854368,-89.89541919999999,ChIJf5cc-VKEf4gRF-lYLgijYQQ,OK,166274,471570213203026
3329.607,35.0854368,-89.89541919999999,ChIJf5cc-VKEf4gRF-lYLgijYQQ,OK,166274,471570213203026
5403.88,35.0632829,-89.88727279999999,ChIJvVoQ4QqFf4gRItXZGUDZ-Hc,OK,307309,471570213203026
4028.976,35.1145886,-89.90089789999999,ChIJKWmlFW6Ef4gR0YNISWQMkss,OK,244073,471570213203001
3999.01,35.1153996,-89.89414069999999,ChIJCb4NOWWEf4gR79YlPQoocW4,OK,249446,471570213203001
3999.01,35.1153996,-89.89414069999999,ChIJCb4NOWWEf4gR79YlPQoocW4,OK,249446,471570213203001
3994.197,35.0854368,-89.89541919999999,ChIJf5cc-VKEf4gRF-lYLgijYQQ,OK,200453,471570213204010
3994.197,35.0854368,-89.89541919999999,ChIJf5cc-VKEf4gRF-lYLgijYQQ,OK,200453,471570213204010
7466.396,35.1145886,-89.90089789999999,ChIJKWmlFW6Ef4gR0YNISWQMkss,OK,410962,471570213204010
3021.476,35.0854368,-89.89541919999999,ChIJf5cc-VKEf4gRF-lYLgijYQQ,OK,199467,471570213313005
3021.476,35.0854368,-89.89541919999999,ChIJf5cc-VKEf4gRF-lYLgijYQQ,OK,199467,471570213313005
6278.578,35.0612606,-89.88628629999999,ChIJAQ_I1gqFf4gRFrt5yQeAEps,OK,390316,471570213313005
3671.755,35.0854368,-89.89541919999999,ChIJf5cc-VKEf4gRF-lYLgijYQQ,OK,277497,471570213313008
3671.755,35.0854368,-89.89541919999999,ChIJf5cc-VKEf4gRF-lYLgijYQQ,OK,277497,471570213313008
6544.103,35.0612606,-89.88628629999999,ChIJAQ_I1gqFf4gRFrt5yQeAEps,OK,467594,471570213313008
4662.45,35.1738374,-89.98954379999999,ChIJ_S0BIGOAf4gRU3Ph4W65cOQ,OK,339599,471570003001007
5205.703,35.1490317,-90.0140679,ChIJw3q9_xV-1YcRqrte6yBn1CI,OK,353996,471570003001007
5205.703,35.1490317,-90.0140679,ChIJw3q9_xV-1YcRqrte6yBn1CI,OK,353996,471570003001007
5058.823,35.1439641,-90.0517892,ChIJL-0zBZR-1YcRj7p5p1WY4-g,OK,277040,471570003001016
5053.798,35.1490317,-90.0140679,ChIJw3q9_xV-1YcRqrte6yBn1CI,OK,285014,471570003001016
5053.798,35.1490317,-90.0140679,ChIJw3q9_xV-1YcRqrte6yBn1CI,OK,285014,471570003001016
4478.399,35.1490317,-90.0140679,ChIJw3q9_xV-1YcRqrte6yBn1CI,OK,280107,471570003002000
4478.399,35.1490317,-90.0140679,ChIJw3q9_xV-1YcRqrte6yBn1CI,OK,280107,471570003002000
4949.345,35.1439641,-90.0517892,ChIJL-0zBZR-1YcRj7p5p1WY4-g,OK,289527,471570003002000
4224.753,35.21475480000001,-90.00354540000001,ChIJF6XvX_9_1YcRD4jlF4jzevw,OK,226110,471570004001007
4224.753,35.21475480000001,-90.00354540000001,ChIJF6XvX_9_1YcRD4jlF4jzevw,OK,226110,471570004001007
5585.362,35.1738374,-89.98954379999999,ChIJ_S0BIGOAf4gRU3Ph4W65cOQ,OK,308515,471570004001007
3406.761,35.1738374,-89.98954379999999,ChIJ_S0BIGOAf4gRU3Ph4W65cOQ,OK,201272,471570004001010
3406.761,35.1738374,-89.98954379999999,ChIJ_S0BIGOAf4gRU3Ph4W65cOQ,OK,201272,471570004001010
3893.807,35.1490317,-90.0140679,ChIJw3q9_xV-1YcRqrte6yBn1CI,OK,202126,471570004001010
4911.226,35.1439641,-90.0517892,ChIJL-0zBZR-1YcRj7p5p1WY4-g,OK,286329,471570003002001
5104.043,35.1490317,-90.0140679,ChIJw3q9_xV-1YcRqrte6yBn1CI,OK,295813,471570003002001
5104.043,35.1490317,-90.0140679,ChIJw3q9_xV-1YcRqrte6yBn1CI,OK,295813,471570003002001
5057.795,35.1490317,-90.0140679,ChIJw3q9_xV-1YcRqrte6yBn1CI,OK,289734,471570003001017
5057.795,35.1490317,-90.0140679,ChIJw3q9_xV-1YcRqrte6yBn1CI,OK,289734,471570003001017
5204.175,35.1439641,-90.0517892,ChIJL-0zBZR-1YcRj7p5p1WY4-g,OK,290241,471570003001017
1192.284,35.054745,-90.007971,ChIJXxyyQlt91YcRhldtWgjSnSE,OK,84141,471570220232015
1192.284,35.054745,-90.007971,ChIJXxyyQlt91YcRhldtWgjSnSE,OK,84141,471570220232015
1757.636,35.05407199999999,-90.00125899999999,ChIJIzdhk1h91YcRZT7cBcBslaM,OK,107574,471570220232015
3922.52,35.1738374,-89.98954379999999,ChIJ_S0BIGOAf4gRU3Ph4W65cOQ,OK,235336,471570003001019
4465.773,35.1490317,-90.0140679,ChIJw3q9_xV-1YcRqrte6yBn1CI,OK,249733,471570003001019
4465.773,35.1490317,-90.0140679,ChIJw3q9_xV-1YcRqrte6yBn1CI,OK,249733,471570003001019
3567.88,35.1738374,-89.98954379999999,ChIJ_S0BIGOAf4gRU3Ph4W65cOQ,OK,214059,471570004002020
4111.133,35.1490317,-90.0140679,ChIJw3q9_xV-1YcRqrte6yBn1CI,OK,228456,471570004002020
4111.133,35.1490317,-90.0140679,ChIJw3q9_xV-1YcRqrte6yBn1CI,OK,228456,471570004002020
3844.541,35.1738374,-89.98954379999999,ChIJ_S0BIGOAf4gRU3Ph4W65cOQ,OK,247265,471570004002005
4387.794,35.1490317,-90.0140679,ChIJw3q9_xV-1YcRqrte6yBn1CI,OK,261662,471570004002005
4387.794,35.1490317,-90.0140679,ChIJw3q9_xV-1YcRqrte6yBn1CI,OK,261662,471570004002005
4417.874,35.1738374,-89.98954379999999,ChIJ_S0BIGOAf4gRU3Ph4W65cOQ,OK,310250,471570003001009
4417.874,35.1738374,-89.98954379999999,ChIJ_S0BIGOAf4gRU3Ph4W65cOQ,OK,310250,471570003001009
4961.127,35.1490317,-90.0140679,ChIJw3q9_xV-1YcRqrte6yBn1CI,OK,324647,471570003001009
1813.288,35.1503395,-89.89321,ChIJRaSiF6KDf4gRNIqqt1VnH58,OK,136210,471570092002009
1813.288,35.1503395,-89.89321,ChIJRaSiF6KDf4gRNIqqt1VnH58,OK,136210,471570092002009
1879.929,35.148225,-89.89748700000001,ChIJC8t095eDf4gRGuXK3FleZyg,OK,162086,471570092002009
1466.594,35.0854368,-89.89541919999999,ChIJf5cc-VKEf4gRF-lYLgijYQQ,OK,97576,471570093003018
1466.594,35.0854368,-89.89541919999999,ChIJf5cc-VKEf4gRF-lYLgijYQQ,OK,97576,471570093003018
3185.764,35.0745932,-89.9204618,ChIJPX58KNGFf4gRLgBWAHPwusk,OK,194469,471570093003018
2049.357,35.1503395,-89.89321,ChIJRaSiF6KDf4gRNIqqt1VnH58,OK,171496,471570092003032
2049.357,35.1503395,-89.89321,ChIJRaSiF6KDf4gRNIqqt1VnH58,OK,171496,471570092003032
2059.201,35.156962,-89.88851749999999,ChIJaVmJmQmDf4gR3ZGZP7kcoeo,OK,180971,471570092003032
3544.567,35.1503395,-89.89321,ChIJRaSiF6KDf4gRNIqqt1VnH58,OK,252028,471570092005018
3544.567,35.1503395,-89.89321,ChIJRaSiF6KDf4gRNIqqt1VnH58,OK,252028,471570092005018
3554.411,35.156962,-89.88851749999999,ChIJaVmJmQmDf4gR3ZGZP7kcoeo,OK,261503,471570092005018
4347.21,35.1153996,-89.89414069999999,ChIJCb4NOWWEf4gR79YlPQoocW4,OK,278051,471570092005007
4347.21,35.1153996,-89.89414069999999,ChIJCb4NOWWEf4gR79YlPQoocW4,OK,278051,471570092005007
4971.278,35.1503395,-89.89321,ChIJRaSiF6KDf4gRNIqqt1VnH58,OK,299798,471570092005007
2150.575,35.0971,-89.9305344,ChIJRd53mZuGf4gRp0fETcD5Y3I,OK,144677,471570093002012
2150.575,35.0971,-89.9305344,ChIJRd53mZuGf4gRp0fETcD5Y3I,OK,144677,471570093002012
2344.506,35.0960067,-89.93138279999999,ChIJFfDYDZuGf4gR5IbqhV7MTAo,OK,158646,471570093002012
2626.012,35.1145886,-89.90089789999999,ChIJKWmlFW6Ef4gR0YNISWQMkss,OK,167043,471570093002007
2626.012,35.1145886,-89.90089789999999,ChIJKWmlFW6Ef4gR0YNISWQMkss,OK,167043,471570093002007
3029.902,35.0854368,-89.89541919999999,ChIJf5cc-VKEf4gRF-lYLgijYQQ,OK,186586,471570093002007
1680.907,35.0854368,-89.89541919999999,ChIJf5cc-VKEf4gRF-lYLgijYQQ,OK,131448,471570094002005
1680.907,35.0854368,-89.89541919999999,ChIJf5cc-VKEf4gRF-lYLgijYQQ,OK,131448,471570094002005
2948.181,35.1145886,-89.90089789999999,ChIJKWmlFW6Ef4gR0YNISWQMkss,OK,209671,471570094002005
1338.72,35.0854368,-89.89541919999999,ChIJf5cc-VKEf4gRF-lYLgijYQQ,OK,90386,471570094002004
1338.72,35.0854368,-89.89541919999999,ChIJf5cc-VKEf4gRF-lYLgijYQQ,OK,90386,471570094002004
2605.993,35.1145886,-89.90089789999999,ChIJKWmlFW6Ef4gR0YNISWQMkss,OK,168609,471570094002004
692.397,35.0854368,-89.89541919999999,ChIJf5cc-VKEf4gRF-lYLgijYQQ,OK,41695,471570095004016
692.397,35.0854368,-89.89541919999999,ChIJf5cc-VKEf4gRF-lYLgijYQQ,OK,41695,471570095004016
3949.498,35.0612606,-89.88628629999999,ChIJAQ_I1gqFf4gRFrt5yQeAEps,OK,232544,471570095004016
1566.791,35.0854368,-89.89541919999999,ChIJf5cc-VKEf4gRF-lYLgijYQQ,OK,113575,471570095004026
1566.791,35.0854368,-89.89541919999999,ChIJf5cc-VKEf4gRF-lYLgijYQQ,OK,113575,471570095004026
4823.893,35.0612606,-89.88628629999999,ChIJAQ_I1gqFf4gRFrt5yQeAEps,OK,304424,471570095004026
2535.598,35.1145886,-89.90089789999999,ChIJKWmlFW6Ef4gR0YNISWQMkss,OK,173458,471570095002008
2535.598,35.1145886,-89.90089789999999,ChIJKWmlFW6Ef4gR0YNISWQMkss,OK,173458,471570095002008
2505.632,35.1153996,-89.89414069999999,ChIJCb4NOWWEf4gR79YlPQoocW4,OK,178831,471570095002008
4498.671,35.1439641,-90.0517892,ChIJL-0zBZR-1YcRj7p5p1WY4-g,OK,325257,471570001002009
4498.671,35.1439641,-90.0517892,ChIJL-0zBZR-1YcRj7p5p1WY4-g,OK,325257,471570001002009
4707.587,35.1450994,-90.0538646,ChIJne6_s5V-1YcRn_LPaqiwhrk,OK,330711,471570001002009
3998.2,35.1439641,-90.0517892,ChIJL-0zBZR-1YcRj7p5p1WY4-g,OK,281421,471570001002026
3998.2,35.1439641,-90.0517892,ChIJL-0zBZR-1YcRj7p5p1WY4-g,OK,281421,471570001002026
4207.116,35.1450994,-90.0538646,ChIJne6_s5V-1YcRn_LPaqiwhrk,OK,286875,471570001002026
4430.138,35.1439641,-90.0517892,ChIJL-0zBZR-1YcRj7p5p1WY4-g,OK,312518,471570001002034
4430.138,35.1439641,-90.0517892,ChIJL-0zBZR-1YcRj7p5p1WY4-g,OK,312518,471570001002034
4639.054,35.1450994,-90.0538646,ChIJne6_s5V-1YcRn_LPaqiwhrk,OK,317972,471570001002034
927.945,35.164068,-89.8770782,ChIJpUMbExuDf4gRyW4QpPURe54,OK,51392,471570211113043
927.945,35.164068,-89.8770782,ChIJpUMbExuDf4gRyW4QpPURe54,OK,51392,471570211113043
1974.238,35.1623785,-89.8566175,ChIJXQHWWS6Df4gRqhH5EQ9H1j0,OK,115703,471570211113043
2425.209,35.1546312,-89.79260459999999,ChIJ8UeuSEecf4gRniit7ubZLtM,OK,149646,471570211261024
2425.209,35.1546312,-89.79260459999999,ChIJ8UeuSEecf4gRniit7ubZLtM,OK,149646,471570211261024
2805.097,35.14868459999999,-89.7948203,ChIJ4w9Lr2qcf4gRHdzl9FciAFM,OK,169146,471570211261024
2106.265,35.1546312,-89.79260459999999,ChIJ8UeuSEecf4gRniit7ubZLtM,OK,116086,471570211261022
2106.265,35.1546312,-89.79260459999999,ChIJ8UeuSEecf4gRniit7ubZLtM,OK,116086,471570211261022
2486.153,35.14868459999999,-89.7948203,ChIJ4w9Lr2qcf4gRHdzl9FciAFM,OK,135586,471570211261022
4716.511,35.1581502,-89.72609419999999,ChIJL6yctRGff4gRqpalt07WxQs,OK,302159,471570211362005
4716.511,35.1581502,-89.72609419999999,ChIJL6yctRGff4gRqpalt07WxQs,OK,302159,471570211362005
5462.852,35.1546312,-89.79260459999999,ChIJ8UeuSEecf4gRniit7ubZLtM,OK,339867,471570211362005
4427.418,35.16339899999999,-89.855841,ChIJA_xfkC6Df4gRAjVZwLz1jqA,OK,201016,471570211113000
4427.418,35.16339899999999,-89.855841,ChIJA_xfkC6Df4gRAjVZwLz1jqA,OK,201016,471570211113000
4500.801,35.1623785,-89.8566175,ChIJXQHWWS6Df4gRqhH5EQ9H1j0,OK,209875,471570211113000
2236.778,35.16339899999999,-89.855841,ChIJA_xfkC6Df4gRAjVZwLz1jqA,OK,152831,471570211113005
2236.778,35.16339899999999,-89.855841,ChIJA_xfkC6Df4gRAjVZwLz1jqA,OK,152831,471570211113005
2310.161,35.1623785,-89.8566175,ChIJXQHWWS6Df4gRqhH5EQ9H1j0,OK,161690,471570211113005
765.276,35.167095,-89.950496,ChIJecYfJgmBf4gRJh-YY67U6V8,OK,43321,471570111001037
765.276,35.167095,-89.950496,ChIJecYfJgmBf4gRJh-YY67U6V8,OK,43321,471570111001037
2490.807,35.183951,-89.93106899999999,ChIJWQ0EIo-Bf4gR6cuqlCcQuNw,OK,161901,471570111001037
4115.67,35.1439641,-90.0517892,ChIJL-0zBZR-1YcRj7p5p1WY4-g,OK,297342,471570001002046
4115.67,35.1439641,-90.0517892,ChIJL-0zBZR-1YcRj7p5p1WY4-g,OK,297342,471570001002046
4324.586,35.1450994,-90.0538646,ChIJne6_s5V-1YcRn_LPaqiwhrk,OK,302796,471570001002046
4165.179,35.1439641,-90.0517892,ChIJL-0zBZR-1YcRj7p5p1WY4-g,OK,299304,471570001002018
4165.179,35.1439641,-90.0517892,ChIJL-0zBZR-1YcRj7p5p1WY4-g,OK,299304,471570001002018
4374.095,35.1450994,-90.0538646,ChIJne6_s5V-1YcRn_LPaqiwhrk,OK,304758,471570001002018
1647.646,35.148225,-89.89748700000001,ChIJC8t095eDf4gRGuXK3FleZyg,OK,134213,471570092001007
1647.646,35.148225,-89.89748700000001,ChIJC8t095eDf4gRGuXK3FleZyg,OK,134213,471570092001007
1728.191,35.1489345,-89.89838259999999,ChIJaTBvX72Df4gRiyFT0LQMnrQ,OK,139045,471570092001007
1658.361,35.1153996,-89.89414069999999,ChIJCb4NOWWEf4gR79YlPQoocW4,OK,121118,471570096003006
1658.361,35.1153996,-89.89414069999999,ChIJCb4NOWWEf4gR79YlPQoocW4,OK,121118,471570096003006
2237.137,35.1145886,-89.90089789999999,ChIJKWmlFW6Ef4gR0YNISWQMkss,OK,148671,471570096003006
2180.7,35.148225,-89.89748700000001,ChIJC8t095eDf4gRGuXK3FleZyg,OK,149049,471570092001013
2180.7,35.148225,-89.89748700000001,ChIJC8t095eDf4gRGuXK3FleZyg,OK,149049,471570092001013
2261.245,35.1489345,-89.89838259999999,ChIJaTBvX72Df4gRiyFT0LQMnrQ,OK,153881,471570092001013
2207.609,35.148225,-89.89748700000001,ChIJC8t095eDf4gRGuXK3FleZyg,OK,152278,471570092004023
2207.609,35.148225,-89.89748700000001,ChIJC8t095eDf4gRGuXK3FleZyg,OK,152278,471570092004023
2288.155,35.1489345,-89.89838259999999,ChIJaTBvX72Df4gRiyFT0LQMnrQ,OK,157110,471570092004023
1792.389,35.1153996,-89.89414069999999,ChIJCb4NOWWEf4gR79YlPQoocW4,OK,153985,471570096002017
1792.389,35.1153996,-89.89414069999999,ChIJCb4NOWWEf4gR79YlPQoocW4,OK,153985,471570096002017
2371.165,35.1145886,-89.90089789999999,ChIJKWmlFW6Ef4gR0YNISWQMkss,OK,181538,471570096002017
572.982,35.16339899999999,-89.855841,ChIJA_xfkC6Df4gRAjVZwLz1jqA,OK,54502,471570211222004
572.982,35.16339899999999,-89.855841,ChIJA_xfkC6Df4gRAjVZwLz1jqA,OK,54502,471570211222004
646.365,35.1623785,-89.8566175,ChIJXQHWWS6Df4gRqhH5EQ9H1j0,OK,63361,471570211222004
1612.574,35.02753099999999,-90.082077,ChIJK66rdetk1YcRwwxI9gDREks,OK,101718,471570223301015
1612.574,35.02753099999999,-90.082077,ChIJK66rdetk1YcRwwxI9gDREks,OK,101718,471570223301015
2413.646,35.0326981,-90.07589809999999,ChIJ9S1ljalk1YcRvuG-_hbpimA,OK,146084,471570223301015
2667.615,35.02753099999999,-90.082077,ChIJK66rdetk1YcRwwxI9gDREks,OK,195148,471570223303010
2667.615,35.02753099999999,-90.082077,ChIJK66rdetk1YcRwwxI9gDREks,OK,195148,471570223303010
3468.686,35.0326981,-90.07589809999999,ChIJ9S1ljalk1YcRvuG-_hbpimA,OK,239514,471570223303010
1593.059,35.0326981,-90.07589809999999,ChIJ9S1ljalk1YcRvuG-_hbpimA,OK,105396,471570223302020
1593.059,35.0326981,-90.07589809999999,ChIJ9S1ljalk1YcRvuG-_hbpimA,OK,105396,471570223302020
1767.954,35.02753099999999,-90.082077,ChIJK66rdetk1YcRwwxI9gDREks,OK,147565,471570223302020
685.06,35.02753099999999,-90.082077,ChIJK66rdetk1YcRwwxI9gDREks,OK,73983,471570223303003
685.06,35.02753099999999,-90.082077,ChIJK66rdetk1YcRwwxI9gDREks,OK,73983,471570223303003
1096.679,35.0326981,-90.07589809999999,ChIJ9S1ljalk1YcRvuG-_hbpimA,OK,117781,471570223303003
2288.775,35.0543926,-90.0597009,ChIJT5TzUbl81YcRiPqNjkbj9CA,OK,160609,471570222204004
2870.13,35.06128,-90.05978399999999,ChIJm06f8ZV81YcRTjzAsJPcBKY,OK,192806,471570222204004
2870.13,35.06128,-90.05978399999999,ChIJm06f8ZV81YcRTjzAsJPcBKY,OK,192806,471570222204004
1680.141,35.0543926,-90.0597009,ChIJT5TzUbl81YcRiPqNjkbj9CA,OK,125235,471570223102012
1680.141,35.0543926,-90.0597009,ChIJT5TzUbl81YcRiPqNjkbj9CA,OK,125235,471570223102012
2261.496,35.06128,-90.05978399999999,ChIJm06f8ZV81YcRTjzAsJPcBKY,OK,157432,471570223102012
3683.906,35.0614623,-89.8536277,ChIJ4TWJkTWFf4gRbkNZYfkF9Jw,OK,261426,471570213311020
3683.906,35.0614623,-89.8536277,ChIJ4TWJkTWFf4gRbkNZYfkF9Jw,OK,261426,471570213311020
4712.464,35.0493493,-89.855357,ChIJH2Nw4lGFf4gRq0vxk4n5iAE,OK,316426,471570213311020
2280.988,35.054745,-90.007971,ChIJXxyyQlt91YcRhldtWgjSnSE,OK,146813,471570225001057
2280.988,35.054745,-90.007971,ChIJXxyyQlt91YcRhldtWgjSnSE,OK,146813,471570225001057
2712.836,35.05407199999999,-90.00125899999999,ChIJIzdhk1h91YcRZT7cBcBslaM,OK,162852,471570225001057
1141.949,35.06128,-90.05978399999999,ChIJm06f8ZV81YcRTjzAsJPcBKY,OK,78129,471570222201005
1141.949,35.06128,-90.05978399999999,ChIJm06f8ZV81YcRTjzAsJPcBKY,OK,78129,471570222201005
1141.771,35.061362,-90.05986399999999,ChIJL_Gh8ZV81YcRDlMHRKqR_IA,OK,80995,471570222201005
2109.08,35.0614623,-89.8536277,ChIJ4TWJkTWFf4gRbkNZYfkF9Jw,OK,136806,471570217251004
2109.08,35.0614623,-89.8536277,ChIJ4TWJkTWFf4gRbkNZYfkF9Jw,OK,136806,471570217251004
2193.851,35.0512763,-89.8427476,ChIJ7VPJ3q-af4gRdxERIyaZ0gk,OK,142994,471570217251004
8489.086,35.0614623,-89.8536277,ChIJ4TWJkTWFf4gRbkNZYfkF9Jw,OK,469531,471570213311028
8489.086,35.0614623,-89.8536277,ChIJ4TWJkTWFf4gRbkNZYfkF9Jw,OK,469531,471570213311028
9339.391,35.0493493,-89.855357,ChIJH2Nw4lGFf4gRq0vxk4n5iAE,OK,518025,471570213311028
450.032,35.0757114,-89.9271675,ChIJ-d7FIHmGf4gR6Aa1VQWm0ps,OK,27000,471570106101019
450.032,35.0757114,-89.9271675,ChIJ-d7FIHmGf4gR6Aa1VQWm0ps,OK,27000,471570106101019
619.763,35.0745932,-89.9204618,ChIJPX58KNGFf4gRLgBWAHPwusk,OK,38751,471570106101019
2813.821,35.0614623,-89.8536277,ChIJ4TWJkTWFf4gRbkNZYfkF9Jw,OK,170023,471570217101004
2813.821,35.0614623,-89.8536277,ChIJ4TWJkTWFf4gRbkNZYfkF9Jw,OK,170023,471570217101004
2896.974,35.0612606,-89.88628629999999,ChIJAQ_I1gqFf4gRFrt5yQeAEps,OK,186842,471570217101004
2789.93,35.0612606,-89.88628629999999,ChIJAQ_I1gqFf4gRFrt5yQeAEps,OK,187473,471570217101016
2789.93,35.0612606,-89.88628629999999,ChIJAQ_I1gqFf4gRFrt5yQeAEps,OK,187473,471570217101016
3155.99,35.0614623,-89.8536277,ChIJ4TWJkTWFf4gRbkNZYfkF9Jw,OK,197605,471570217101016
1398.299,35.0745932,-89.9204618,ChIJPX58KNGFf4gRLgBWAHPwusk,OK,83896,471570106101038
1737.693,35.062945,-89.90568519999999,ChIJjxj9mL-Ff4gRoOEx9OzDyxs,OK,99291,471570106101038
1737.693,35.062945,-89.90568519999999,ChIJjxj9mL-Ff4gRoOEx9OzDyxs,OK,99291,471570106101038
3916.361,35.05407199999999,-90.00125899999999,ChIJIzdhk1h91YcRZT7cBcBslaM,OK,249506,471570225001071
3916.361,35.05407199999999,-90.00125899999999,ChIJIzdhk1h91YcRZT7cBcBslaM,OK,249506,471570225001071
3672.906,35.0643218,-89.9923063,ChIJb3DQuo2Hf4gRC8UI6d4pa68,OK,271846,471570225001071
3646.618,35.06128,-90.05978399999999,ChIJm06f8ZV81YcRTjzAsJPcBKY,OK,185102,471570225001023
3646.618,35.06128,-90.05978399999999,ChIJm06f8ZV81YcRTjzAsJPcBKY,OK,185102,471570225001023
3731.088,35.093591,-90.056624,ChIJgyVl92d81YcRhuRHHckl8Y4,OK,186226,471570225001023
2765.982,35.0612606,-89.88628629999999,ChIJAQ_I1gqFf4gRFrt5yQeAEps,OK,184599,471570217101008
2765.982,35.0612606,-89.88628629999999,ChIJAQ_I1gqFf4gRFrt5yQeAEps,OK,184599,471570217101008
3132.043,35.0614623,-89.8536277,ChIJ4TWJkTWFf4gRbkNZYfkF9Jw,OK,194731,471570217101008
1636.653,35.1145886,-89.90089789999999,ChIJKWmlFW6Ef4gR0YNISWQMkss,OK,100539,471570094001009
1636.653,35.1145886,-89.90089789999999,ChIJKWmlFW6Ef4gR0YNISWQMkss,OK,100539,471570094001009
1606.687,35.1153996,-89.89414069999999,ChIJCb4NOWWEf4gR79YlPQoocW4,OK,105912,471570094001009
2965.785,35.0854368,-89.89541919999999,ChIJf5cc-VKEf4gRF-lYLgijYQQ,OK,179120,471570093001017
3013.221,35.1145886,-89.90089789999999,ChIJKWmlFW6Ef4gR0YNISWQMkss,OK,182916,471570093001017
3013.221,35.1145886,-89.90089789999999,ChIJKWmlFW6Ef4gR0YNISWQMkss,OK,182916,471570093001017
2002.097,35.1145886,-89.90089789999999,ChIJKWmlFW6Ef4gR0YNISWQMkss,OK,148505,471570094001021
2002.097,35.1145886,-89.90089789999999,ChIJKWmlFW6Ef4gR0YNISWQMkss,OK,148505,471570094001021
1972.131,35.1153996,-89.89414069999999,ChIJCb4NOWWEf4gR79YlPQoocW4,OK,153878,471570094001021
2660.726,35.098685,-90.05664899999999,ChIJ31qwBkJ81YcRk2V5pdmdhrM,OK,170098,471570117001108
2660.726,35.098685,-90.05664899999999,ChIJ31qwBkJ81YcRk2V5pdmdhrM,OK,170098,471570117001108
3049.719,35.095133,-90.05542799999999,ChIJATnUo0J81YcRpbAuNwXeqRw,OK,191642,471570117001108
2319.889,35.0854368,-89.89541919999999,ChIJf5cc-VKEf4gRF-lYLgijYQQ,OK,161197,471570094001022
2106.059,35.1145886,-89.90089789999999,ChIJKWmlFW6Ef4gR0YNISWQMkss,OK,161746,471570094001022
2106.059,35.1145886,-89.90089789999999,ChIJKWmlFW6Ef4gR0YNISWQMkss,OK,161746,471570094001022
1558.258,35.1145886,-89.90089789999999,ChIJKWmlFW6Ef4gR0YNISWQMkss,OK,106679,471570094001019
1558.258,35.1145886,-89.90089789999999,ChIJKWmlFW6Ef4gR0YNISWQMkss,OK,106679,471570094001019
1528.292,35.1153996,-89.89414069999999,ChIJCb4NOWWEf4gR79YlPQoocW4,OK,112052,471570094001019
2610.675,35.0854368,-89.89541919999999,ChIJf5cc-VKEf4gRF-lYLgijYQQ,OK,170483,471570093001018
2610.675,35.0854368,-89.89541919999999,ChIJf5cc-VKEf4gRF-lYLgijYQQ,OK,170483,471570093001018
3113.872,35.1145886,-89.90089789999999,ChIJKWmlFW6Ef4gR0YNISWQMkss,OK,194994,471570093001018
2286.07,35.0854368,-89.89541919999999,ChIJf5cc-VKEf4gRF-lYLgijYQQ,OK,164828,471570093001022
2286.07,35.0854368,-89.89541919999999,ChIJf5cc-VKEf4gRF-lYLgijYQQ,OK,164828,471570093001022
2936.068,35.1145886,-89.90089789999999,ChIJKWmlFW6Ef4gR0YNISWQMkss,OK,201841,471570093001022
1891.644,35.0854368,-89.89541919999999,ChIJf5cc-VKEf4gRF-lYLgijYQQ,OK,133390,471570093001021
1891.644,35.0854368,-89.89541919999999,ChIJf5cc-VKEf4gRF-lYLgijYQQ,OK,133390,471570093001021
3607.222,35.1145886,-89.90089789999999,ChIJKWmlFW6Ef4gR0YNISWQMkss,OK,229391,471570093001021
2041.319,35.0854368,-89.89541919999999,ChIJf5cc-VKEf4gRF-lYLgijYQQ,OK,153223,471570094001033
2041.319,35.0854368,-89.89541919999999,ChIJf5cc-VKEf4gRF-lYLgijYQQ,OK,153223,471570094001033
2609.464,35.1145886,-89.90089789999999,ChIJKWmlFW6Ef4gR0YNISWQMkss,OK,184516,471570094001033
2150.106,35.0854368,-89.89541919999999,ChIJf5cc-VKEf4gRF-lYLgijYQQ,OK,140824,471570094001029
2150.106,35.0854368,-89.89541919999999,ChIJf5cc-VKEf4gRF-lYLgijYQQ,OK,140824,471570094001029
2377.146,35.1145886,-89.90089789999999,ChIJKWmlFW6Ef4gR0YNISWQMkss,OK,156639,471570094001029
2284.955,35.0326981,-90.07589809999999,ChIJ9S1ljalk1YcRvuG-_hbpimA,OK,146953,471570223213013
2284.955,35.0326981,-90.07589809999999,ChIJ9S1ljalk1YcRvuG-_hbpimA,OK,146953,471570223213013
2620.307,35.0543926,-90.0597009,ChIJT5TzUbl81YcRiPqNjkbj9CA,OK,182739,471570223213013
996.025,35.1251709,-90.0481695,ChIJybIJtCd81YcR9Otxws-5qCM,OK,58986,471570117001014
996.025,35.1251709,-90.0481695,ChIJybIJtCd81YcR9Otxws-5qCM,OK,58986,471570117001014
997.839,35.125222,-90.048147,ChIJ9cKdtid81YcRKs9h6RjzQzw,OK,59087,471570117001014
1682.738,35.2023757,-89.9218691,ChIJvw7rwByCf4gRrAscHKjp1Iw,OK,127079,471570205121009
1682.738,35.2023757,-89.9218691,ChIJvw7rwByCf4gRrAscHKjp1Iw,OK,127079,471570205121009
2352.78,35.210167,-89.919383,ChIJi0gqlgaCf4gRjUvfmHxGMyw,OK,168104,471570205121009
4757.362,35.1439641,-90.0517892,ChIJL-0zBZR-1YcRj7p5p1WY4-g,OK,357640,471570001002004
4757.362,35.1439641,-90.0517892,ChIJL-0zBZR-1YcRj7p5p1WY4-g,OK,357640,471570001002004
4966.278,35.1450994,-90.0538646,ChIJne6_s5V-1YcRn_LPaqiwhrk,OK,363094,471570001002004
4733.323,35.1439641,-90.0517892,ChIJL-0zBZR-1YcRj7p5p1WY4-g,OK,353315,471570001002005
4733.323,35.1439641,-90.0517892,ChIJL-0zBZR-1YcRj7p5p1WY4-g,OK,353315,471570001002005
4942.239,35.1450994,-90.0538646,ChIJne6_s5V-1YcRn_LPaqiwhrk,OK,358769,471570001002005
2296.155,35.2051043,-89.79754849999999,ChIJpRDMlY2df4gRQqHmUo_lzmc,OK,188425,471570211131033
2296.155,35.2051043,-89.79754849999999,ChIJpRDMlY2df4gRQqHmUo_lzmc,OK,188425,471570211131033
2692.368,35.2045576,-89.81176689999999,ChIJ8ROix4Kdf4gR4Su-1OwAUMo,OK,210052,471570211131033
2491.22,35.2045576,-89.81176689999999,ChIJ8ROix4Kdf4gR4Su-1OwAUMo,OK,163691,471570211124008
2491.22,35.2045576,-89.81176689999999,ChIJ8ROix4Kdf4gR4Su-1OwAUMo,OK,163691,471570211124008
2835.635,35.19067459999999,-89.8489943,ChIJ364PGjWdf4gRKbsrGLq8_XQ,OK,165712,471570211124008
2521.393,35.2023757,-89.9218691,ChIJvw7rwByCf4gRrAscHKjp1Iw,OK,204347,471570205121003
4636.873,35.183951,-89.93106899999999,ChIJWQ0EIo-Bf4gR6cuqlCcQuNw,OK,320832,471570205121003
4636.873,35.183951,-89.93106899999999,ChIJWQ0EIo-Bf4gR6cuqlCcQuNw,OK,320832,471570205121003
1591.963,35.1503395,-89.89321,ChIJRaSiF6KDf4gRNIqqt1VnH58,OK,116612,471570092003033
1591.963,35.1503395,-89.89321,ChIJRaSiF6KDf4gRNIqqt1VnH58,OK,116612,471570092003033
1601.807,35.156962,-89.88851749999999,ChIJaVmJmQmDf4gR3ZGZP7kcoeo,OK,126087,471570092003033
2722.318,35.148225,-89.89748700000001,ChIJC8t095eDf4gRGuXK3FleZyg,OK,188145,471570092003031
2978.774,35.1503395,-89.89321,ChIJRaSiF6KDf4gRNIqqt1VnH58,OK,195222,471570092003031
2978.774,35.1503395,-89.89321,ChIJRaSiF6KDf4gRNIqqt1VnH58,OK,195222,471570092003031
2986.502,35.148225,-89.89748700000001,ChIJC8t095eDf4gRGuXK3FleZyg,OK,225428,471570092003026
3242.958,35.1503395,-89.89321,ChIJRaSiF6KDf4gRNIqqt1VnH58,OK,232505,471570092003026
3242.958,35.1503395,-89.89321,ChIJRaSiF6KDf4gRNIqqt1VnH58,OK,232505,471570092003026
3260.296,35.1503395,-89.89321,ChIJRaSiF6KDf4gRNIqqt1VnH58,OK,234585,471570092003027
3260.296,35.1503395,-89.89321,ChIJRaSiF6KDf4gRNIqqt1VnH58,OK,234585,471570092003027
3270.14,35.156962,-89.88851749999999,ChIJaVmJmQmDf4gR3ZGZP7kcoeo,OK,244060,471570092003027
914.799,35.1835367,-89.8717722,ChIJv1U5XuiCf4gRMlXiIrwnbJo,OK,81353,471570206102001
914.799,35.1835367,-89.8717722,ChIJv1U5XuiCf4gRMlXiIrwnbJo,OK,81353,471570206102001
1762.317,35.1927931,-89.86922029999999,ChIJAQAAAMCCf4gRZL0qi0KLjtw,OK,123126,471570206102001
1382.288,35.1835367,-89.8717722,ChIJv1U5XuiCf4gRMlXiIrwnbJo,OK,110517,471570206102009
1382.288,35.1835367,-89.8717722,ChIJv1U5XuiCf4gRMlXiIrwnbJo,OK,110517,471570206102009
2128.484,35.164068,-89.8770782,ChIJpUMbExuDf4gRyW4QpPURe54,OK,140999,471570206102009
1415.528,35.1444038,-90.0168571,ChIJufYEjhR-1YcREff46W6Lons,OK,114191,471570024002013
1415.528,35.1444038,-90.0168571,ChIJufYEjhR-1YcREff46W6Lons,OK,114191,471570024002013
2063.213,35.1490317,-90.0140679,ChIJw3q9_xV-1YcRqrte6yBn1CI,OK,148125,471570024002013
1458.628,35.1444038,-90.0168571,ChIJufYEjhR-1YcREff46W6Lons,OK,119362,471570024002006
1458.628,35.1444038,-90.0168571,ChIJufYEjhR-1YcREff46W6Lons,OK,119362,471570024002006
2106.312,35.1490317,-90.0140679,ChIJw3q9_xV-1YcRqrte6yBn1CI,OK,153296,471570024002006
3271.244,35.2051043,-89.79754849999999,ChIJpRDMlY2df4gRQqHmUo_lzmc,OK,203612,471570211421017
3736.214,35.2072684,-89.7827147,ChIJKdJ2xvqdf4gRKLRUePlbOOs,OK,261034,471570211421017
3736.214,35.2072684,-89.7827147,ChIJKdJ2xvqdf4gRKLRUePlbOOs,OK,261034,471570211421017
4490.738,35.2072684,-89.7827147,ChIJKdJ2xvqdf4gRKLRUePlbOOs,OK,393578,471570211421012
4490.738,35.2072684,-89.7827147,ChIJKdJ2xvqdf4gRKLRUePlbOOs,OK,393578,471570211421012
5830.381,35.2044739,-89.76342459999999,ChIJ3XsJxyKef4gRTeWb3lonWsU,OK,400677,471570211421012
3230.126,35.2051043,-89.79754849999999,ChIJpRDMlY2df4gRQqHmUo_lzmc,OK,200653,471570211421028
3695.096,35.2072684,-89.7827147,ChIJKdJ2xvqdf4gRKLRUePlbOOs,OK,258075,471570211421028
3695.096,35.2072684,-89.7827147,ChIJKdJ2xvqdf4gRKLRUePlbOOs,OK,258075,471570211421028
2087.938,35.2051043,-89.79754849999999,ChIJpRDMlY2df4gRQqHmUo_lzmc,OK,118420,471570211421078
2087.938,35.2051043,-89.79754849999999,ChIJpRDMlY2df4gRQqHmUo_lzmc,OK,118420,471570211421078
2552.908,35.2072684,-89.7827147,ChIJKdJ2xvqdf4gRKLRUePlbOOs,OK,175842,471570211421078
2253.721,35.2051043,-89.79754849999999,ChIJpRDMlY2df4gRQqHmUo_lzmc,OK,130355,471570211421068
2253.721,35.2051043,-89.79754849999999,ChIJpRDMlY2df4gRQqHmUo_lzmc,OK,130355,471570211421068
2718.691,35.2072684,-89.7827147,ChIJKdJ2xvqdf4gRKLRUePlbOOs,OK,187777,471570211421068
2991.914,35.2051043,-89.79754849999999,ChIJpRDMlY2df4gRQqHmUo_lzmc,OK,245441,471570211421022
3456.884,35.2072684,-89.7827147,ChIJKdJ2xvqdf4gRKLRUePlbOOs,OK,302863,471570211421022
3456.884,35.2072684,-89.7827147,ChIJKdJ2xvqdf4gRKLRUePlbOOs,OK,302863,471570211421022
2226.488,35.2051043,-89.79754849999999,ChIJpRDMlY2df4gRQqHmUo_lzmc,OK,124317,471570211212060
2226.488,35.2051043,-89.79754849999999,ChIJpRDMlY2df4gRQqHmUo_lzmc,OK,124317,471570211212060
2691.458,35.2072684,-89.7827147,ChIJKdJ2xvqdf4gRKLRUePlbOOs,OK,181739,471570211212060
2584.876,35.2051043,-89.79754849999999,ChIJpRDMlY2df4gRQqHmUo_lzmc,OK,142748,471570211212059
2584.876,35.2051043,-89.79754849999999,ChIJpRDMlY2df4gRQqHmUo_lzmc,OK,142748,471570211212059
3049.846,35.2072684,-89.7827147,ChIJKdJ2xvqdf4gRKLRUePlbOOs,OK,200170,471570211212059
351.702,35.1497164,-89.95515999999999,ChIJcQb6ehiBf4gR-uA54eRPNq8,OK,30109,471570014001039
351.702,35.1497164,-89.95515999999999,ChIJcQb6ehiBf4gR-uA54eRPNq8,OK,30109,471570014001039
828.602,35.14981359999999,-89.94918609999999,ChIJVdGBGRaBf4gRsi89Rzqn8W4,OK,56492,471570014001039
346.271,35.1497164,-89.95515999999999,ChIJcQb6ehiBf4gR-uA54eRPNq8,OK,30983,471570028001003
346.271,35.1497164,-89.95515999999999,ChIJcQb6ehiBf4gR-uA54eRPNq8,OK,30983,471570028001003
653.449,35.14981359999999,-89.94918609999999,ChIJVdGBGRaBf4gRsi89Rzqn8W4,OK,39205,471570028001003
99.134,35.1497164,-89.95515999999999,ChIJcQb6ehiBf4gR-uA54eRPNq8,OK,11896,471570013003009
99.134,35.1497164,-89.95515999999999,ChIJcQb6ehiBf4gR-uA54eRPNq8,OK,11896,471570013003009
650.338,35.14981359999999,-89.94918609999999,ChIJVdGBGRaBf4gRsi89Rzqn8W4,OK,47195,471570013003009
622.75,35.14981359999999,-89.94918609999999,ChIJVdGBGRaBf4gRsi89Rzqn8W4,OK,42398,471570013003013
622.75,35.14981359999999,-89.94918609999999,ChIJVdGBGRaBf4gRsi89Rzqn8W4,OK,42398,471570013003013
767.608,35.1497164,-89.95515999999999,ChIJcQb6ehiBf4gR-uA54eRPNq8,OK,53317,471570013003013
336.624,35.14981359999999,-89.94918609999999,ChIJVdGBGRaBf4gRsi89Rzqn8W4,OK,21798,471570013003014
336.624,35.14981359999999,-89.94918609999999,ChIJVdGBGRaBf4gRsi89Rzqn8W4,OK,21798,471570013003014
481.482,35.1497164,-89.95515999999999,ChIJcQb6ehiBf4gR-uA54eRPNq8,OK,32717,471570013003014
280.975,35.1497164,-89.95515999999999,ChIJcQb6ehiBf4gR-uA54eRPNq8,OK,27409,471570013003010
280.975,35.1497164,-89.95515999999999,ChIJcQb6ehiBf4gR-uA54eRPNq8,OK,27409,471570013003010
547.649,35.14981359999999,-89.94918609999999,ChIJVdGBGRaBf4gRsi89Rzqn8W4,OK,41180,471570013003010
1275.705,35.14981359999999,-89.94918609999999,ChIJVdGBGRaBf4gRsi89Rzqn8W4,OK,72921,471570028001006
1275.705,35.14981359999999,-89.94918609999999,ChIJVdGBGRaBf4gRsi89Rzqn8W4,OK,72921,471570028001006
1826.908,35.1497164,-89.95515999999999,ChIJcQb6ehiBf4gR-uA54eRPNq8,OK,108221,471570028001006
1015.758,35.14981359999999,-89.94918609999999,ChIJVdGBGRaBf4gRsi89Rzqn8W4,OK,60939,471570013001016
1015.758,35.14981359999999,-89.94918609999999,ChIJVdGBGRaBf4gRsi89Rzqn8W4,OK,60939,471570013001016
1566.961,35.1497164,-89.95515999999999,ChIJcQb6ehiBf4gR-uA54eRPNq8,OK,96239,471570013001016
811.714,35.0515568,-89.90630259999999,ChIJrU8jyZKFf4gRubg1AIyELWY,OK,63478,471570106303009
811.714,35.0515568,-89.90630259999999,ChIJrU8jyZKFf4gRubg1AIyELWY,OK,63478,471570106303009
1416.347,35.0515544,-89.92255089999999,ChIJG_UFGuOFf4gRyHNDzwp5is0,OK,90074,471570106303009
1329.736,35.14981359999999,-89.94918609999999,ChIJVdGBGRaBf4gRsi89Rzqn8W4,OK,91824,471570013001013
1329.736,35.14981359999999,-89.94918609999999,ChIJVdGBGRaBf4gRsi89Rzqn8W4,OK,91824,471570013001013
1675.253,35.167095,-89.950496,ChIJecYfJgmBf4gRJh-YY67U6V8,OK,111659,471570013001013
1563.541,35.167095,-89.950496,ChIJecYfJgmBf4gRJh-YY67U6V8,OK,101408,471570012002003
1563.541,35.167095,-89.950496,ChIJecYfJgmBf4gRJh-YY67U6V8,OK,101408,471570012002003
1716.839,35.14981359999999,-89.94918609999999,ChIJVdGBGRaBf4gRsi89Rzqn8W4,OK,130620,471570012002003
1118.504,35.12545849999999,-89.97454169999999,ChIJoyT3HjOHf4gRS6EdHckmff8,OK,79824,471570071001022
1118.504,35.12545849999999,-89.97454169999999,ChIJoyT3HjOHf4gRS6EdHckmff8,OK,79824,471570071001022
2925.266,35.13418100000001,-89.98599,ChIJnf1_yraAf4gR9pQmD7CXhgg,OK,191163,471570071001022
1212.145,35.12545849999999,-89.97454169999999,ChIJoyT3HjOHf4gRS6EdHckmff8,OK,98820,471570071001021
1212.145,35.12545849999999,-89.97454169999999,ChIJoyT3HjOHf4gRS6EdHckmff8,OK,98820,471570071001021
3018.906,35.13418100000001,-89.98599,ChIJnf1_yraAf4gR9pQmD7CXhgg,OK,210159,471570071001021
1015.612,35.12545849999999,-89.97454169999999,ChIJoyT3HjOHf4gRS6EdHckmff8,OK,76898,471570071002002
1015.612,35.12545849999999,-89.97454169999999,ChIJoyT3HjOHf4gRS6EdHckmff8,OK,76898,471570071002002
2822.374,35.13418100000001,-89.98599,ChIJnf1_yraAf4gR9pQmD7CXhgg,OK,188237,471570071002002
1566.63,35.12545849999999,-89.97454169999999,ChIJoyT3HjOHf4gRS6EdHckmff8,OK,117000,471570071002000
1566.63,35.12545849999999,-89.97454169999999,ChIJoyT3HjOHf4gRS6EdHckmff8,OK,117000,471570071002000
2559.756,35.1161637,-89.9446263,ChIJ-ZiED8iGf4gR32IlfgDBKWY,OK,186927,471570071002000
1580.875,35.12545849999999,-89.97454169999999,ChIJoyT3HjOHf4gRS6EdHckmff8,OK,107535,471570071002007
1580.875,35.12545849999999,-89.97454169999999,ChIJoyT3HjOHf4gRS6EdHckmff8,OK,107535,471570071002007
2407.429,35.1161637,-89.9446263,ChIJ-ZiED8iGf4gR32IlfgDBKWY,OK,157689,471570071002007
2586.205,35.1497164,-89.95515999999999,ChIJcQb6ehiBf4gR-uA54eRPNq8,OK,175873,471570030002011
2586.205,35.1497164,-89.95515999999999,ChIJcQb6ehiBf4gR-uA54eRPNq8,OK,175873,471570030002011
2176.909,35.12545849999999,-89.97454169999999,ChIJoyT3HjOHf4gRS6EdHckmff8,OK,176100,471570030002011
2316.382,35.12545849999999,-89.97454169999999,ChIJoyT3HjOHf4gRS6EdHckmff8,OK,174465,471570071001001
2316.382,35.12545849999999,-89.97454169999999,ChIJoyT3HjOHf4gRS6EdHckmff8,OK,174465,471570071001001
3069.315,35.1497164,-89.95515999999999,ChIJcQb6ehiBf4gR-uA54eRPNq8,OK,203883,471570071001001
1943.676,35.12545849999999,-89.97454169999999,ChIJoyT3HjOHf4gRS6EdHckmff8,OK,172373,471570071001007
1943.676,35.12545849999999,-89.97454169999999,ChIJoyT3HjOHf4gRS6EdHckmff8,OK,172373,471570071001007
3236.131,35.1497164,-89.95515999999999,ChIJcQb6ehiBf4gR-uA54eRPNq8,OK,223900,471570071001007
1654.409,35.12545849999999,-89.97454169999999,ChIJoyT3HjOHf4gRS6EdHckmff8,OK,149228,471570071001011
1654.409,35.12545849999999,-89.97454169999999,ChIJoyT3HjOHf4gRS6EdHckmff8,OK,149228,471570071001011
2835.302,35.1161637,-89.9446263,ChIJ-ZiED8iGf4gR32IlfgDBKWY,OK,206586,471570071001011
2256.178,35.12545849999999,-89.97454169999999,ChIJoyT3HjOHf4gRS6EdHckmff8,OK,164632,471570071001008
2256.178,35.12545849999999,-89.97454169999999,ChIJoyT3HjOHf4gRS6EdHckmff8,OK,164632,471570071001008
2816.376,35.1161637,-89.9446263,ChIJ-ZiED8iGf4gR32IlfgDBKWY,OK,204315,471570071001008
1492.476,35.12545849999999,-89.97454169999999,ChIJoyT3HjOHf4gRS6EdHckmff8,OK,129796,471570071001010
1492.476,35.12545849999999,-89.97454169999999,ChIJoyT3HjOHf4gRS6EdHckmff8,OK,129796,471570071001010
2912.965,35.1161637,-89.9446263,ChIJ-ZiED8iGf4gR32IlfgDBKWY,OK,212495,471570071001010
3588.453,35.015991,-89.935953,ChIJSSHzkseIf4gRnqbOP98HojY,OK,220703,471570226001182
3588.453,35.015991,-89.935953,ChIJSSHzkseIf4gRnqbOP98HojY,OK,220703,471570226001182
4239.211,35.02099699999999,-89.93544,ChIJW6hY3LmIf4gRWjIeu9tMgvU,OK,256742,471570226001182
2736.932,35.2337782,-89.9252472,ChIJra3pLkt_f4gRjZbqnHrruIM,OK,228634,471570205241001
2736.932,35.2337782,-89.9252472,ChIJra3pLkt_f4gRjZbqnHrruIM,OK,228634,471570205241001
4688.317,35.222344,-89.97682999999999,ChIJ987Br45_f4gRjwrvnFN8t7k,OK,364563,471570205241001
2389.471,35.222344,-89.97682999999999,ChIJ987Br45_f4gRjwrvnFN8t7k,OK,143362,471570205241010
2389.471,35.222344,-89.97682999999999,ChIJ987Br45_f4gRjwrvnFN8t7k,OK,143362,471570205241010
2790.338,35.2227028,-89.97692290000001,ChIJ987Br45_f4gRMoYIhCny13Q,OK,179494,471570205241010
2479.499,35.1546312,-89.79260459999999,ChIJ8UeuSEecf4gRniit7ubZLtM,OK,163880,471570211252010
2479.499,35.1546312,-89.79260459999999,ChIJ8UeuSEecf4gRniit7ubZLtM,OK,163880,471570211252010
2859.387,35.14868459999999,-89.7948203,ChIJ4w9Lr2qcf4gRHdzl9FciAFM,OK,183380,471570211252010
2709.284,35.0614623,-89.8536277,ChIJ4TWJkTWFf4gRbkNZYfkF9Jw,OK,163751,471570217101003
2709.284,35.0614623,-89.8536277,ChIJ4TWJkTWFf4gRbkNZYfkF9Jw,OK,163751,471570217101003
3001.511,35.0612606,-89.88628629999999,ChIJAQ_I1gqFf4gRFrt5yQeAEps,OK,193114,471570217101003
1641.804,35.1546312,-89.79260459999999,ChIJ8UeuSEecf4gRniit7ubZLtM,OK,113434,471570211362053
1641.804,35.1546312,-89.79260459999999,ChIJ8UeuSEecf4gRniit7ubZLtM,OK,113434,471570211362053
2589.266,35.14868459999999,-89.7948203,ChIJ4w9Lr2qcf4gRHdzl9FciAFM,OK,166986,471570211362053
4873.249,35.1546312,-89.79260459999999,ChIJ8UeuSEecf4gRniit7ubZLtM,OK,286920,471570211422031
5001.893,35.2072684,-89.7827147,ChIJKdJ2xvqdf4gRKLRUePlbOOs,OK,329249,471570211422031
5001.893,35.2072684,-89.7827147,ChIJKdJ2xvqdf4gRKLRUePlbOOs,OK,329249,471570211422031
3966.875,35.2044739,-89.76342459999999,ChIJ3XsJxyKef4gRTeWb3lonWsU,OK,284581,471570211412017
3966.875,35.2044739,-89.76342459999999,ChIJ3XsJxyKef4gRTeWb3lonWsU,OK,284581,471570211412017
5042.926,35.1546312,-89.79260459999999,ChIJ8UeuSEecf4gRniit7ubZLtM,OK,299136,471570211412017
3795.355,35.2044739,-89.76342459999999,ChIJ3XsJxyKef4gRTeWb3lonWsU,OK,272232,471570211422030
5099.514,35.2072684,-89.7827147,ChIJKdJ2xvqdf4gRKLRUePlbOOs,OK,336277,471570211422030
5099.514,35.2072684,-89.7827147,ChIJKdJ2xvqdf4gRKLRUePlbOOs,OK,336277,471570211422030
1373.934,35.0477573,-89.86637909999999,ChIJ5_0L5VyFf4gR4HBEwl6nmRE,OK,112779,471570217311024
1373.934,35.0477573,-89.86637909999999,ChIJ5_0L5VyFf4gR4HBEwl6nmRE,OK,112779,471570217311024
1944.772,35.050596,-89.869556,ChIJQ4vLA2iFf4gRyyCo3ihKH44,OK,151508,471570217311024
2806.9,35.02100869999999,-89.8995317,ChIJ-f6gz22Pf4gR-rWEeLgd-68,OK,168856,471570217414019
2806.9,35.02100869999999,-89.8995317,ChIJ-f6gz22Pf4gR-rWEeLgd-68,OK,168856,471570217414019
2818.173,35.0209193,-89.8996561,ChIJxWQfy22Pf4gRlC1jxVU1A2g,OK,169481,471570217414019
3612.974,35.1546312,-89.79260459999999,ChIJ8UeuSEecf4gRniit7ubZLtM,OK,217459,471570211262011
3612.974,35.1546312,-89.79260459999999,ChIJ8UeuSEecf4gRniit7ubZLtM,OK,217459,471570211262011
3992.862,35.14868459999999,-89.7948203,ChIJ4w9Lr2qcf4gRHdzl9FciAFM,OK,236959,471570211262011
3746.123,35.2045576,-89.81176689999999,ChIJ8ROix4Kdf4gR4Su-1OwAUMo,OK,228302,471570211212022
3746.123,35.2045576,-89.81176689999999,ChIJ8ROix4Kdf4gR4Su-1OwAUMo,OK,228302,471570211212022
4972.52,35.2051043,-89.79754849999999,ChIJpRDMlY2df4gRQqHmUo_lzmc,OK,261060,471570211212022
2641.581,35.06128,-90.05978399999999,ChIJm06f8ZV81YcRTjzAsJPcBKY,OK,170249,471570225001093
2641.581,35.06128,-90.05978399999999,ChIJm06f8ZV81YcRTjzAsJPcBKY,OK,170249,471570225001093
2641.402,35.061362,-90.05986399999999,ChIJL_Gh8ZV81YcRDlMHRKqR_IA,OK,173115,471570225001093
2791.306,35.05407199999999,-90.00125899999999,ChIJIzdhk1h91YcRZT7cBcBslaM,OK,199518,471579801001064
2791.306,35.05407199999999,-90.00125899999999,ChIJIzdhk1h91YcRZT7cBcBslaM,OK,199518,471579801001064
3194.705,35.0643218,-89.9923063,ChIJb3DQuo2Hf4gRC8UI6d4pa68,OK,241789,471579801001064
371.647,35.0854368,-89.89541919999999,ChIJf5cc-VKEf4gRF-lYLgijYQQ,OK,40629,471570095004019
371.647,35.0854368,-89.89541919999999,ChIJf5cc-VKEf4gRF-lYLgijYQQ,OK,40629,471570095004019
3628.749,35.0612606,-89.88628629999999,ChIJAQ_I1gqFf4gRFrt5yQeAEps,OK,231478,471570095004019
1742.126,35.0854368,-89.89541919999999,ChIJf5cc-VKEf4gRF-lYLgijYQQ,OK,88620,471570097001026
1958.326,35.063996,-89.90690699999999,ChIJn51vcb-Ff4gRvoXU4r8swrw,OK,122737,471570097001026
1958.326,35.063996,-89.90690699999999,ChIJn51vcb-Ff4gRvoXU4r8swrw,OK,122737,471570097001026
3972.972,35.054745,-90.007971,ChIJXxyyQlt91YcRhldtWgjSnSE,OK,222348,471570078221049
3972.972,35.054745,-90.007971,ChIJXxyyQlt91YcRhldtWgjSnSE,OK,222348,471570078221049
4404.82,35.05407199999999,-90.00125899999999,ChIJIzdhk1h91YcRZT7cBcBslaM,OK,238387,471570078221049
2427.407,35.0461089,-89.7947008,ChIJaZI6O3Oaf4gRqa_eh0DNj_s,OK,157704,471570213423026
2427.407,35.0461089,-89.7947008,ChIJaZI6O3Oaf4gRqa_eh0DNj_s,OK,157704,471570213423026
2545.412,35.045091,-89.795412,ChIJVelsQnOaf4gRECqTW7fq-dY,OK,164239,471570213423026
2420.519,35.0461089,-89.7947008,ChIJaZI6O3Oaf4gRqa_eh0DNj_s,OK,157309,471570213423035
2420.519,35.0461089,-89.7947008,ChIJaZI6O3Oaf4gRqa_eh0DNj_s,OK,157309,471570213423035
2538.524,35.045091,-89.795412,ChIJVelsQnOaf4gRECqTW7fq-dY,OK,163844,471570213423035
2548.337,35.05407199999999,-90.00125899999999,ChIJIzdhk1h91YcRZT7cBcBslaM,OK,151889,471579801001045
2548.337,35.05407199999999,-90.00125899999999,ChIJIzdhk1h91YcRZT7cBcBslaM,OK,151889,471579801001045
2951.736,35.0643218,-89.9923063,ChIJb3DQuo2Hf4gRC8UI6d4pa68,OK,194160,471579801001045
4025.707,35.222344,-89.97682999999999,ChIJ987Br45_f4gRjwrvnFN8t7k,OK,241532,471570102206004
4025.707,35.222344,-89.97682999999999,ChIJ987Br45_f4gRjwrvnFN8t7k,OK,241532,471570102206004
4245.78,35.17410499999999,-89.97575479999999,ChIJmfYTGFmAf4gRHGKCaD0qCtI,OK,254734,471570102206004
3561.1,35.14868459999999,-89.7948203,ChIJ4w9Lr2qcf4gRHdzl9FciAFM,OK,215893,471570211401006
3561.1,35.14868459999999,-89.7948203,ChIJ4w9Lr2qcf4gRHdzl9FciAFM,OK,215893,471570211401006
4327.263,35.1546312,-89.79260459999999,ChIJ8UeuSEecf4gRniit7ubZLtM,OK,236592,471570211401006
6521.695,35.16339899999999,-89.855841,ChIJA_xfkC6Df4gRAjVZwLz1jqA,OK,409443,471570213111041
6521.695,35.16339899999999,-89.855841,ChIJA_xfkC6Df4gRAjVZwLz1jqA,OK,409443,471570213111041
6596.851,35.1623785,-89.8566175,ChIJXQHWWS6Df4gRqhH5EQ9H1j0,OK,418408,471570213111041
1225.667,35.125222,-90.048147,ChIJ9cKdtid81YcRKs9h6RjzQzw,OK,104105,471570045001004
1225.667,35.125222,-90.048147,ChIJ9cKdtid81YcRKs9h6RjzQzw,OK,104105,471570045001004
1227.481,35.1251709,-90.0481695,ChIJybIJtCd81YcR9Otxws-5qCM,OK,104205,471570045001004
2087.573,35.1161637,-89.9446263,ChIJ-ZiED8iGf4gR32IlfgDBKWY,OK,145249,471570030003013
2087.573,35.1161637,-89.9446263,ChIJ-ZiED8iGf4gR32IlfgDBKWY,OK,145249,471570030003013
2875.196,35.14981359999999,-89.94918609999999,ChIJVdGBGRaBf4gRsi89Rzqn8W4,OK,200490,471570030003013
1564.381,35.1161637,-89.9446263,ChIJ-ZiED8iGf4gR32IlfgDBKWY,OK,105173,471570029005009
1564.381,35.1161637,-89.9446263,ChIJ-ZiED8iGf4gR32IlfgDBKWY,OK,105173,471570029005009
2808.437,35.14981359999999,-89.94918609999999,ChIJVdGBGRaBf4gRsi89Rzqn8W4,OK,173738,471570029005009
1935.103,35.1157645,-90.022279,ChIJwZqBNMN91YcRRpdDvj5Pcr8,OK,150128,471570046001017
1935.103,35.1157645,-90.022279,ChIJwZqBNMN91YcRRpdDvj5Pcr8,OK,150128,471570046001017
2656.223,35.1087458,-90.0211918,ChIJe6w2EsF91YcRquzVZc8M0-I,OK,191518,471570046001017
665.121,35.125222,-90.048147,ChIJ9cKdtid81YcRKs9h6RjzQzw,OK,34636,471570114001052
665.121,35.125222,-90.048147,ChIJ9cKdtid81YcRKs9h6RjzQzw,OK,34636,471570114001052
666.935,35.1251709,-90.0481695,ChIJybIJtCd81YcR9Otxws-5qCM,OK,34736,471570114001052
5285.207,35.14868459999999,-89.7948203,ChIJ4w9Lr2qcf4gRHdzl9FciAFM,OK,311377,471570211381037
5285.207,35.14868459999999,-89.7948203,ChIJ4w9Lr2qcf4gRHdzl9FciAFM,OK,311377,471570211381037
6051.37,35.1546312,-89.79260459999999,ChIJ8UeuSEecf4gRniit7ubZLtM,OK,332076,471570211381037
620.834,35.13418100000001,-89.98599,ChIJnf1_yraAf4gR9pQmD7CXhgg,OK,40229,471570031002026
620.834,35.13418100000001,-89.98599,ChIJnf1_yraAf4gR9pQmD7CXhgg,OK,40229,471570031002026
1219.801,35.12545849999999,-89.97454169999999,ChIJoyT3HjOHf4gRS6EdHckmff8,OK,79213,471570031002026
1129.972,35.12545849999999,-89.97454169999999,ChIJoyT3HjOHf4gRS6EdHckmff8,OK,66352,471570031001020
1129.972,35.12545849999999,-89.97454169999999,ChIJoyT3HjOHf4gRS6EdHckmff8,OK,66352,471570031001020
1357.221,35.13418100000001,-89.98599,ChIJnf1_yraAf4gR9pQmD7CXhgg,OK,75140,471570031001020
1627.89,35.1161637,-89.9446263,ChIJ-ZiED8iGf4gR32IlfgDBKWY,OK,111491,471570029005013
1627.89,35.1161637,-89.9446263,ChIJ-ZiED8iGf4gR32IlfgDBKWY,OK,111491,471570029005013
2875.117,35.14981359999999,-89.94918609999999,ChIJVdGBGRaBf4gRsi89Rzqn8W4,OK,181740,471570029005013
2082.713,35.1251709,-90.0481695,ChIJybIJtCd81YcR9Otxws-5qCM,OK,117909,471570043001009
2082.713,35.1251709,-90.0481695,ChIJybIJtCd81YcR9Otxws-5qCM,OK,117909,471570043001009
2084.527,35.125222,-90.048147,ChIJ9cKdtid81YcRKs9h6RjzQzw,OK,118010,471570043001009
826.841,35.0854368,-89.89541919999999,ChIJf5cc-VKEf4gRF-lYLgijYQQ,OK,59157,471570094002015
826.841,35.0854368,-89.89541919999999,ChIJf5cc-VKEf4gRF-lYLgijYQQ,OK,59157,471570094002015
3105.807,35.063996,-89.90690699999999,ChIJn51vcb-Ff4gRvoXU4r8swrw,OK,198935,471570094002015
1335.499,35.0854368,-89.89541919999999,ChIJf5cc-VKEf4gRF-lYLgijYQQ,OK,89836,471570094002017
1335.499,35.0854368,-89.89541919999999,ChIJf5cc-VKEf4gRF-lYLgijYQQ,OK,89836,471570094002017
3571.56,35.1145886,-89.90089789999999,ChIJKWmlFW6Ef4gR0YNISWQMkss,OK,226181,471570094002017
727.352,35.0854368,-89.89541919999999,ChIJf5cc-VKEf4gRF-lYLgijYQQ,OK,53038,471570094002016
727.352,35.0854368,-89.89541919999999,ChIJf5cc-VKEf4gRF-lYLgijYQQ,OK,53038,471570094002016
3200.318,35.063996,-89.90690699999999,ChIJn51vcb-Ff4gRvoXU4r8swrw,OK,204456,471570094002016
936.771,35.0854368,-89.89541919999999,ChIJf5cc-VKEf4gRF-lYLgijYQQ,OK,83917,471570094002018
936.771,35.0854368,-89.89541919999999,ChIJf5cc-VKEf4gRF-lYLgijYQQ,OK,83917,471570094002018
3481.17,35.1145886,-89.90089789999999,ChIJKWmlFW6Ef4gR0YNISWQMkss,OK,221127,471570094002018
1290.049,35.0854368,-89.89541919999999,ChIJf5cc-VKEf4gRF-lYLgijYQQ,OK,76602,471570097002006
1290.049,35.0854368,-89.89541919999999,ChIJf5cc-VKEf4gRF-lYLgijYQQ,OK,76602,471570097002006
2329.341,35.063996,-89.90690699999999,ChIJn51vcb-Ff4gRvoXU4r8swrw,OK,143900,471570097002006
1196.983,35.0854368,-89.89541919999999,ChIJf5cc-VKEf4gRF-lYLgijYQQ,OK,84256,471570097002005
1196.983,35.0854368,-89.89541919999999,ChIJf5cc-VKEf4gRF-lYLgijYQQ,OK,84256,471570097002005
2422.171,35.063996,-89.90690699999999,ChIJn51vcb-Ff4gRvoXU4r8swrw,OK,168406,471570097002005
1701.582,35.0854368,-89.89541919999999,ChIJf5cc-VKEf4gRF-lYLgijYQQ,OK,112618,471570097002001
1701.582,35.0854368,-89.89541919999999,ChIJf5cc-VKEf4gRF-lYLgijYQQ,OK,112618,471570097002001
2327.142,35.063996,-89.90690699999999,ChIJn51vcb-Ff4gRvoXU4r8swrw,OK,157002,471570097002001
810.116,35.1251709,-90.0481695,ChIJybIJtCd81YcR9Otxws-5qCM,OK,53946,471570117001007
810.116,35.1251709,-90.0481695,ChIJybIJtCd81YcR9Otxws-5qCM,OK,53946,471570117001007
811.93,35.125222,-90.048147,ChIJ9cKdtid81YcRKs9h6RjzQzw,OK,54047,471570117001007
685.199,35.1251709,-90.0481695,ChIJybIJtCd81YcR9Otxws-5qCM,OK,49235,471570050001011
685.199,35.1251709,-90.0481695,ChIJybIJtCd81YcR9Otxws-5qCM,OK,49235,471570050001011
687.013,35.125222,-90.048147,ChIJ9cKdtid81YcRKs9h6RjzQzw,OK,49336,471570050001011
683.679,35.1251709,-90.0481695,ChIJybIJtCd81YcR9Otxws-5qCM,OK,49053,471570050001018
683.679,35.1251709,-90.0481695,ChIJybIJtCd81YcR9Otxws-5qCM,OK,49053,471570050001018
685.493,35.125222,-90.048147,ChIJ9cKdtid81YcRKs9h6RjzQzw,OK,49154,471570050001018
1491.597,35.1439641,-90.0517892,ChIJL-0zBZR-1YcRj7p5p1WY4-g,OK,109982,471570114001022
1491.597,35.1439641,-90.0517892,ChIJL-0zBZR-1YcRj7p5p1WY4-g,OK,109982,471570114001022
1522.288,35.1435177,-90.0539328,ChIJ8VFg1pV-1YcRR9G8p0pZx6U,OK,110261,471570114001022
1607.361,35.1251709,-90.0481695,ChIJybIJtCd81YcR9Otxws-5qCM,OK,92854,471570114001026
1607.361,35.1251709,-90.0481695,ChIJybIJtCd81YcR9Otxws-5qCM,OK,92854,471570114001026
1609.176,35.125222,-90.048147,ChIJ9cKdtid81YcRKs9h6RjzQzw,OK,92955,471570114001026
1475.46,35.125222,-90.048147,ChIJ9cKdtid81YcRKs9h6RjzQzw,OK,87157,471570114001027
1475.46,35.125222,-90.048147,ChIJ9cKdtid81YcRKs9h6RjzQzw,OK,87157,471570114001027
1477.274,35.1251709,-90.0481695,ChIJybIJtCd81YcR9Otxws-5qCM,OK,87257,471570114001027
1470.408,35.125222,-90.048147,ChIJ9cKdtid81YcRKs9h6RjzQzw,OK,96519,471570114001030
1470.408,35.125222,-90.048147,ChIJ9cKdtid81YcRKs9h6RjzQzw,OK,96519,471570114001030
1472.222,35.1251709,-90.0481695,ChIJybIJtCd81YcR9Otxws-5qCM,OK,96619,471570114001030
2694.972,35.1503395,-89.89321,ChIJRaSiF6KDf4gRNIqqt1VnH58,OK,202315,471570092002002
2694.972,35.1503395,-89.89321,ChIJRaSiF6KDf4gRNIqqt1VnH58,OK,202315,471570092002002
3267.534,35.1489345,-89.89838259999999,ChIJaTBvX72Df4gRiyFT0LQMnrQ,OK,238889,471570092002002
2087.49,35.1503395,-89.89321,ChIJRaSiF6KDf4gRNIqqt1VnH58,OK,172502,471570092003014
2087.49,35.1503395,-89.89321,ChIJRaSiF6KDf4gRNIqqt1VnH58,OK,172502,471570092003014
2488.971,35.156962,-89.88851749999999,ChIJaVmJmQmDf4gR3ZGZP7kcoeo,OK,198165,471570092003014
817.47,35.1503395,-89.89321,ChIJRaSiF6KDf4gRNIqqt1VnH58,OK,51268,471570092003017
817.47,35.1503395,-89.89321,ChIJRaSiF6KDf4gRNIqqt1VnH58,OK,51268,471570092003017
827.314,35.156962,-89.88851749999999,ChIJaVmJmQmDf4gR3ZGZP7kcoeo,OK,60743,471570092003017
1963.736,35.1503395,-89.89321,ChIJRaSiF6KDf4gRNIqqt1VnH58,OK,161224,471570092003020
1963.736,35.1503395,-89.89321,ChIJRaSiF6KDf4gRNIqqt1VnH58,OK,161224,471570092003020
1973.58,35.156962,-89.88851749999999,ChIJaVmJmQmDf4gR3ZGZP7kcoeo,OK,170699,471570092003020
2165.256,35.1623785,-89.8566175,ChIJXQHWWS6Df4gRqhH5EQ9H1j0,OK,238492,471570212001007
2165.256,35.1623785,-89.8566175,ChIJXQHWWS6Df4gRqhH5EQ9H1j0,OK,238492,471570212001007
4152.166,35.164068,-89.8770782,ChIJpUMbExuDf4gRyW4QpPURe54,OK,342725,471570212001007
4147.795,35.164068,-89.8770782,ChIJpUMbExuDf4gRyW4QpPURe54,OK,201570,471570092003003
4147.795,35.164068,-89.8770782,ChIJpUMbExuDf4gRyW4QpPURe54,OK,201570,471570092003003
5621.344,35.156962,-89.88851749999999,ChIJaVmJmQmDf4gR3ZGZP7kcoeo,OK,296872,471570092003003
696.924,35.17410499999999,-89.97575479999999,ChIJmfYTGFmAf4gRHGKCaD0qCtI,OK,58979,471570008002000
696.924,35.17410499999999,-89.97575479999999,ChIJmfYTGFmAf4gRHGKCaD0qCtI,OK,58979,471570008002000
1935.348,35.1738374,-89.98954379999999,ChIJ_S0BIGOAf4gRU3Ph4W65cOQ,OK,133275,471570008002000
541.393,35.17410499999999,-89.97575479999999,ChIJmfYTGFmAf4gRHGKCaD0qCtI,OK,48847,471570008002006
541.393,35.17410499999999,-89.97575479999999,ChIJmfYTGFmAf4gRHGKCaD0qCtI,OK,48847,471570008002006
1350.761,35.1738374,-89.98954379999999,ChIJ_S0BIGOAf4gRU3Ph4W65cOQ,OK,97403,471570008002006
706.716,35.17410499999999,-89.97575479999999,ChIJmfYTGFmAf4gRHGKCaD0qCtI,OK,42399,471570008001008
706.716,35.17410499999999,-89.97575479999999,ChIJmfYTGFmAf4gRHGKCaD0qCtI,OK,42399,471570008001008
1945.14,35.1738374,-89.98954379999999,ChIJ_S0BIGOAf4gRU3Ph4W65cOQ,OK,116695,471570008001008
2154.528,35.2337782,-89.9252472,ChIJra3pLkt_f4gRjZbqnHrruIM,OK,141606,471570205311011
2154.528,35.2337782,-89.9252472,ChIJra3pLkt_f4gRjZbqnHrruIM,OK,141606,471570205311011
4486.074,35.223866,-89.90499,ChIJJRXCRJh4f4gRcTFbl9qZzNM,OK,307445,471570205311011
802.402,35.17410499999999,-89.97575479999999,ChIJmfYTGFmAf4gRHGKCaD0qCtI,OK,77175,471570008001011
802.402,35.17410499999999,-89.97575479999999,ChIJmfYTGFmAf4gRHGKCaD0qCtI,OK,77175,471570008001011
2040.826,35.1738374,-89.98954379999999,ChIJ_S0BIGOAf4gRU3Ph4W65cOQ,OK,151471,471570008001011
199.694,35.17410499999999,-89.97575479999999,ChIJmfYTGFmAf4gRHGKCaD0qCtI,OK,11981,471570008001013
199.694,35.17410499999999,-89.97575479999999,ChIJmfYTGFmAf4gRHGKCaD0qCtI,OK,11981,471570008001013
1438.118,35.1738374,-89.98954379999999,ChIJ_S0BIGOAf4gRU3Ph4W65cOQ,OK,86277,471570008001013
946.232,35.17410499999999,-89.97575479999999,ChIJmfYTGFmAf4gRHGKCaD0qCtI,OK,74012,471570009001002
946.232,35.17410499999999,-89.97575479999999,ChIJmfYTGFmAf4gRHGKCaD0qCtI,OK,74012,471570009001002
2231.292,35.1507888,-89.977317,ChIJdVWrOuqAf4gR-V7s1E3qo7g,OK,152846,471570009001002
1904.539,35.1738374,-89.98954379999999,ChIJ_S0BIGOAf4gRU3Ph4W65cOQ,OK,137497,471570009003003
1904.539,35.1738374,-89.98954379999999,ChIJ_S0BIGOAf4gRU3Ph4W65cOQ,OK,137497,471570009003003
2203.922,35.1507888,-89.977317,ChIJdVWrOuqAf4gR-V7s1E3qo7g,OK,141928,471570009003003
2110.388,35.054745,-90.007971,ChIJXxyyQlt91YcRhldtWgjSnSE,OK,152398,471570225001047
2110.388,35.054745,-90.007971,ChIJXxyyQlt91YcRhldtWgjSnSE,OK,152398,471570225001047
2542.236,35.05407199999999,-90.00125899999999,ChIJIzdhk1h91YcRZT7cBcBslaM,OK,168437,471570225001047
1085.261,35.1804299,-89.9263818,ChIJIfvtv4eBf4gRJLjVGBpAzmc,OK,100303,471570088003015
1085.261,35.1804299,-89.9263818,ChIJIfvtv4eBf4gRJLjVGBpAzmc,OK,100303,471570088003015
2041.376,35.183951,-89.93106899999999,ChIJWQ0EIo-Bf4gR6cuqlCcQuNw,OK,179392,471570088003015
3147.731,35.093591,-90.056624,ChIJgyVl92d81YcRhuRHHckl8Y4,OK,242846,471570056003039
3147.731,35.093591,-90.056624,ChIJgyVl92d81YcRhuRHHckl8Y4,OK,242846,471570056003039
3327.568,35.095133,-90.05542799999999,ChIJATnUo0J81YcRpbAuNwXeqRw,OK,252806,471570056003039
1268.301,35.14981359999999,-89.94918609999999,ChIJVdGBGRaBf4gRsi89Rzqn8W4,OK,76090,471570013001003
1268.301,35.14981359999999,-89.94918609999999,ChIJVdGBGRaBf4gRsi89Rzqn8W4,OK,76090,471570013001003
1409.822,35.167095,-89.950496,ChIJecYfJgmBf4gRJh-YY67U6V8,OK,83664,471570013001003
216.503,35.17410499999999,-89.97575479999999,ChIJmfYTGFmAf4gRHGKCaD0qCtI,OK,12988,471570008003001
216.503,35.17410499999999,-89.97575479999999,ChIJmfYTGFmAf4gRHGKCaD0qCtI,OK,12988,471570008003001
2080.717,35.12545849999999,-89.97454169999999,ChIJoyT3HjOHf4gRS6EdHckmff8,OK,188817,471570071001000
1130.107,35.1738374,-89.98954379999999,ChIJ_S0BIGOAf4gRU3Ph4W65cOQ,OK,67798,471570008003001
2080.717,35.12545849999999,-89.97454169999999,ChIJoyT3HjOHf4gRS6EdHckmff8,OK,188817,471570071001000
4418.792,35.148225,-89.89748700000001,ChIJC8t095eDf4gRGuXK3FleZyg,OK,222494,471570092003011
3051.486,35.1161637,-89.9446263,ChIJ-ZiED8iGf4gR32IlfgDBKWY,OK,232527,471570071001000
4910.809,35.1503395,-89.89321,ChIJRaSiF6KDf4gRNIqqt1VnH58,OK,254235,471570092003011
4910.809,35.1503395,-89.89321,ChIJRaSiF6KDf4gRNIqqt1VnH58,OK,254235,471570092003011
1863.739,35.0854368,-89.89541919999999,ChIJf5cc-VKEf4gRF-lYLgijYQQ,OK,114010,471570095001013
1863.739,35.0854368,-89.89541919999999,ChIJf5cc-VKEf4gRF-lYLgijYQQ,OK,114010,471570095001013
2090.778,35.1145886,-89.90089789999999,ChIJKWmlFW6Ef4gR0YNISWQMkss,OK,129825,471570095001013
1552.96,35.054745,-90.007971,ChIJXxyyQlt91YcRhldtWgjSnSE,OK,114701,471570225001053
1552.96,35.054745,-90.007971,ChIJXxyyQlt91YcRhldtWgjSnSE,OK,114701,471570225001053
1984.808,35.05407199999999,-90.00125899999999,ChIJIzdhk1h91YcRZT7cBcBslaM,OK,130740,471570225001053
2200.555,35.14981359999999,-89.94918609999999,ChIJVdGBGRaBf4gRsi89Rzqn8W4,OK,134813,471570030003017
2345.414,35.1497164,-89.95515999999999,ChIJcQb6ehiBf4gR-uA54eRPNq8,OK,145732,471570030003017
2345.414,35.1497164,-89.95515999999999,ChIJcQb6ehiBf4gR-uA54eRPNq8,OK,145732,471570030003017
257.815,35.0068452,-90.00681259999999,ChIJz3G0Jpti1YcRMCYWHOflqrA,OK,15468,471570221303000
257.815,35.0068452,-90.00681259999999,ChIJz3G0Jpti1YcRMCYWHOflqrA,OK,15468,471570221303000
1287.578,34.993343,-90.00823899999999,ChIJk-nxFn1i1YcRBckohHLWoho,OK,77252,471570221303000
6048.983,35.2051043,-89.79754849999999,ChIJpRDMlY2df4gRQqHmUo_lzmc,OK,285759,471570211212002
6048.983,35.2051043,-89.79754849999999,ChIJpRDMlY2df4gRQqHmUo_lzmc,OK,285759,471570211212002
6513.953,35.2072684,-89.7827147,ChIJKdJ2xvqdf4gRKLRUePlbOOs,OK,343181,471570211212002
1266.155,35.062945,-89.90568519999999,ChIJjxj9mL-Ff4gRoOEx9OzDyxs,OK,88457,471570107101016
1266.155,35.062945,-89.90568519999999,ChIJjxj9mL-Ff4gRoOEx9OzDyxs,OK,88457,471570107101016
1252.517,35.063996,-89.90690699999999,ChIJn51vcb-Ff4gRvoXU4r8swrw,OK,102607,471570107101016
3433.228,35.1738374,-89.98954379999999,ChIJ_S0BIGOAf4gRU3Ph4W65cOQ,OK,290098,471570004002002
3433.228,35.1738374,-89.98954379999999,ChIJ_S0BIGOAf4gRU3Ph4W65cOQ,OK,290098,471570004002002
4608.004,35.1490317,-90.0140679,ChIJw3q9_xV-1YcRqrte6yBn1CI,OK,319078,471570004002002
169.795,35.06128,-90.05978399999999,ChIJm06f8ZV81YcRTjzAsJPcBKY,OK,17487,471570225001108
169.795,35.06128,-90.05978399999999,ChIJm06f8ZV81YcRTjzAsJPcBKY,OK,17487,471570225001108
169.616,35.061362,-90.05986399999999,ChIJL_Gh8ZV81YcRDlMHRKqR_IA,OK,20353,471570225001108
1327.969,35.0612606,-89.88628629999999,ChIJAQ_I1gqFf4gRFrt5yQeAEps,OK,82469,471570107202001
1327.969,35.0612606,-89.88628629999999,ChIJAQ_I1gqFf4gRFrt5yQeAEps,OK,82469,471570107202001
1211.369,35.0632829,-89.88727279999999,ChIJvVoQ4QqFf4gRItXZGUDZ-Hc,OK,97896,471570107202001
1897.002,35.2044739,-89.76342459999999,ChIJ3XsJxyKef4gRTeWb3lonWsU,OK,91588,471570211421009
1913.29,35.2074362,-89.7805166,ChIJ62ATRfudf4gRPIrPAXGVsiQ,OK,130510,471570211421009
1913.29,35.2074362,-89.7805166,ChIJ62ATRfudf4gRPIrPAXGVsiQ,OK,130510,471570211421009
2816.464,35.1161637,-89.9446263,ChIJ-ZiED8iGf4gR32IlfgDBKWY,OK,183586,471570029004014
2816.464,35.1161637,-89.9446263,ChIJ-ZiED8iGf4gR32IlfgDBKWY,OK,183586,471570029004014
2998.793,35.14981359999999,-89.94918609999999,ChIJVdGBGRaBf4gRsi89Rzqn8W4,OK,210069,471570029004014
3623.077,35.0854368,-89.89541919999999,ChIJf5cc-VKEf4gRF-lYLgijYQQ,OK,229654,471570213203012
3623.077,35.0854368,-89.89541919999999,ChIJf5cc-VKEf4gRF-lYLgijYQQ,OK,229654,471570213203012
4112.047,35.1145886,-89.90089789999999,ChIJKWmlFW6Ef4gR0YNISWQMkss,OK,261360,471570213203012
4547.207,35.1439641,-90.0517892,ChIJL-0zBZR-1YcRj7p5p1WY4-g,OK,332900,471570001002007
4547.207,35.1439641,-90.0517892,ChIJL-0zBZR-1YcRj7p5p1WY4-g,OK,332900,471570001002007
4756.123,35.1450994,-90.0538646,ChIJne6_s5V-1YcRn_LPaqiwhrk,OK,338354,471570001002007
700.124,35.0854368,-89.89541919999999,ChIJf5cc-VKEf4gRF-lYLgijYQQ,OK,42158,471570095002023
700.124,35.0854368,-89.89541919999999,ChIJf5cc-VKEf4gRF-lYLgijYQQ,OK,42158,471570095002023
3489.582,35.1145886,-89.90089789999999,ChIJKWmlFW6Ef4gR0YNISWQMkss,OK,211704,471570095002023
2448.446,35.14868459999999,-89.7948203,ChIJ4w9Lr2qcf4gRHdzl9FciAFM,OK,153154,471579804001034
2448.446,35.14868459999999,-89.7948203,ChIJ4w9Lr2qcf4gRHdzl9FciAFM,OK,153154,471579804001034
3214.609,35.1546312,-89.79260459999999,ChIJ8UeuSEecf4gRniit7ubZLtM,OK,173853,471579804001034
4694.592,35.1087458,-90.0211918,ChIJe6w2EsF91YcRquzVZc8M0-I,OK,253989,471570075002012
4695.233,35.10874099999999,-90.021185,ChIJrVbiDcF91YcRG9TBOTpHc3I,OK,254066,471570075002012
4695.233,35.10874099999999,-90.021185,ChIJrVbiDcF91YcRG9TBOTpHc3I,OK,254066,471570075002012
1328.488,35.1804299,-89.9263818,ChIJIfvtv4eBf4gRJLjVGBpAzmc,OK,129490,471570088003018
1328.488,35.1804299,-89.9263818,ChIJIfvtv4eBf4gRJLjVGBpAzmc,OK,129490,471570088003018
2129.725,35.183951,-89.93106899999999,ChIJWQ0EIo-Bf4gR6cuqlCcQuNw,OK,197168,471570088003018
1336.136,35.125222,-90.048147,ChIJ9cKdtid81YcRKs9h6RjzQzw,OK,77127,471570114001031
1336.136,35.125222,-90.048147,ChIJ9cKdtid81YcRKs9h6RjzQzw,OK,77127,471570114001031
1337.95,35.1251709,-90.0481695,ChIJybIJtCd81YcR9Otxws-5qCM,OK,77227,471570114001031
1190.692,35.125222,-90.048147,ChIJ9cKdtid81YcRKs9h6RjzQzw,OK,66655,471570114001032
1190.692,35.125222,-90.048147,ChIJ9cKdtid81YcRKs9h6RjzQzw,OK,66655,471570114001032
1192.506,35.1251709,-90.0481695,ChIJybIJtCd81YcR9Otxws-5qCM,OK,66755,471570114001032
1131.395,35.125222,-90.048147,ChIJ9cKdtid81YcRKs9h6RjzQzw,OK,92791,471570114001037
1131.395,35.125222,-90.048147,ChIJ9cKdtid81YcRKs9h6RjzQzw,OK,92791,471570114001037
1133.209,35.1251709,-90.0481695,ChIJybIJtCd81YcR9Otxws-5qCM,OK,92891,471570114001037
969.17,35.125222,-90.048147,ChIJ9cKdtid81YcRKs9h6RjzQzw,OK,73326,471570114001043
969.17,35.125222,-90.048147,ChIJ9cKdtid81YcRKs9h6RjzQzw,OK,73326,471570114001043
970.984,35.1251709,-90.0481695,ChIJybIJtCd81YcR9Otxws-5qCM,OK,73426,471570114001043
1102.462,35.125222,-90.048147,ChIJ9cKdtid81YcRKs9h6RjzQzw,OK,89320,471570114001046
1102.462,35.125222,-90.048147,ChIJ9cKdtid81YcRKs9h6RjzQzw,OK,89320,471570114001046
1104.276,35.1251709,-90.0481695,ChIJybIJtCd81YcR9Otxws-5qCM,OK,89420,471570114001046
999.499,35.125222,-90.048147,ChIJ9cKdtid81YcRKs9h6RjzQzw,OK,76965,471570114001044
999.499,35.125222,-90.048147,ChIJ9cKdtid81YcRKs9h6RjzQzw,OK,76965,471570114001044
1001.313,35.1251709,-90.0481695,ChIJybIJtCd81YcR9Otxws-5qCM,OK,77065,471570114001044
1013.387,35.125222,-90.048147,ChIJ9cKdtid81YcRKs9h6RjzQzw,OK,75359,471570114001038
1013.387,35.125222,-90.048147,ChIJ9cKdtid81YcRKs9h6RjzQzw,OK,75359,471570114001038
1015.201,35.1251709,-90.0481695,ChIJybIJtCd81YcR9Otxws-5qCM,OK,75459,471570114001038
638.923,35.125222,-90.048147,ChIJ9cKdtid81YcRKs9h6RjzQzw,OK,44584,471570050001000
638.923,35.125222,-90.048147,ChIJ9cKdtid81YcRKs9h6RjzQzw,OK,44584,471570050001000
640.737,35.1251709,-90.0481695,ChIJybIJtCd81YcR9Otxws-5qCM,OK,44684,471570050001000
906.721,35.125222,-90.048147,ChIJ9cKdtid81YcRKs9h6RjzQzw,OK,65833,471570114001065
906.721,35.125222,-90.048147,ChIJ9cKdtid81YcRKs9h6RjzQzw,OK,65833,471570114001065
908.535,35.1251709,-90.0481695,ChIJybIJtCd81YcR9Otxws-5qCM,OK,65933,471570114001065
932.869,35.125222,-90.048147,ChIJ9cKdtid81YcRKs9h6RjzQzw,OK,68970,471570114003058
932.869,35.125222,-90.048147,ChIJ9cKdtid81YcRKs9h6RjzQzw,OK,68970,471570114003058
934.683,35.1251709,-90.0481695,ChIJybIJtCd81YcR9Otxws-5qCM,OK,69070,471570114003058
960.057,35.125222,-90.048147,ChIJ9cKdtid81YcRKs9h6RjzQzw,OK,72232,471570114001042
960.057,35.125222,-90.048147,ChIJ9cKdtid81YcRKs9h6RjzQzw,OK,72232,471570114001042
961.871,35.1251709,-90.0481695,ChIJybIJtCd81YcR9Otxws-5qCM,OK,72332,471570114001042
601.672,35.1251709,-90.0481695,ChIJybIJtCd81YcR9Otxws-5qCM,OK,68171,471570050001016
601.672,35.1251709,-90.0481695,ChIJybIJtCd81YcR9Otxws-5qCM,OK,68171,471570050001016
603.486,35.125222,-90.048147,ChIJ9cKdtid81YcRKs9h6RjzQzw,OK,68272,471570050001016
1689.123,35.2044739,-89.76342459999999,ChIJ3XsJxyKef4gRTeWb3lonWsU,OK,100997,471570210102026
1689.123,35.2044739,-89.76342459999999,ChIJ3XsJxyKef4gRTeWb3lonWsU,OK,100997,471570210102026
2733.456,35.2064292,-89.73436359999999,ChIJP6qgZdGff4gRQoIww3TX5kM,OK,139592,471570210102026
2067.952,35.2044739,-89.76342459999999,ChIJ3XsJxyKef4gRTeWb3lonWsU,OK,177561,471570210102027
2067.952,35.2044739,-89.76342459999999,ChIJ3XsJxyKef4gRTeWb3lonWsU,OK,177561,471570210102027
3856.826,35.2064292,-89.73436359999999,ChIJP6qgZdGff4gRQoIww3TX5kM,OK,227614,471570210102027
4012.188,35.2044739,-89.76342459999999,ChIJ3XsJxyKef4gRTeWb3lonWsU,OK,284027,471570210102073
4012.188,35.2044739,-89.76342459999999,ChIJ3XsJxyKef4gRTeWb3lonWsU,OK,284027,471570210102073
4595.807,35.1581502,-89.72609419999999,ChIJL6yctRGff4gRqpalt07WxQs,OK,287336,471570210102073
4665.346,35.1546312,-89.79260459999999,ChIJ8UeuSEecf4gRniit7ubZLtM,OK,323983,471570211362003
4665.346,35.1546312,-89.79260459999999,ChIJ8UeuSEecf4gRniit7ubZLtM,OK,323983,471570211362003
4789.276,35.2044739,-89.76342459999999,ChIJ3XsJxyKef4gRTeWb3lonWsU,OK,345991,471570211362003
4600.582,35.1546312,-89.79260459999999,ChIJ8UeuSEecf4gRniit7ubZLtM,OK,337533,471570211362010
4600.582,35.1546312,-89.79260459999999,ChIJ8UeuSEecf4gRniit7ubZLtM,OK,337533,471570211362010
4958.805,35.2044739,-89.76342459999999,ChIJ3XsJxyKef4gRTeWb3lonWsU,OK,371278,471570211362010
4702.238,35.1546312,-89.79260459999999,ChIJ8UeuSEecf4gRniit7ubZLtM,OK,349731,471570211362013
4702.238,35.1546312,-89.79260459999999,ChIJ8UeuSEecf4gRniit7ubZLtM,OK,349731,471570211362013
5062.509,35.2044739,-89.76342459999999,ChIJ3XsJxyKef4gRTeWb3lonWsU,OK,383720,471570211362013
3852.702,35.1546312,-89.79260459999999,ChIJ8UeuSEecf4gRniit7ubZLtM,OK,260153,471570211362019
3852.702,35.1546312,-89.79260459999999,ChIJ8UeuSEecf4gRniit7ubZLtM,OK,260153,471570211362019
4800.164,35.14868459999999,-89.7948203,ChIJ4w9Lr2qcf4gRHdzl9FciAFM,OK,313705,471570211362019
2243.67,35.0461089,-89.7947008,ChIJaZI6O3Oaf4gRqa_eh0DNj_s,OK,131914,471570213423019
2243.67,35.0461089,-89.7947008,ChIJaZI6O3Oaf4gRqa_eh0DNj_s,OK,131914,471570213423019
2361.675,35.045091,-89.795412,ChIJVelsQnOaf4gRECqTW7fq-dY,OK,138449,471570213423019
2311.053,35.0461089,-89.7947008,ChIJaZI6O3Oaf4gRqa_eh0DNj_s,OK,160693,471570213423036
2311.053,35.0461089,-89.7947008,ChIJaZI6O3Oaf4gRqa_eh0DNj_s,OK,160693,471570213423036
2429.058,35.045091,-89.795412,ChIJVelsQnOaf4gRECqTW7fq-dY,OK,167228,471570213423036
2299.219,35.0461089,-89.7947008,ChIJaZI6O3Oaf4gRqa_eh0DNj_s,OK,168873,471570213424054
2299.219,35.0461089,-89.7947008,ChIJaZI6O3Oaf4gRqa_eh0DNj_s,OK,168873,471570213424054
2417.224,35.045091,-89.795412,ChIJVelsQnOaf4gRECqTW7fq-dY,OK,175408,471570213424054
2434.638,35.0461089,-89.7947008,ChIJaZI6O3Oaf4gRqa_eh0DNj_s,OK,166389,471570213423057
2434.638,35.0461089,-89.7947008,ChIJaZI6O3Oaf4gRqa_eh0DNj_s,OK,166389,471570213423057
2345.482,35.14981359999999,-89.94918609999999,ChIJVdGBGRaBf4gRsi89Rzqn8W4,OK,158763,471570030002015
2345.482,35.14981359999999,-89.94918609999999,ChIJVdGBGRaBf4gRsi89Rzqn8W4,OK,158763,471570030002015
2490.341,35.1497164,-89.95515999999999,ChIJcQb6ehiBf4gR-uA54eRPNq8,OK,169682,471570030002015
1002.502,35.02138900000001,-89.996898,ChIJz3MQkR6If4gRIBgmNH-BQcg,OK,118391,471570221121015
1002.502,35.02138900000001,-89.996898,ChIJz3MQkR6If4gRIBgmNH-BQcg,OK,118391,471570221121015
3137.793,35.021384,-90.019407,ChIJk8DCu8Bi1YcRUnUQCgCMr-E,OK,237395,471570221121015
4104.124,35.1439641,-90.0517892,ChIJL-0zBZR-1YcRj7p5p1WY4-g,OK,314485,471570001003032
4104.124,35.1439641,-90.0517892,ChIJL-0zBZR-1YcRj7p5p1WY4-g,OK,314485,471570001003032
4313.04,35.1450994,-90.0538646,ChIJne6_s5V-1YcRn_LPaqiwhrk,OK,319939,471570001003032
2927.487,35.0614623,-89.8536277,ChIJ4TWJkTWFf4gRbkNZYfkF9Jw,OK,196596,471570213332022
2927.487,35.0614623,-89.8536277,ChIJ4TWJkTWFf4gRbkNZYfkF9Jw,OK,196596,471570213332022
3012.259,35.0512763,-89.8427476,ChIJ7VPJ3q-af4gRdxERIyaZ0gk,OK,202784,471570213332022
2119.951,35.12545849999999,-89.97454169999999,ChIJoyT3HjOHf4gRS6EdHckmff8,OK,148285,471570071001009
2119.951,35.12545849999999,-89.97454169999999,ChIJoyT3HjOHf4gRS6EdHckmff8,OK,148285,471570071001009
2680.15,35.1161637,-89.9446263,ChIJ-ZiED8iGf4gR32IlfgDBKWY,OK,187968,471570071001009
2216.848,35.167095,-89.950496,ChIJecYfJgmBf4gRJh-YY67U6V8,OK,154157,471570012002009
2216.848,35.167095,-89.950496,ChIJecYfJgmBf4gRJh-YY67U6V8,OK,154157,471570012002009
2753.4,35.14981359999999,-89.94918609999999,ChIJVdGBGRaBf4gRsi89Rzqn8W4,OK,188131,471570012002009
2411.006,35.183951,-89.93106899999999,ChIJWQ0EIo-Bf4gR6cuqlCcQuNw,OK,224231,471570011001003
2411.006,35.183951,-89.93106899999999,ChIJWQ0EIo-Bf4gR6cuqlCcQuNw,OK,224231,471570011001003
2411.244,35.1839382,-89.93104869999999,ChIJrQx5Io-Bf4gRSwDAaGIf4WE,OK,224274,471570011001003
2386.983,35.04577219999999,-89.82821469999999,ChIJL-jEaJmaf4gREtYdkYi2nAs,OK,169636,471570213341021
2386.983,35.04577219999999,-89.82821469999999,ChIJL-jEaJmaf4gREtYdkYi2nAs,OK,169636,471570213341021
2657.256,35.0493563,-89.83813929999999,ChIJjRQNzqSaf4gRxmNqB0YAYGM,OK,179717,471570213341021
1565.132,35.1251709,-90.0481695,ChIJybIJtCd81YcR9Otxws-5qCM,OK,86675,471570114001025
1565.132,35.1251709,-90.0481695,ChIJybIJtCd81YcR9Otxws-5qCM,OK,86675,471570114001025
1566.947,35.125222,-90.048147,ChIJ9cKdtid81YcRKs9h6RjzQzw,OK,86776,471570114001025
768.159,35.02138900000001,-89.996898,ChIJz3MQkR6If4gRIBgmNH-BQcg,OK,90271,471570221122017
768.159,35.02138900000001,-89.996898,ChIJz3MQkR6If4gRIBgmNH-BQcg,OK,90271,471570221122017
2903.45,35.021384,-90.019407,ChIJk8DCu8Bi1YcRUnUQCgCMr-E,OK,209275,471570221122017
4319.793,35.1439641,-90.0517892,ChIJL-0zBZR-1YcRj7p5p1WY4-g,OK,304574,471570001002032
4319.793,35.1439641,-90.0517892,ChIJL-0zBZR-1YcRj7p5p1WY4-g,OK,304574,471570001002032
4528.709,35.1450994,-90.0538646,ChIJne6_s5V-1YcRn_LPaqiwhrk,OK,310028,471570001002032
1437.812,35.05905920000001,-89.9340455,ChIJM89Mbw2Gf4gRFqf4fPnKU7k,OK,105183,471570106103010
1437.812,35.05905920000001,-89.9340455,ChIJM89Mbw2Gf4gRFqf4fPnKU7k,OK,105183,471570106103010
1958.907,35.0745932,-89.9204618,ChIJPX58KNGFf4gRLgBWAHPwusk,OK,141042,471570106103010
2173.484,35.12545849999999,-89.97454169999999,ChIJoyT3HjOHf4gRS6EdHckmff8,OK,138381,471570072002012
2173.484,35.12545849999999,-89.97454169999999,ChIJoyT3HjOHf4gRS6EdHckmff8,OK,138381,471570072002012
2733.683,35.1161637,-89.9446263,ChIJ-ZiED8iGf4gR32IlfgDBKWY,OK,178064,471570072002012
3067.975,35.1546312,-89.79260459999999,ChIJ8UeuSEecf4gRniit7ubZLtM,OK,222699,471570211353023
3067.975,35.1546312,-89.79260459999999,ChIJ8UeuSEecf4gRniit7ubZLtM,OK,222699,471570211353023
4015.437,35.14868459999999,-89.7948203,ChIJ4w9Lr2qcf4gRHdzl9FciAFM,OK,276251,471570211353023
655.582,35.02138900000001,-89.996898,ChIJz3MQkR6If4gRIBgmNH-BQcg,OK,76761,471570221122016
655.582,35.02138900000001,-89.996898,ChIJz3MQkR6If4gRIBgmNH-BQcg,OK,76761,471570221122016
2790.874,35.021384,-90.019407,ChIJk8DCu8Bi1YcRUnUQCgCMr-E,OK,195765,471570221122016
153.903,35.13774119999999,-89.99713,ChIJtwtohKiAf4gRFxkNLUf9PgA,OK,18468,471570032001004
153.903,35.13774119999999,-89.99713,ChIJtwtohKiAf4gRFxkNLUf9PgA,OK,18468,471570032001004
934.247,35.13779299999999,-89.99118349999999,ChIJUQlZ-K-Af4gRkRKK62-ap5w,OK,81959,471570032001004
1408.392,35.16339899999999,-89.855841,ChIJA_xfkC6Df4gRAjVZwLz1jqA,OK,88076,471570211211005
1408.392,35.16339899999999,-89.855841,ChIJA_xfkC6Df4gRAjVZwLz1jqA,OK,88076,471570211211005
1483.547,35.1623785,-89.8566175,ChIJXQHWWS6Df4gRqhH5EQ9H1j0,OK,97041,471570211211005
1955.84,35.12545849999999,-89.97454169999999,ChIJoyT3HjOHf4gRS6EdHckmff8,OK,122711,471570072002010
1955.84,35.12545849999999,-89.97454169999999,ChIJoyT3HjOHf4gRS6EdHckmff8,OK,122711,471570072002010
2516.039,35.1161637,-89.9446263,ChIJ-ZiED8iGf4gR32IlfgDBKWY,OK,162394,471570072002010
2818.077,35.0614623,-89.8536277,ChIJ4TWJkTWFf4gRbkNZYfkF9Jw,OK,178558,471570213332020
2902.848,35.0512763,-89.8427476,ChIJ7VPJ3q-af4gRdxERIyaZ0gk,OK,184746,471570213332020
2902.848,35.0512763,-89.8427476,ChIJ7VPJ3q-af4gRdxERIyaZ0gk,OK,184746,471570213332020
2407.325,35.156962,-89.88851749999999,ChIJaVmJmQmDf4gR3ZGZP7kcoeo,OK,123081,471570098001001
2407.325,35.156962,-89.88851749999999,ChIJaVmJmQmDf4gR3ZGZP7kcoeo,OK,123081,471570098001001
2904.971,35.1503395,-89.89321,ChIJRaSiF6KDf4gRNIqqt1VnH58,OK,141712,471570098001001
1747.778,35.12545849999999,-89.97454169999999,ChIJoyT3HjOHf4gRS6EdHckmff8,OK,116673,471570072001007
1747.778,35.12545849999999,-89.97454169999999,ChIJoyT3HjOHf4gRS6EdHckmff8,OK,116673,471570072001007
2303.8,35.1161637,-89.9446263,ChIJ-ZiED8iGf4gR32IlfgDBKWY,OK,156214,471570072001007
178.008,35.13774119999999,-89.99713,ChIJtwtohKiAf4gRFxkNLUf9PgA,OK,21360,471570032001011
178.008,35.13774119999999,-89.99713,ChIJtwtohKiAf4gRFxkNLUf9PgA,OK,21360,471570032001011
1229.764,35.13418100000001,-89.98599,ChIJnf1_yraAf4gR9pQmD7CXhgg,OK,84997,471570032001011
1952.625,35.0854368,-89.89541919999999,ChIJf5cc-VKEf4gRF-lYLgijYQQ,OK,147731,471570094001036
1952.625,35.0854368,-89.89541919999999,ChIJf5cc-VKEf4gRF-lYLgijYQQ,OK,147731,471570094001036
2675.849,35.1145886,-89.90089789999999,ChIJKWmlFW6Ef4gR0YNISWQMkss,OK,193314,471570094001036
1698.614,35.0854368,-89.89541919999999,ChIJf5cc-VKEf4gRF-lYLgijYQQ,OK,112100,471570094001032
1698.614,35.0854368,-89.89541919999999,ChIJf5cc-VKEf4gRF-lYLgijYQQ,OK,112100,471570094001032
2250.191,35.1145886,-89.90089789999999,ChIJKWmlFW6Ef4gR0YNISWQMkss,OK,147385,471570094001032
1862.983,35.0854368,-89.89541919999999,ChIJf5cc-VKEf4gRF-lYLgijYQQ,OK,142230,471570094002001
1862.983,35.0854368,-89.89541919999999,ChIJf5cc-VKEf4gRF-lYLgijYQQ,OK,142230,471570094002001
2761.419,35.1145886,-89.90089789999999,ChIJKWmlFW6Ef4gR0YNISWQMkss,OK,198325,471570094002001
1204.108,35.1145886,-89.90089789999999,ChIJKWmlFW6Ef4gR0YNISWQMkss,OK,89987,471570094001010
1204.108,35.1145886,-89.90089789999999,ChIJKWmlFW6Ef4gR0YNISWQMkss,OK,89987,471570094001010
1174.142,35.1153996,-89.89414069999999,ChIJCb4NOWWEf4gR79YlPQoocW4,OK,95360,471570094001010
1388.799,35.1145886,-89.90089789999999,ChIJKWmlFW6Ef4gR0YNISWQMkss,OK,85669,471570094001018
1388.799,35.1145886,-89.90089789999999,ChIJKWmlFW6Ef4gR0YNISWQMkss,OK,85669,471570094001018
1358.833,35.1153996,-89.89414069999999,ChIJCb4NOWWEf4gR79YlPQoocW4,OK,91042,471570094001018
2976.561,35.098685,-90.05664899999999,ChIJ31qwBkJ81YcRk2V5pdmdhrM,OK,193224,471570117001079
2976.561,35.098685,-90.05664899999999,ChIJ31qwBkJ81YcRk2V5pdmdhrM,OK,193224,471570117001079
3365.554,35.095133,-90.05542799999999,ChIJATnUo0J81YcRpbAuNwXeqRw,OK,214768,471570117001079
2792.778,35.098685,-90.05664899999999,ChIJ31qwBkJ81YcRk2V5pdmdhrM,OK,178149,471570117001076
2792.778,35.098685,-90.05664899999999,ChIJ31qwBkJ81YcRk2V5pdmdhrM,OK,178149,471570117001076
3224.688,35.1251709,-90.0481695,ChIJybIJtCd81YcR9Otxws-5qCM,OK,202879,471570117001076
2631.054,35.098685,-90.05664899999999,ChIJ31qwBkJ81YcRk2V5pdmdhrM,OK,176368,471570117001093
2631.054,35.098685,-90.05664899999999,ChIJ31qwBkJ81YcRk2V5pdmdhrM,OK,176368,471570117001093
3020.046,35.095133,-90.05542799999999,ChIJATnUo0J81YcRpbAuNwXeqRw,OK,197912,471570117001093
2709.416,35.1251709,-90.0481695,ChIJybIJtCd81YcR9Otxws-5qCM,OK,169527,471570117001104
2709.416,35.1251709,-90.0481695,ChIJybIJtCd81YcR9Otxws-5qCM,OK,169527,471570117001104
2711.23,35.125222,-90.048147,ChIJ9cKdtid81YcRKs9h6RjzQzw,OK,169628,471570117001104
2204.636,35.098685,-90.05664899999999,ChIJ31qwBkJ81YcRk2V5pdmdhrM,OK,144195,471570117001105
2204.636,35.098685,-90.05664899999999,ChIJ31qwBkJ81YcRk2V5pdmdhrM,OK,144195,471570117001105
2593.629,35.095133,-90.05542799999999,ChIJATnUo0J81YcRpbAuNwXeqRw,OK,165739,471570117001105
2316.499,35.098685,-90.05664899999999,ChIJ31qwBkJ81YcRk2V5pdmdhrM,OK,147870,471570117001100
2316.499,35.098685,-90.05664899999999,ChIJ31qwBkJ81YcRk2V5pdmdhrM,OK,147870,471570117001100
2705.492,35.095133,-90.05542799999999,ChIJATnUo0J81YcRpbAuNwXeqRw,OK,169414,471570117001100
2033.424,35.1251709,-90.0481695,ChIJybIJtCd81YcR9Otxws-5qCM,OK,147003,471570117001035
2033.424,35.1251709,-90.0481695,ChIJybIJtCd81YcR9Otxws-5qCM,OK,147003,471570117001035
2035.238,35.125222,-90.048147,ChIJ9cKdtid81YcRKs9h6RjzQzw,OK,147104,471570117001035
2112.919,35.1251709,-90.0481695,ChIJybIJtCd81YcR9Otxws-5qCM,OK,146926,471570117001051
2112.919,35.1251709,-90.0481695,ChIJybIJtCd81YcR9Otxws-5qCM,OK,146926,471570117001051
2114.733,35.125222,-90.048147,ChIJ9cKdtid81YcRKs9h6RjzQzw,OK,147027,471570117001051
1841.885,35.1251709,-90.0481695,ChIJybIJtCd81YcR9Otxws-5qCM,OK,124019,471570117001057
1841.885,35.1251709,-90.0481695,ChIJybIJtCd81YcR9Otxws-5qCM,OK,124019,471570117001057
1843.7,35.125222,-90.048147,ChIJ9cKdtid81YcRKs9h6RjzQzw,OK,124120,471570117001057
1914.76,35.1251709,-90.0481695,ChIJybIJtCd81YcR9Otxws-5qCM,OK,123148,471570117001056
1914.76,35.1251709,-90.0481695,ChIJybIJtCd81YcR9Otxws-5qCM,OK,123148,471570117001056
1916.574,35.125222,-90.048147,ChIJ9cKdtid81YcRKs9h6RjzQzw,OK,123249,471570117001056
1759.313,35.1251709,-90.0481695,ChIJybIJtCd81YcR9Otxws-5qCM,OK,114111,471570117001052
1759.313,35.1251709,-90.0481695,ChIJybIJtCd81YcR9Otxws-5qCM,OK,114111,471570117001052
1761.127,35.125222,-90.048147,ChIJ9cKdtid81YcRKs9h6RjzQzw,OK,114212,471570117001052
1946.676,35.1251709,-90.0481695,ChIJybIJtCd81YcR9Otxws-5qCM,OK,126978,471570117001065
1946.676,35.1251709,-90.0481695,ChIJybIJtCd81YcR9Otxws-5qCM,OK,126978,471570117001065
1948.49,35.125222,-90.048147,ChIJ9cKdtid81YcRKs9h6RjzQzw,OK,127079,471570117001065
2460.836,35.1251709,-90.0481695,ChIJybIJtCd81YcR9Otxws-5qCM,OK,148972,471570117001062
2460.836,35.1251709,-90.0481695,ChIJybIJtCd81YcR9Otxws-5qCM,OK,148972,471570117001062
2462.65,35.125222,-90.048147,ChIJ9cKdtid81YcRKs9h6RjzQzw,OK,149073,471570117001062
2166.006,35.1251709,-90.0481695,ChIJybIJtCd81YcR9Otxws-5qCM,OK,126348,471570117001074
2166.006,35.1251709,-90.0481695,ChIJybIJtCd81YcR9Otxws-5qCM,OK,126348,471570117001074
2167.82,35.125222,-90.048147,ChIJ9cKdtid81YcRKs9h6RjzQzw,OK,126449,471570117001074
1676.298,35.1251709,-90.0481695,ChIJybIJtCd81YcR9Otxws-5qCM,OK,104150,471570117001059
1676.298,35.1251709,-90.0481695,ChIJybIJtCd81YcR9Otxws-5qCM,OK,104150,471570117001059
1678.113,35.125222,-90.048147,ChIJ9cKdtid81YcRKs9h6RjzQzw,OK,104251,471570117001059
1658.413,35.1251709,-90.0481695,ChIJybIJtCd81YcR9Otxws-5qCM,OK,102003,471570117001060
1658.413,35.1251709,-90.0481695,ChIJybIJtCd81YcR9Otxws-5qCM,OK,102003,471570117001060
1660.227,35.125222,-90.048147,ChIJ9cKdtid81YcRKs9h6RjzQzw,OK,102104,471570117001060
1713.153,35.1251709,-90.0481695,ChIJybIJtCd81YcR9Otxws-5qCM,OK,108571,471570117001021
1713.153,35.1251709,-90.0481695,ChIJybIJtCd81YcR9Otxws-5qCM,OK,108571,471570117001021
1714.967,35.125222,-90.048147,ChIJ9cKdtid81YcRKs9h6RjzQzw,OK,108672,471570117001021
1870.212,35.1251709,-90.0481695,ChIJybIJtCd81YcR9Otxws-5qCM,OK,117802,471570117001020
1870.212,35.1251709,-90.0481695,ChIJybIJtCd81YcR9Otxws-5qCM,OK,117802,471570117001020
876.738,35.14981359999999,-89.94918609999999,ChIJVdGBGRaBf4gRsi89Rzqn8W4,OK,52600,471570013004001
876.738,35.14981359999999,-89.94918609999999,ChIJVdGBGRaBf4gRsi89Rzqn8W4,OK,52600,471570013004001
1427.94,35.1497164,-89.95515999999999,ChIJcQb6ehiBf4gR-uA54eRPNq8,OK,87900,471570013004001
1029.172,35.14981359999999,-89.94918609999999,ChIJVdGBGRaBf4gRsi89Rzqn8W4,OK,61744,471570013001014
1029.172,35.14981359999999,-89.94918609999999,ChIJVdGBGRaBf4gRsi89Rzqn8W4,OK,61744,471570013001014
1580.374,35.1497164,-89.95515999999999,ChIJcQb6ehiBf4gR-uA54eRPNq8,OK,97044,471570013001014
1078.401,35.14981359999999,-89.94918609999999,ChIJVdGBGRaBf4gRsi89Rzqn8W4,OK,73788,471570013004000
1078.401,35.14981359999999,-89.94918609999999,ChIJVdGBGRaBf4gRsi89Rzqn8W4,OK,73788,471570013004000
1629.604,35.1497164,-89.95515999999999,ChIJcQb6ehiBf4gR-uA54eRPNq8,OK,109088,471570013004000
1443.775,35.14981359999999,-89.94918609999999,ChIJVdGBGRaBf4gRsi89Rzqn8W4,OK,99409,471570013001012
1443.775,35.14981359999999,-89.94918609999999,ChIJVdGBGRaBf4gRsi89Rzqn8W4,OK,99409,471570013001012
1657.927,35.167095,-89.950496,ChIJecYfJgmBf4gRJh-YY67U6V8,OK,106512,471570013001012
838.975,35.14981359999999,-89.94918609999999,ChIJVdGBGRaBf4gRsi89Rzqn8W4,OK,59458,471570013004006
838.975,35.14981359999999,-89.94918609999999,ChIJVdGBGRaBf4gRsi89Rzqn8W4,OK,59458,471570013004006
1390.177,35.1497164,-89.95515999999999,ChIJcQb6ehiBf4gR-uA54eRPNq8,OK,94758,471570013004006
479.523,35.14981359999999,-89.94918609999999,ChIJVdGBGRaBf4gRsi89Rzqn8W4,OK,28768,471570013004010
479.523,35.14981359999999,-89.94918609999999,ChIJVdGBGRaBf4gRsi89Rzqn8W4,OK,28768,471570013004010
1030.726,35.1497164,-89.95515999999999,ChIJcQb6ehiBf4gR-uA54eRPNq8,OK,64068,471570013004010
343.08,35.14981359999999,-89.94918609999999,ChIJVdGBGRaBf4gRsi89Rzqn8W4,OK,20582,471570013004013
343.08,35.14981359999999,-89.94918609999999,ChIJVdGBGRaBf4gRsi89Rzqn8W4,OK,20582,471570013004013
894.283,35.1497164,-89.95515999999999,ChIJcQb6ehiBf4gR-uA54eRPNq8,OK,55882,471570013004013
700.259,35.14981359999999,-89.94918609999999,ChIJVdGBGRaBf4gRsi89Rzqn8W4,OK,51120,471570013004011
700.259,35.14981359999999,-89.94918609999999,ChIJVdGBGRaBf4gRsi89Rzqn8W4,OK,51120,471570013004011
1251.462,35.1497164,-89.95515999999999,ChIJcQb6ehiBf4gR-uA54eRPNq8,OK,86420,471570013004011
561.686,35.14981359999999,-89.94918609999999,ChIJVdGBGRaBf4gRsi89Rzqn8W4,OK,35519,471570013004012
561.686,35.14981359999999,-89.94918609999999,ChIJVdGBGRaBf4gRsi89Rzqn8W4,OK,35519,471570013004012
1112.889,35.1497164,-89.95515999999999,ChIJcQb6ehiBf4gR-uA54eRPNq8,OK,70819,471570013004012
193.443,35.14981359999999,-89.94918609999999,ChIJVdGBGRaBf4gRsi89Rzqn8W4,OK,11605,471570013004016
193.443,35.14981359999999,-89.94918609999999,ChIJVdGBGRaBf4gRsi89Rzqn8W4,OK,11605,471570013004016
744.646,35.1497164,-89.95515999999999,ChIJcQb6ehiBf4gR-uA54eRPNq8,OK,46905,471570013004016
1400.354,35.0515568,-89.90630259999999,ChIJrU8jyZKFf4gRubg1AIyELWY,OK,109859,471570226001009
1400.354,35.0515568,-89.90630259999999,ChIJrU8jyZKFf4gRubg1AIyELWY,OK,109859,471570226001009
2004.987,35.0515544,-89.92255089999999,ChIJG_UFGuOFf4gRyHNDzwp5is0,OK,136455,471570226001009
1119.359,35.0515568,-89.90630259999999,ChIJrU8jyZKFf4gRubg1AIyELWY,OK,95979,471570106303002
1119.359,35.0515568,-89.90630259999999,ChIJrU8jyZKFf4gRubg1AIyELWY,OK,95979,471570106303002
1723.992,35.0515544,-89.92255089999999,ChIJG_UFGuOFf4gRyHNDzwp5is0,OK,122575,471570106303002
805.759,35.0515568,-89.90630259999999,ChIJrU8jyZKFf4gRubg1AIyELWY,OK,52836,471570226001057
805.759,35.0515568,-89.90630259999999,ChIJrU8jyZKFf4gRubg1AIyELWY,OK,52836,471570226001057
1897.64,35.0515544,-89.92255089999999,ChIJG_UFGuOFf4gRyHNDzwp5is0,OK,106418,471570226001057
1026.247,35.0515568,-89.90630259999999,ChIJrU8jyZKFf4gRubg1AIyELWY,OK,84807,471570106303000
1026.247,35.0515568,-89.90630259999999,ChIJrU8jyZKFf4gRubg1AIyELWY,OK,84807,471570106303000
1628.302,35.062945,-89.90568519999999,ChIJjxj9mL-Ff4gRoOEx9OzDyxs,OK,109854,471570106303000
3684.141,35.14868459999999,-89.7948203,ChIJ4w9Lr2qcf4gRHdzl9FciAFM,OK,325539,471570211371014
3684.141,35.14868459999999,-89.7948203,ChIJ4w9Lr2qcf4gRHdzl9FciAFM,OK,325539,471570211371014
4106.387,35.1546312,-89.79260459999999,ChIJ8UeuSEecf4gRniit7ubZLtM,OK,342005,471570211371014
774.032,35.0515568,-89.90630259999999,ChIJrU8jyZKFf4gRubg1AIyELWY,OK,62512,471570106301009
774.032,35.0515568,-89.90630259999999,ChIJrU8jyZKFf4gRubg1AIyELWY,OK,62512,471570106301009
1992.975,35.062945,-89.90568519999999,ChIJjxj9mL-Ff4gRoOEx9OzDyxs,OK,136236,471570106301009
658.698,35.0515568,-89.90630259999999,ChIJrU8jyZKFf4gRubg1AIyELWY,OK,52388,471570106303012
658.698,35.0515568,-89.90630259999999,ChIJrU8jyZKFf4gRubg1AIyELWY,OK,52388,471570106303012
1172.453,35.0515544,-89.92255089999999,ChIJG_UFGuOFf4gRyHNDzwp5is0,OK,76913,471570106303012
1049.51,35.0515568,-89.90630259999999,ChIJrU8jyZKFf4gRubg1AIyELWY,OK,66393,471570106301007
1049.51,35.0515568,-89.90630259999999,ChIJrU8jyZKFf4gRubg1AIyELWY,OK,66393,471570106301007
1207.395,35.062945,-89.90568519999999,ChIJjxj9mL-Ff4gRoOEx9OzDyxs,OK,68357,471570106301007
1716.669,35.0515568,-89.90630259999999,ChIJrU8jyZKFf4gRubg1AIyELWY,OK,107725,471570226001074
1716.669,35.0515568,-89.90630259999999,ChIJrU8jyZKFf4gRubg1AIyELWY,OK,107725,471570226001074
2223.409,35.05018,-89.89110199999999,ChIJNUozxJyFf4gRrJ8tUHk1p2Q,OK,132887,471570226001074
1094.991,35.0515568,-89.90630259999999,ChIJrU8jyZKFf4gRubg1AIyELWY,OK,80154,471570106301006
1094.991,35.0515568,-89.90630259999999,ChIJrU8jyZKFf4gRubg1AIyELWY,OK,80154,471570106301006
1252.876,35.062945,-89.90568519999999,ChIJjxj9mL-Ff4gRoOEx9OzDyxs,OK,82118,471570106301006
819.384,35.0515568,-89.90630259999999,ChIJrU8jyZKFf4gRubg1AIyELWY,OK,67954,471570106301010
819.384,35.0515568,-89.90630259999999,ChIJrU8jyZKFf4gRubg1AIyELWY,OK,67954,471570106301010
2038.328,35.062945,-89.90568519999999,ChIJjxj9mL-Ff4gRoOEx9OzDyxs,OK,141678,471570106301010
6061.362,35.2051043,-89.79754849999999,ChIJpRDMlY2df4gRQqHmUo_lzmc,OK,286228,471570211212003
6061.362,35.2051043,-89.79754849999999,ChIJpRDMlY2df4gRQqHmUo_lzmc,OK,286228,471570211212003
6526.332,35.2072684,-89.7827147,ChIJKdJ2xvqdf4gRKLRUePlbOOs,OK,343650,471570211212003
4537.386,35.2045576,-89.81176689999999,ChIJ8ROix4Kdf4gR4Su-1OwAUMo,OK,245071,471570211212006
5763.783,35.2051043,-89.79754849999999,ChIJpRDMlY2df4gRQqHmUo_lzmc,OK,277829,471570211212006
5763.783,35.2051043,-89.79754849999999,ChIJpRDMlY2df4gRQqHmUo_lzmc,OK,277829,471570211212006
4197.054,35.1444038,-90.0168571,ChIJufYEjhR-1YcREff46W6Lons,OK,233886,471570024002014
4197.054,35.1444038,-90.0168571,ChIJufYEjhR-1YcREff46W6Lons,OK,233886,471570024002014
4844.739,35.1490317,-90.0140679,ChIJw3q9_xV-1YcRqrte6yBn1CI,OK,267820,471570024002014
1007.97,35.13418100000001,-89.98599,ChIJnf1_yraAf4gR9pQmD7CXhgg,OK,62976,471570031002029
1007.97,35.13418100000001,-89.98599,ChIJnf1_yraAf4gR9pQmD7CXhgg,OK,62976,471570031002029
1173.188,35.12545849999999,-89.97454169999999,ChIJoyT3HjOHf4gRS6EdHckmff8,OK,69950,471570031002029
4398.68,35.164068,-89.8770782,ChIJpUMbExuDf4gRyW4QpPURe54,OK,210844,471570092003044
5623.791,35.1503395,-89.89321,ChIJRaSiF6KDf4gRNIqqt1VnH58,OK,281748,471570092003044
5623.791,35.1503395,-89.89321,ChIJRaSiF6KDf4gRNIqqt1VnH58,OK,281748,471570092003044
2071.323,35.17410499999999,-89.97575479999999,ChIJmfYTGFmAf4gRHGKCaD0qCtI,OK,123650,471570102206033
2071.323,35.17410499999999,-89.97575479999999,ChIJmfYTGFmAf4gRHGKCaD0qCtI,OK,123650,471570102206033
3309.747,35.1738374,-89.98954379999999,ChIJ_S0BIGOAf4gRU3Ph4W65cOQ,OK,197946,471570102206033
2019.909,35.0614623,-89.8536277,ChIJ4TWJkTWFf4gRbkNZYfkF9Jw,OK,124709,471570213311025
2019.909,35.0614623,-89.8536277,ChIJ4TWJkTWFf4gRbkNZYfkF9Jw,OK,124709,471570213311025
2104.681,35.0512763,-89.8427476,ChIJ7VPJ3q-af4gRdxERIyaZ0gk,OK,130897,471570213311025
3072.848,35.0614623,-89.8536277,ChIJ4TWJkTWFf4gRbkNZYfkF9Jw,OK,184065,471570213312015
3072.848,35.0614623,-89.8536277,ChIJ4TWJkTWFf4gRbkNZYfkF9Jw,OK,184065,471570213312015
3646.522,35.050596,-89.869556,ChIJQ4vLA2iFf4gRyyCo3ihKH44,OK,211134,471570213312015
3408.823,35.222344,-89.97682999999999,ChIJ987Br45_f4gRjwrvnFN8t7k,OK,204519,471570102206021
3408.823,35.222344,-89.97682999999999,ChIJ987Br45_f4gRjwrvnFN8t7k,OK,204519,471570102206021
3628.895,35.17410499999999,-89.97575479999999,ChIJmfYTGFmAf4gRHGKCaD0qCtI,OK,217721,471570102206021
4563.588,35.06128,-90.05978399999999,ChIJm06f8ZV81YcRTjzAsJPcBKY,OK,226365,471570225001022
4563.588,35.06128,-90.05978399999999,ChIJm06f8ZV81YcRTjzAsJPcBKY,OK,226365,471570225001022
4563.409,35.061362,-90.05986399999999,ChIJL_Gh8ZV81YcRDlMHRKqR_IA,OK,229231,471570225001022
3395.789,35.049031,-89.841437,ChIJt6vl46-af4gRvoN8Yvkmx9A,OK,179255,471570213342017
3940.429,35.0512763,-89.8427476,ChIJ7VPJ3q-af4gRdxERIyaZ0gk,OK,219537,471570213342017
3940.429,35.0512763,-89.8427476,ChIJ7VPJ3q-af4gRdxERIyaZ0gk,OK,219537,471570213342017
1097.15,35.0878609,-89.931612,ChIJ78kLm4aGf4gRhPZ5eF_7ojg,OK,63490,471570118003018
1097.15,35.0878609,-89.931612,ChIJ78kLm4aGf4gRhPZ5eF_7ojg,OK,63490,471570118003018
1491.532,35.0757114,-89.9271675,ChIJ-d7FIHmGf4gR6Aa1VQWm0ps,OK,87684,471570118003018
4157.604,35.0614623,-89.8536277,ChIJ4TWJkTWFf4gRbkNZYfkF9Jw,OK,229548,471570213311030
4157.604,35.0614623,-89.8536277,ChIJ4TWJkTWFf4gRbkNZYfkF9Jw,OK,229548,471570213311030
5429.464,35.0512763,-89.8427476,ChIJ7VPJ3q-af4gRdxERIyaZ0gk,OK,303656,471570213311030
7059.157,35.0854368,-89.89541919999999,ChIJf5cc-VKEf4gRF-lYLgijYQQ,OK,346230,471570095004032
7059.157,35.0854368,-89.89541919999999,ChIJf5cc-VKEf4gRF-lYLgijYQQ,OK,346230,471570095004032
9250.03,35.0612606,-89.88628629999999,ChIJAQ_I1gqFf4gRFrt5yQeAEps,OK,471838,471570095004032
6919.225,35.1153996,-89.89414069999999,ChIJCb4NOWWEf4gR79YlPQoocW4,OK,394015,471570096001034
6919.225,35.1153996,-89.89414069999999,ChIJCb4NOWWEf4gR79YlPQoocW4,OK,394015,471570096001034
7498.001,35.1145886,-89.90089789999999,ChIJKWmlFW6Ef4gR0YNISWQMkss,OK,421568,471570096001034
7083.879,35.1153996,-89.89414069999999,ChIJCb4NOWWEf4gR79YlPQoocW4,OK,403725,471570096001035
7083.879,35.1153996,-89.89414069999999,ChIJCb4NOWWEf4gR79YlPQoocW4,OK,403725,471570096001035
7662.655,35.1145886,-89.90089789999999,ChIJKWmlFW6Ef4gR0YNISWQMkss,OK,431278,471570096001035
1239.199,35.2166323,-89.9945206,ChIJ4fSgw_h_f4gRx0hAJfGjdzA,OK,75788,471570102204005
1239.199,35.2166323,-89.9945206,ChIJ4fSgw_h_f4gRx0hAJfGjdzA,OK,75788,471570102204005
1697.067,35.217526,-89.98935,ChIJKdhOoPd_f4gRbD5w-Ol3ovU,OK,105751,471570102204005
645.57,35.2044739,-89.76342459999999,ChIJ3XsJxyKef4gRTeWb3lonWsU,OK,48994,471570211414004
645.57,35.2044739,-89.76342459999999,ChIJ3XsJxyKef4gRTeWb3lonWsU,OK,48994,471570211414004
2240.858,35.2064292,-89.73436359999999,ChIJP6qgZdGff4gRQoIww3TX5kM,OK,123697,471570211414004
1127.16,35.16339899999999,-89.855841,ChIJA_xfkC6Df4gRAjVZwLz1jqA,OK,114870,471570211222012
1127.16,35.16339899999999,-89.855841,ChIJA_xfkC6Df4gRAjVZwLz1jqA,OK,114870,471570211222012
1200.543,35.1623785,-89.8566175,ChIJXQHWWS6Df4gRqhH5EQ9H1j0,OK,123729,471570211222012
1192.804,35.16339899999999,-89.855841,ChIJA_xfkC6Df4gRAjVZwLz1jqA,OK,122746,471570211222009
1192.804,35.16339899999999,-89.855841,ChIJA_xfkC6Df4gRAjVZwLz1jqA,OK,122746,471570211222009
1266.187,35.1623785,-89.8566175,ChIJXQHWWS6Df4gRqhH5EQ9H1j0,OK,131605,471570211222009
1014.525,35.16339899999999,-89.855841,ChIJA_xfkC6Df4gRAjVZwLz1jqA,OK,109729,471570211222014
1014.525,35.16339899999999,-89.855841,ChIJA_xfkC6Df4gRAjVZwLz1jqA,OK,109729,471570211222014
1087.908,35.1623785,-89.8566175,ChIJXQHWWS6Df4gRqhH5EQ9H1j0,OK,118588,471570211222014
1120.31,35.16339899999999,-89.855841,ChIJA_xfkC6Df4gRAjVZwLz1jqA,OK,120180,471570211222013
1120.31,35.16339899999999,-89.855841,ChIJA_xfkC6Df4gRAjVZwLz1jqA,OK,120180,471570211222013
1193.693,35.1623785,-89.8566175,ChIJXQHWWS6Df4gRqhH5EQ9H1j0,OK,129039,471570211222013
1300.966,35.125222,-90.048147,ChIJ9cKdtid81YcRKs9h6RjzQzw,OK,80155,471570045001025
4334.618,35.148225,-89.89748700000001,ChIJC8t095eDf4gRGuXK3FleZyg,OK,218165,471570092003010
4826.634,35.1503395,-89.89321,ChIJRaSiF6KDf4gRNIqqt1VnH58,OK,249906,471570092003010
4826.634,35.1503395,-89.89321,ChIJRaSiF6KDf4gRNIqqt1VnH58,OK,249906,471570092003010
5997.255,35.148225,-89.89748700000001,ChIJC8t095eDf4gRGuXK3FleZyg,OK,286938,471570092003018
6489.271,35.1503395,-89.89321,ChIJRaSiF6KDf4gRNIqqt1VnH58,OK,318679,471570092003018
6489.271,35.1503395,-89.89321,ChIJRaSiF6KDf4gRNIqqt1VnH58,OK,318679,471570092003018
3652.107,35.148225,-89.89748700000001,ChIJC8t095eDf4gRGuXK3FleZyg,OK,184326,471570092003009
4144.123,35.1503395,-89.89321,ChIJRaSiF6KDf4gRNIqqt1VnH58,OK,216067,471570092003009
4144.123,35.1503395,-89.89321,ChIJRaSiF6KDf4gRNIqqt1VnH58,OK,216067,471570092003009
4617.081,35.164068,-89.8770782,ChIJpUMbExuDf4gRyW4QpPURe54,OK,220297,471570092003008
6090.63,35.156962,-89.88851749999999,ChIJaVmJmQmDf4gR3ZGZP7kcoeo,OK,315599,471570092003008
6090.63,35.156962,-89.88851749999999,ChIJaVmJmQmDf4gR3ZGZP7kcoeo,OK,315599,471570092003008
5487.434,35.156962,-89.88851749999999,ChIJaVmJmQmDf4gR3ZGZP7kcoeo,OK,250709,471570092003021
5487.434,35.156962,-89.88851749999999,ChIJaVmJmQmDf4gR3ZGZP7kcoeo,OK,250709,471570092003021
5985.08,35.1503395,-89.89321,ChIJRaSiF6KDf4gRNIqqt1VnH58,OK,269340,471570092003021
7758.935,35.1503395,-89.89321,ChIJRaSiF6KDf4gRNIqqt1VnH58,OK,430279,471570092003007
7758.935,35.1503395,-89.89321,ChIJRaSiF6KDf4gRNIqqt1VnH58,OK,430279,471570092003007
7768.779,35.156962,-89.88851749999999,ChIJaVmJmQmDf4gR3ZGZP7kcoeo,OK,439754,471570092003007
1854.83,35.1503395,-89.89321,ChIJRaSiF6KDf4gRNIqqt1VnH58,OK,148153,471570092003029
1854.83,35.1503395,-89.89321,ChIJRaSiF6KDf4gRNIqqt1VnH58,OK,148153,471570092003029
1864.674,35.156962,-89.88851749999999,ChIJaVmJmQmDf4gR3ZGZP7kcoeo,OK,157628,471570092003029
1783.88,35.1503395,-89.89321,ChIJRaSiF6KDf4gRNIqqt1VnH58,OK,139642,471570092003034
1783.88,35.1503395,-89.89321,ChIJRaSiF6KDf4gRNIqqt1VnH58,OK,139642,471570092003034
1793.724,35.156962,-89.88851749999999,ChIJaVmJmQmDf4gR3ZGZP7kcoeo,OK,149117,471570092003034
6567.352,35.1503395,-89.89321,ChIJRaSiF6KDf4gRNIqqt1VnH58,OK,375610,471570092003046
6577.196,35.156962,-89.88851749999999,ChIJaVmJmQmDf4gR3ZGZP7kcoeo,OK,385085,471570092003046
6577.196,35.156962,-89.88851749999999,ChIJaVmJmQmDf4gR3ZGZP7kcoeo,OK,385085,471570092003046
2080.634,35.1503395,-89.89321,ChIJRaSiF6KDf4gRNIqqt1VnH58,OK,175249,471570092003028
2080.634,35.1503395,-89.89321,ChIJRaSiF6KDf4gRNIqqt1VnH58,OK,175249,471570092003028
2090.478,35.156962,-89.88851749999999,ChIJaVmJmQmDf4gR3ZGZP7kcoeo,OK,184724,471570092003028
2922.762,35.0493563,-89.83813929999999,ChIJjRQNzqSaf4gRxmNqB0YAYGM,OK,181056,471570213342014
2922.762,35.0493563,-89.83813929999999,ChIJjRQNzqSaf4gRxmNqB0YAYGM,OK,181056,471570213342014
3244.528,35.049031,-89.841437,ChIJt6vl46-af4gRvoN8Yvkmx9A,OK,203898,471570213342014
1136.441,35.148225,-89.89748700000001,ChIJC8t095eDf4gRGuXK3FleZyg,OK,83596,471570086003017
1136.441,35.148225,-89.89748700000001,ChIJC8t095eDf4gRGuXK3FleZyg,OK,83596,471570086003017
1216.987,35.1489345,-89.89838259999999,ChIJaTBvX72Df4gRiyFT0LQMnrQ,OK,88428,471570086003017
1271.702,35.148225,-89.89748700000001,ChIJC8t095eDf4gRGuXK3FleZyg,OK,91174,471570086003030
1271.702,35.148225,-89.89748700000001,ChIJC8t095eDf4gRGuXK3FleZyg,OK,91174,471570086003030
1352.248,35.1489345,-89.89838259999999,ChIJaTBvX72Df4gRiyFT0LQMnrQ,OK,96006,471570086003030
1599.986,35.148225,-89.89748700000001,ChIJC8t095eDf4gRGuXK3FleZyg,OK,134689,471570086003034
1599.986,35.148225,-89.89748700000001,ChIJC8t095eDf4gRGuXK3FleZyg,OK,134689,471570086003034
1680.532,35.1489345,-89.89838259999999,ChIJaTBvX72Df4gRiyFT0LQMnrQ,OK,139521,471570086003034
1608.549,35.148225,-89.89748700000001,ChIJC8t095eDf4gRGuXK3FleZyg,OK,131593,471570086002002
1608.549,35.148225,-89.89748700000001,ChIJC8t095eDf4gRGuXK3FleZyg,OK,131593,471570086002002
1689.094,35.1489345,-89.89838259999999,ChIJaTBvX72Df4gRiyFT0LQMnrQ,OK,136425,471570086002002
750.975,35.148225,-89.89748700000001,ChIJC8t095eDf4gRGuXK3FleZyg,OK,56406,471570092002017
750.975,35.148225,-89.89748700000001,ChIJC8t095eDf4gRGuXK3FleZyg,OK,56406,471570092002017
831.52,35.1489345,-89.89838259999999,ChIJaTBvX72Df4gRiyFT0LQMnrQ,OK,61238,471570092002017
502.752,35.1444038,-90.0168571,ChIJufYEjhR-1YcREff46W6Lons,OK,47069,471570025002031
502.752,35.1444038,-90.0168571,ChIJufYEjhR-1YcREff46W6Lons,OK,47069,471570025002031
717.14,35.1490317,-90.0140679,ChIJw3q9_xV-1YcRqrte6yBn1CI,OK,64821,471570025002031
401.549,35.1490317,-90.0140679,ChIJw3q9_xV-1YcRqrte6yBn1CI,OK,32565,471570025002019
401.549,35.1490317,-90.0140679,ChIJw3q9_xV-1YcRqrte6yBn1CI,OK,32565,471570025002019
1123.787,35.1444038,-90.0168571,ChIJufYEjhR-1YcREff46W6Lons,OK,79918,471570025002019
614.901,35.1444038,-90.0168571,ChIJufYEjhR-1YcREff46W6Lons,OK,60526,471570025002030
614.901,35.1444038,-90.0168571,ChIJufYEjhR-1YcREff46W6Lons,OK,60526,471570025002030
619.685,35.1490317,-90.0140679,ChIJw3q9_xV-1YcRqrte6yBn1CI,OK,66651,471570025002030
305.161,35.1490317,-90.0140679,ChIJw3q9_xV-1YcRqrte6yBn1CI,OK,25845,471570025002018
305.161,35.1490317,-90.0140679,ChIJw3q9_xV-1YcRqrte6yBn1CI,OK,25845,471570025002018
1027.399,35.1444038,-90.0168571,ChIJufYEjhR-1YcREff46W6Lons,OK,73198,471570025002018
45.442,35.1490317,-90.0140679,ChIJw3q9_xV-1YcRqrte6yBn1CI,OK,2726,471570025002026
45.442,35.1490317,-90.0140679,ChIJw3q9_xV-1YcRqrte6yBn1CI,OK,2726,471570025002026
676.796,35.1444038,-90.0168571,ChIJufYEjhR-1YcREff46W6Lons,OK,44625,471570025002026
300.313,35.1490317,-90.0140679,ChIJw3q9_xV-1YcRqrte6yBn1CI,OK,25263,471570025002024
300.313,35.1490317,-90.0140679,ChIJw3q9_xV-1YcRqrte6yBn1CI,OK,25263,471570025002024
861.675,35.1444038,-90.0168571,ChIJufYEjhR-1YcREff46W6Lons,OK,71791,471570025002024
421.918,35.1490317,-90.0140679,ChIJw3q9_xV-1YcRqrte6yBn1CI,OK,36602,471570025001048
421.918,35.1490317,-90.0140679,ChIJw3q9_xV-1YcRqrte6yBn1CI,OK,36602,471570025001048
247.239,35.17410499999999,-89.97575479999999,ChIJmfYTGFmAf4gRHGKCaD0qCtI,OK,21493,471570008003014
247.239,35.17410499999999,-89.97575479999999,ChIJmfYTGFmAf4gRHGKCaD0qCtI,OK,21493,471570008003014
1369.349,35.1738374,-89.98954379999999,ChIJ_S0BIGOAf4gRU3Ph4W65cOQ,OK,99633,471570008003014
34.927,35.17410499999999,-89.97575479999999,ChIJmfYTGFmAf4gRHGKCaD0qCtI,OK,2095,471570008001022
34.927,35.17410499999999,-89.97575479999999,ChIJmfYTGFmAf4gRHGKCaD0qCtI,OK,2095,471570008001022
1381.536,35.1738374,-89.98954379999999,ChIJ_S0BIGOAf4gRU3Ph4W65cOQ,OK,82882,471570008001022
438.819,35.17410499999999,-89.97575479999999,ChIJmfYTGFmAf4gRHGKCaD0qCtI,OK,36411,471570008001020
438.819,35.17410499999999,-89.97575479999999,ChIJmfYTGFmAf4gRHGKCaD0qCtI,OK,36411,471570008001020
1677.243,35.1738374,-89.98954379999999,ChIJ_S0BIGOAf4gRU3Ph4W65cOQ,OK,110707,471570008001020
334.167,35.17410499999999,-89.97575479999999,ChIJmfYTGFmAf4gRHGKCaD0qCtI,OK,30362,471570008001014
334.167,35.17410499999999,-89.97575479999999,ChIJmfYTGFmAf4gRHGKCaD0qCtI,OK,30362,471570008001014
1572.591,35.1738374,-89.98954379999999,ChIJ_S0BIGOAf4gRU3Ph4W65cOQ,OK,104658,471570008001014
236.868,35.17410499999999,-89.97575479999999,ChIJmfYTGFmAf4gRHGKCaD0qCtI,OK,21036,471570008001021
236.868,35.17410499999999,-89.97575479999999,ChIJmfYTGFmAf4gRHGKCaD0qCtI,OK,21036,471570008001021
1583.477,35.1738374,-89.98954379999999,ChIJ_S0BIGOAf4gRU3Ph4W65cOQ,OK,101823,471570008001021
596.921,35.17410499999999,-89.97575479999999,ChIJmfYTGFmAf4gRHGKCaD0qCtI,OK,48947,471570008001016
596.921,35.17410499999999,-89.97575479999999,ChIJmfYTGFmAf4gRHGKCaD0qCtI,OK,48947,471570008001016
1835.345,35.1738374,-89.98954379999999,ChIJ_S0BIGOAf4gRU3Ph4W65cOQ,OK,123243,471570008001016
545.572,35.17410499999999,-89.97575479999999,ChIJmfYTGFmAf4gRHGKCaD0qCtI,OK,42786,471570008001019
545.572,35.17410499999999,-89.97575479999999,ChIJmfYTGFmAf4gRHGKCaD0qCtI,OK,42786,471570008001019
1783.995,35.1738374,-89.98954379999999,ChIJ_S0BIGOAf4gRU3Ph4W65cOQ,OK,117082,471570008001019
4494.453,35.17410499999999,-89.97575479999999,ChIJmfYTGFmAf4gRHGKCaD0qCtI,OK,269655,471570205124012
5429.077,35.183951,-89.93106899999999,ChIJWQ0EIo-Bf4gR6cuqlCcQuNw,OK,285418,471570205124012
5429.077,35.183951,-89.93106899999999,ChIJWQ0EIo-Bf4gR6cuqlCcQuNw,OK,285418,471570205124012
3665.313,35.2023757,-89.9218691,ChIJvw7rwByCf4gRrAscHKjp1Iw,OK,276642,471570205124004
6212.223,35.183951,-89.93106899999999,ChIJWQ0EIo-Bf4gR6cuqlCcQuNw,OK,360477,471570205124004
6212.223,35.183951,-89.93106899999999,ChIJWQ0EIo-Bf4gR6cuqlCcQuNw,OK,360477,471570205124004
2488.462,35.17410499999999,-89.97575479999999,ChIJmfYTGFmAf4gRHGKCaD0qCtI,OK,141310,471570102206029
2488.462,35.17410499999999,-89.97575479999999,ChIJmfYTGFmAf4gRHGKCaD0qCtI,OK,141310,471570102206029
3726.886,35.1738374,-89.98954379999999,ChIJ_S0BIGOAf4gRU3Ph4W65cOQ,OK,215606,471570102206029
1380.802,35.107529,-89.9862127,ChIJ0WGfSUKHf4gRjDLrfGQwCV4,OK,94637,471570067002009
1380.802,35.107529,-89.9862127,ChIJ0WGfSUKHf4gRjDLrfGQwCV4,OK,94637,471570067002009
1821.82,35.104197,-89.98335349999999,ChIJNST6hGqHf4gR0Mml4gyjQWk,OK,114196,471570067002009
3377.914,35.2023757,-89.9218691,ChIJvw7rwByCf4gRrAscHKjp1Iw,OK,221566,471570205124006
5781.955,35.183951,-89.93106899999999,ChIJWQ0EIo-Bf4gR6cuqlCcQuNw,OK,306590,471570205124006
5781.955,35.183951,-89.93106899999999,ChIJWQ0EIo-Bf4gR6cuqlCcQuNw,OK,306590,471570205124006
3212.998,35.17410499999999,-89.97575479999999,ChIJmfYTGFmAf4gRHGKCaD0qCtI,OK,192771,471570205112033
3212.998,35.17410499999999,-89.97575479999999,ChIJmfYTGFmAf4gRHGKCaD0qCtI,OK,192771,471570205112033
4942.213,35.183951,-89.93106899999999,ChIJWQ0EIo-Bf4gR6cuqlCcQuNw,OK,256790,471570205112033
4654.058,35.183951,-89.93106899999999,ChIJWQ0EIo-Bf4gR6cuqlCcQuNw,OK,224642,471570205112026
3983.833,35.17410499999999,-89.97575479999999,ChIJmfYTGFmAf4gRHGKCaD0qCtI,OK,228035,471570205112026
3983.833,35.17410499999999,-89.97575479999999,ChIJmfYTGFmAf4gRHGKCaD0qCtI,OK,228035,471570205112026
4416.703,35.17410499999999,-89.97575479999999,ChIJmfYTGFmAf4gRHGKCaD0qCtI,OK,244437,471570102206030
4416.703,35.17410499999999,-89.97575479999999,ChIJmfYTGFmAf4gRHGKCaD0qCtI,OK,244437,471570102206030
5655.127,35.1738374,-89.98954379999999,ChIJ_S0BIGOAf4gRU3Ph4W65cOQ,OK,318733,471570102206030
3082.586,35.167095,-89.950496,ChIJecYfJgmBf4gRJh-YY67U6V8,OK,249348,471570111001000
3082.586,35.167095,-89.950496,ChIJecYfJgmBf4gRJh-YY67U6V8,OK,249348,471570111001000
3812.376,35.183951,-89.93106899999999,ChIJWQ0EIo-Bf4gR6cuqlCcQuNw,OK,302287,471570111001000
5053.174,35.183951,-89.93106899999999,ChIJWQ0EIo-Bf4gR6cuqlCcQuNw,OK,262896,471570205124021
5053.174,35.183951,-89.93106899999999,ChIJWQ0EIo-Bf4gR6cuqlCcQuNw,OK,262896,471570205124021
5053.412,35.1839382,-89.93104869999999,ChIJrQx5Io-Bf4gRSwDAaGIf4WE,OK,262939,471570205124021
6136.803,35.14868459999999,-89.7948203,ChIJ4w9Lr2qcf4gRHdzl9FciAFM,OK,404161,471570211391018
6136.803,35.14868459999999,-89.7948203,ChIJ4w9Lr2qcf4gRHdzl9FciAFM,OK,404161,471570211391018
6902.965,35.1546312,-89.79260459999999,ChIJ8UeuSEecf4gRniit7ubZLtM,OK,424860,471570211391018
5479.154,35.0757114,-89.9271675,ChIJ-d7FIHmGf4gR6Aa1VQWm0ps,OK,292892,471570118003020
5479.154,35.0757114,-89.9271675,ChIJ-d7FIHmGf4gR6Aa1VQWm0ps,OK,292892,471570118003020
6387.628,35.0878609,-89.931612,ChIJ78kLm4aGf4gRhPZ5eF_7ojg,OK,315988,471570118003020
724.989,35.17410499999999,-89.97575479999999,ChIJmfYTGFmAf4gRHGKCaD0qCtI,OK,58602,471570008001017
724.989,35.17410499999999,-89.97575479999999,ChIJmfYTGFmAf4gRHGKCaD0qCtI,OK,58602,471570008001017
1963.413,35.1738374,-89.98954379999999,ChIJ_S0BIGOAf4gRU3Ph4W65cOQ,OK,132898,471570008001017
717.175,35.17410499999999,-89.97575479999999,ChIJmfYTGFmAf4gRHGKCaD0qCtI,OK,43027,471570008001018
717.175,35.17410499999999,-89.97575479999999,ChIJmfYTGFmAf4gRHGKCaD0qCtI,OK,43027,471570008001018
1955.598,35.1738374,-89.98954379999999,ChIJ_S0BIGOAf4gRU3Ph4W65cOQ,OK,117323,471570008001018
1107.07,35.17410499999999,-89.97575479999999,ChIJmfYTGFmAf4gRHGKCaD0qCtI,OK,66421,471570111001018
1297.228,35.054745,-90.007971,ChIJXxyyQlt91YcRhldtWgjSnSE,OK,96734,471570220232010
1297.228,35.054745,-90.007971,ChIJXxyyQlt91YcRhldtWgjSnSE,OK,96734,471570220232010
1862.58,35.05407199999999,-90.00125899999999,ChIJIzdhk1h91YcRZT7cBcBslaM,OK,120167,471570220232010
1030.163,35.054745,-90.007971,ChIJXxyyQlt91YcRhldtWgjSnSE,OK,78144,471570220232003
1030.163,35.054745,-90.007971,ChIJXxyyQlt91YcRhldtWgjSnSE,OK,78144,471570220232003
1595.515,35.05407199999999,-90.00125899999999,ChIJIzdhk1h91YcRZT7cBcBslaM,OK,101577,471570220232003
1324.971,35.054745,-90.007971,ChIJXxyyQlt91YcRhldtWgjSnSE,OK,100063,471570220232011
1324.971,35.054745,-90.007971,ChIJXxyyQlt91YcRhldtWgjSnSE,OK,100063,471570220232011
1890.323,35.05407199999999,-90.00125899999999,ChIJIzdhk1h91YcRZT7cBcBslaM,OK,123496,471570220232011
1616.731,35.054745,-90.007971,ChIJXxyyQlt91YcRhldtWgjSnSE,OK,130757,471570220231010
1616.731,35.054745,-90.007971,ChIJXxyyQlt91YcRhldtWgjSnSE,OK,130757,471570220231010
2470.827,35.0333519,-90.02557630000001,ChIJK8z8Ksxi1YcRt8pxxgP2SA4,OK,204340,471570220231010
1896.422,35.054745,-90.007971,ChIJXxyyQlt91YcRhldtWgjSnSE,OK,142807,471570220243000
1896.422,35.054745,-90.007971,ChIJXxyyQlt91YcRhldtWgjSnSE,OK,142807,471570220243000
2196.441,35.0333519,-90.02557630000001,ChIJK8z8Ksxi1YcRt8pxxgP2SA4,OK,171416,471570220243000
1157.426,35.054745,-90.007971,ChIJXxyyQlt91YcRhldtWgjSnSE,OK,84220,471570220231012
1157.426,35.054745,-90.007971,ChIJXxyyQlt91YcRhldtWgjSnSE,OK,84220,471570220231012
1722.779,35.05407199999999,-90.00125899999999,ChIJIzdhk1h91YcRZT7cBcBslaM,OK,107653,471570220231012
1645.83,35.054745,-90.007971,ChIJXxyyQlt91YcRhldtWgjSnSE,OK,142828,471570220231014
1645.83,35.054745,-90.007971,ChIJXxyyQlt91YcRhldtWgjSnSE,OK,142828,471570220231014
2417.479,35.0333519,-90.02557630000001,ChIJK8z8Ksxi1YcRt8pxxgP2SA4,OK,197939,471570220231014
1583.496,35.054745,-90.007971,ChIJXxyyQlt91YcRhldtWgjSnSE,OK,117783,471570220231005
1583.496,35.054745,-90.007971,ChIJXxyyQlt91YcRhldtWgjSnSE,OK,117783,471570220231005
2148.848,35.05407199999999,-90.00125899999999,ChIJIzdhk1h91YcRZT7cBcBslaM,OK,141216,471570220231005
1162.178,35.054745,-90.007971,ChIJXxyyQlt91YcRhldtWgjSnSE,OK,82640,471570220231003
1162.178,35.054745,-90.007971,ChIJXxyyQlt91YcRhldtWgjSnSE,OK,82640,471570220231003
1727.531,35.05407199999999,-90.00125899999999,ChIJIzdhk1h91YcRZT7cBcBslaM,OK,106073,471570220231003
1546.054,35.054745,-90.007971,ChIJXxyyQlt91YcRhldtWgjSnSE,OK,128704,471570220231002
1546.054,35.054745,-90.007971,ChIJXxyyQlt91YcRhldtWgjSnSE,OK,128704,471570220231002
2111.406,35.05407199999999,-90.00125899999999,ChIJIzdhk1h91YcRZT7cBcBslaM,OK,152137,471570220231002
677.528,35.054745,-90.007971,ChIJXxyyQlt91YcRhldtWgjSnSE,OK,70469,471570220222003
677.528,35.054745,-90.007971,ChIJXxyyQlt91YcRhldtWgjSnSE,OK,70469,471570220222003
1109.376,35.05407199999999,-90.00125899999999,ChIJIzdhk1h91YcRZT7cBcBslaM,OK,86508,471570220222003
167.049,35.02138900000001,-89.996898,ChIJz3MQkR6If4gRIBgmNH-BQcg,OK,18139,471570221221002
167.049,35.02138900000001,-89.996898,ChIJz3MQkR6If4gRIBgmNH-BQcg,OK,18139,471570221221002
2302.341,35.021384,-90.019407,ChIJk8DCu8Bi1YcRUnUQCgCMr-E,OK,137143,471570221221002
1617.714,35.054745,-90.007971,ChIJXxyyQlt91YcRhldtWgjSnSE,OK,135348,471570220241000
1617.714,35.054745,-90.007971,ChIJXxyyQlt91YcRhldtWgjSnSE,OK,135348,471570220241000
2049.562,35.05407199999999,-90.00125899999999,ChIJIzdhk1h91YcRZT7cBcBslaM,OK,151387,471570220241000
1925.67,35.054745,-90.007971,ChIJXxyyQlt91YcRhldtWgjSnSE,OK,146317,471570220243004
1925.67,35.054745,-90.007971,ChIJXxyyQlt91YcRhldtWgjSnSE,OK,146317,471570220243004
2352.005,35.0333519,-90.02557630000001,ChIJK8z8Ksxi1YcRt8pxxgP2SA4,OK,165673,471570220243004
167.438,35.0643218,-89.9923063,ChIJb3DQuo2Hf4gRC8UI6d4pa68,OK,30137,471570225001123
167.438,35.0643218,-89.9923063,ChIJb3DQuo2Hf4gRC8UI6d4pa68,OK,30137,471570225001123
2067.96,35.05407199999999,-90.00125899999999,ChIJIzdhk1h91YcRZT7cBcBslaM,OK,126798,471570225001123
742.573,35.0333519,-90.02557630000001,ChIJK8z8Ksxi1YcRt8pxxgP2SA4,OK,64533,471570225004004
742.573,35.0333519,-90.02557630000001,ChIJK8z8Ksxi1YcRt8pxxgP2SA4,OK,64533,471570225004004
742.668,35.033351,-90.02556199999999,ChIJY7ePKsxi1YcRIP55gZFchMw,OK,64538,471570225004004
1623.925,35.0333519,-90.02557630000001,ChIJK8z8Ksxi1YcRt8pxxgP2SA4,OK,114071,471570220242005
1623.925,35.0333519,-90.02557630000001,ChIJK8z8Ksxi1YcRt8pxxgP2SA4,OK,114071,471570220242005
1624.019,35.033351,-90.02556199999999,ChIJY7ePKsxi1YcRIP55gZFchMw,OK,114076,471570220242005
976.768,35.0333519,-90.02557630000001,ChIJK8z8Ksxi1YcRt8pxxgP2SA4,OK,66763,471570225004003
976.768,35.0333519,-90.02557630000001,ChIJK8z8Ksxi1YcRt8pxxgP2SA4,OK,66763,471570225004003
976.863,35.033351,-90.02556199999999,ChIJY7ePKsxi1YcRIP55gZFchMw,OK,66768,471570225004003
473.608,35.0333519,-90.02557630000001,ChIJK8z8Ksxi1YcRt8pxxgP2SA4,OK,27302,471570221113000
473.608,35.0333519,-90.02557630000001,ChIJK8z8Ksxi1YcRt8pxxgP2SA4,OK,27302,471570221113000
473.703,35.033351,-90.02556199999999,ChIJY7ePKsxi1YcRIP55gZFchMw,OK,27307,471570221113000
1177.909,35.0333519,-90.02557630000001,ChIJK8z8Ksxi1YcRt8pxxgP2SA4,OK,88792,471570221113003
1177.909,35.0333519,-90.02557630000001,ChIJK8z8Ksxi1YcRt8pxxgP2SA4,OK,88792,471570221113003
1178.003,35.033351,-90.02556199999999,ChIJY7ePKsxi1YcRIP55gZFchMw,OK,88797,471570221113003
1107.829,35.0333519,-90.02557630000001,ChIJK8z8Ksxi1YcRt8pxxgP2SA4,OK,75146,471570221113002
1107.829,35.0333519,-90.02557630000001,ChIJK8z8Ksxi1YcRt8pxxgP2SA4,OK,75146,471570221113002
1107.924,35.033351,-90.02556199999999,ChIJY7ePKsxi1YcRIP55gZFchMw,OK,75151,471570221113002
1101.077,35.0333519,-90.02557630000001,ChIJK8z8Ksxi1YcRt8pxxgP2SA4,OK,79708,471570220242008
1101.077,35.0333519,-90.02557630000001,ChIJK8z8Ksxi1YcRt8pxxgP2SA4,OK,79708,471570220242008
1101.172,35.033351,-90.02556199999999,ChIJY7ePKsxi1YcRIP55gZFchMw,OK,79713,471570220242008
3739.363,35.0078094,-89.83044679999999,ChIJpwHMo0eQf4gRIqmNFjWLuW4,OK,238673,471570226001187
3739.363,35.0078094,-89.83044679999999,ChIJpwHMo0eQf4gRIqmNFjWLuW4,OK,238673,471570226001187
4596.488,35.02100869999999,-89.8995317,ChIJ-f6gz22Pf4gR-rWEeLgd-68,OK,275739,471570226001187
2437.758,35.14981359999999,-89.94918609999999,ChIJVdGBGRaBf4gRsi89Rzqn8W4,OK,161386,471570030003009
2437.758,35.14981359999999,-89.94918609999999,ChIJVdGBGRaBf4gRsi89Rzqn8W4,OK,161386,471570030003009
2582.616,35.1497164,-89.95515999999999,ChIJcQb6ehiBf4gR-uA54eRPNq8,OK,172305,471570030003009
1863.327,35.2045576,-89.81176689999999,ChIJ8ROix4Kdf4gR4Su-1OwAUMo,OK,110724,471570211121012
1863.327,35.2045576,-89.81176689999999,ChIJ8ROix4Kdf4gR4Su-1OwAUMo,OK,110724,471570211121012
2919.836,35.2051043,-89.79754849999999,ChIJpRDMlY2df4gRQqHmUo_lzmc,OK,168143,471570211121012
21.858,35.098685,-90.05664899999999,ChIJ31qwBkJ81YcRk2V5pdmdhrM,OK,1210,471570055001029
21.858,35.098685,-90.05664899999999,ChIJ31qwBkJ81YcRk2V5pdmdhrM,OK,1210,471570055001029
410.851,35.095133,-90.05542799999999,ChIJATnUo0J81YcRpbAuNwXeqRw,OK,22754,471570055001029
2489.249,35.19067459999999,-89.8489943,ChIJ364PGjWdf4gRKbsrGLq8_XQ,OK,145360,471570211113016
2489.249,35.19067459999999,-89.8489943,ChIJ364PGjWdf4gRKbsrGLq8_XQ,OK,145360,471570211113016
3909.362,35.16339899999999,-89.855841,ChIJA_xfkC6Df4gRAjVZwLz1jqA,OK,226189,471570211113016
993.885,35.16339899999999,-89.855841,ChIJA_xfkC6Df4gRAjVZwLz1jqA,OK,97876,471570211222005
993.885,35.16339899999999,-89.855841,ChIJA_xfkC6Df4gRAjVZwLz1jqA,OK,97876,471570211222005
1067.269,35.1623785,-89.8566175,ChIJXQHWWS6Df4gRqhH5EQ9H1j0,OK,106735,471570211222005
2370.514,35.1546312,-89.79260459999999,ChIJ8UeuSEecf4gRniit7ubZLtM,OK,142913,471570211262019
2370.514,35.1546312,-89.79260459999999,ChIJ8UeuSEecf4gRniit7ubZLtM,OK,142913,471570211262019
2750.402,35.14868459999999,-89.7948203,ChIJ4w9Lr2qcf4gRHdzl9FciAFM,OK,162413,471570211262019
2911.068,35.1546312,-89.79260459999999,ChIJ8UeuSEecf4gRniit7ubZLtM,OK,175346,471570211262016
2911.068,35.1546312,-89.79260459999999,ChIJ8UeuSEecf4gRniit7ubZLtM,OK,175346,471570211262016
3290.955,35.14868459999999,-89.7948203,ChIJ4w9Lr2qcf4gRHdzl9FciAFM,OK,194846,471570211262016
2791.987,35.1546312,-89.79260459999999,ChIJ8UeuSEecf4gRniit7ubZLtM,OK,191984,471570211252006
2791.987,35.1546312,-89.79260459999999,ChIJ8UeuSEecf4gRniit7ubZLtM,OK,191984,471570211252006
3171.875,35.14868459999999,-89.7948203,ChIJ4w9Lr2qcf4gRHdzl9FciAFM,OK,211484,471570211252006
2634.773,35.1546312,-89.79260459999999,ChIJ8UeuSEecf4gRniit7ubZLtM,OK,158768,471570211262020
2634.773,35.1546312,-89.79260459999999,ChIJ8UeuSEecf4gRniit7ubZLtM,OK,158768,471570211262020
3014.66,35.14868459999999,-89.7948203,ChIJ4w9Lr2qcf4gRHdzl9FciAFM,OK,178268,471570211262020
1102.216,35.0493493,-89.855357,ChIJH2Nw4lGFf4gRq0vxk4n5iAE,OK,115554,471570217212011
1102.216,35.0493493,-89.855357,ChIJH2Nw4lGFf4gRq0vxk4n5iAE,OK,115554,471570217212011
1363.745,35.0501932,-89.8529489,ChIJJ3DCd1KFf4gRBb2DFEnzV7w,OK,125565,471570217212011
2225.967,35.2023757,-89.9218691,ChIJvw7rwByCf4gRrAscHKjp1Iw,OK,163335,471570205124001
2225.967,35.2023757,-89.9218691,ChIJvw7rwByCf4gRrAscHKjp1Iw,OK,163335,471570205124001
2896.009,35.210167,-89.919383,ChIJi0gqlgaCf4gRjUvfmHxGMyw,OK,204360,471570205124001
2288.285,35.19067459999999,-89.8489943,ChIJ364PGjWdf4gRKbsrGLq8_XQ,OK,139535,471570211113018
2780.289,35.16339899999999,-89.855841,ChIJA_xfkC6Df4gRAjVZwLz1jqA,OK,185542,471570211113018
2780.289,35.16339899999999,-89.855841,ChIJA_xfkC6Df4gRAjVZwLz1jqA,OK,185542,471570211113018
2041.78,35.1439641,-90.0517892,ChIJL-0zBZR-1YcRj7p5p1WY4-g,OK,136706,471570039001016
2041.78,35.1439641,-90.0517892,ChIJL-0zBZR-1YcRj7p5p1WY4-g,OK,136706,471570039001016
2072.471,35.1435177,-90.0539328,ChIJ8VFg1pV-1YcRR9G8p0pZx6U,OK,136985,471570039001016
1931.315,35.1444038,-90.0168571,ChIJufYEjhR-1YcREff46W6Lons,OK,125568,471570035003007
2146.948,35.1157645,-90.022279,ChIJwZqBNMN91YcRRpdDvj5Pcr8,OK,126235,471570035003007
2146.948,35.1157645,-90.022279,ChIJwZqBNMN91YcRRpdDvj5Pcr8,OK,126235,471570035003007
379.644,35.0490562,-89.84441600000001,ChIJCUulJK6af4gR7vOP_qSrYdM,OK,68331,471570217321009
379.644,35.0490562,-89.84441600000001,ChIJCUulJK6af4gR7vOP_qSrYdM,OK,68331,471570217321009
739.007,35.049031,-89.841437,ChIJt6vl46-af4gRvoN8Yvkmx9A,OK,85573,471570217321009
3104.441,35.14859919999999,-89.91828060000002,ChIJRflgf-eDf4gRHX_XNYKER-s,OK,196910,471570029004019
3104.441,35.14859919999999,-89.91828060000002,ChIJRflgf-eDf4gRHX_XNYKER-s,OK,196910,471570029004019
3345.453,35.1161637,-89.9446263,ChIJ-ZiED8iGf4gR32IlfgDBKWY,OK,215245,471570029004019
5536.827,35.0614623,-89.8536277,ChIJ4TWJkTWFf4gRbkNZYfkF9Jw,OK,337183,471570213113028
5536.827,35.0614623,-89.8536277,ChIJ4TWJkTWFf4gRbkNZYfkF9Jw,OK,337183,471570213113028
5621.599,35.0512763,-89.8427476,ChIJ7VPJ3q-af4gRdxERIyaZ0gk,OK,343371,471570213113028
633.212,35.13763670000001,-90.00757159999999,ChIJl69WLQV-1YcRU3z7Tt2MyhY,OK,52749,471570036002056
633.212,35.13763670000001,-90.00757159999999,ChIJl69WLQV-1YcRU3z7Tt2MyhY,OK,52749,471570036002056
741.995,35.139426,-90.00714049999999,ChIJC-6kIBt-1YcRA1cskDtjsVc,OK,65802,471570036002056
650.445,35.13763670000001,-90.00757159999999,ChIJl69WLQV-1YcRU3z7Tt2MyhY,OK,54817,471570036002026
650.445,35.13763670000001,-90.00757159999999,ChIJl69WLQV-1YcRU3z7Tt2MyhY,OK,54817,471570036002026
759.228,35.139426,-90.00714049999999,ChIJC-6kIBt-1YcRA1cskDtjsVc,OK,67870,471570036002026
854.91,35.1087458,-90.0211918,ChIJe6w2EsF91YcRquzVZc8M0-I,OK,59715,471570060001019
854.91,35.1087458,-90.0211918,ChIJe6w2EsF91YcRquzVZc8M0-I,OK,59715,471570060001019
855.551,35.10874099999999,-90.021185,ChIJrVbiDcF91YcRG9TBOTpHc3I,OK,59792,471570060001019
3682.567,35.14868459999999,-89.7948203,ChIJ4w9Lr2qcf4gRHdzl9FciAFM,OK,281248,471579804001052
3682.567,35.14868459999999,-89.7948203,ChIJ4w9Lr2qcf4gRHdzl9FciAFM,OK,281248,471579804001052
4448.729,35.1546312,-89.79260459999999,ChIJ8UeuSEecf4gRniit7ubZLtM,OK,301947,471579804001052
579.511,35.0068452,-90.00681259999999,ChIJz3G0Jpti1YcRMCYWHOflqrA,OK,34769,471570221303012
579.511,35.0068452,-90.00681259999999,ChIJz3G0Jpti1YcRMCYWHOflqrA,OK,34769,471570221303012
965.883,34.993343,-90.00823899999999,ChIJk-nxFn1i1YcRBckohHLWoho,OK,57950,471570221303012
1279.247,35.0068452,-90.00681259999999,ChIJz3G0Jpti1YcRMCYWHOflqrA,OK,88794,471570221305009
1279.247,35.0068452,-90.00681259999999,ChIJz3G0Jpti1YcRMCYWHOflqrA,OK,88794,471570221305009
1363.657,34.993343,-90.00823899999999,ChIJk-nxFn1i1YcRBckohHLWoho,OK,93858,471570221305009
750.015,35.0068452,-90.00681259999999,ChIJz3G0Jpti1YcRMCYWHOflqrA,OK,60030,471570221222012
750.015,35.0068452,-90.00681259999999,ChIJz3G0Jpti1YcRMCYWHOflqrA,OK,60030,471570221222012
2136.545,34.993343,-90.00823899999999,ChIJk-nxFn1i1YcRBckohHLWoho,OK,143220,471570221222012
534.673,35.0068452,-90.00681259999999,ChIJz3G0Jpti1YcRMCYWHOflqrA,OK,49810,471570221222010
534.673,35.0068452,-90.00681259999999,ChIJz3G0Jpti1YcRMCYWHOflqrA,OK,49810,471570221222010
1921.204,34.993343,-90.00823899999999,ChIJk-nxFn1i1YcRBckohHLWoho,OK,133000,471570221222010
809.859,35.0068452,-90.00681259999999,ChIJz3G0Jpti1YcRMCYWHOflqrA,OK,67211,471570221212013
809.859,35.0068452,-90.00681259999999,ChIJz3G0Jpti1YcRMCYWHOflqrA,OK,67211,471570221212013
2096.7,35.02138900000001,-89.996898,ChIJz3MQkR6If4gRIBgmNH-BQcg,OK,139604,471570221212013
1474.044,35.02138900000001,-89.996898,ChIJz3MQkR6If4gRIBgmNH-BQcg,OK,102266,471570221222005
1474.044,35.02138900000001,-89.996898,ChIJz3MQkR6If4gRIBgmNH-BQcg,OK,102266,471570221222005
1671.511,35.021384,-90.019407,ChIJk8DCu8Bi1YcRUnUQCgCMr-E,OK,113951,471570221222005
890.72,35.0068452,-90.00681259999999,ChIJz3G0Jpti1YcRMCYWHOflqrA,OK,76916,471570221222008
890.72,35.0068452,-90.00681259999999,ChIJz3G0Jpti1YcRMCYWHOflqrA,OK,76916,471570221222008
2277.25,34.993343,-90.00823899999999,ChIJk-nxFn1i1YcRBckohHLWoho,OK,160106,471570221222008
818.416,35.0068452,-90.00681259999999,ChIJz3G0Jpti1YcRMCYWHOflqrA,OK,68238,471570221222013
818.416,35.0068452,-90.00681259999999,ChIJz3G0Jpti1YcRMCYWHOflqrA,OK,68238,471570221222013
2204.946,34.993343,-90.00823899999999,ChIJk-nxFn1i1YcRBckohHLWoho,OK,151428,471570221222013
924.487,35.02138900000001,-89.996898,ChIJz3MQkR6If4gRIBgmNH-BQcg,OK,102808,471570221221018
924.487,35.02138900000001,-89.996898,ChIJz3MQkR6If4gRIBgmNH-BQcg,OK,102808,471570221221018
1699.374,35.0068452,-90.00681259999999,ChIJz3G0Jpti1YcRMCYWHOflqrA,OK,119663,471570221221018
847.516,35.02138900000001,-89.996898,ChIJz3MQkR6If4gRIBgmNH-BQcg,OK,93572,471570221221017
847.516,35.02138900000001,-89.996898,ChIJz3MQkR6If4gRIBgmNH-BQcg,OK,93572,471570221221017
2084.138,35.0068452,-90.00681259999999,ChIJz3G0Jpti1YcRMCYWHOflqrA,OK,150698,471570221221017
529.437,35.02138900000001,-89.996898,ChIJz3MQkR6If4gRIBgmNH-BQcg,OK,55403,471570221221010
529.437,35.02138900000001,-89.996898,ChIJz3MQkR6If4gRIBgmNH-BQcg,OK,55403,471570221221010
2413.161,35.021384,-90.019407,ChIJk8DCu8Bi1YcRUnUQCgCMr-E,OK,160474,471570221221010
1804.179,35.0068452,-90.00681259999999,ChIJz3G0Jpti1YcRMCYWHOflqrA,OK,127513,471570221223006
1804.179,35.0068452,-90.00681259999999,ChIJz3G0Jpti1YcRMCYWHOflqrA,OK,127513,471570221223006
1162.105,35.02138900000001,-89.996898,ChIJz3MQkR6If4gRIBgmNH-BQcg,OK,131321,471570221223006
842.263,35.02138900000001,-89.996898,ChIJz3MQkR6If4gRIBgmNH-BQcg,OK,99162,471570221221015
842.263,35.02138900000001,-89.996898,ChIJz3MQkR6If4gRIBgmNH-BQcg,OK,99162,471570221221015
2212.105,35.0068452,-90.00681259999999,ChIJz3G0Jpti1YcRMCYWHOflqrA,OK,166054,471570221221015
609.827,35.02138900000001,-89.996898,ChIJz3MQkR6If4gRIBgmNH-BQcg,OK,71270,471570221221014
609.827,35.02138900000001,-89.996898,ChIJz3MQkR6If4gRIBgmNH-BQcg,OK,71270,471570221221014
2345.715,35.0068452,-90.00681259999999,ChIJz3G0Jpti1YcRMCYWHOflqrA,OK,182086,471570221221014
948.869,35.02138900000001,-89.996898,ChIJz3MQkR6If4gRIBgmNH-BQcg,OK,111954,471570221221019
948.869,35.02138900000001,-89.996898,ChIJz3MQkR6If4gRIBgmNH-BQcg,OK,111954,471570221221019
2132.867,35.0068452,-90.00681259999999,ChIJz3G0Jpti1YcRMCYWHOflqrA,OK,156546,471570221221019
982.44,35.0068452,-90.00681259999999,ChIJz3G0Jpti1YcRMCYWHOflqrA,OK,78410,471570221301006
982.44,35.0068452,-90.00681259999999,ChIJz3G0Jpti1YcRMCYWHOflqrA,OK,78410,471570221301006
2833.917,34.9907298,-89.99350899999999,ChIJaR6gqdOJf4gRbmqB7wctwt0,OK,181974,471570221301006
1015.917,35.0068452,-90.00681259999999,ChIJz3G0Jpti1YcRMCYWHOflqrA,OK,82428,471570221223002
1015.917,35.0068452,-90.00681259999999,ChIJz3G0Jpti1YcRMCYWHOflqrA,OK,82428,471570221223002
2561.31,34.993343,-90.00823899999999,ChIJk-nxFn1i1YcRBckohHLWoho,OK,175149,471570221223002
829.91,35.0068452,-90.00681259999999,ChIJz3G0Jpti1YcRMCYWHOflqrA,OK,60108,471570221223008
829.91,35.0068452,-90.00681259999999,ChIJz3G0Jpti1YcRMCYWHOflqrA,OK,60108,471570221223008
2375.303,34.993343,-90.00823899999999,ChIJk-nxFn1i1YcRBckohHLWoho,OK,152829,471570221223008
1266.064,35.0068452,-90.00681259999999,ChIJz3G0Jpti1YcRMCYWHOflqrA,OK,94934,471570221301012
1266.064,35.0068452,-90.00681259999999,ChIJz3G0Jpti1YcRMCYWHOflqrA,OK,94934,471570221301012
2533.832,34.9907298,-89.99350899999999,ChIJaR6gqdOJf4gRbmqB7wctwt0,OK,163478,471570221301012
2109.79,35.0068452,-90.00681259999999,ChIJz3G0Jpti1YcRMCYWHOflqrA,OK,164185,471570221223003
2109.79,35.0068452,-90.00681259999999,ChIJz3G0Jpti1YcRMCYWHOflqrA,OK,164185,471570221223003
1467.715,35.02138900000001,-89.996898,ChIJz3MQkR6If4gRIBgmNH-BQcg,OK,167993,471570221223003
1628.719,35.02138900000001,-89.996898,ChIJz3MQkR6If4gRIBgmNH-BQcg,OK,92981,471570221221023
1628.719,35.02138900000001,-89.996898,ChIJz3MQkR6If4gRIBgmNH-BQcg,OK,92981,471570221221023
2598.254,34.9907298,-89.99350899999999,ChIJaR6gqdOJf4gRbmqB7wctwt0,OK,146678,471570221221023
374.706,35.0068452,-90.00681259999999,ChIJz3G0Jpti1YcRMCYWHOflqrA,OK,37438,471570221302008
374.706,35.0068452,-90.00681259999999,ChIJz3G0Jpti1YcRMCYWHOflqrA,OK,37438,471570221302008
1419.982,34.993343,-90.00823899999999,ChIJk-nxFn1i1YcRBckohHLWoho,OK,103526,471570221302008
1243.909,35.0854368,-89.89541919999999,ChIJf5cc-VKEf4gRF-lYLgijYQQ,OK,84623,471570094002006
1243.909,35.0854368,-89.89541919999999,ChIJf5cc-VKEf4gRF-lYLgijYQQ,OK,84623,471570094002006
2698.328,35.1145886,-89.90089789999999,ChIJKWmlFW6Ef4gR0YNISWQMkss,OK,174074,471570094002006
939.242,35.0854368,-89.89541919999999,ChIJf5cc-VKEf4gRF-lYLgijYQQ,OK,65535,471570094002011
939.242,35.0854368,-89.89541919999999,ChIJf5cc-VKEf4gRF-lYLgijYQQ,OK,65535,471570094002011
2975.994,35.1145886,-89.90089789999999,ChIJKWmlFW6Ef4gR0YNISWQMkss,OK,189922,471570094002011
800.262,35.0854368,-89.89541919999999,ChIJf5cc-VKEf4gRF-lYLgijYQQ,OK,75770,471570094002019
800.262,35.0854368,-89.89541919999999,ChIJf5cc-VKEf4gRF-lYLgijYQQ,OK,75770,471570094002019
3387.441,35.1145886,-89.90089789999999,ChIJKWmlFW6Ef4gR0YNISWQMkss,OK,215732,471570094002019
785.167,35.0854368,-89.89541919999999,ChIJf5cc-VKEf4gRF-lYLgijYQQ,OK,47260,471570095001030
785.167,35.0854368,-89.89541919999999,ChIJf5cc-VKEf4gRF-lYLgijYQQ,OK,47260,471570095001030
2829.046,35.1145886,-89.90089789999999,ChIJKWmlFW6Ef4gR0YNISWQMkss,OK,172074,471570095001030
522.353,35.0854368,-89.89541919999999,ChIJf5cc-VKEf4gRF-lYLgijYQQ,OK,40008,471570094002024
522.353,35.0854368,-89.89541919999999,ChIJf5cc-VKEf4gRF-lYLgijYQQ,OK,40008,471570094002024
3380.937,35.063996,-89.90690699999999,ChIJn51vcb-Ff4gRvoXU4r8swrw,OK,214562,471570094002024
710.152,35.0854368,-89.89541919999999,ChIJf5cc-VKEf4gRF-lYLgijYQQ,OK,64957,471570094002020
710.152,35.0854368,-89.89541919999999,ChIJf5cc-VKEf4gRF-lYLgijYQQ,OK,64957,471570094002020
3296.882,35.1145886,-89.90089789999999,ChIJKWmlFW6Ef4gR0YNISWQMkss,OK,210543,471570094002020
422.017,35.0854368,-89.89541919999999,ChIJf5cc-VKEf4gRF-lYLgijYQQ,OK,33722,471570094002023
422.017,35.0854368,-89.89541919999999,ChIJf5cc-VKEf4gRF-lYLgijYQQ,OK,33722,471570094002023
3486.06,35.062945,-89.90568519999999,ChIJjxj9mL-Ff4gRoOEx9OzDyxs,OK,205634,471570094002023
716.503,35.0854368,-89.89541919999999,ChIJf5cc-VKEf4gRF-lYLgijYQQ,OK,65720,471570095001032
716.503,35.0854368,-89.89541919999999,ChIJf5cc-VKEf4gRF-lYLgijYQQ,OK,65720,471570095001032
3264.006,35.1145886,-89.90089789999999,ChIJKWmlFW6Ef4gR0YNISWQMkss,OK,212145,471570095001032
615.294,35.0854368,-89.89541919999999,ChIJf5cc-VKEf4gRF-lYLgijYQQ,OK,53575,471570094002021
615.294,35.0854368,-89.89541919999999,ChIJf5cc-VKEf4gRF-lYLgijYQQ,OK,53575,471570094002021
3199.53,35.1145886,-89.90089789999999,ChIJKWmlFW6Ef4gR0YNISWQMkss,OK,204657,471570094002021
203.505,35.0854368,-89.89541919999999,ChIJf5cc-VKEf4gRF-lYLgijYQQ,OK,12362,471570094002022
203.505,35.0854368,-89.89541919999999,ChIJf5cc-VKEf4gRF-lYLgijYQQ,OK,12362,471570094002022
3706.846,35.063996,-89.90690699999999,ChIJn51vcb-Ff4gRvoXU4r8swrw,OK,212004,471570094002022
514.489,35.0854368,-89.89541919999999,ChIJf5cc-VKEf4gRF-lYLgijYQQ,OK,31020,471570095001031
514.489,35.0854368,-89.89541919999999,ChIJf5cc-VKEf4gRF-lYLgijYQQ,OK,31020,471570095001031
3099.724,35.1145886,-89.90089789999999,ChIJKWmlFW6Ef4gR0YNISWQMkss,OK,188315,471570095001031
208.546,35.0854368,-89.89541919999999,ChIJf5cc-VKEf4gRF-lYLgijYQQ,OK,12664,471570095001035
208.546,35.0854368,-89.89541919999999,ChIJf5cc-VKEf4gRF-lYLgijYQQ,OK,12664,471570095001035
3711.887,35.063996,-89.90690699999999,ChIJn51vcb-Ff4gRvoXU4r8swrw,OK,212306,471570095001035
1087.184,35.0854368,-89.89541919999999,ChIJf5cc-VKEf4gRF-lYLgijYQQ,OK,80618,471570095002020
1087.184,35.0854368,-89.89541919999999,ChIJf5cc-VKEf4gRF-lYLgijYQQ,OK,80618,471570095002020
3442.949,35.1145886,-89.90089789999999,ChIJKWmlFW6Ef4gR0YNISWQMkss,OK,227184,471570095002020
961.808,35.0854368,-89.89541919999999,ChIJf5cc-VKEf4gRF-lYLgijYQQ,OK,68062,471570095001028
961.808,35.0854368,-89.89541919999999,ChIJf5cc-VKEf4gRF-lYLgijYQQ,OK,68062,471570095001028
3171.985,35.1145886,-89.90089789999999,ChIJKWmlFW6Ef4gR0YNISWQMkss,OK,208986,471570095001028
408.717,35.0854368,-89.89541919999999,ChIJf5cc-VKEf4gRF-lYLgijYQQ,OK,45077,471570095004018
408.717,35.0854368,-89.89541919999999,ChIJf5cc-VKEf4gRF-lYLgijYQQ,OK,45077,471570095004018
3665.818,35.0612606,-89.88628629999999,ChIJAQ_I1gqFf4gRFrt5yQeAEps,OK,235926,471570095004018
7085.753,35.0854368,-89.89541919999999,ChIJf5cc-VKEf4gRF-lYLgijYQQ,OK,348862,471570095004036
7085.753,35.0854368,-89.89541919999999,ChIJf5cc-VKEf4gRF-lYLgijYQQ,OK,348862,471570095004036
7044.514,35.0612606,-89.88628629999999,ChIJAQ_I1gqFf4gRFrt5yQeAEps,OK,376153,471570095004036
3036.247,35.0854368,-89.89541919999999,ChIJf5cc-VKEf4gRF-lYLgijYQQ,OK,149130,471570097002016
3036.247,35.0854368,-89.89541919999999,ChIJf5cc-VKEf4gRF-lYLgijYQQ,OK,149130,471570097002016
2914.16,35.063996,-89.90690699999999,ChIJn51vcb-Ff4gRvoXU4r8swrw,OK,164289,471570097002016
506.011,35.0854368,-89.89541919999999,ChIJf5cc-VKEf4gRF-lYLgijYQQ,OK,56752,471570095004017
506.011,35.0854368,-89.89541919999999,ChIJf5cc-VKEf4gRF-lYLgijYQQ,OK,56752,471570095004017
3763.112,35.0612606,-89.88628629999999,ChIJAQ_I1gqFf4gRFrt5yQeAEps,OK,247601,471570095004017
3028.344,35.0854368,-89.89541919999999,ChIJf5cc-VKEf4gRF-lYLgijYQQ,OK,150472,471570107101003
3028.344,35.0854368,-89.89541919999999,ChIJf5cc-VKEf4gRF-lYLgijYQQ,OK,150472,471570107101003
4884.927,35.0612606,-89.88628629999999,ChIJAQ_I1gqFf4gRFrt5yQeAEps,OK,271728,471570107101003
1142.753,35.062945,-89.90568519999999,ChIJjxj9mL-Ff4gRoOEx9OzDyxs,OK,75977,471570107101017
1142.753,35.062945,-89.90568519999999,ChIJjxj9mL-Ff4gRoOEx9OzDyxs,OK,75977,471570107101017
1129.115,35.063996,-89.90690699999999,ChIJn51vcb-Ff4gRvoXU4r8swrw,OK,90127,471570107101017
853.714,35.14981359999999,-89.94918609999999,ChIJVdGBGRaBf4gRsi89Rzqn8W4,OK,61226,471570013004008
853.714,35.14981359999999,-89.94918609999999,ChIJVdGBGRaBf4gRsi89Rzqn8W4,OK,61226,471570013004008
1088.798,35.1497164,-89.95515999999999,ChIJcQb6ehiBf4gR-uA54eRPNq8,OK,83810,471570013004008
1845.541,35.0612606,-89.88628629999999,ChIJAQ_I1gqFf4gRFrt5yQeAEps,OK,136252,471570107102000
1947.725,35.0854368,-89.89541919999999,ChIJf5cc-VKEf4gRF-lYLgijYQQ,OK,145870,471570107102000
3569.152,35.1738374,-89.98954379999999,ChIJ_S0BIGOAf4gRU3Ph4W65cOQ,OK,245210,471570004001016
3569.152,35.1738374,-89.98954379999999,ChIJ_S0BIGOAf4gRU3Ph4W65cOQ,OK,245210,471570004001016
4112.405,35.1490317,-90.0140679,ChIJw3q9_xV-1YcRqrte6yBn1CI,OK,259607,471570004001016
3100.164,35.1738374,-89.98954379999999,ChIJ_S0BIGOAf4gRU3Ph4W65cOQ,OK,250131,471570004001011
3100.164,35.1738374,-89.98954379999999,ChIJ_S0BIGOAf4gRU3Ph4W65cOQ,OK,250131,471570004001011
4245.774,35.1490317,-90.0140679,ChIJw3q9_xV-1YcRqrte6yBn1CI,OK,275611,471570004001011
10859.958,35.061362,-90.05986399999999,ChIJL_Gh8ZV81YcRDlMHRKqR_IA,OK,609982,471579803001041
9255.636,35.0326981,-90.07589809999999,ChIJ9S1ljalk1YcRvuG-_hbpimA,OK,779468,471579803001041
9255.636,35.0326981,-90.07589809999999,ChIJ9S1ljalk1YcRvuG-_hbpimA,OK,779468,471579803001041
1157.735,35.054745,-90.007971,ChIJXxyyQlt91YcRhldtWgjSnSE,OK,79996,471570220232016
1157.735,35.054745,-90.007971,ChIJXxyyQlt91YcRhldtWgjSnSE,OK,79996,471570220232016
1723.087,35.05407199999999,-90.00125899999999,ChIJIzdhk1h91YcRZT7cBcBslaM,OK,103429,471570220232016
1928.533,35.13763670000001,-90.00757159999999,ChIJl69WLQV-1YcRU3z7Tt2MyhY,OK,148851,471570035001007
1928.533,35.13763670000001,-90.00757159999999,ChIJl69WLQV-1YcRU3z7Tt2MyhY,OK,148851,471570035001007
2139.284,35.139426,-90.00714049999999,ChIJC-6kIBt-1YcRA1cskDtjsVc,OK,166973,471570035001007
10343.548,35.061362,-90.05986399999999,ChIJL_Gh8ZV81YcRDlMHRKqR_IA,OK,578997,471579803001037
13154.748,35.0326981,-90.07589809999999,ChIJ9S1ljalk1YcRvuG-_hbpimA,OK,762758,471579803001037
13154.748,35.0326981,-90.07589809999999,ChIJ9S1ljalk1YcRvuG-_hbpimA,OK,762758,471579803001037
18277.592,35.02753099999999,-90.082077,ChIJK66rdetk1YcRwwxI9gDREks,OK,1375877,471579802001009
5590.525,35.098685,-90.05664899999999,ChIJ31qwBkJ81YcRk2V5pdmdhrM,OK,401415,471579802001006
5590.525,35.098685,-90.05664899999999,ChIJ31qwBkJ81YcRk2V5pdmdhrM,OK,401415,471579802001006
5979.517,35.095133,-90.05542799999999,ChIJATnUo0J81YcRpbAuNwXeqRw,OK,422959,471579802001006
2555.041,35.1546312,-89.79260459999999,ChIJ8UeuSEecf4gRniit7ubZLtM,OK,156734,471570211252037
2555.041,35.1546312,-89.79260459999999,ChIJ8UeuSEecf4gRniit7ubZLtM,OK,156734,471570211252037
2934.929,35.14868459999999,-89.7948203,ChIJ4w9Lr2qcf4gRHdzl9FciAFM,OK,176234,471570211252037
9658.64,35.093591,-90.056624,ChIJgyVl92d81YcRhuRHHckl8Y4,OK,855265,471579802001043
9658.64,35.093591,-90.056624,ChIJgyVl92d81YcRhuRHHckl8Y4,OK,855265,471579802001043
13357.399,35.061362,-90.05986399999999,ChIJL_Gh8ZV81YcRDlMHRKqR_IA,OK,993235,471579802001043
8926.999,35.098685,-90.05664899999999,ChIJ31qwBkJ81YcRk2V5pdmdhrM,OK,801790,471579802001011
9495.828,35.093591,-90.056624,ChIJgyVl92d81YcRhuRHHckl8Y4,OK,833294,471579802001011
9495.828,35.093591,-90.056624,ChIJgyVl92d81YcRhuRHHckl8Y4,OK,833294,471579802001011
5516.808,35.098685,-90.05664899999999,ChIJ31qwBkJ81YcRk2V5pdmdhrM,OK,392568,471579802001020
5516.808,35.098685,-90.05664899999999,ChIJ31qwBkJ81YcRk2V5pdmdhrM,OK,392568,471579802001020
5905.8,35.095133,-90.05542799999999,ChIJATnUo0J81YcRpbAuNwXeqRw,OK,414112,471579802001020
10721.72,35.093591,-90.056624,ChIJgyVl92d81YcRhuRHHckl8Y4,OK,980399,471579802001017
9056.924,35.06128,-90.05978399999999,ChIJm06f8ZV81YcRTjzAsJPcBKY,OK,498923,471579803001001
9056.924,35.06128,-90.05978399999999,ChIJm06f8ZV81YcRTjzAsJPcBKY,OK,498923,471579803001001
9056.745,35.061362,-90.05986399999999,ChIJL_Gh8ZV81YcRDlMHRKqR_IA,OK,501789,471579803001001
10347.285,35.061362,-90.05986399999999,ChIJL_Gh8ZV81YcRDlMHRKqR_IA,OK,579221,471579803001042
13158.485,35.0326981,-90.07589809999999,ChIJ9S1ljalk1YcRvuG-_hbpimA,OK,762982,471579803001042
13158.485,35.0326981,-90.07589809999999,ChIJ9S1ljalk1YcRvuG-_hbpimA,OK,762982,471579803001042
7692.427,35.06128,-90.05978399999999,ChIJm06f8ZV81YcRTjzAsJPcBKY,OK,467201,471579803001000
7692.427,35.06128,-90.05978399999999,ChIJm06f8ZV81YcRTjzAsJPcBKY,OK,467201,471579803001000
7692.249,35.061362,-90.05986399999999,ChIJL_Gh8ZV81YcRDlMHRKqR_IA,OK,470067,471579803001000
7841.329,35.098685,-90.05664899999999,ChIJ31qwBkJ81YcRk2V5pdmdhrM,OK,671510,471579802001012
8410.158,35.093591,-90.056624,ChIJgyVl92d81YcRhuRHHckl8Y4,OK,703014,471579802001012
8410.158,35.093591,-90.056624,ChIJgyVl92d81YcRhuRHHckl8Y4,OK,703014,471579802001012
7832.757,35.098685,-90.05664899999999,ChIJ31qwBkJ81YcRk2V5pdmdhrM,keyerror,672915,471579802001039
7832.757,35.098685,-90.05664899999999,ChIJ31qwBkJ81YcRk2V5pdmdhrM,keyerror,672915,471579802001039
8401.586,35.093591,-90.056624,ChIJgyVl92d81YcRhuRHHckl8Y4,keyerror,704419,471579802001039
6828.689,35.06128,-90.05978399999999,ChIJm06f8ZV81YcRTjzAsJPcBKY,OK,384702,471570222202002
6828.689,35.06128,-90.05978399999999,ChIJm06f8ZV81YcRTjzAsJPcBKY,OK,384702,471570222202002
6828.51,35.061362,-90.05986399999999,ChIJL_Gh8ZV81YcRDlMHRKqR_IA,OK,387568,471570222202002
2426.526,34.999309,-90.118577,ChIJ9TRIjgZl1YcR3fm2jM14AHY,OK,218215,471570224105017
2426.526,34.999309,-90.118577,ChIJ9TRIjgZl1YcR3fm2jM14AHY,OK,218215,471570224105017
4808.732,35.02753099999999,-90.082077,ChIJK66rdetk1YcRwwxI9gDREks,OK,350147,471570224105017
1721.304,35.1507888,-89.977317,ChIJdVWrOuqAf4gR-V7s1E3qo7g,OK,102437,471570009003017
1721.304,35.1507888,-89.977317,ChIJdVWrOuqAf4gR-V7s1E3qo7g,OK,102437,471570009003017
2189.447,35.1738374,-89.98954379999999,ChIJ_S0BIGOAf4gRU3Ph4W65cOQ,OK,153264,471570009003017
886.248,35.1507888,-89.977317,ChIJdVWrOuqAf4gR-V7s1E3qo7g,OK,53078,471570009003027
886.248,35.1507888,-89.977317,ChIJdVWrOuqAf4gR-V7s1E3qo7g,OK,53078,471570009003027
1818.956,35.17410499999999,-89.97575479999999,ChIJmfYTGFmAf4gRHGKCaD0qCtI,OK,109032,471570009003027
319.047,35.1507888,-89.977317,ChIJdVWrOuqAf4gR-V7s1E3qo7g,OK,19141,471570015001031
319.047,35.1507888,-89.977317,ChIJdVWrOuqAf4gR-V7s1E3qo7g,OK,19141,471570015001031
2265.361,35.13418100000001,-89.98599,ChIJnf1_yraAf4gR9pQmD7CXhgg,OK,122924,471570015001031
677.465,35.1507888,-89.977317,ChIJdVWrOuqAf4gR-V7s1E3qo7g,OK,68639,471570015001013
677.465,35.1507888,-89.977317,ChIJdVWrOuqAf4gR-V7s1E3qo7g,OK,68639,471570015001013
2121.59,35.1497164,-89.95515999999999,ChIJcQb6ehiBf4gR-uA54eRPNq8,OK,157704,471570015001013
1011.734,35.1507888,-89.977317,ChIJdVWrOuqAf4gR-V7s1E3qo7g,OK,63813,471570027001004
1011.734,35.1507888,-89.977317,ChIJdVWrOuqAf4gR-V7s1E3qo7g,OK,63813,471570027001004
2042.351,35.1497164,-89.95515999999999,ChIJcQb6ehiBf4gR-uA54eRPNq8,OK,127653,471570027001004
1049.146,35.167095,-89.950496,ChIJecYfJgmBf4gRJh-YY67U6V8,OK,58100,471570111001035
1049.146,35.167095,-89.950496,ChIJecYfJgmBf4gRJh-YY67U6V8,OK,58100,471570111001035
1626.402,35.1497164,-89.95515999999999,ChIJcQb6ehiBf4gR-uA54eRPNq8,OK,116883,471570111001035
1098.016,35.1497164,-89.95515999999999,ChIJcQb6ehiBf4gR-uA54eRPNq8,OK,75206,471570028002003
1098.016,35.1497164,-89.95515999999999,ChIJcQb6ehiBf4gR-uA54eRPNq8,OK,75206,471570028002003
1228.903,35.1507888,-89.977317,ChIJdVWrOuqAf4gR-V7s1E3qo7g,OK,80831,471570028002003
1927.438,35.09464699999999,-89.9708677,ChIJx5uAuBqHf4gRze5MKc5WJFI,OK,133771,471570081202004
1644.715,35.086634,-89.96355199999999,ChIJW0XU3AGHf4gRINnmxvx9m5A,OK,141539,471570081202004
1644.715,35.086634,-89.96355199999999,ChIJW0XU3AGHf4gRINnmxvx9m5A,OK,141539,471570081202004
231.956,35.108097,-89.941227,ChIJwxJT-r6Gf4gRhLDuFpyb128,OK,22952,471570080002000
231.956,35.108097,-89.941227,ChIJwxJT-r6Gf4gRhLDuFpyb128,OK,22952,471570080002000
934.338,35.1079763,-89.9333841,ChIJqZoM4qKGf4gREaZMyPG1GBQ,OK,62842,471570080002000
241.415,35.1161637,-89.9446263,ChIJ-ZiED8iGf4gR32IlfgDBKWY,OK,23067,471570073003010
241.415,35.1161637,-89.9446263,ChIJ-ZiED8iGf4gR32IlfgDBKWY,OK,23067,471570073003010
1652.278,35.108097,-89.941227,ChIJwxJT-r6Gf4gRhLDuFpyb128,OK,101380,471570073003010
446.571,35.1079763,-89.9333841,ChIJqZoM4qKGf4gREaZMyPG1GBQ,OK,43361,471570074002029
446.571,35.1079763,-89.9333841,ChIJqZoM4qKGf4gREaZMyPG1GBQ,OK,43361,471570074002029
588.089,35.108097,-89.941227,ChIJwxJT-r6Gf4gRhLDuFpyb128,OK,47837,471570074002029
1375.58,35.0971,-89.9305344,ChIJRd53mZuGf4gRp0fETcD5Y3I,OK,88683,471570080003004
1569.511,35.0960067,-89.93138279999999,ChIJFfDYDZuGf4gR5IbqhV7MTAo,OK,102652,471570080003004
1569.511,35.0960067,-89.93138279999999,ChIJFfDYDZuGf4gR5IbqhV7MTAo,OK,102652,471570080003004
7.767,35.1079763,-89.9333841,ChIJqZoM4qKGf4gREaZMyPG1GBQ,OK,466,471570074002028
7.767,35.1079763,-89.9333841,ChIJqZoM4qKGf4gREaZMyPG1GBQ,OK,466,471570074002028
149.675,35.1075089,-89.9318387,ChIJVboYU6KGf4gRHfEHUi8Izac,OK,8980,471570074002028
1980.534,35.09464699999999,-89.9708677,ChIJx5uAuBqHf4gRze5MKc5WJFI,OK,140142,471570081202012
2280.095,35.086634,-89.96355199999999,ChIJW0XU3AGHf4gRINnmxvx9m5A,OK,156766,471570081202012
2280.095,35.086634,-89.96355199999999,ChIJW0XU3AGHf4gRINnmxvx9m5A,OK,156766,471570081202012
1947.954,35.0854368,-89.89541919999999,ChIJf5cc-VKEf4gRF-lYLgijYQQ,OK,127189,471570095001012
1947.954,35.0854368,-89.89541919999999,ChIJf5cc-VKEf4gRF-lYLgijYQQ,OK,127189,471570095001012
2005.184,35.1145886,-89.90089789999999,ChIJKWmlFW6Ef4gR0YNISWQMkss,OK,132816,471570095001012
1326.213,35.1153996,-89.89414069999999,ChIJCb4NOWWEf4gR79YlPQoocW4,OK,105699,471570096002020
1326.213,35.1153996,-89.89414069999999,ChIJCb4NOWWEf4gR79YlPQoocW4,OK,105699,471570096002020
1904.989,35.1145886,-89.90089789999999,ChIJKWmlFW6Ef4gR0YNISWQMkss,OK,133252,471570096002020
1598.165,35.0854368,-89.89541919999999,ChIJf5cc-VKEf4gRF-lYLgijYQQ,OK,116009,471570095001018
1598.165,35.0854368,-89.89541919999999,ChIJf5cc-VKEf4gRF-lYLgijYQQ,OK,116009,471570095001018
2403.084,35.1145886,-89.90089789999999,ChIJKWmlFW6Ef4gR0YNISWQMkss,OK,165731,471570095001018
2681.187,35.1145886,-89.90089789999999,ChIJKWmlFW6Ef4gR0YNISWQMkss,OK,174798,471570096004025
2651.221,35.1153996,-89.89414069999999,ChIJCb4NOWWEf4gR79YlPQoocW4,OK,180171,471570096004025
2651.221,35.1153996,-89.89414069999999,ChIJCb4NOWWEf4gR79YlPQoocW4,OK,180171,471570096004025
1771.913,35.0854368,-89.89541919999999,ChIJf5cc-VKEf4gRF-lYLgijYQQ,OK,136860,471570094002002
1771.913,35.0854368,-89.89541919999999,ChIJf5cc-VKEf4gRF-lYLgijYQQ,OK,136860,471570094002002
2855.6,35.1145886,-89.90089789999999,ChIJKWmlFW6Ef4gR0YNISWQMkss,OK,204069,471570094002002
1338.012,35.0854368,-89.89541919999999,ChIJf5cc-VKEf4gRF-lYLgijYQQ,OK,90301,471570094002003
1338.012,35.0854368,-89.89541919999999,ChIJf5cc-VKEf4gRF-lYLgijYQQ,OK,90301,471570094002003
2605.285,35.1145886,-89.90089789999999,ChIJKWmlFW6Ef4gR0YNISWQMkss,OK,168524,471570094002003
1287.021,35.0543926,-90.0597009,ChIJT5TzUbl81YcRiPqNjkbj9CA,OK,76806,471570222205011
1868.377,35.06128,-90.05978399999999,ChIJm06f8ZV81YcRTjzAsJPcBKY,OK,109003,471570222205011
1868.377,35.06128,-90.05978399999999,ChIJm06f8ZV81YcRTjzAsJPcBKY,OK,109003,471570222205011
4663.694,35.1439641,-90.0517892,ChIJL-0zBZR-1YcRj7p5p1WY4-g,OK,353867,471570001002003
4663.694,35.1439641,-90.0517892,ChIJL-0zBZR-1YcRj7p5p1WY4-g,OK,353867,471570001002003
4872.61,35.1450994,-90.0538646,ChIJne6_s5V-1YcRn_LPaqiwhrk,OK,359321,471570001002003
963.452,35.2044739,-89.76342459999999,ChIJ3XsJxyKef4gRTeWb3lonWsU,OK,67722,471570211414020
963.452,35.2044739,-89.76342459999999,ChIJ3XsJxyKef4gRTeWb3lonWsU,OK,67722,471570211414020
2418.257,35.2064292,-89.73436359999999,ChIJP6qgZdGff4gRQoIww3TX5kM,OK,122828,471570211414020
1703.089,35.2044739,-89.76342459999999,ChIJ3XsJxyKef4gRTeWb3lonWsU,OK,120140,471570208311002
1703.089,35.2044739,-89.76342459999999,ChIJ3XsJxyKef4gRTeWb3lonWsU,OK,120140,471570208311002
1895.058,35.2064292,-89.73436359999999,ChIJP6qgZdGff4gRQoIww3TX5kM,OK,120381,471570208311002
4904.141,35.2044739,-89.76342459999999,ChIJ3XsJxyKef4gRTeWb3lonWsU,OK,344449,471570211413009
4904.141,35.2044739,-89.76342459999999,ChIJ3XsJxyKef4gRTeWb3lonWsU,OK,344449,471570211413009
6705.491,35.2072684,-89.7827147,ChIJKdJ2xvqdf4gRKLRUePlbOOs,OK,456978,471570211413009
5105.744,35.2044739,-89.76342459999999,ChIJ3XsJxyKef4gRTeWb3lonWsU,OK,361668,471570211413015
5105.744,35.2044739,-89.76342459999999,ChIJ3XsJxyKef4gRTeWb3lonWsU,OK,361668,471570211413015
6616.604,35.2072684,-89.7827147,ChIJKdJ2xvqdf4gRKLRUePlbOOs,OK,453285,471570211413015
2803.433,35.2044739,-89.76342459999999,ChIJ3XsJxyKef4gRTeWb3lonWsU,OK,236544,471570211413007
2803.433,35.2044739,-89.76342459999999,ChIJ3XsJxyKef4gRTeWb3lonWsU,OK,236544,471570211413007
4493.848,35.2074362,-89.7805166,ChIJ62ATRfudf4gRPIrPAXGVsiQ,OK,368030,471570211413007
3535.983,35.0854368,-89.89541919999999,ChIJf5cc-VKEf4gRF-lYLgijYQQ,OK,215183,471570213312001
3535.983,35.0854368,-89.89541919999999,ChIJf5cc-VKEf4gRF-lYLgijYQQ,OK,215183,471570213312001
4236.566,35.0614623,-89.8536277,ChIJ4TWJkTWFf4gRbkNZYfkF9Jw,OK,258263,471570213312001
445.203,35.0515568,-89.90630259999999,ChIJrU8jyZKFf4gRubg1AIyELWY,OK,37307,471570226001000
445.203,35.0515568,-89.90630259999999,ChIJrU8jyZKFf4gRubg1AIyELWY,OK,37307,471570226001000
1174.353,35.05018,-89.89110199999999,ChIJNUozxJyFf4gRrJ8tUHk1p2Q,OK,74787,471570226001000
881.313,35.0515568,-89.90630259999999,ChIJrU8jyZKFf4gRubg1AIyELWY,OK,92469,471570226001064
881.313,35.0515568,-89.90630259999999,ChIJrU8jyZKFf4gRubg1AIyELWY,OK,92469,471570226001064
1680.605,35.05018,-89.89110199999999,ChIJNUozxJyFf4gRrJ8tUHk1p2Q,OK,121983,471570226001064
5795.892,35.0614623,-89.8536277,ChIJ4TWJkTWFf4gRbkNZYfkF9Jw,OK,364186,471570213113026
5795.892,35.0614623,-89.8536277,ChIJ4TWJkTWFf4gRbkNZYfkF9Jw,OK,364186,471570213113026
5880.664,35.0512763,-89.8427476,ChIJ7VPJ3q-af4gRdxERIyaZ0gk,OK,370374,471570213113026
5768.055,35.1153996,-89.89414069999999,ChIJCb4NOWWEf4gR79YlPQoocW4,OK,373874,471570213113020
5768.055,35.1153996,-89.89414069999999,ChIJCb4NOWWEf4gR79YlPQoocW4,OK,373874,471570213113020
6179.307,35.0614623,-89.8536277,ChIJ4TWJkTWFf4gRbkNZYfkF9Jw,OK,394330,471570213113020
1926.436,35.1546312,-89.79260459999999,ChIJ8UeuSEecf4gRniit7ubZLtM,OK,137778,471570211353031
1926.436,35.1546312,-89.79260459999999,ChIJ8UeuSEecf4gRniit7ubZLtM,OK,137778,471570211353031
2873.897,35.14868459999999,-89.7948203,ChIJ4w9Lr2qcf4gRHdzl9FciAFM,OK,191330,471570211353031
1139.434,35.1546312,-89.79260459999999,ChIJ8UeuSEecf4gRniit7ubZLtM,OK,110130,471570211353033
1139.434,35.1546312,-89.79260459999999,ChIJ8UeuSEecf4gRniit7ubZLtM,OK,110130,471570211353033
2307.575,35.14868459999999,-89.7948203,ChIJ4w9Lr2qcf4gRHdzl9FciAFM,OK,156401,471570211353033
1030.856,35.1546312,-89.79260459999999,ChIJ8UeuSEecf4gRniit7ubZLtM,OK,97101,471570211353032
1030.856,35.1546312,-89.79260459999999,ChIJ8UeuSEecf4gRniit7ubZLtM,OK,97101,471570211353032
2198.997,35.14868459999999,-89.7948203,ChIJ4w9Lr2qcf4gRHdzl9FciAFM,OK,143372,471570211353032
879.323,35.1546312,-89.79260459999999,ChIJ8UeuSEecf4gRniit7ubZLtM,OK,75225,471570211353034
879.323,35.1546312,-89.79260459999999,ChIJ8UeuSEecf4gRniit7ubZLtM,OK,75225,471570211353034
2047.464,35.14868459999999,-89.7948203,ChIJ4w9Lr2qcf4gRHdzl9FciAFM,OK,121496,471570211353034
1264.683,35.0220022,-89.82947999999999,ChIJxT9DeWuQf4gRf6HLF5uJHd0,OK,86672,471570217542006
1264.683,35.0220022,-89.82947999999999,ChIJxT9DeWuQf4gRf6HLF5uJHd0,OK,86672,471570217542006
1806.773,35.0078094,-89.83044679999999,ChIJpwHMo0eQf4gRIqmNFjWLuW4,OK,115650,471570217542006
1176.559,35.0220022,-89.82947999999999,ChIJxT9DeWuQf4gRf6HLF5uJHd0,OK,76099,471570217542007
1176.559,35.0220022,-89.82947999999999,ChIJxT9DeWuQf4gRf6HLF5uJHd0,OK,76099,471570217542007
1718.649,35.0078094,-89.83044679999999,ChIJpwHMo0eQf4gRIqmNFjWLuW4,OK,105077,471570217542007
2524.323,35.05113000000001,-89.815021,ChIJAdLMX4iaf4gRUenKpoiyrBc,OK,210823,471570213421009
2524.323,35.05113000000001,-89.815021,ChIJAdLMX4iaf4gRUenKpoiyrBc,OK,210823,471570213421009
2738.465,35.048632,-89.814048,ChIJqY7T64eaf4gRoqZRK7sz4Co,OK,223099,471570213421009
1283.328,35.0078094,-89.83044679999999,ChIJpwHMo0eQf4gRIqmNFjWLuW4,OK,99142,471570217542012
1283.328,35.0078094,-89.83044679999999,ChIJpwHMo0eQf4gRIqmNFjWLuW4,OK,99142,471570217542012
1848.128,35.0220022,-89.82947999999999,ChIJxT9DeWuQf4gRf6HLF5uJHd0,OK,131468,471570217542012
2253.687,35.0220022,-89.82947999999999,ChIJxT9DeWuQf4gRf6HLF5uJHd0,OK,136360,471570217541004
2253.687,35.0220022,-89.82947999999999,ChIJxT9DeWuQf4gRf6HLF5uJHd0,OK,136360,471570217541004
2795.777,35.0078094,-89.83044679999999,ChIJpwHMo0eQf4gRIqmNFjWLuW4,OK,165338,471570217541004
3204.545,35.1075089,-89.9318387,ChIJVboYU6KGf4gRHfEHUi8Izac,OK,219153,471570029005001
3213.07,35.1161637,-89.9446263,ChIJ-ZiED8iGf4gR32IlfgDBKWY,OK,225733,471570029005001
3213.07,35.1161637,-89.9446263,ChIJ-ZiED8iGf4gR32IlfgDBKWY,OK,225733,471570029005001
1951.264,35.13763670000001,-90.00757159999999,ChIJl69WLQV-1YcRU3z7Tt2MyhY,OK,151579,471570035001006
1951.264,35.13763670000001,-90.00757159999999,ChIJl69WLQV-1YcRU3z7Tt2MyhY,OK,151579,471570035001006
2162.016,35.139426,-90.00714049999999,ChIJC-6kIBt-1YcRA1cskDtjsVc,OK,169701,471570035001006
4944.091,35.1153996,-89.89414069999999,ChIJCb4NOWWEf4gR79YlPQoocW4,OK,322532,471570213111006
7500.22,35.16339899999999,-89.855841,ChIJA_xfkC6Df4gRAjVZwLz1jqA,OK,365327,471570213111006
7500.22,35.16339899999999,-89.855841,ChIJA_xfkC6Df4gRAjVZwLz1jqA,OK,365327,471570213111006
2507.01,35.14868459999999,-89.7948203,ChIJ4w9Lr2qcf4gRHdzl9FciAFM,OK,160181,471570211402028
2507.01,35.14868459999999,-89.7948203,ChIJ4w9Lr2qcf4gRHdzl9FciAFM,OK,160181,471570211402028
3273.172,35.1546312,-89.79260459999999,ChIJ8UeuSEecf4gRniit7ubZLtM,OK,180880,471570211402028
1784.814,35.1161637,-89.9446263,ChIJ-ZiED8iGf4gR32IlfgDBKWY,OK,120791,471570029005008
1784.814,35.1161637,-89.9446263,ChIJ-ZiED8iGf4gR32IlfgDBKWY,OK,120791,471570029005008
2667.741,35.14981359999999,-89.94918609999999,ChIJVdGBGRaBf4gRsi89Rzqn8W4,OK,167690,471570029005008
2339.685,35.1251709,-90.0481695,ChIJybIJtCd81YcR9Otxws-5qCM,OK,140614,471570043001012
2339.685,35.1251709,-90.0481695,ChIJybIJtCd81YcR9Otxws-5qCM,OK,140614,471570043001012
2341.499,35.125222,-90.048147,ChIJ9cKdtid81YcRKs9h6RjzQzw,OK,140715,471570043001012
5809.246,35.1153996,-89.89414069999999,ChIJCb4NOWWEf4gR79YlPQoocW4,OK,368715,471570213111002
6516.551,35.16339899999999,-89.855841,ChIJA_xfkC6Df4gRAjVZwLz1jqA,OK,408902,471570213111002
6516.551,35.16339899999999,-89.855841,ChIJA_xfkC6Df4gRAjVZwLz1jqA,OK,408902,471570213111002
1949.078,35.1251709,-90.0481695,ChIJybIJtCd81YcR9Otxws-5qCM,OK,108288,471570043001013
1949.078,35.1251709,-90.0481695,ChIJybIJtCd81YcR9Otxws-5qCM,OK,108288,471570043001013
1950.892,35.125222,-90.048147,ChIJ9cKdtid81YcRKs9h6RjzQzw,OK,108389,471570043001013
2962.566,35.14868459999999,-89.7948203,ChIJ4w9Lr2qcf4gRHdzl9FciAFM,OK,202132,471579804001058
2962.566,35.14868459999999,-89.7948203,ChIJ4w9Lr2qcf4gRHdzl9FciAFM,OK,202132,471579804001058
3728.729,35.1546312,-89.79260459999999,ChIJ8UeuSEecf4gRniit7ubZLtM,OK,222831,471579804001058
6126.135,35.14868459999999,-89.7948203,ChIJ4w9Lr2qcf4gRHdzl9FciAFM,OK,409728,471570211381032
6126.135,35.14868459999999,-89.7948203,ChIJ4w9Lr2qcf4gRHdzl9FciAFM,OK,409728,471570211381032
6892.297,35.1546312,-89.79260459999999,ChIJ8UeuSEecf4gRniit7ubZLtM,OK,430427,471570211381032
1287.47,35.13763670000001,-90.00757159999999,ChIJl69WLQV-1YcRU3z7Tt2MyhY,OK,103288,471570033002004
1287.47,35.13763670000001,-90.00757159999999,ChIJl69WLQV-1YcRU3z7Tt2MyhY,OK,103288,471570033002004
1513.712,35.13774119999999,-89.99713,ChIJtwtohKiAf4gRFxkNLUf9PgA,OK,113238,471570033002004
1030.384,35.125222,-90.048147,ChIJ9cKdtid81YcRKs9h6RjzQzw,OK,75213,471570045001009
1030.384,35.125222,-90.048147,ChIJ9cKdtid81YcRKs9h6RjzQzw,OK,75213,471570045001009
1032.198,35.1251709,-90.0481695,ChIJybIJtCd81YcR9Otxws-5qCM,OK,75313,471570045001009
823.146,35.12545849999999,-89.97454169999999,ChIJoyT3HjOHf4gRS6EdHckmff8,OK,71834,471570031001014
823.146,35.12545849999999,-89.97454169999999,ChIJoyT3HjOHf4gRS6EdHckmff8,OK,71834,471570031001014
1576.056,35.13418100000001,-89.98599,ChIJnf1_yraAf4gR9pQmD7CXhgg,OK,112385,471570031001014
2647.399,35.14868459999999,-89.7948203,ChIJ4w9Lr2qcf4gRHdzl9FciAFM,OK,177027,471570211402025
2647.399,35.14868459999999,-89.7948203,ChIJ4w9Lr2qcf4gRHdzl9FciAFM,OK,177027,471570211402025
3413.562,35.1546312,-89.79260459999999,ChIJ8UeuSEecf4gRniit7ubZLtM,OK,197726,471570211402025
2770.49,35.14868459999999,-89.7948203,ChIJ4w9Lr2qcf4gRHdzl9FciAFM,OK,181878,471579804001035
2770.49,35.14868459999999,-89.7948203,ChIJ4w9Lr2qcf4gRHdzl9FciAFM,OK,181878,471579804001035
3536.652,35.1546312,-89.79260459999999,ChIJ8UeuSEecf4gRniit7ubZLtM,OK,202577,471579804001035
2438.891,35.1251709,-90.0481695,ChIJybIJtCd81YcR9Otxws-5qCM,OK,152519,471570043001004
2438.891,35.1251709,-90.0481695,ChIJybIJtCd81YcR9Otxws-5qCM,OK,152519,471570043001004
2440.705,35.125222,-90.048147,ChIJ9cKdtid81YcRKs9h6RjzQzw,OK,152620,471570043001004
951.954,35.125222,-90.048147,ChIJ9cKdtid81YcRKs9h6RjzQzw,OK,71260,471570045001010
951.954,35.125222,-90.048147,ChIJ9cKdtid81YcRKs9h6RjzQzw,OK,71260,471570045001010
953.768,35.1251709,-90.0481695,ChIJybIJtCd81YcR9Otxws-5qCM,OK,71360,471570045001010
2457.61,35.1251709,-90.0481695,ChIJybIJtCd81YcR9Otxws-5qCM,OK,154765,471570043001007
2457.61,35.1251709,-90.0481695,ChIJybIJtCd81YcR9Otxws-5qCM,OK,154765,471570043001007
2459.424,35.125222,-90.048147,ChIJ9cKdtid81YcRKs9h6RjzQzw,OK,154866,471570043001007
5239.09,35.1153996,-89.89414069999999,ChIJCb4NOWWEf4gR79YlPQoocW4,OK,361835,471570213111014
5239.09,35.1153996,-89.89414069999999,ChIJCb4NOWWEf4gR79YlPQoocW4,OK,361835,471570213111014
7795.219,35.16339899999999,-89.855841,ChIJA_xfkC6Df4gRAjVZwLz1jqA,OK,404630,471570213111014
2741.093,35.14868459999999,-89.7948203,ChIJ4w9Lr2qcf4gRHdzl9FciAFM,OK,175556,471579804001031
2741.093,35.14868459999999,-89.7948203,ChIJ4w9Lr2qcf4gRHdzl9FciAFM,OK,175556,471579804001031
3507.256,35.1546312,-89.79260459999999,ChIJ8UeuSEecf4gRniit7ubZLtM,OK,196255,471579804001031
5586.816,35.1581502,-89.72609419999999,ChIJL6yctRGff4gRqpalt07WxQs,OK,335116,471570211391013
5586.816,35.1581502,-89.72609419999999,ChIJL6yctRGff4gRqpalt07WxQs,OK,335116,471570211391013
6275.994,35.14868459999999,-89.7948203,ChIJ4w9Lr2qcf4gRHdzl9FciAFM,OK,366249,471570211391013
5341.746,35.1153996,-89.89414069999999,ChIJCb4NOWWEf4gR79YlPQoocW4,OK,380313,471570213111020
5341.746,35.1153996,-89.89414069999999,ChIJCb4NOWWEf4gR79YlPQoocW4,OK,380313,471570213111020
7897.876,35.16339899999999,-89.855841,ChIJA_xfkC6Df4gRAjVZwLz1jqA,OK,423108,471570213111020
2792.117,35.054745,-90.007971,ChIJXxyyQlt91YcRhldtWgjSnSE,OK,183614,471570225001073
3223.965,35.05407199999999,-90.00125899999999,ChIJIzdhk1h91YcRZT7cBcBslaM,OK,199653,471570225001073
3223.965,35.05407199999999,-90.00125899999999,ChIJIzdhk1h91YcRZT7cBcBslaM,OK,199653,471570225001073
1911.078,35.0643218,-89.9923063,ChIJb3DQuo2Hf4gRC8UI6d4pa68,OK,151548,471570225001004
1911.078,35.0643218,-89.9923063,ChIJb3DQuo2Hf4gRC8UI6d4pa68,OK,151548,471570225001004
3857.505,35.0841884,-89.97146650000001,ChIJX1vb4AeHf4gRloPQ2o5nDXA,OK,227725,471570225001004
2465.971,35.0614623,-89.8536277,ChIJ4TWJkTWFf4gRbkNZYfkF9Jw,OK,149153,471570217101010
2465.971,35.0614623,-89.8536277,ChIJ4TWJkTWFf4gRbkNZYfkF9Jw,OK,149153,471570217101010
3039.646,35.050596,-89.869556,ChIJQ4vLA2iFf4gRyyCo3ihKH44,OK,176222,471570217101010
1387.468,35.0745932,-89.9204618,ChIJPX58KNGFf4gRLgBWAHPwusk,OK,94423,471570106101016
1387.468,35.0745932,-89.9204618,ChIJPX58KNGFf4gRLgBWAHPwusk,OK,94423,471570106101016
1701.336,35.062945,-89.90568519999999,ChIJjxj9mL-Ff4gRoOEx9OzDyxs,OK,106756,471570106101016
1104.621,35.062945,-89.90568519999999,ChIJjxj9mL-Ff4gRoOEx9OzDyxs,OK,74638,471570106101035
1104.621,35.062945,-89.90568519999999,ChIJjxj9mL-Ff4gRoOEx9OzDyxs,OK,74638,471570106101035
1090.983,35.063996,-89.90690699999999,ChIJn51vcb-Ff4gRvoXU4r8swrw,OK,88788,471570106101035
552.203,35.0757114,-89.9271675,ChIJ-d7FIHmGf4gR6Aa1VQWm0ps,OK,60129,471570106101027
552.203,35.0757114,-89.9271675,ChIJ-d7FIHmGf4gR6Aa1VQWm0ps,OK,60129,471570106101027
1203.626,35.0745932,-89.9204618,ChIJPX58KNGFf4gRLgBWAHPwusk,OK,101135,471570106101027
227.31,35.0745932,-89.9204618,ChIJPX58KNGFf4gRLgBWAHPwusk,OK,13638,471570106101018
227.31,35.0745932,-89.9204618,ChIJPX58KNGFf4gRLgBWAHPwusk,OK,13638,471570106101018
905.949,35.0757114,-89.9271675,ChIJ-d7FIHmGf4gR6Aa1VQWm0ps,OK,54354,471570106101018
14099.591,34.999309,-90.118577,ChIJ9TRIjgZl1YcR3fm2jM14AHY,keyerror,1118005,471579803001007
14099.591,34.999309,-90.118577,ChIJ9TRIjgZl1YcR3fm2jM14AHY,keyerror,1118005,471579803001007
2742.878,35.0612606,-89.88628629999999,ChIJAQ_I1gqFf4gRFrt5yQeAEps,OK,190724,471570217101011
2742.878,35.0612606,-89.88628629999999,ChIJAQ_I1gqFf4gRFrt5yQeAEps,OK,190724,471570217101011
2626.278,35.0632829,-89.88727279999999,ChIJvVoQ4QqFf4gRItXZGUDZ-Hc,OK,206151,471570217101011
701.043,35.0757114,-89.9271675,ChIJ-d7FIHmGf4gR6Aa1VQWm0ps,OK,73679,471570106101028
701.043,35.0757114,-89.9271675,ChIJ-d7FIHmGf4gR6Aa1VQWm0ps,OK,73679,471570106101028
881.963,35.0745932,-89.9204618,ChIJPX58KNGFf4gRLgBWAHPwusk,OK,86551,471570106101028
3161.661,35.054745,-90.007971,ChIJXxyyQlt91YcRhldtWgjSnSE,OK,185839,471570078213010
3161.661,35.054745,-90.007971,ChIJXxyyQlt91YcRhldtWgjSnSE,OK,185839,471570078213010
3593.509,35.05407199999999,-90.00125899999999,ChIJIzdhk1h91YcRZT7cBcBslaM,OK,201878,471570078213010
756.955,35.0745932,-89.9204618,ChIJPX58KNGFf4gRLgBWAHPwusk,OK,56730,471570106101029
756.955,35.0745932,-89.9204618,ChIJPX58KNGFf4gRLgBWAHPwusk,OK,56730,471570106101029
2321.156,35.062945,-89.90568519999999,ChIJjxj9mL-Ff4gRoOEx9OzDyxs,OK,143873,471570106101029
3405.421,35.054745,-90.007971,ChIJXxyyQlt91YcRhldtWgjSnSE,OK,227772,471570225001072
3837.269,35.05407199999999,-90.00125899999999,ChIJIzdhk1h91YcRZT7cBcBslaM,OK,243811,471570225001072
3837.269,35.05407199999999,-90.00125899999999,ChIJIzdhk1h91YcRZT7cBcBslaM,OK,243811,471570225001072
1789.111,35.0612606,-89.88628629999999,ChIJAQ_I1gqFf4gRFrt5yQeAEps,OK,126082,471570107202006
1789.111,35.0612606,-89.88628629999999,ChIJAQ_I1gqFf4gRFrt5yQeAEps,OK,126082,471570107202006
1672.511,35.0632829,-89.88727279999999,ChIJvVoQ4QqFf4gRItXZGUDZ-Hc,OK,141509,471570107202006
1868.739,35.0612606,-89.88628629999999,ChIJAQ_I1gqFf4gRFrt5yQeAEps,OK,134539,471570107202000
1868.739,35.0612606,-89.88628629999999,ChIJAQ_I1gqFf4gRFrt5yQeAEps,OK,134539,471570107202000
1752.138,35.0632829,-89.88727279999999,ChIJvVoQ4QqFf4gRItXZGUDZ-Hc,OK,149966,471570107202000
1045.118,35.0745932,-89.9204618,ChIJPX58KNGFf4gRLgBWAHPwusk,OK,91310,471570106101013
1045.118,35.0745932,-89.9204618,ChIJPX58KNGFf4gRLgBWAHPwusk,OK,91310,471570106101013
1826.639,35.062945,-89.90568519999999,ChIJjxj9mL-Ff4gRoOEx9OzDyxs,OK,121792,471570106101013
2813.543,35.0612606,-89.88628629999999,ChIJAQ_I1gqFf4gRFrt5yQeAEps,OK,199204,471570217101017
2813.543,35.0612606,-89.88628629999999,ChIJAQ_I1gqFf4gRFrt5yQeAEps,OK,199204,471570217101017
2696.942,35.0632829,-89.88727279999999,ChIJvVoQ4QqFf4gRItXZGUDZ-Hc,OK,214631,471570217101017
2197.851,35.0643218,-89.9923063,ChIJb3DQuo2Hf4gRC8UI6d4pa68,OK,173501,471570225001074
2197.851,35.0643218,-89.9923063,ChIJb3DQuo2Hf4gRC8UI6d4pa68,OK,173501,471570225001074
4096.084,35.05407199999999,-90.00125899999999,ChIJIzdhk1h91YcRZT7cBcBslaM,OK,258694,471570225001074
4034.681,35.2072684,-89.7827147,ChIJKdJ2xvqdf4gRKLRUePlbOOs,OK,235906,471570211421010
4034.681,35.2072684,-89.7827147,ChIJKdJ2xvqdf4gRKLRUePlbOOs,OK,235906,471570211421010
5374.324,35.2044739,-89.76342459999999,ChIJ3XsJxyKef4gRTeWb3lonWsU,OK,243005,471570211421010
2565.888,35.04577219999999,-89.82821469999999,ChIJL-jEaJmaf4gREtYdkYi2nAs,OK,165126,471570213341023
2565.888,35.04577219999999,-89.82821469999999,ChIJL-jEaJmaf4gREtYdkYi2nAs,OK,165126,471570213341023
2836.161,35.0493563,-89.83813929999999,ChIJjRQNzqSaf4gRxmNqB0YAYGM,OK,175207,471570213341023
6207.834,35.2051043,-89.79754849999999,ChIJpRDMlY2df4gRQqHmUo_lzmc,OK,300666,471570211212008
6207.834,35.2051043,-89.79754849999999,ChIJpRDMlY2df4gRQqHmUo_lzmc,OK,300666,471570211212008
6672.804,35.2072684,-89.7827147,ChIJKdJ2xvqdf4gRKLRUePlbOOs,OK,358088,471570211212008
4477.309,35.2045576,-89.81176689999999,ChIJ8ROix4Kdf4gR4Su-1OwAUMo,OK,239917,471570211212005
5703.706,35.2051043,-89.79754849999999,ChIJpRDMlY2df4gRQqHmUo_lzmc,OK,272675,471570211212005
5703.706,35.2051043,-89.79754849999999,ChIJpRDMlY2df4gRQqHmUo_lzmc,OK,272675,471570211212005
2434.508,35.0493563,-89.83813929999999,ChIJjRQNzqSaf4gRxmNqB0YAYGM,OK,135164,471570213342004
2434.508,35.0493563,-89.83813929999999,ChIJjRQNzqSaf4gRxmNqB0YAYGM,OK,135164,471570213342004
2756.273,35.049031,-89.841437,ChIJt6vl46-af4gRvoN8Yvkmx9A,OK,158006,471570213342004
3012.199,35.0493563,-89.83813929999999,ChIJjRQNzqSaf4gRxmNqB0YAYGM,OK,191788,471570213342022
3012.199,35.0493563,-89.83813929999999,ChIJjRQNzqSaf4gRxmNqB0YAYGM,OK,191788,471570213342022
3333.964,35.049031,-89.841437,ChIJt6vl46-af4gRvoN8Yvkmx9A,OK,214630,471570213342022
2997.178,35.0493563,-89.83813929999999,ChIJjRQNzqSaf4gRxmNqB0YAYGM,OK,189984,471570213342002
2997.178,35.0493563,-89.83813929999999,ChIJjRQNzqSaf4gRxmNqB0YAYGM,OK,189984,471570213342002
3318.943,35.049031,-89.841437,ChIJt6vl46-af4gRvoN8Yvkmx9A,OK,212826,471570213342002
3161.644,35.0512763,-89.8427476,ChIJ7VPJ3q-af4gRdxERIyaZ0gk,OK,206699,471570213342009
3161.644,35.0512763,-89.8427476,ChIJ7VPJ3q-af4gRdxERIyaZ0gk,OK,206699,471570213342009
3543.836,35.049031,-89.841437,ChIJt6vl46-af4gRvoN8Yvkmx9A,OK,217741,471570213342009
2690.693,35.0512763,-89.8427476,ChIJ7VPJ3q-af4gRdxERIyaZ0gk,OK,176053,471570213342026
2690.693,35.0512763,-89.8427476,ChIJ7VPJ3q-af4gRdxERIyaZ0gk,OK,176053,471570213342026
3072.885,35.049031,-89.841437,ChIJt6vl46-af4gRvoN8Yvkmx9A,OK,187095,471570213342026
7308.65,35.2045576,-89.81176689999999,ChIJ8ROix4Kdf4gR4Su-1OwAUMo,OK,354970,471570211212020
7308.65,35.2045576,-89.81176689999999,ChIJ8ROix4Kdf4gR4Su-1OwAUMo,OK,354970,471570211212020
8517,35.2051043,-89.79754849999999,ChIJpRDMlY2df4gRQqHmUo_lzmc,OK,376281,471570211212020
835.913,35.0614623,-89.8536277,ChIJ4TWJkTWFf4gRbkNZYfkF9Jw,OK,74837,471570217213001
835.913,35.0614623,-89.8536277,ChIJ4TWJkTWFf4gRbkNZYfkF9Jw,OK,74837,471570217213001
1527.183,35.0493493,-89.855357,ChIJH2Nw4lGFf4gRq0vxk4n5iAE,OK,114523,471570217213001
7522.737,35.2045576,-89.81176689999999,ChIJ8ROix4Kdf4gR4Su-1OwAUMo,OK,363083,471570211212018
7522.737,35.2045576,-89.81176689999999,ChIJ8ROix4Kdf4gR4Su-1OwAUMo,OK,363083,471570211212018
8731.088,35.2051043,-89.79754849999999,ChIJpRDMlY2df4gRQqHmUo_lzmc,OK,384394,471570211212018
1150.12,35.0477573,-89.86637909999999,ChIJ5_0L5VyFf4gR4HBEwl6nmRE,OK,63684,471570108201013
1209.342,35.050596,-89.869556,ChIJQ4vLA2iFf4gRyyCo3ihKH44,OK,74086,471570108201013
1209.342,35.050596,-89.869556,ChIJQ4vLA2iFf4gRyyCo3ihKH44,OK,74086,471570108201013
4993.348,35.1444038,-90.0168571,ChIJufYEjhR-1YcREff46W6Lons,OK,266213,471570025001004
4993.348,35.1444038,-90.0168571,ChIJufYEjhR-1YcREff46W6Lons,OK,266213,471570025001004
5641.032,35.1490317,-90.0140679,ChIJw3q9_xV-1YcRqrte6yBn1CI,OK,300147,471570025001004
4827.02,35.1490317,-90.0140679,ChIJw3q9_xV-1YcRqrte6yBn1CI,OK,250202,471570025001005
4827.02,35.1490317,-90.0140679,ChIJw3q9_xV-1YcRqrte6yBn1CI,OK,250202,471570025001005
5549.257,35.1444038,-90.0168571,ChIJufYEjhR-1YcREff46W6Lons,OK,297555,471570025001005
1314.203,35.16339899999999,-89.855841,ChIJA_xfkC6Df4gRAjVZwLz1jqA,OK,96234,471570211224005
1314.203,35.16339899999999,-89.855841,ChIJA_xfkC6Df4gRAjVZwLz1jqA,OK,96234,471570211224005
1389.358,35.1623785,-89.8566175,ChIJXQHWWS6Df4gRqhH5EQ9H1j0,OK,105199,471570211224005
3177.448,35.16339899999999,-89.855841,ChIJA_xfkC6Df4gRAjVZwLz1jqA,OK,227886,471570211224006
3177.448,35.16339899999999,-89.855841,ChIJA_xfkC6Df4gRAjVZwLz1jqA,OK,227886,471570211224006
3252.604,35.1623785,-89.8566175,ChIJXQHWWS6Df4gRqhH5EQ9H1j0,OK,236851,471570211224006
1289.412,35.1450994,-90.0538646,ChIJne6_s5V-1YcRn_LPaqiwhrk,OK,74857,471570113001046
1289.412,35.1450994,-90.0538646,ChIJne6_s5V-1YcRn_LPaqiwhrk,OK,74857,471570113001046
1508.951,35.1435177,-90.0539328,ChIJ8VFg1pV-1YcRR9G8p0pZx6U,OK,83612,471570113001046
1419.528,35.1450994,-90.0538646,ChIJne6_s5V-1YcRn_LPaqiwhrk,OK,81182,471570113001034
1419.528,35.1450994,-90.0538646,ChIJne6_s5V-1YcRn_LPaqiwhrk,OK,81182,471570113001034
1639.066,35.1435177,-90.0539328,ChIJ8VFg1pV-1YcRR9G8p0pZx6U,OK,89937,471570113001034
1592.697,35.1450994,-90.0538646,ChIJne6_s5V-1YcRn_LPaqiwhrk,OK,88975,471570113001033
1592.697,35.1450994,-90.0538646,ChIJne6_s5V-1YcRn_LPaqiwhrk,OK,88975,471570113001033
1812.236,35.1435177,-90.0539328,ChIJ8VFg1pV-1YcRR9G8p0pZx6U,OK,97730,471570113001033
1099.766,35.1087458,-90.0211918,ChIJe6w2EsF91YcRquzVZc8M0-I,OK,70770,471570059001012
1099.766,35.1087458,-90.0211918,ChIJe6w2EsF91YcRquzVZc8M0-I,OK,70770,471570059001012
1100.407,35.10874099999999,-90.021185,ChIJrVbiDcF91YcRG9TBOTpHc3I,OK,70847,471570059001012
465.535,35.1435177,-90.0539328,ChIJ8VFg1pV-1YcRR9G8p0pZx6U,OK,27928,471570042001027
465.535,35.1435177,-90.0539328,ChIJ8VFg1pV-1YcRR9G8p0pZx6U,OK,27928,471570042001027
352.717,35.1450994,-90.0538646,ChIJne6_s5V-1YcRn_LPaqiwhrk,OK,33199,471570042001027
3026.705,35.1161637,-89.9446263,ChIJ-ZiED8iGf4gR32IlfgDBKWY,OK,187659,471570029005005
3026.705,35.1161637,-89.9446263,ChIJ-ZiED8iGf4gR32IlfgDBKWY,OK,187659,471570029005005
3141.149,35.14859919999999,-89.91828060000002,ChIJRflgf-eDf4gRHX_XNYKER-s,OK,190651,471570029005005
2097.153,35.1804299,-89.9263818,ChIJIfvtv4eBf4gRJLjVGBpAzmc,OK,140991,471570088004008
2097.153,35.1804299,-89.9263818,ChIJIfvtv4eBf4gRJLjVGBpAzmc,OK,140991,471570088004008
3053.267,35.183951,-89.93106899999999,ChIJWQ0EIo-Bf4gR6cuqlCcQuNw,OK,220080,471570088004008
2163.427,35.1804299,-89.9263818,ChIJIfvtv4eBf4gRJLjVGBpAzmc,OK,168761,471570088001010
2163.427,35.1804299,-89.9263818,ChIJIfvtv4eBf4gRJLjVGBpAzmc,OK,168761,471570088001010
2461.199,35.14859919999999,-89.91828060000002,ChIJRflgf-eDf4gRHX_XNYKER-s,OK,193651,471570088001010
1715.498,35.1804299,-89.9263818,ChIJIfvtv4eBf4gRJLjVGBpAzmc,OK,115010,471570088001005
1715.498,35.1804299,-89.9263818,ChIJIfvtv4eBf4gRJLjVGBpAzmc,OK,115010,471570088001005
2671.613,35.183951,-89.93106899999999,ChIJWQ0EIo-Bf4gR6cuqlCcQuNw,OK,194099,471570088001005
888.876,35.0068452,-90.00681259999999,ChIJz3G0Jpti1YcRMCYWHOflqrA,OK,70459,471570221303004
888.876,35.0068452,-90.00681259999999,ChIJz3G0Jpti1YcRMCYWHOflqrA,OK,70459,471570221303004
1680.609,35.00495799999999,-90.0276544,ChIJuXbrrfFi1YcR97C4vX-T9Zk,OK,127435,471570221303004
838.496,35.0068452,-90.00681259999999,ChIJz3G0Jpti1YcRMCYWHOflqrA,OK,64414,471570221303006
838.496,35.0068452,-90.00681259999999,ChIJz3G0Jpti1YcRMCYWHOflqrA,OK,64414,471570221303006
1630.23,35.00495799999999,-90.0276544,ChIJuXbrrfFi1YcR97C4vX-T9Zk,OK,121390,471570221303006
2694.769,35.02379430000001,-89.96377079999999,ChIJDVntamKIf4gRlF5S6rdAlgc,OK,186326,471570219004019
2694.769,35.02379430000001,-89.96377079999999,ChIJDVntamKIf4gRlF5S6rdAlgc,OK,186326,471570219004019
3277.434,35.02099699999999,-89.93544,ChIJW6hY3LmIf4gRWjIeu9tMgvU,OK,217109,471570219004019
621.941,35.02138900000001,-89.996898,ChIJz3MQkR6If4gRIBgmNH-BQcg,OK,66503,471570221221009
621.941,35.02138900000001,-89.996898,ChIJz3MQkR6If4gRIBgmNH-BQcg,OK,66503,471570221221009
2003.076,35.0068452,-90.00681259999999,ChIJz3G0Jpti1YcRMCYWHOflqrA,OK,156107,471570221221009
2228.011,35.02138900000001,-89.996898,ChIJz3MQkR6If4gRIBgmNH-BQcg,OK,146921,471570221223000
2228.011,35.02138900000001,-89.996898,ChIJz3MQkR6If4gRIBgmNH-BQcg,OK,146921,471570221223000
2148.52,35.0068452,-90.00681259999999,ChIJz3G0Jpti1YcRMCYWHOflqrA,OK,151238,471570221223000
980.782,35.0068452,-90.00681259999999,ChIJz3G0Jpti1YcRMCYWHOflqrA,OK,73862,471570221302004
980.782,35.0068452,-90.00681259999999,ChIJz3G0Jpti1YcRMCYWHOflqrA,OK,73862,471570221302004
1065.193,34.993343,-90.00823899999999,ChIJk-nxFn1i1YcRBckohHLWoho,OK,78926,471570221302004
616.914,34.9907298,-89.99350899999999,ChIJaR6gqdOJf4gRbmqB7wctwt0,keyerror,41525,471570221301017
616.914,34.9907298,-89.99350899999999,ChIJaR6gqdOJf4gRbmqB7wctwt0,keyerror,41525,471570221301017
4323.693,34.993343,-90.00823899999999,ChIJk-nxFn1i1YcRBckohHLWoho,keyerror,261046,471570221301017
1668.384,35.02138900000001,-89.996898,ChIJz3MQkR6If4gRIBgmNH-BQcg,OK,99439,471570221221021
1668.384,35.02138900000001,-89.996898,ChIJz3MQkR6If4gRIBgmNH-BQcg,OK,99439,471570221221021
2637.919,34.9907298,-89.99350899999999,ChIJaR6gqdOJf4gRbmqB7wctwt0,OK,153136,471570221221021
3040.131,34.9907298,-89.99350899999999,ChIJaR6gqdOJf4gRbmqB7wctwt0,OK,174885,471570219004024
3673.932,35.02138900000001,-89.996898,ChIJz3MQkR6If4gRIBgmNH-BQcg,OK,209984,471570219004024
3673.932,35.02138900000001,-89.996898,ChIJz3MQkR6If4gRIBgmNH-BQcg,OK,209984,471570219004024
733.902,35.1489345,-89.89838259999999,ChIJaTBvX72Df4gRiyFT0LQMnrQ,OK,67932,471570098002015
733.902,35.1489345,-89.89838259999999,ChIJaTBvX72Df4gRiyFT0LQMnrQ,OK,67932,471570098002015
814.448,35.148225,-89.89748700000001,ChIJC8t095eDf4gRGuXK3FleZyg,OK,72765,471570098002015
1737.225,35.210167,-89.919383,ChIJi0gqlgaCf4gRjUvfmHxGMyw,OK,155691,471570205413007
1737.225,35.210167,-89.919383,ChIJi0gqlgaCf4gRjUvfmHxGMyw,OK,155691,471570205413007
2085.936,35.2158947,-89.9151158,ChIJxetq6ad4f4gRD1K1cIBWUQ4,OK,170230,471570205413007
1911.577,35.02379430000001,-89.96377079999999,ChIJDVntamKIf4gRlF5S6rdAlgc,OK,127492,471570219003003
1911.577,35.02379430000001,-89.96377079999999,ChIJDVntamKIf4gRlF5S6rdAlgc,OK,127492,471570219003003
1850.795,35.02099699999999,-89.93544,ChIJW6hY3LmIf4gRWjIeu9tMgvU,OK,135795,471570219003003
2400.524,35.02379430000001,-89.96377079999999,ChIJDVntamKIf4gRlF5S6rdAlgc,OK,170189,471570219002007
2400.524,35.02379430000001,-89.96377079999999,ChIJDVntamKIf4gRlF5S6rdAlgc,OK,170189,471570219002007
2983.189,35.02099699999999,-89.93544,ChIJW6hY3LmIf4gRWjIeu9tMgvU,OK,200972,471570219002007
1227.699,35.1439641,-90.0517892,ChIJL-0zBZR-1YcRj7p5p1WY4-g,OK,86548,471570039001011
1227.699,35.1439641,-90.0517892,ChIJL-0zBZR-1YcRj7p5p1WY4-g,OK,86548,471570039001011
1436.615,35.1450994,-90.0538646,ChIJne6_s5V-1YcRn_LPaqiwhrk,OK,92002,471570039001011
1298.294,35.1439641,-90.0517892,ChIJL-0zBZR-1YcRj7p5p1WY4-g,OK,99160,471570114003003
1298.294,35.1439641,-90.0517892,ChIJL-0zBZR-1YcRj7p5p1WY4-g,OK,99160,471570114003003
1544.42,35.1435177,-90.0539328,ChIJ8VFg1pV-1YcRR9G8p0pZx6U,OK,102456,471570114003003
1486.016,35.1439641,-90.0517892,ChIJL-0zBZR-1YcRj7p5p1WY4-g,OK,93857,471570114003016
1486.016,35.1439641,-90.0517892,ChIJL-0zBZR-1YcRj7p5p1WY4-g,OK,93857,471570114003016
1516.706,35.1435177,-90.0539328,ChIJ8VFg1pV-1YcRR9G8p0pZx6U,OK,94136,471570114003016
2336.408,35.1439641,-90.0517892,ChIJL-0zBZR-1YcRj7p5p1WY4-g,OK,148502,471570039001020
2336.408,35.1439641,-90.0517892,ChIJL-0zBZR-1YcRj7p5p1WY4-g,OK,148502,471570039001020
2367.098,35.1435177,-90.0539328,ChIJ8VFg1pV-1YcRR9G8p0pZx6U,OK,148781,471570039001020
1867.49,35.1444038,-90.0168571,ChIJufYEjhR-1YcREff46W6Lons,OK,114582,471570038001005
1867.49,35.1444038,-90.0168571,ChIJufYEjhR-1YcREff46W6Lons,OK,114582,471570038001005
2129.393,35.1490317,-90.0140679,ChIJw3q9_xV-1YcRqrte6yBn1CI,OK,144216,471570038001005
3905.112,35.0854368,-89.89541919999999,ChIJf5cc-VKEf4gRF-lYLgijYQQ,OK,251549,471570213203022
3905.112,35.0854368,-89.89541919999999,ChIJf5cc-VKEf4gRF-lYLgijYQQ,OK,251549,471570213203022
3972.316,35.1145886,-89.90089789999999,ChIJKWmlFW6Ef4gR0YNISWQMkss,OK,252438,471570213203022
4654.504,35.1145886,-89.90089789999999,ChIJKWmlFW6Ef4gR0YNISWQMkss,OK,292011,471570213111037
4654.504,35.1145886,-89.90089789999999,ChIJKWmlFW6Ef4gR0YNISWQMkss,OK,292011,471570213111037
5444.003,35.0854368,-89.89541919999999,ChIJf5cc-VKEf4gRF-lYLgijYQQ,OK,295730,471570213111037
5868.544,35.0614623,-89.8536277,ChIJ4TWJkTWFf4gRbkNZYfkF9Jw,OK,357085,471570213202011
5868.544,35.0614623,-89.8536277,ChIJ4TWJkTWFf4gRbkNZYfkF9Jw,OK,357085,471570213202011
5953.316,35.0512763,-89.8427476,ChIJ7VPJ3q-af4gRdxERIyaZ0gk,OK,363273,471570213202011
5572.015,35.0854368,-89.89541919999999,ChIJf5cc-VKEf4gRF-lYLgijYQQ,OK,308003,471570213202004
4752.549,35.1153996,-89.89414069999999,ChIJCb4NOWWEf4gR79YlPQoocW4,OK,309657,471570213202004
4752.549,35.1153996,-89.89414069999999,ChIJCb4NOWWEf4gR79YlPQoocW4,OK,309657,471570213202004
3101.061,35.0854368,-89.89541919999999,ChIJf5cc-VKEf4gRF-lYLgijYQQ,OK,209017,471570213313001
3101.061,35.0854368,-89.89541919999999,ChIJf5cc-VKEf4gRF-lYLgijYQQ,OK,209017,471570213313001
5385.489,35.0614623,-89.8536277,ChIJ4TWJkTWFf4gRbkNZYfkF9Jw,OK,349307,471570213313001
5797.775,35.0614623,-89.8536277,ChIJ4TWJkTWFf4gRbkNZYfkF9Jw,OK,358095,471570213113023
5797.775,35.0614623,-89.8536277,ChIJ4TWJkTWFf4gRbkNZYfkF9Jw,OK,358095,471570213113023
5882.546,35.0512763,-89.8427476,ChIJ7VPJ3q-af4gRdxERIyaZ0gk,OK,364283,471570213113023
5543.399,35.1145886,-89.90089789999999,ChIJKWmlFW6Ef4gR0YNISWQMkss,OK,364940,471570213111036
5543.399,35.1145886,-89.90089789999999,ChIJKWmlFW6Ef4gR0YNISWQMkss,OK,364940,471570213111036
4939.908,35.1153996,-89.89414069999999,ChIJCb4NOWWEf4gR79YlPQoocW4,OK,367315,471570213111036
4285.993,35.1145886,-89.90089789999999,ChIJKWmlFW6Ef4gR0YNISWQMkss,OK,265480,471570213111038
4285.993,35.1145886,-89.90089789999999,ChIJKWmlFW6Ef4gR0YNISWQMkss,OK,265480,471570213111038
5075.492,35.0854368,-89.89541919999999,ChIJf5cc-VKEf4gRF-lYLgijYQQ,OK,269199,471570213111038
4146.166,35.1145886,-89.90089789999999,ChIJKWmlFW6Ef4gR0YNISWQMkss,OK,251100,471570213204011
4935.665,35.0854368,-89.89541919999999,ChIJf5cc-VKEf4gRF-lYLgijYQQ,OK,254819,471570213204011
4935.665,35.0854368,-89.89541919999999,ChIJf5cc-VKEf4gRF-lYLgijYQQ,OK,254819,471570213204011
5157.005,35.0854368,-89.89541919999999,ChIJf5cc-VKEf4gRF-lYLgijYQQ,OK,267743,471570213203000
4337.54,35.1153996,-89.89414069999999,ChIJCb4NOWWEf4gR79YlPQoocW4,OK,269397,471570213203000
4337.54,35.1153996,-89.89414069999999,ChIJCb4NOWWEf4gR79YlPQoocW4,OK,269397,471570213203000
3260.083,35.0854368,-89.89541919999999,ChIJf5cc-VKEf4gRF-lYLgijYQQ,OK,228099,471570213313002
3260.083,35.0854368,-89.89541919999999,ChIJf5cc-VKEf4gRF-lYLgijYQQ,OK,228099,471570213313002
4901.445,35.0614623,-89.8536277,ChIJ4TWJkTWFf4gRbkNZYfkF9Jw,OK,334856,471570213313002
4129.837,35.1145886,-89.90089789999999,ChIJKWmlFW6Ef4gR0YNISWQMkss,OK,280720,471570213204001
4919.336,35.0854368,-89.89541919999999,ChIJf5cc-VKEf4gRF-lYLgijYQQ,OK,284439,471570213204001
4919.336,35.0854368,-89.89541919999999,ChIJf5cc-VKEf4gRF-lYLgijYQQ,OK,284439,471570213204001
3998.772,35.1145886,-89.90089789999999,ChIJKWmlFW6Ef4gR0YNISWQMkss,OK,262986,471570213204006
4788.271,35.0854368,-89.89541919999999,ChIJf5cc-VKEf4gRF-lYLgijYQQ,OK,266705,471570213204006
4788.271,35.0854368,-89.89541919999999,ChIJf5cc-VKEf4gRF-lYLgijYQQ,OK,266705,471570213204006
4030.604,35.1145886,-89.90089789999999,ChIJKWmlFW6Ef4gR0YNISWQMkss,OK,262860,471570213204007
4820.104,35.0854368,-89.89541919999999,ChIJf5cc-VKEf4gRF-lYLgijYQQ,OK,266579,471570213204007
4820.104,35.0854368,-89.89541919999999,ChIJf5cc-VKEf4gRF-lYLgijYQQ,OK,266579,471570213204007
4016.296,35.1145886,-89.90089789999999,ChIJKWmlFW6Ef4gR0YNISWQMkss,OK,260284,471570213204003
4805.795,35.0854368,-89.89541919999999,ChIJf5cc-VKEf4gRF-lYLgijYQQ,OK,264003,471570213204003
4805.795,35.0854368,-89.89541919999999,ChIJf5cc-VKEf4gRF-lYLgijYQQ,OK,264003,471570213204003
5502.762,35.0854368,-89.89541919999999,ChIJf5cc-VKEf4gRF-lYLgijYQQ,OK,288487,471570213202005
4683.297,35.1153996,-89.89414069999999,ChIJCb4NOWWEf4gR79YlPQoocW4,OK,290141,471570213202005
4683.297,35.1153996,-89.89414069999999,ChIJCb4NOWWEf4gR79YlPQoocW4,OK,290141,471570213202005
4404.853,35.1153996,-89.89414069999999,ChIJCb4NOWWEf4gR79YlPQoocW4,OK,281899,471570213203002
4404.853,35.1153996,-89.89414069999999,ChIJCb4NOWWEf4gR79YlPQoocW4,OK,281899,471570213203002
5282.668,35.0854368,-89.89541919999999,ChIJf5cc-VKEf4gRF-lYLgijYQQ,OK,282921,471570213203002
1149.746,35.1157645,-90.022279,ChIJwZqBNMN91YcRRpdDvj5Pcr8,OK,79148,471570116002033
1149.746,35.1157645,-90.022279,ChIJwZqBNMN91YcRRpdDvj5Pcr8,OK,79148,471570116002033
1991.316,35.1087458,-90.0211918,ChIJe6w2EsF91YcRquzVZc8M0-I,OK,127765,471570116002033
4856.547,35.0854368,-89.89541919999999,ChIJf5cc-VKEf4gRF-lYLgijYQQ,OK,303839,471570213202006
4856.547,35.0854368,-89.89541919999999,ChIJf5cc-VKEf4gRF-lYLgijYQQ,OK,303839,471570213202006
5039.118,35.0614623,-89.8536277,ChIJ4TWJkTWFf4gRbkNZYfkF9Jw,OK,315839,471570213202006
4325.25,35.0854368,-89.89541919999999,ChIJf5cc-VKEf4gRF-lYLgijYQQ,OK,279251,471570213202019
4325.25,35.0854368,-89.89541919999999,ChIJf5cc-VKEf4gRF-lYLgijYQQ,OK,279251,471570213202019
4483.937,35.0614623,-89.8536277,ChIJ4TWJkTWFf4gRbkNZYfkF9Jw,OK,289819,471570213202019
2163.202,35.0854368,-89.89541919999999,ChIJf5cc-VKEf4gRF-lYLgijYQQ,OK,140323,471570095003015
2163.202,35.0854368,-89.89541919999999,ChIJf5cc-VKEf4gRF-lYLgijYQQ,OK,140323,471570095003015
3679.788,35.1145886,-89.90089789999999,ChIJKWmlFW6Ef4gR0YNISWQMkss,OK,233504,471570095003015
2118.959,35.0854368,-89.89541919999999,ChIJf5cc-VKEf4gRF-lYLgijYQQ,OK,141091,471570095004010
2118.959,35.0854368,-89.89541919999999,ChIJf5cc-VKEf4gRF-lYLgijYQQ,OK,141091,471570095004010
5376.06,35.0612606,-89.88628629999999,ChIJAQ_I1gqFf4gRFrt5yQeAEps,OK,331940,471570095004010
2761.279,35.1145886,-89.90089789999999,ChIJKWmlFW6Ef4gR0YNISWQMkss,OK,175162,471570095003004
2731.313,35.1153996,-89.89414069999999,ChIJCb4NOWWEf4gR79YlPQoocW4,OK,180535,471570095003004
2731.313,35.1153996,-89.89414069999999,ChIJCb4NOWWEf4gR79YlPQoocW4,OK,180535,471570095003004
2540.402,35.0854368,-89.89541919999999,ChIJf5cc-VKEf4gRF-lYLgijYQQ,OK,180247,471570095003020
2540.402,35.0854368,-89.89541919999999,ChIJf5cc-VKEf4gRF-lYLgijYQQ,OK,180247,471570095003020
3417.493,35.1145886,-89.90089789999999,ChIJKWmlFW6Ef4gR0YNISWQMkss,OK,244563,471570095003020
3813.759,35.1153996,-89.89414069999999,ChIJCb4NOWWEf4gR79YlPQoocW4,OK,293770,471570096001009
3813.759,35.1153996,-89.89414069999999,ChIJCb4NOWWEf4gR79YlPQoocW4,OK,293770,471570096001009
4392.535,35.1145886,-89.90089789999999,ChIJKWmlFW6Ef4gR0YNISWQMkss,OK,321323,471570096001009
3026.744,35.1153996,-89.89414069999999,ChIJCb4NOWWEf4gR79YlPQoocW4,OK,246398,471570096002009
3026.744,35.1153996,-89.89414069999999,ChIJCb4NOWWEf4gR79YlPQoocW4,OK,246398,471570096002009
3605.52,35.1145886,-89.90089789999999,ChIJKWmlFW6Ef4gR0YNISWQMkss,OK,273951,471570096002009
1707.096,35.0878609,-89.931612,ChIJ78kLm4aGf4gRhPZ5eF_7ojg,OK,139687,471570097001022
2755.307,35.0757114,-89.9271675,ChIJ-d7FIHmGf4gR6Aa1VQWm0ps,OK,239613,471570097001022
2755.307,35.0757114,-89.9271675,ChIJ-d7FIHmGf4gR6Aa1VQWm0ps,OK,239613,471570097001022
1807.607,35.0854368,-89.89541919999999,ChIJf5cc-VKEf4gRF-lYLgijYQQ,OK,125341,471570097001001
1807.607,35.0854368,-89.89541919999999,ChIJf5cc-VKEf4gRF-lYLgijYQQ,OK,125341,471570097001001
2433.167,35.063996,-89.90690699999999,ChIJn51vcb-Ff4gRvoXU4r8swrw,OK,169725,471570097001001
845.462,35.0854368,-89.89541919999999,ChIJf5cc-VKEf4gRF-lYLgijYQQ,OK,50876,471570097002004
845.462,35.0854368,-89.89541919999999,ChIJf5cc-VKEf4gRF-lYLgijYQQ,OK,50876,471570097002004
2773.928,35.063996,-89.90690699999999,ChIJn51vcb-Ff4gRvoXU4r8swrw,OK,169625,471570097002004
1331.792,35.22619459999999,-90.0020167,ChIJvTh1mwiA1YcRLLqD5Uxq8Nc,OK,111417,471570100004010
1331.792,35.22619459999999,-90.0020167,ChIJvTh1mwiA1YcRLLqD5Uxq8Nc,OK,111417,471570100004010
2142.187,35.218332,-90.00299799999999,ChIJfRCGEgGA1YcRsZsWP_dycDI,OK,158884,471570100004010
2654.777,35.22619459999999,-90.0020167,ChIJvTh1mwiA1YcRLLqD5Uxq8Nc,OK,193874,471570100003005
2654.777,35.22619459999999,-90.0020167,ChIJvTh1mwiA1YcRLLqD5Uxq8Nc,OK,193874,471570100003005
3118.55,35.217526,-89.98935,ChIJKdhOoPd_f4gRbD5w-Ol3ovU,OK,241912,471570100003005
2387.769,35.22619459999999,-90.0020167,ChIJvTh1mwiA1YcRLLqD5Uxq8Nc,OK,173327,471570100002010
2970.22,35.222344,-89.97682999999999,ChIJ987Br45_f4gRjwrvnFN8t7k,OK,207116,471570100002010
2970.22,35.222344,-89.97682999999999,ChIJ987Br45_f4gRjwrvnFN8t7k,OK,207116,471570100002010
2458.469,35.222344,-89.97682999999999,ChIJ987Br45_f4gRjwrvnFN8t7k,OK,187600,471570100001005
2458.469,35.222344,-89.97682999999999,ChIJ987Br45_f4gRjwrvnFN8t7k,OK,187600,471570100001005
2460.322,35.2227028,-89.97692290000001,ChIJ987Br45_f4gRMoYIhCny13Q,OK,199792,471570100001005
594.414,35.22619459999999,-90.0020167,ChIJvTh1mwiA1YcRLLqD5Uxq8Nc,OK,52725,471570100005011
594.414,35.22619459999999,-90.0020167,ChIJvTh1mwiA1YcRLLqD5Uxq8Nc,OK,52725,471570100005011
1127.663,35.218332,-90.00299799999999,ChIJfRCGEgGA1YcRsZsWP_dycDI,OK,83564,471570100005011
789.685,35.22619459999999,-90.0020167,ChIJvTh1mwiA1YcRLLqD5Uxq8Nc,OK,78083,471570100005012
789.685,35.22619459999999,-90.0020167,ChIJvTh1mwiA1YcRLLqD5Uxq8Nc,OK,78083,471570100005012
1792.704,35.218332,-90.00299799999999,ChIJfRCGEgGA1YcRsZsWP_dycDI,OK,139418,471570100005012
392.837,35.218332,-90.00299799999999,ChIJfRCGEgGA1YcRsZsWP_dycDI,OK,38723,471570101102009
392.837,35.218332,-90.00299799999999,ChIJfRCGEgGA1YcRsZsWP_dycDI,OK,38723,471570101102009
791.326,35.21475480000001,-90.00354540000001,ChIJF6XvX_9_1YcRD4jlF4jzevw,OK,62631,471570101102009
1419.994,35.22619459999999,-90.0020167,ChIJvTh1mwiA1YcRLLqD5Uxq8Nc,OK,111320,471570101102005
1419.994,35.22619459999999,-90.0020167,ChIJvTh1mwiA1YcRLLqD5Uxq8Nc,OK,111320,471570101102005
1865.076,35.218332,-90.00299799999999,ChIJfRCGEgGA1YcRsZsWP_dycDI,OK,136726,471570101102005
1005.835,35.218332,-90.00299799999999,ChIJfRCGEgGA1YcRsZsWP_dycDI,OK,84067,471570101105007
1005.835,35.218332,-90.00299799999999,ChIJfRCGEgGA1YcRsZsWP_dycDI,OK,84067,471570101105007
1213.74,35.21475480000001,-90.00354540000001,ChIJF6XvX_9_1YcRD4jlF4jzevw,OK,96541,471570101105007
1110.56,35.21475480000001,-90.00354540000001,ChIJF6XvX_9_1YcRD4jlF4jzevw,OK,77795,471570101106004
1110.56,35.21475480000001,-90.00354540000001,ChIJF6XvX_9_1YcRD4jlF4jzevw,OK,77795,471570101106004
1509.05,35.218332,-90.00299799999999,ChIJfRCGEgGA1YcRsZsWP_dycDI,OK,101704,471570101106004
502.845,35.22619459999999,-90.0020167,ChIJvTh1mwiA1YcRLLqD5Uxq8Nc,OK,50787,471570101101001
502.845,35.22619459999999,-90.0020167,ChIJvTh1mwiA1YcRLLqD5Uxq8Nc,OK,50787,471570101101001
1231.094,35.218332,-90.00299799999999,ChIJfRCGEgGA1YcRsZsWP_dycDI,OK,101640,471570101101001
1884.529,35.21475480000001,-90.00354540000001,ChIJF6XvX_9_1YcRD4jlF4jzevw,OK,122746,471570101205000
1884.529,35.21475480000001,-90.00354540000001,ChIJF6XvX_9_1YcRD4jlF4jzevw,OK,122746,471570101205000
2283.018,35.218332,-90.00299799999999,ChIJfRCGEgGA1YcRsZsWP_dycDI,OK,146655,471570101205000
2165.721,35.21475480000001,-90.00354540000001,ChIJF6XvX_9_1YcRD4jlF4jzevw,OK,156488,471570101205001
2165.721,35.21475480000001,-90.00354540000001,ChIJF6XvX_9_1YcRD4jlF4jzevw,OK,156488,471570101205001
2564.211,35.218332,-90.00299799999999,ChIJfRCGEgGA1YcRsZsWP_dycDI,OK,180397,471570101205001
1597.48,35.17410499999999,-89.97575479999999,ChIJmfYTGFmAf4gRHGKCaD0qCtI,OK,109694,471570111001008
1597.48,35.17410499999999,-89.97575479999999,ChIJmfYTGFmAf4gRHGKCaD0qCtI,OK,109694,471570111001008
3282.441,35.167095,-89.950496,ChIJecYfJgmBf4gRJh-YY67U6V8,OK,204453,471570111001008
2044.588,35.167095,-89.950496,ChIJecYfJgmBf4gRJh-YY67U6V8,OK,133485,471570012002002
2044.588,35.167095,-89.950496,ChIJecYfJgmBf4gRJh-YY67U6V8,OK,133485,471570012002002
1904.182,35.14981359999999,-89.94918609999999,ChIJVdGBGRaBf4gRsi89Rzqn8W4,OK,153100,471570012002002
2066.092,35.12545849999999,-89.97454169999999,ChIJoyT3HjOHf4gRS6EdHckmff8,OK,141823,471570072002009
2066.092,35.12545849999999,-89.97454169999999,ChIJoyT3HjOHf4gRS6EdHckmff8,OK,141823,471570072002009
2626.291,35.1161637,-89.9446263,ChIJ-ZiED8iGf4gR32IlfgDBKWY,OK,181506,471570072002009
812.77,35.1060329,-90.039159,ChIJ231bcjV81YcRQ1quDeYAd6M,OK,79555,471570057002006
812.77,35.1060329,-90.039159,ChIJ231bcjV81YcRQ1quDeYAd6M,OK,79555,471570057002006
2011.224,35.1087458,-90.0211918,ChIJe6w2EsF91YcRquzVZc8M0-I,OK,141994,471570057002006
1512.838,35.14859919999999,-89.91828060000002,ChIJRflgf-eDf4gRHX_XNYKER-s,OK,88951,471570029001005
1512.838,35.14859919999999,-89.91828060000002,ChIJRflgf-eDf4gRHX_XNYKER-s,OK,88951,471570029001005
2848.83,35.14981359999999,-89.94918609999999,ChIJVdGBGRaBf4gRsi89Rzqn8W4,OK,148758,471570029001005
195.993,35.04764,-89.81103399999999,ChIJI51OG32af4gRR1NU8GPdiEE,OK,30992,471570213421053
195.993,35.04764,-89.81103399999999,ChIJI51OG32af4gRR1NU8GPdiEE,OK,30992,471570213421053
346.874,35.048632,-89.814048,ChIJqY7T64eaf4gRoqZRK7sz4Co,OK,49096,471570213421053
1678.924,35.14859919999999,-89.91828060000002,ChIJRflgf-eDf4gRHX_XNYKER-s,OK,108986,471570012001018
1678.924,35.14859919999999,-89.91828060000002,ChIJRflgf-eDf4gRHX_XNYKER-s,OK,108986,471570012001018
2025.327,35.14981359999999,-89.94918609999999,ChIJVdGBGRaBf4gRsi89Rzqn8W4,OK,140744,471570012001018
2211.558,35.1804299,-89.9263818,ChIJIfvtv4eBf4gRJLjVGBpAzmc,OK,136126,471570087003003
2211.558,35.1804299,-89.9263818,ChIJIfvtv4eBf4gRJLjVGBpAzmc,OK,136126,471570087003003
2603.68,35.14859919999999,-89.91828060000002,ChIJRflgf-eDf4gRHX_XNYKER-s,OK,161850,471570087003003
1584.584,35.2337782,-89.9252472,ChIJra3pLkt_f4gRjZbqnHrruIM,OK,122056,471570205311014
1584.584,35.2337782,-89.9252472,ChIJra3pLkt_f4gRjZbqnHrruIM,OK,122056,471570205311014
5231.396,35.2158947,-89.9151158,ChIJxetq6ad4f4gRD1K1cIBWUQ4,OK,358637,471570205311014
1175.509,35.14859919999999,-89.91828060000002,ChIJRflgf-eDf4gRHX_XNYKER-s,OK,71735,471570029001020
1175.509,35.14859919999999,-89.91828060000002,ChIJRflgf-eDf4gRHX_XNYKER-s,OK,71735,471570029001020
2511.5,35.14981359999999,-89.94918609999999,ChIJVdGBGRaBf4gRsi89Rzqn8W4,OK,131542,471570029001020
2538.218,35.05113000000001,-89.815021,ChIJAdLMX4iaf4gRUenKpoiyrBc,OK,212490,471570213421033
2538.218,35.05113000000001,-89.815021,ChIJAdLMX4iaf4gRUenKpoiyrBc,OK,212490,471570213421033
2752.36,35.048632,-89.814048,ChIJqY7T64eaf4gRoqZRK7sz4Co,OK,224766,471570213421033
1580.591,35.14859919999999,-89.91828060000002,ChIJRflgf-eDf4gRHX_XNYKER-s,OK,173783,471570087003000
1580.591,35.14859919999999,-89.91828060000002,ChIJRflgf-eDf4gRHX_XNYKER-s,OK,173783,471570087003000
2690.349,35.1804299,-89.9263818,ChIJIfvtv4eBf4gRJLjVGBpAzmc,OK,179367,471570087003000
831.644,35.109859,-89.99141100000001,ChIJs6JbpFyHf4gR9O01gG0a7fQ,OK,61187,471570064001010
831.644,35.109859,-89.99141100000001,ChIJs6JbpFyHf4gR9O01gG0a7fQ,OK,61187,471570064001010
1633.704,35.107529,-89.9862127,ChIJ0WGfSUKHf4gRjDLrfGQwCV4,OK,112068,471570064001010
1496.222,35.14859919999999,-89.91828060000002,ChIJRflgf-eDf4gRHX_XNYKER-s,OK,163658,471570087002001
1496.222,35.14859919999999,-89.91828060000002,ChIJRflgf-eDf4gRHX_XNYKER-s,OK,163658,471570087002001
2783.552,35.1804299,-89.9263818,ChIJIfvtv4eBf4gRJLjVGBpAzmc,OK,183166,471570087002001
1996.655,35.05113000000001,-89.815021,ChIJAdLMX4iaf4gRUenKpoiyrBc,OK,147504,471570213421036
1996.655,35.05113000000001,-89.815021,ChIJAdLMX4iaf4gRUenKpoiyrBc,OK,147504,471570213421036
2210.797,35.048632,-89.814048,ChIJqY7T64eaf4gRoqZRK7sz4Co,OK,159780,471570213421036
2444.008,35.05113000000001,-89.815021,ChIJAdLMX4iaf4gRUenKpoiyrBc,OK,201185,471570213421015
2444.008,35.05113000000001,-89.815021,ChIJAdLMX4iaf4gRUenKpoiyrBc,OK,201185,471570213421015
2658.15,35.048632,-89.814048,ChIJqY7T64eaf4gRoqZRK7sz4Co,OK,213461,471570213421015
1855.758,35.05113000000001,-89.815021,ChIJAdLMX4iaf4gRUenKpoiyrBc,OK,130597,471570213421023
1855.758,35.05113000000001,-89.815021,ChIJAdLMX4iaf4gRUenKpoiyrBc,OK,130597,471570213421023
2069.9,35.048632,-89.814048,ChIJqY7T64eaf4gRoqZRK7sz4Co,OK,142873,471570213421023
996.2,35.109859,-89.99141100000001,ChIJs6JbpFyHf4gR9O01gG0a7fQ,OK,69918,471570065002001
996.2,35.109859,-89.99141100000001,ChIJs6JbpFyHf4gR9O01gG0a7fQ,OK,69918,471570065002001
1798.26,35.107529,-89.9862127,ChIJ0WGfSUKHf4gRjDLrfGQwCV4,OK,120799,471570065002001
1366.027,35.109859,-89.99141100000001,ChIJs6JbpFyHf4gR9O01gG0a7fQ,OK,117654,471570065002012
1366.027,35.109859,-89.99141100000001,ChIJs6JbpFyHf4gR9O01gG0a7fQ,OK,117654,471570065002012
2168.087,35.107529,-89.9862127,ChIJ0WGfSUKHf4gRjDLrfGQwCV4,OK,168535,471570065002012
1557.085,35.109859,-89.99141100000001,ChIJs6JbpFyHf4gR9O01gG0a7fQ,OK,98740,471570065002007
1557.085,35.109859,-89.99141100000001,ChIJs6JbpFyHf4gR9O01gG0a7fQ,OK,98740,471570065002007
1738.443,35.1087458,-90.0211918,ChIJe6w2EsF91YcRquzVZc8M0-I,OK,109351,471570065002007
778.012,35.109859,-89.99141100000001,ChIJs6JbpFyHf4gR9O01gG0a7fQ,OK,45566,471570064001029
778.012,35.109859,-89.99141100000001,ChIJs6JbpFyHf4gR9O01gG0a7fQ,OK,45566,471570064001029
1580.072,35.107529,-89.9862127,ChIJ0WGfSUKHf4gRjDLrfGQwCV4,OK,96447,471570064001029
1681.401,35.1087458,-90.0211918,ChIJe6w2EsF91YcRquzVZc8M0-I,OK,131016,471570078102012
1681.401,35.1087458,-90.0211918,ChIJe6w2EsF91YcRquzVZc8M0-I,OK,131016,471570078102012
1682.042,35.10874099999999,-90.021185,ChIJrVbiDcF91YcRG9TBOTpHc3I,OK,131093,471570078102012
2052.211,35.0854368,-89.89541919999999,ChIJf5cc-VKEf4gRF-lYLgijYQQ,OK,124755,471570093002021
2052.211,35.0854368,-89.89541919999999,ChIJf5cc-VKEf4gRF-lYLgijYQQ,OK,124755,471570093002021
3178.7,35.093158,-89.93038,ChIJU1HLuoSGf4gRK5KIVLXtvbU,OK,207016,471570093002021
1654.786,35.0854368,-89.89541919999999,ChIJf5cc-VKEf4gRF-lYLgijYQQ,OK,113080,471570097002009
1654.786,35.0854368,-89.89541919999999,ChIJf5cc-VKEf4gRF-lYLgijYQQ,OK,113080,471570097002009
2891.92,35.0745932,-89.9204618,ChIJPX58KNGFf4gRLgBWAHPwusk,OK,199319,471570097002009
2116.153,35.0878609,-89.931612,ChIJ78kLm4aGf4gRhPZ5eF_7ojg,OK,141267,471570097001003
3911.767,35.0757114,-89.9271675,ChIJ-d7FIHmGf4gR6Aa1VQWm0ps,OK,249523,471570097001003
3911.767,35.0757114,-89.9271675,ChIJ-d7FIHmGf4gR6Aa1VQWm0ps,OK,249523,471570097001003
1264.3,35.062945,-89.90568519999999,ChIJjxj9mL-Ff4gRoOEx9OzDyxs,OK,81714,471570106104008
1264.3,35.062945,-89.90568519999999,ChIJjxj9mL-Ff4gRoOEx9OzDyxs,OK,81714,471570106104008
1008.684,35.063996,-89.90690699999999,ChIJn51vcb-Ff4gRvoXU4r8swrw,OK,88907,471570106104008
1319.582,35.06591589999999,-89.94154240000002,ChIJTUcfL2qGf4gRH4x-pmmajWw,OK,102132,471570105001024
1319.582,35.06591589999999,-89.94154240000002,ChIJTUcfL2qGf4gRH4x-pmmajWw,OK,102132,471570105001024
1765.861,35.051879,-89.95322299999999,ChIJtbdkhjqGf4gRndtG1KtFnTA,OK,117845,471570105001024
890.534,35.051879,-89.95322299999999,ChIJtbdkhjqGf4gRndtG1KtFnTA,OK,77667,471570110203002
890.534,35.051879,-89.95322299999999,ChIJtbdkhjqGf4gRndtG1KtFnTA,OK,77667,471570110203002
2576.951,35.05905920000001,-89.9340455,ChIJM89Mbw2Gf4gRFqf4fPnKU7k,OK,170753,471570110203002
784.6,35.0515544,-89.92255089999999,ChIJG_UFGuOFf4gRyHNDzwp5is0,OK,60165,471570106203000
784.6,35.0515544,-89.92255089999999,ChIJG_UFGuOFf4gRyHNDzwp5is0,OK,60165,471570106203000
1186.017,35.05905920000001,-89.9340455,ChIJM89Mbw2Gf4gRFqf4fPnKU7k,OK,81022,471570106203000
4129.74,35.1145886,-89.90089789999999,ChIJKWmlFW6Ef4gR0YNISWQMkss,OK,279930,471570213204002
4919.239,35.0854368,-89.89541919999999,ChIJf5cc-VKEf4gRF-lYLgijYQQ,OK,283649,471570213204002
4919.239,35.0854368,-89.89541919999999,ChIJf5cc-VKEf4gRF-lYLgijYQQ,OK,283649,471570213204002
792.583,35.0374859,-89.93716700000002,ChIJESgedaeIf4gRXlLu5ht4wNo,OK,71726,471570226001123
792.583,35.0374859,-89.93716700000002,ChIJESgedaeIf4gRXlLu5ht4wNo,OK,71726,471570226001123
2264.647,35.05905920000001,-89.9340455,ChIJM89Mbw2Gf4gRFqf4fPnKU7k,OK,156987,471570226001123
1466.147,35.02379430000001,-89.96377079999999,ChIJDVntamKIf4gRlF5S6rdAlgc,OK,130654,471570110103019
1466.147,35.02379430000001,-89.96377079999999,ChIJDVntamKIf4gRlF5S6rdAlgc,OK,130654,471570110103019
2923.474,35.02099699999999,-89.93544,ChIJW6hY3LmIf4gRWjIeu9tMgvU,OK,209879,471570110103019
1524.204,35.02099699999999,-89.93544,ChIJW6hY3LmIf4gRWjIeu9tMgvU,OK,110896,471570219001003
1524.204,35.02099699999999,-89.93544,ChIJW6hY3LmIf4gRWjIeu9tMgvU,OK,110896,471570219001003
1911.25,35.015991,-89.935953,ChIJSSHzkseIf4gRnqbOP98HojY,OK,132330,471570219001003
1851.471,35.0612606,-89.88628629999999,ChIJAQ_I1gqFf4gRFrt5yQeAEps,OK,129256,471570107102010
1851.471,35.0612606,-89.88628629999999,ChIJAQ_I1gqFf4gRFrt5yQeAEps,OK,129256,471570107102010
1862.963,35.062945,-89.90568519999999,ChIJjxj9mL-Ff4gRoOEx9OzDyxs,OK,129607,471570107102010
1518.62,35.0854368,-89.89541919999999,ChIJf5cc-VKEf4gRF-lYLgijYQQ,OK,91267,471570095002022
1518.62,35.0854368,-89.89541919999999,ChIJf5cc-VKEf4gRF-lYLgijYQQ,OK,91267,471570095002022
3360.65,35.1145886,-89.90089789999999,ChIJKWmlFW6Ef4gR0YNISWQMkss,OK,203974,471570095002022
1798.577,35.0854368,-89.89541919999999,ChIJf5cc-VKEf4gRF-lYLgijYQQ,OK,124893,471570095004011
1798.577,35.0854368,-89.89541919999999,ChIJf5cc-VKEf4gRF-lYLgijYQQ,OK,124893,471570095004011
5055.678,35.0612606,-89.88628629999999,ChIJAQ_I1gqFf4gRFrt5yQeAEps,OK,315742,471570095004011
1660.869,35.0612606,-89.88628629999999,ChIJAQ_I1gqFf4gRFrt5yQeAEps,OK,132179,471570107102006
1660.869,35.0612606,-89.88628629999999,ChIJAQ_I1gqFf4gRFrt5yQeAEps,OK,132179,471570107102006
1544.269,35.0632829,-89.88727279999999,ChIJvVoQ4QqFf4gRItXZGUDZ-Hc,OK,147606,471570107102006
3610.098,35.1145886,-89.90089789999999,ChIJKWmlFW6Ef4gR0YNISWQMkss,OK,226967,471570096004011
3610.098,35.1145886,-89.90089789999999,ChIJKWmlFW6Ef4gR0YNISWQMkss,OK,226967,471570096004011
3580.132,35.1153996,-89.89414069999999,ChIJCb4NOWWEf4gR79YlPQoocW4,OK,232340,471570096004011
2677.301,35.1145886,-89.90089789999999,ChIJKWmlFW6Ef4gR0YNISWQMkss,OK,180183,471570096004024
2647.335,35.1153996,-89.89414069999999,ChIJCb4NOWWEf4gR79YlPQoocW4,OK,185556,471570096004024
2647.335,35.1153996,-89.89414069999999,ChIJCb4NOWWEf4gR79YlPQoocW4,OK,185556,471570096004024
3481.61,35.0854368,-89.89541919999999,ChIJf5cc-VKEf4gRF-lYLgijYQQ,OK,254681,471570213313017
3481.61,35.0854368,-89.89541919999999,ChIJf5cc-VKEf4gRF-lYLgijYQQ,OK,254681,471570213313017
4985.226,35.0614623,-89.8536277,ChIJ4TWJkTWFf4gRbkNZYfkF9Jw,OK,344909,471570213313017
4067.734,35.0854368,-89.89541919999999,ChIJf5cc-VKEf4gRF-lYLgijYQQ,OK,204234,471570213204009
4067.734,35.0854368,-89.89541919999999,ChIJf5cc-VKEf4gRF-lYLgijYQQ,OK,204234,471570213204009
3494.232,35.1145886,-89.90089789999999,ChIJKWmlFW6Ef4gR0YNISWQMkss,OK,209654,471570213204009
3774.259,35.0854368,-89.89541919999999,ChIJf5cc-VKEf4gRF-lYLgijYQQ,OK,259090,471570213203013
3774.259,35.0854368,-89.89541919999999,ChIJf5cc-VKEf4gRF-lYLgijYQQ,OK,259090,471570213203013
4806.018,35.1153996,-89.89414069999999,ChIJCb4NOWWEf4gR79YlPQoocW4,OK,330356,471570213203013
2530.728,35.0854368,-89.89541919999999,ChIJf5cc-VKEf4gRF-lYLgijYQQ,OK,190501,471570095004004
2530.728,35.0854368,-89.89541919999999,ChIJf5cc-VKEf4gRF-lYLgijYQQ,OK,190501,471570095004004
5787.83,35.0612606,-89.88628629999999,ChIJAQ_I1gqFf4gRFrt5yQeAEps,OK,381350,471570095004004
3265.642,35.1546312,-89.79260459999999,ChIJ8UeuSEecf4gRniit7ubZLtM,OK,250626,471570211353005
3265.642,35.1546312,-89.79260459999999,ChIJ8UeuSEecf4gRniit7ubZLtM,OK,250626,471570211353005
3841.434,35.14868459999999,-89.7948203,ChIJ4w9Lr2qcf4gRHdzl9FciAFM,OK,295920,471570211353005
1242.918,35.16339899999999,-89.855841,ChIJA_xfkC6Df4gRAjVZwLz1jqA,OK,75206,471570211113036
1242.918,35.16339899999999,-89.855841,ChIJA_xfkC6Df4gRAjVZwLz1jqA,OK,75206,471570211113036
1316.301,35.1623785,-89.8566175,ChIJXQHWWS6Df4gRqhH5EQ9H1j0,OK,84065,471570211113036
2539.752,35.1546312,-89.79260459999999,ChIJ8UeuSEecf4gRniit7ubZLtM,OK,172696,471570211261004
2539.752,35.1546312,-89.79260459999999,ChIJ8UeuSEecf4gRniit7ubZLtM,OK,172696,471570211261004
2919.64,35.14868459999999,-89.7948203,ChIJ4w9Lr2qcf4gRHdzl9FciAFM,OK,192196,471570211261004
515.432,35.167095,-89.950496,ChIJecYfJgmBf4gRJh-YY67U6V8,OK,29485,471570111001038
515.432,35.167095,-89.950496,ChIJecYfJgmBf4gRJh-YY67U6V8,OK,29485,471570111001038
2551.189,35.14981359999999,-89.94918609999999,ChIJVdGBGRaBf4gRsi89Rzqn8W4,OK,168681,471570111001038
3065.695,35.1546312,-89.79260459999999,ChIJ8UeuSEecf4gRniit7ubZLtM,OK,226548,471570211353018
3065.695,35.1546312,-89.79260459999999,ChIJ8UeuSEecf4gRniit7ubZLtM,OK,226548,471570211353018
4013.157,35.14868459999999,-89.7948203,ChIJ4w9Lr2qcf4gRHdzl9FciAFM,OK,280100,471570211353018
3160.978,35.1546312,-89.79260459999999,ChIJ8UeuSEecf4gRniit7ubZLtM,OK,247726,471570211353000
3160.978,35.1546312,-89.79260459999999,ChIJ8UeuSEecf4gRniit7ubZLtM,OK,247726,471570211353000
4108.44,35.14868459999999,-89.7948203,ChIJ4w9Lr2qcf4gRHdzl9FciAFM,OK,301278,471570211353000
3759.614,35.1439641,-90.0517892,ChIJL-0zBZR-1YcRj7p5p1WY4-g,OK,274985,471570001003029
3759.614,35.1439641,-90.0517892,ChIJL-0zBZR-1YcRj7p5p1WY4-g,OK,274985,471570001003029
3968.531,35.1450994,-90.0538646,ChIJne6_s5V-1YcRn_LPaqiwhrk,OK,280439,471570001003029
2506.215,35.16339899999999,-89.855841,ChIJA_xfkC6Df4gRAjVZwLz1jqA,OK,164243,471570211113035
2506.215,35.16339899999999,-89.855841,ChIJA_xfkC6Df4gRAjVZwLz1jqA,OK,164243,471570211113035
2579.599,35.1623785,-89.8566175,ChIJXQHWWS6Df4gRqhH5EQ9H1j0,OK,173102,471570211113035
1829.868,35.16339899999999,-89.855841,ChIJA_xfkC6Df4gRAjVZwLz1jqA,OK,115218,471570211113037
1829.868,35.16339899999999,-89.855841,ChIJA_xfkC6Df4gRAjVZwLz1jqA,OK,115218,471570211113037
1903.252,35.1623785,-89.8566175,ChIJXQHWWS6Df4gRqhH5EQ9H1j0,OK,124077,471570211113037
1142.8,35.16339899999999,-89.855841,ChIJA_xfkC6Df4gRAjVZwLz1jqA,OK,64865,471570211113038
1142.8,35.16339899999999,-89.855841,ChIJA_xfkC6Df4gRAjVZwLz1jqA,OK,64865,471570211113038
1216.183,35.1623785,-89.8566175,ChIJXQHWWS6Df4gRqhH5EQ9H1j0,OK,73724,471570211113038
399.522,35.167095,-89.950496,ChIJecYfJgmBf4gRJh-YY67U6V8,OK,23065,471570111001039
399.522,35.167095,-89.950496,ChIJecYfJgmBf4gRJh-YY67U6V8,OK,23065,471570111001039
2482.197,35.14981359999999,-89.94918609999999,ChIJVdGBGRaBf4gRsi89Rzqn8W4,OK,166645,471570111001039
1705.017,35.16339899999999,-89.855841,ChIJA_xfkC6Df4gRAjVZwLz1jqA,OK,106229,471570211113039
1705.017,35.16339899999999,-89.855841,ChIJA_xfkC6Df4gRAjVZwLz1jqA,OK,106229,471570211113039
1778.4,35.1623785,-89.8566175,ChIJXQHWWS6Df4gRqhH5EQ9H1j0,OK,115088,471570211113039
4064.716,35.1439641,-90.0517892,ChIJL-0zBZR-1YcRj7p5p1WY4-g,OK,312805,471570001003011
4064.716,35.1439641,-90.0517892,ChIJL-0zBZR-1YcRj7p5p1WY4-g,OK,312805,471570001003011
4273.632,35.1450994,-90.0538646,ChIJne6_s5V-1YcRn_LPaqiwhrk,OK,318259,471570001003011
1562.868,35.16339899999999,-89.855841,ChIJA_xfkC6Df4gRAjVZwLz1jqA,OK,99198,471570211211003
1562.868,35.16339899999999,-89.855841,ChIJA_xfkC6Df4gRAjVZwLz1jqA,OK,99198,471570211211003
1638.023,35.1623785,-89.8566175,ChIJXQHWWS6Df4gRqhH5EQ9H1j0,OK,108163,471570211211003
4015.081,35.1439641,-90.0517892,ChIJL-0zBZR-1YcRj7p5p1WY4-g,OK,306078,471570001003020
4015.081,35.1439641,-90.0517892,ChIJL-0zBZR-1YcRj7p5p1WY4-g,OK,306078,471570001003020
4223.997,35.1450994,-90.0538646,ChIJne6_s5V-1YcRn_LPaqiwhrk,OK,311532,471570001003020
3710.242,35.1439641,-90.0517892,ChIJL-0zBZR-1YcRj7p5p1WY4-g,OK,267223,471570001003027
3710.242,35.1439641,-90.0517892,ChIJL-0zBZR-1YcRj7p5p1WY4-g,OK,267223,471570001003027
3919.158,35.1450994,-90.0538646,ChIJne6_s5V-1YcRn_LPaqiwhrk,OK,272677,471570001003027
4073.542,35.16339899999999,-89.855841,ChIJA_xfkC6Df4gRAjVZwLz1jqA,OK,187606,471570211211000
4073.542,35.16339899999999,-89.855841,ChIJA_xfkC6Df4gRAjVZwLz1jqA,OK,187606,471570211211000
4146.925,35.1623785,-89.8566175,ChIJXQHWWS6Df4gRqhH5EQ9H1j0,OK,196465,471570211211000
1533.068,35.12545849999999,-89.97454169999999,ChIJoyT3HjOHf4gRS6EdHckmff8,OK,108854,471570071001018
1533.068,35.12545849999999,-89.97454169999999,ChIJoyT3HjOHf4gRS6EdHckmff8,OK,108854,471570071001018
2325.089,35.1161637,-89.9446263,ChIJ-ZiED8iGf4gR32IlfgDBKWY,OK,162445,471570071001018
774.187,35.0841884,-89.97146650000001,ChIJX1vb4AeHf4gRloPQ2o5nDXA,OK,70492,471570081101003
774.187,35.0841884,-89.97146650000001,ChIJX1vb4AeHf4gRloPQ2o5nDXA,OK,70492,471570081101003
1074.436,35.0904795,-89.96597299999999,ChIJHfaNmAOHf4gR1d8V2K9rfSU,OK,95419,471570081101003
1683.558,35.12545849999999,-89.97454169999999,ChIJoyT3HjOHf4gRS6EdHckmff8,OK,119856,471570071002006
1683.558,35.12545849999999,-89.97454169999999,ChIJoyT3HjOHf4gRS6EdHckmff8,OK,119856,471570071002006
2510.112,35.1161637,-89.9446263,ChIJ-ZiED8iGf4gR32IlfgDBKWY,OK,170010,471570071002006
1710.989,35.12545849999999,-89.97454169999999,ChIJoyT3HjOHf4gRS6EdHckmff8,OK,102651,471570072002018
1710.989,35.12545849999999,-89.97454169999999,ChIJoyT3HjOHf4gRS6EdHckmff8,OK,102651,471570072002018
1865.844,35.1161637,-89.9446263,ChIJ-ZiED8iGf4gR32IlfgDBKWY,OK,118013,471570072002018
2215.141,35.12545849999999,-89.97454169999999,ChIJoyT3HjOHf4gRS6EdHckmff8,OK,148489,471570072002011
2215.141,35.12545849999999,-89.97454169999999,ChIJoyT3HjOHf4gRS6EdHckmff8,OK,148489,471570072002011
2775.34,35.1161637,-89.9446263,ChIJ-ZiED8iGf4gR32IlfgDBKWY,OK,188172,471570072002011
1038.6,35.1161637,-89.9446263,ChIJ-ZiED8iGf4gR32IlfgDBKWY,OK,106371,471570072001003
1038.6,35.1161637,-89.9446263,ChIJ-ZiED8iGf4gR32IlfgDBKWY,OK,106371,471570072001003
2335.112,35.108097,-89.941227,ChIJwxJT-r6Gf4gRhLDuFpyb128,OK,180337,471570072001003
1757.131,35.1161637,-89.9446263,ChIJ-ZiED8iGf4gR32IlfgDBKWY,OK,123228,471570072002014
1757.131,35.1161637,-89.9446263,ChIJ-ZiED8iGf4gR32IlfgDBKWY,OK,123228,471570072002014
2210.906,35.12545849999999,-89.97454169999999,ChIJoyT3HjOHf4gRS6EdHckmff8,OK,144381,471570072002014
3756.299,35.222344,-89.97682999999999,ChIJ987Br45_f4gRjwrvnFN8t7k,OK,245513,471570205112000
3756.299,35.222344,-89.97682999999999,ChIJ987Br45_f4gRjwrvnFN8t7k,OK,245513,471570205112000
4157.166,35.2227028,-89.97692290000001,ChIJ987Br45_f4gRMoYIhCny13Q,OK,281645,471570205112000
3679.389,35.222344,-89.97682999999999,ChIJ987Br45_f4gRjwrvnFN8t7k,OK,221981,471570205112010
3679.389,35.222344,-89.97682999999999,ChIJ987Br45_f4gRjwrvnFN8t7k,OK,221981,471570205112010
4080.256,35.2227028,-89.97692290000001,ChIJ987Br45_f4gRMoYIhCny13Q,OK,258113,471570205112010
2970.154,35.222344,-89.97682999999999,ChIJ987Br45_f4gRjwrvnFN8t7k,OK,191416,471570205123002
3729.011,35.2337782,-89.9252472,ChIJra3pLkt_f4gRjZbqnHrruIM,OK,239889,471570205123002
3729.011,35.2337782,-89.9252472,ChIJra3pLkt_f4gRjZbqnHrruIM,OK,239889,471570205123002
2956.04,35.2337782,-89.9252472,ChIJra3pLkt_f4gRjZbqnHrruIM,OK,185426,471570205241009
2956.04,35.2337782,-89.9252472,ChIJra3pLkt_f4gRjZbqnHrruIM,OK,185426,471570205241009
3135.909,35.210167,-89.919383,ChIJi0gqlgaCf4gRjUvfmHxGMyw,OK,220384,471570205241009
3736.948,35.222344,-89.97682999999999,ChIJ987Br45_f4gRjwrvnFN8t7k,OK,250206,471570205123011
3736.948,35.222344,-89.97682999999999,ChIJ987Br45_f4gRjwrvnFN8t7k,OK,250206,471570205123011
4137.815,35.2227028,-89.97692290000001,ChIJ987Br45_f4gRMoYIhCny13Q,OK,286338,471570205123011
4056.172,35.222344,-89.97682999999999,ChIJ987Br45_f4gRjwrvnFN8t7k,OK,270440,471570205112013
4056.172,35.222344,-89.97682999999999,ChIJ987Br45_f4gRjwrvnFN8t7k,OK,270440,471570205112013
4457.038,35.2227028,-89.97692290000001,ChIJ987Br45_f4gRMoYIhCny13Q,OK,306572,471570205112013
4185.326,35.222344,-89.97682999999999,ChIJ987Br45_f4gRjwrvnFN8t7k,OK,258785,471570205123016
4185.326,35.222344,-89.97682999999999,ChIJ987Br45_f4gRjwrvnFN8t7k,OK,258785,471570205123016
4586.193,35.2227028,-89.97692290000001,ChIJ987Br45_f4gRMoYIhCny13Q,OK,294917,471570205123016
3420.894,35.2023757,-89.9218691,ChIJvw7rwByCf4gRrAscHKjp1Iw,OK,269494,471570205123013
3420.894,35.2023757,-89.9218691,ChIJvw7rwByCf4gRrAscHKjp1Iw,OK,269494,471570205123013
4607.96,35.222344,-89.97682999999999,ChIJ987Br45_f4gRjwrvnFN8t7k,OK,309499,471570205123013
3213.198,35.2023757,-89.9218691,ChIJvw7rwByCf4gRrAscHKjp1Iw,OK,232332,471570205123017
6195.422,35.183951,-89.93106899999999,ChIJWQ0EIo-Bf4gR6cuqlCcQuNw,OK,335007,471570205123017
6195.422,35.183951,-89.93106899999999,ChIJWQ0EIo-Bf4gR6cuqlCcQuNw,OK,335007,471570205123017
3167.741,35.2023757,-89.9218691,ChIJvw7rwByCf4gRrAscHKjp1Iw,OK,227633,471570205124007
5283.221,35.183951,-89.93106899999999,ChIJWQ0EIo-Bf4gR6cuqlCcQuNw,OK,344118,471570205124007
5283.221,35.183951,-89.93106899999999,ChIJWQ0EIo-Bf4gR6cuqlCcQuNw,OK,344118,471570205124007
3062.307,35.2023757,-89.9218691,ChIJvw7rwByCf4gRrAscHKjp1Iw,OK,226464,471570205123018
3062.307,35.2023757,-89.9218691,ChIJvw7rwByCf4gRrAscHKjp1Iw,OK,226464,471570205123018
5177.787,35.183951,-89.93106899999999,ChIJWQ0EIo-Bf4gR6cuqlCcQuNw,OK,342949,471570205123018
1509.394,35.1060329,-90.039159,ChIJ231bcjV81YcRQ1quDeYAd6M,OK,115896,471570059003003
1509.394,35.1060329,-90.039159,ChIJ231bcjV81YcRQ1quDeYAd6M,OK,115896,471570059003003
1552.447,35.125222,-90.048147,ChIJ9cKdtid81YcRKs9h6RjzQzw,OK,137513,471570059003003
990.672,35.1927931,-89.86922029999999,ChIJAQAAAMCCf4gRZL0qi0KLjtw,OK,61299,471570206214031
990.672,35.1927931,-89.86922029999999,ChIJAQAAAMCCf4gRZL0qi0KLjtw,OK,61299,471570206214031
988.75,35.1835367,-89.8717722,ChIJv1U5XuiCf4gRMlXiIrwnbJo,OK,69331,471570206214031
2160.642,35.04677619999999,-89.8859339,ChIJycTJ_niFf4gR5esliSzp17E,OK,123503,471570217311028
2160.642,35.04677619999999,-89.8859339,ChIJycTJ_niFf4gR5esliSzp17E,OK,123503,471570217311028
2266.869,35.0477573,-89.86637909999999,ChIJ5_0L5VyFf4gR4HBEwl6nmRE,OK,129397,471570217311028
3539.812,35.220637,-89.892425,ChIJiZ78r4Z4f4gRyy0DWRWI7n0,OK,194522,471570205313019
3539.812,35.220637,-89.892425,ChIJiZ78r4Z4f4gRyy0DWRWI7n0,OK,194522,471570205313019
3498.903,35.223866,-89.90499,ChIJJRXCRJh4f4gRcTFbl9qZzNM,OK,232649,471570205313019
1043.428,35.0493563,-89.83813929999999,ChIJjRQNzqSaf4gRxmNqB0YAYGM,OK,119380,471570217242001
1043.428,35.0493563,-89.83813929999999,ChIJjRQNzqSaf4gRxmNqB0YAYGM,OK,119380,471570217242001
1365.194,35.049031,-89.841437,ChIJt6vl46-af4gRvoN8Yvkmx9A,OK,142222,471570217242001
7612.719,35.218332,-90.00299799999999,ChIJfRCGEgGA1YcRsZsWP_dycDI,OK,601297,471570003001000
7612.719,35.218332,-90.00299799999999,ChIJfRCGEgGA1YcRsZsWP_dycDI,OK,601297,471570003001000
7173.198,35.21475480000001,-90.00354540000001,ChIJF6XvX_9_1YcRD4jlF4jzevw,OK,610064,471570003001000
3834.671,35.21475480000001,-90.00354540000001,ChIJF6XvX_9_1YcRD4jlF4jzevw,OK,211488,471570102204022
3834.671,35.21475480000001,-90.00354540000001,ChIJF6XvX_9_1YcRD4jlF4jzevw,OK,211488,471570102204022
4386.766,35.2166323,-89.9945206,ChIJ4fSgw_h_f4gRx0hAJfGjdzA,OK,244611,471570102204022
1500.684,35.2166323,-89.9945206,ChIJ4fSgw_h_f4gRx0hAJfGjdzA,OK,95865,471570102204004
1500.684,35.2166323,-89.9945206,ChIJ4fSgw_h_f4gRx0hAJfGjdzA,OK,95865,471570102204004
1743.144,35.21475480000001,-90.00354540000001,ChIJF6XvX_9_1YcRD4jlF4jzevw,OK,128969,471570102204004
1275.642,35.21475480000001,-90.00354540000001,ChIJF6XvX_9_1YcRD4jlF4jzevw,OK,100809,471570101203000
1275.642,35.21475480000001,-90.00354540000001,ChIJF6XvX_9_1YcRD4jlF4jzevw,OK,100809,471570101203000
1674.131,35.218332,-90.00299799999999,ChIJfRCGEgGA1YcRsZsWP_dycDI,OK,124718,471570101203000
3106.024,35.0477573,-89.86637909999999,ChIJ5_0L5VyFf4gR4HBEwl6nmRE,OK,243512,471570217412006
3106.024,35.0477573,-89.86637909999999,ChIJ5_0L5VyFf4gR4HBEwl6nmRE,OK,243512,471570217412006
2946.752,35.0493493,-89.855357,ChIJH2Nw4lGFf4gRq0vxk4n5iAE,OK,270650,471570217412006
208.254,35.13763670000001,-90.00757159999999,ChIJl69WLQV-1YcRU3z7Tt2MyhY,OK,24989,471570034001005
208.254,35.13763670000001,-90.00757159999999,ChIJl69WLQV-1YcRU3z7Tt2MyhY,OK,24989,471570034001005
413.563,35.139426,-90.00714049999999,ChIJC-6kIBt-1YcRA1cskDtjsVc,OK,45661,471570034001005
1628.765,35.0220022,-89.82947999999999,ChIJxT9DeWuQf4gRf6HLF5uJHd0,OK,137968,471570217472003
1628.765,35.0220022,-89.82947999999999,ChIJxT9DeWuQf4gRf6HLF5uJHd0,OK,137968,471570217472003
1780.98,35.0344414,-89.8319559,ChIJfcC9SguQf4gR_xf02Tpo1-w,OK,145393,471570217472003
2897.279,35.0344414,-89.8319559,ChIJfcC9SguQf4gR_xf02Tpo1-w,OK,219143,471570217412010
2897.732,35.0493493,-89.855357,ChIJH2Nw4lGFf4gRq0vxk4n5iAE,OK,264768,471570217412010
2897.732,35.0493493,-89.855357,ChIJH2Nw4lGFf4gRq0vxk4n5iAE,OK,264768,471570217412010
1675.802,35.0220022,-89.82947999999999,ChIJxT9DeWuQf4gRf6HLF5uJHd0,OK,119517,471570217472007
1675.802,35.0220022,-89.82947999999999,ChIJxT9DeWuQf4gRf6HLF5uJHd0,OK,119517,471570217472007
2217.892,35.0078094,-89.83044679999999,ChIJpwHMo0eQf4gRIqmNFjWLuW4,OK,148495,471570217472007
1699.222,35.0220022,-89.82947999999999,ChIJxT9DeWuQf4gRf6HLF5uJHd0,OK,122328,471570217472005
1699.222,35.0220022,-89.82947999999999,ChIJxT9DeWuQf4gRf6HLF5uJHd0,OK,122328,471570217472005
2241.311,35.0078094,-89.83044679999999,ChIJpwHMo0eQf4gRIqmNFjWLuW4,OK,151306,471570217472005
1617.754,35.0220022,-89.82947999999999,ChIJxT9DeWuQf4gRf6HLF5uJHd0,OK,112552,471570217472008
1617.754,35.0220022,-89.82947999999999,ChIJxT9DeWuQf4gRf6HLF5uJHd0,OK,112552,471570217472008
2159.844,35.0078094,-89.83044679999999,ChIJpwHMo0eQf4gRIqmNFjWLuW4,OK,141530,471570217472008
1525.339,35.0220022,-89.82947999999999,ChIJxT9DeWuQf4gRf6HLF5uJHd0,OK,101462,471570217472006
1525.339,35.0220022,-89.82947999999999,ChIJxT9DeWuQf4gRf6HLF5uJHd0,OK,101462,471570217472006
2067.429,35.0078094,-89.83044679999999,ChIJpwHMo0eQf4gRIqmNFjWLuW4,OK,130440,471570217472006
482.674,35.02138900000001,-89.996898,ChIJz3MQkR6If4gRIBgmNH-BQcg,OK,56013,471570221121022
482.674,35.02138900000001,-89.996898,ChIJz3MQkR6If4gRIBgmNH-BQcg,OK,56013,471570221121022
2617.966,35.021384,-90.019407,ChIJk8DCu8Bi1YcRUnUQCgCMr-E,OK,175017,471570221121022
396.086,35.02138900000001,-89.996898,ChIJz3MQkR6If4gRIBgmNH-BQcg,OK,45623,471570221122014
396.086,35.02138900000001,-89.996898,ChIJz3MQkR6If4gRIBgmNH-BQcg,OK,45623,471570221122014
2531.378,35.021384,-90.019407,ChIJk8DCu8Bi1YcRUnUQCgCMr-E,OK,164627,471570221122014
315.653,35.02138900000001,-89.996898,ChIJz3MQkR6If4gRIBgmNH-BQcg,OK,29750,471570221221005
315.653,35.02138900000001,-89.996898,ChIJz3MQkR6If4gRIBgmNH-BQcg,OK,29750,471570221221005
2199.376,35.021384,-90.019407,ChIJk8DCu8Bi1YcRUnUQCgCMr-E,OK,134821,471570221221005
783.307,35.02138900000001,-89.996898,ChIJz3MQkR6If4gRIBgmNH-BQcg,OK,42150,471570221221007
783.307,35.02138900000001,-89.996898,ChIJz3MQkR6If4gRIBgmNH-BQcg,OK,42150,471570221221007
1974.334,35.021384,-90.019407,ChIJk8DCu8Bi1YcRUnUQCgCMr-E,OK,108859,471570221221007
2302.558,35.051879,-89.95322299999999,ChIJtbdkhjqGf4gRndtG1KtFnTA,OK,167226,471570110102005
2302.558,35.051879,-89.95322299999999,ChIJtbdkhjqGf4gRndtG1KtFnTA,OK,167226,471570110102005
2505.923,35.0374859,-89.93716700000002,ChIJESgedaeIf4gRXlLu5ht4wNo,OK,168044,471570110102005
1557.053,35.1435177,-90.0539328,ChIJ8VFg1pV-1YcRR9G8p0pZx6U,OK,95663,471570042002051
1557.053,35.1435177,-90.0539328,ChIJ8VFg1pV-1YcRR9G8p0pZx6U,OK,95663,471570042002051
1659.6,35.1251709,-90.0481695,ChIJybIJtCd81YcR9Otxws-5qCM,OK,96950,471570042002051
704.499,35.02138900000001,-89.996898,ChIJz3MQkR6If4gRIBgmNH-BQcg,OK,38097,471570221221006
704.499,35.02138900000001,-89.996898,ChIJz3MQkR6If4gRIBgmNH-BQcg,OK,38097,471570221221006
1895.526,35.021384,-90.019407,ChIJk8DCu8Bi1YcRUnUQCgCMr-E,OK,104806,471570221221006
327.233,35.02138900000001,-89.996898,ChIJz3MQkR6If4gRIBgmNH-BQcg,OK,31139,471570221221004
327.233,35.02138900000001,-89.996898,ChIJz3MQkR6If4gRIBgmNH-BQcg,OK,31139,471570221221004
2210.956,35.021384,-90.019407,ChIJk8DCu8Bi1YcRUnUQCgCMr-E,OK,136210,471570221221004
1737.842,35.02138900000001,-89.996898,ChIJz3MQkR6If4gRIBgmNH-BQcg,OK,108216,471570221121011
1737.842,35.02138900000001,-89.996898,ChIJz3MQkR6If4gRIBgmNH-BQcg,OK,108216,471570221121011
3809.074,35.05407199999999,-90.00125899999999,ChIJIzdhk1h91YcRZT7cBcBslaM,OK,222926,471570221121011
3074.482,35.02138900000001,-89.996898,ChIJz3MQkR6If4gRIBgmNH-BQcg,OK,188937,471570220225017
3074.482,35.02138900000001,-89.996898,ChIJz3MQkR6If4gRIBgmNH-BQcg,OK,188937,471570220225017
3732.771,35.05407199999999,-90.00125899999999,ChIJIzdhk1h91YcRZT7cBcBslaM,OK,225395,471570220225017
2650.318,35.02138900000001,-89.996898,ChIJz3MQkR6If4gRIBgmNH-BQcg,OK,148584,471570220225013
2650.318,35.02138900000001,-89.996898,ChIJz3MQkR6If4gRIBgmNH-BQcg,OK,148584,471570220225013
3308.607,35.05407199999999,-90.00125899999999,ChIJIzdhk1h91YcRZT7cBcBslaM,OK,185042,471570220225013
3067.264,35.02138900000001,-89.996898,ChIJz3MQkR6If4gRIBgmNH-BQcg,OK,188070,471570220225032
3067.264,35.02138900000001,-89.996898,ChIJz3MQkR6If4gRIBgmNH-BQcg,OK,188070,471570220225032
3725.552,35.05407199999999,-90.00125899999999,ChIJIzdhk1h91YcRZT7cBcBslaM,OK,224528,471570220225032
1330.082,35.02138900000001,-89.996898,ChIJz3MQkR6If4gRIBgmNH-BQcg,OK,88172,471570221121021
1330.082,35.02138900000001,-89.996898,ChIJz3MQkR6If4gRIBgmNH-BQcg,OK,88172,471570221121021
3465.374,35.021384,-90.019407,ChIJk8DCu8Bi1YcRUnUQCgCMr-E,OK,207176,471570221121021
1797.756,35.02138900000001,-89.996898,ChIJz3MQkR6If4gRIBgmNH-BQcg,OK,115406,471570221121013
1797.756,35.02138900000001,-89.996898,ChIJz3MQkR6If4gRIBgmNH-BQcg,OK,115406,471570221121013
3868.988,35.05407199999999,-90.00125899999999,ChIJIzdhk1h91YcRZT7cBcBslaM,OK,230116,471570221121013
681.687,35.02138900000001,-89.996898,ChIJz3MQkR6If4gRIBgmNH-BQcg,OK,79894,471570221121018
681.687,35.02138900000001,-89.996898,ChIJz3MQkR6If4gRIBgmNH-BQcg,OK,79894,471570221121018
2816.979,35.021384,-90.019407,ChIJk8DCu8Bi1YcRUnUQCgCMr-E,OK,198898,471570221121018
1779.397,35.02138900000001,-89.996898,ChIJz3MQkR6If4gRIBgmNH-BQcg,OK,126482,471570221121016
1779.397,35.02138900000001,-89.996898,ChIJz3MQkR6If4gRIBgmNH-BQcg,OK,126482,471570221121016
3914.689,35.021384,-90.019407,ChIJk8DCu8Bi1YcRUnUQCgCMr-E,OK,245486,471570221121016
3226.622,35.02379430000001,-89.96377079999999,ChIJDVntamKIf4gRlF5S6rdAlgc,OK,305626,471579801001082
3226.622,35.02379430000001,-89.96377079999999,ChIJDVntamKIf4gRlF5S6rdAlgc,OK,305626,471579801001082
4694.824,35.051879,-89.95322299999999,ChIJtbdkhjqGf4gRndtG1KtFnTA,OK,389177,471579801001082
2712.432,34.9907298,-89.99350899999999,ChIJaR6gqdOJf4gRbmqB7wctwt0,OK,158005,471570219004006
2712.432,34.9907298,-89.99350899999999,ChIJaR6gqdOJf4gRbmqB7wctwt0,OK,158005,471570219004006
3346.233,35.02138900000001,-89.996898,ChIJz3MQkR6If4gRIBgmNH-BQcg,OK,193104,471570219004006
3751.676,35.1439641,-90.0517892,ChIJL-0zBZR-1YcRj7p5p1WY4-g,OK,273556,471570001003004
3751.676,35.1439641,-90.0517892,ChIJL-0zBZR-1YcRj7p5p1WY4-g,OK,273556,471570001003004
3960.592,35.1450994,-90.0538646,ChIJne6_s5V-1YcRn_LPaqiwhrk,OK,279010,471570001003004
1504.334,35.051879,-89.95322299999999,ChIJtbdkhjqGf4gRndtG1KtFnTA,OK,99393,471579801001084
1504.334,35.051879,-89.95322299999999,ChIJtbdkhjqGf4gRndtG1KtFnTA,OK,99393,471579801001084
3138.494,35.02379430000001,-89.96377079999999,ChIJDVntamKIf4gRlF5S6rdAlgc,OK,201982,471579801001084
1097.058,35.06591589999999,-89.94154240000002,ChIJTUcfL2qGf4gRH4x-pmmajWw,OK,84574,471570105001022
1097.058,35.06591589999999,-89.94154240000002,ChIJTUcfL2qGf4gRH4x-pmmajWw,OK,84574,471570105001022
1408.018,35.051879,-89.95322299999999,ChIJtbdkhjqGf4gRndtG1KtFnTA,OK,110209,471570105001022
2318.843,35.051879,-89.95322299999999,ChIJtbdkhjqGf4gRndtG1KtFnTA,OK,197132,471579801001092
2318.843,35.051879,-89.95322299999999,ChIJtbdkhjqGf4gRndtG1KtFnTA,OK,197132,471579801001092
3953.003,35.02379430000001,-89.96377079999999,ChIJDVntamKIf4gRlF5S6rdAlgc,OK,299721,471579801001092
1107.07,35.17410499999999,-89.97575479999999,ChIJmfYTGFmAf4gRHGKCaD0qCtI,OK,66421,471570111001018
3077.728,35.167095,-89.950496,ChIJecYfJgmBf4gRJh-YY67U6V8,OK,178320,471570111001018
1441.913,35.17410499999999,-89.97575479999999,ChIJmfYTGFmAf4gRHGKCaD0qCtI,OK,104188,471570111001017
1441.913,35.17410499999999,-89.97575479999999,ChIJmfYTGFmAf4gRHGKCaD0qCtI,OK,104188,471570111001017
2680.337,35.1738374,-89.98954379999999,ChIJ_S0BIGOAf4gRU3Ph4W65cOQ,OK,178484,471570111001017
3456.929,35.1439641,-90.0517892,ChIJL-0zBZR-1YcRj7p5p1WY4-g,OK,256132,471570001003039
3456.929,35.1439641,-90.0517892,ChIJL-0zBZR-1YcRj7p5p1WY4-g,OK,256132,471570001003039
3665.846,35.1450994,-90.0538646,ChIJne6_s5V-1YcRn_LPaqiwhrk,OK,261586,471570001003039
2003.367,35.17410499999999,-89.97575479999999,ChIJmfYTGFmAf4gRHGKCaD0qCtI,OK,120974,471570111001011
2003.367,35.17410499999999,-89.97575479999999,ChIJmfYTGFmAf4gRHGKCaD0qCtI,OK,120974,471570111001011
3241.791,35.1738374,-89.98954379999999,ChIJ_S0BIGOAf4gRU3Ph4W65cOQ,OK,195270,471570111001011
1947.725,35.0854368,-89.89541919999999,ChIJf5cc-VKEf4gRF-lYLgijYQQ,OK,145870,471570107102000
1897.571,35.0612606,-89.88628629999999,ChIJAQ_I1gqFf4gRFrt5yQeAEps,OK,160583,471570107102005
1780.971,35.0632829,-89.88727279999999,ChIJvVoQ4QqFf4gRItXZGUDZ-Hc,OK,176010,471570107102005
1780.971,35.0632829,-89.88727279999999,ChIJvVoQ4QqFf4gRItXZGUDZ-Hc,OK,176010,471570107102005
410.762,35.0854368,-89.89541919999999,ChIJf5cc-VKEf4gRF-lYLgijYQQ,OK,24521,471570095004037
410.762,35.0854368,-89.89541919999999,ChIJf5cc-VKEf4gRF-lYLgijYQQ,OK,24521,471570095004037
2984.098,35.0612606,-89.88628629999999,ChIJAQ_I1gqFf4gRFrt5yQeAEps,OK,173511,471570095004037
2552.643,35.045091,-89.795412,ChIJVelsQnOaf4gRECqTW7fq-dY,OK,172924,471570213423057
1082.661,35.0461089,-89.7947008,ChIJaZI6O3Oaf4gRqa_eh0DNj_s,OK,84554,471570213423078
1082.661,35.0461089,-89.7947008,ChIJaZI6O3Oaf4gRqa_eh0DNj_s,OK,84554,471570213423078
1200.666,35.045091,-89.795412,ChIJVelsQnOaf4gRECqTW7fq-dY,OK,91089,471570213423078
2265.361,35.0461089,-89.7947008,ChIJaZI6O3Oaf4gRqa_eh0DNj_s,OK,164645,471570213424059
2265.361,35.0461089,-89.7947008,ChIJaZI6O3Oaf4gRqa_eh0DNj_s,OK,164645,471570213424059
2383.366,35.045091,-89.795412,ChIJVelsQnOaf4gRECqTW7fq-dY,OK,171180,471570213424059
2145.975,35.1444038,-90.0168571,ChIJufYEjhR-1YcREff46W6Lons,OK,127444,471570038001011
2145.975,35.1444038,-90.0168571,ChIJufYEjhR-1YcREff46W6Lons,OK,127444,471570038001011
2197.886,35.1439641,-90.0517892,ChIJL-0zBZR-1YcRj7p5p1WY4-g,OK,128889,471570038001011
1690.382,35.125222,-90.048147,ChIJ9cKdtid81YcRKs9h6RjzQzw,OK,102056,471570114003040
1690.382,35.125222,-90.048147,ChIJ9cKdtid81YcRKs9h6RjzQzw,OK,102056,471570114003040
1692.196,35.1251709,-90.0481695,ChIJybIJtCd81YcR9Otxws-5qCM,OK,102156,471570114003040
1300.966,35.125222,-90.048147,ChIJ9cKdtid81YcRKs9h6RjzQzw,OK,80155,471570045001025
1302.78,35.1251709,-90.0481695,ChIJybIJtCd81YcR9Otxws-5qCM,OK,80255,471570045001025
2028.249,35.1161637,-89.9446263,ChIJ-ZiED8iGf4gR32IlfgDBKWY,OK,140422,471570073001015
2028.249,35.1161637,-89.9446263,ChIJ-ZiED8iGf4gR32IlfgDBKWY,OK,140422,471570073001015
3078.807,35.1075089,-89.9318387,ChIJVboYU6KGf4gRHfEHUi8Izac,OK,194881,471570073001015
1483.407,35.109859,-89.99141100000001,ChIJs6JbpFyHf4gR9O01gG0a7fQ,OK,86475,471570066002033
1483.407,35.109859,-89.99141100000001,ChIJs6JbpFyHf4gR9O01gG0a7fQ,OK,86475,471570066002033
1680.779,35.13418100000001,-89.98599,ChIJnf1_yraAf4gR9pQmD7CXhgg,OK,103778,471570066002033
1144.156,35.1444038,-90.0168571,ChIJufYEjhR-1YcREff46W6Lons,OK,83955,471570025001048
520.136,35.1490317,-90.0140679,ChIJw3q9_xV-1YcRqrte6yBn1CI,OK,54706,471570025002029
520.136,35.1490317,-90.0140679,ChIJw3q9_xV-1YcRqrte6yBn1CI,OK,54706,471570025002029
517.355,35.1444038,-90.0168571,ChIJufYEjhR-1YcREff46W6Lons,OK,61415,471570025002029
1447.263,35.0068452,-90.00681259999999,ChIJz3G0Jpti1YcRMCYWHOflqrA,OK,134188,471570221302000
1447.263,35.0068452,-90.00681259999999,ChIJz3G0Jpti1YcRMCYWHOflqrA,OK,134188,471570221302000
2089.458,34.9907298,-89.99350899999999,ChIJaR6gqdOJf4gRbmqB7wctwt0,OK,201075,471570221302000
980.56,34.993343,-90.00823899999999,ChIJk-nxFn1i1YcRBckohHLWoho,OK,82845,471570221302012
980.56,34.993343,-90.00823899999999,ChIJk-nxFn1i1YcRBckohHLWoho,OK,82845,471570221302012
1365.335,35.0068452,-90.00681259999999,ChIJz3G0Jpti1YcRMCYWHOflqrA,OK,105931,471570221302012
1872.026,35.125222,-90.048147,ChIJ9cKdtid81YcRKs9h6RjzQzw,OK,117903,471570117001020
2194.483,35.0854368,-89.89541919999999,ChIJf5cc-VKEf4gRF-lYLgijYQQ,OK,150153,471570095004030
2194.483,35.0854368,-89.89541919999999,ChIJf5cc-VKEf4gRF-lYLgijYQQ,OK,150153,471570095004030
5451.584,35.0612606,-89.88628629999999,ChIJAQ_I1gqFf4gRFrt5yQeAEps,OK,341002,471570095004030
1126.456,35.054745,-90.007971,ChIJXxyyQlt91YcRhldtWgjSnSE,OK,76243,471570220232017
3016.961,35.14859919999999,-89.91828060000002,ChIJRflgf-eDf4gRHX_XNYKER-s,OK,186412,471570029004004
1126.456,35.054745,-90.007971,ChIJXxyyQlt91YcRhldtWgjSnSE,OK,76243,471570220232017
1351.972,35.21475480000001,-90.00354540000001,ChIJF6XvX_9_1YcRD4jlF4jzevw,OK,93266,471570101203008
3016.961,35.14859919999999,-89.91828060000002,ChIJRflgf-eDf4gRHX_XNYKER-s,OK,186412,471570029004004
1351.972,35.21475480000001,-90.00354540000001,ChIJF6XvX_9_1YcRD4jlF4jzevw,OK,93266,471570101203008
1691.809,35.05407199999999,-90.00125899999999,ChIJIzdhk1h91YcRZT7cBcBslaM,OK,99676,471570220232017
1750.461,35.218332,-90.00299799999999,ChIJfRCGEgGA1YcRsZsWP_dycDI,OK,117175,471570101203008
3257.973,35.1161637,-89.9446263,ChIJ-ZiED8iGf4gR32IlfgDBKWY,OK,204747,471570029004004
1411.68,35.1145886,-89.90089789999999,ChIJKWmlFW6Ef4gR0YNISWQMkss,OK,138221,471570085002009
1411.68,35.1145886,-89.90089789999999,ChIJKWmlFW6Ef4gR0YNISWQMkss,OK,138221,471570085002009
2229.448,35.1153996,-89.89414069999999,ChIJCb4NOWWEf4gR79YlPQoocW4,OK,194454,471570085002009
555.376,35.125222,-90.048147,ChIJ9cKdtid81YcRKs9h6RjzQzw,OK,28992,471570114001059
555.376,35.125222,-90.048147,ChIJ9cKdtid81YcRKs9h6RjzQzw,OK,28992,471570114001059
3520.05,35.0326981,-90.07589809999999,ChIJ9S1ljalk1YcRvuG-_hbpimA,OK,258122,471570223105009
557.19,35.1251709,-90.0481695,ChIJybIJtCd81YcR9Otxws-5qCM,OK,29092,471570114001059
3520.05,35.0326981,-90.07589809999999,ChIJ9S1ljalk1YcRvuG-_hbpimA,OK,258122,471570223105009
3907.43,35.0543926,-90.0597009,ChIJT5TzUbl81YcRiPqNjkbj9CA,OK,283035,471570223105009
1300.596,35.062945,-89.90568519999999,ChIJjxj9mL-Ff4gRoOEx9OzDyxs,OK,94917,471570107101014
1300.596,35.062945,-89.90568519999999,ChIJjxj9mL-Ff4gRoOEx9OzDyxs,OK,94917,471570107101014
1286.958,35.063996,-89.90690699999999,ChIJn51vcb-Ff4gRvoXU4r8swrw,OK,109067,471570107101014
1814.961,35.0515568,-89.90630259999999,ChIJrU8jyZKFf4gRubg1AIyELWY,OK,111673,471570226001059
1814.961,35.0515568,-89.90630259999999,ChIJrU8jyZKFf4gRubg1AIyELWY,OK,111673,471570226001059
2876.562,35.0515544,-89.92255089999999,ChIJG_UFGuOFf4gRyHNDzwp5is0,OK,156863,471570226001059
428.618,35.125222,-90.048147,ChIJ9cKdtid81YcRKs9h6RjzQzw,OK,22474,471570114001058
428.618,35.125222,-90.048147,ChIJ9cKdtid81YcRKs9h6RjzQzw,OK,22474,471570114001058
430.432,35.1251709,-90.0481695,ChIJybIJtCd81YcR9Otxws-5qCM,OK,22574,471570114001058
878.674,35.0344414,-89.8319559,ChIJfcC9SguQf4gR_xf02Tpo1-w,OK,71830,471570217442005
878.674,35.0344414,-89.8319559,ChIJfcC9SguQf4gR_xf02Tpo1-w,OK,71830,471570217442005
1811.511,35.0220022,-89.82947999999999,ChIJxT9DeWuQf4gRf6HLF5uJHd0,OK,123493,471570217442005
3553.539,35.222344,-89.97682999999999,ChIJ987Br45_f4gRjwrvnFN8t7k,OK,232004,471570205123010
3553.539,35.222344,-89.97682999999999,ChIJ987Br45_f4gRjwrvnFN8t7k,OK,232004,471570205123010
3954.405,35.2227028,-89.97692290000001,ChIJ987Br45_f4gRMoYIhCny13Q,OK,268136,471570205123010
2370.796,35.167095,-89.950496,ChIJecYfJgmBf4gRJh-YY67U6V8,OK,185270,471570111002000
2370.796,35.167095,-89.950496,ChIJecYfJgmBf4gRJh-YY67U6V8,OK,185270,471570111002000
3100.586,35.183951,-89.93106899999999,ChIJWQ0EIo-Bf4gR6cuqlCcQuNw,OK,238209,471570111002000
3565.799,35.0461089,-89.7947008,ChIJaZI6O3Oaf4gRqa_eh0DNj_s,OK,250001,471570215101001
3565.799,35.0461089,-89.7947008,ChIJaZI6O3Oaf4gRqa_eh0DNj_s,OK,250001,471570215101001
3683.804,35.045091,-89.795412,ChIJVelsQnOaf4gRECqTW7fq-dY,OK,256536,471570215101001
2432.674,35.0078094,-89.83044679999999,ChIJpwHMo0eQf4gRIqmNFjWLuW4,OK,173107,471570217541001
2432.674,35.0078094,-89.83044679999999,ChIJpwHMo0eQf4gRIqmNFjWLuW4,OK,173107,471570217541001
2613.951,35.0220022,-89.82947999999999,ChIJxT9DeWuQf4gRf6HLF5uJHd0,OK,193152,471570217541001
789.589,35.0333519,-90.02557630000001,ChIJK8z8Ksxi1YcRt8pxxgP2SA4,OK,63292,471570220243014
789.589,35.0333519,-90.02557630000001,ChIJK8z8Ksxi1YcRt8pxxgP2SA4,OK,63292,471570220243014
789.683,35.033351,-90.02556199999999,ChIJY7ePKsxi1YcRIP55gZFchMw,OK,63297,471570220243014
1909.994,35.1251709,-90.0481695,ChIJybIJtCd81YcR9Otxws-5qCM,OK,113359,471570117001067
1909.994,35.1251709,-90.0481695,ChIJybIJtCd81YcR9Otxws-5qCM,OK,113359,471570117001067
1911.808,35.125222,-90.048147,ChIJ9cKdtid81YcRKs9h6RjzQzw,OK,113460,471570117001067
3921.621,35.222344,-89.97682999999999,ChIJ987Br45_f4gRjwrvnFN8t7k,OK,276172,471570205123009
3593.088,35.2023757,-89.9218691,ChIJvw7rwByCf4gRrAscHKjp1Iw,OK,290156,471570205123009
3593.088,35.2023757,-89.9218691,ChIJvw7rwByCf4gRrAscHKjp1Iw,OK,290156,471570205123009
5271.492,35.1153996,-89.89414069999999,ChIJCb4NOWWEf4gR79YlPQoocW4,OK,373696,471570213111013
5271.492,35.1153996,-89.89414069999999,ChIJCb4NOWWEf4gR79YlPQoocW4,OK,373696,471570213111013
7827.621,35.16339899999999,-89.855841,ChIJA_xfkC6Df4gRAjVZwLz1jqA,OK,416491,471570213111013
1441.161,35.17410499999999,-89.97575479999999,ChIJmfYTGFmAf4gRHGKCaD0qCtI,OK,104098,471570111001009
1441.161,35.17410499999999,-89.97575479999999,ChIJmfYTGFmAf4gRHGKCaD0qCtI,OK,104098,471570111001009
2679.585,35.1738374,-89.98954379999999,ChIJ_S0BIGOAf4gRU3Ph4W65cOQ,OK,178394,471570111001009
537.923,35.045091,-89.795412,ChIJVelsQnOaf4gRECqTW7fq-dY,OK,42746,471570215101029
537.923,35.045091,-89.795412,ChIJVelsQnOaf4gRECqTW7fq-dY,OK,42746,471570215101029
655.929,35.0461089,-89.7947008,ChIJaZI6O3Oaf4gRqa_eh0DNj_s,OK,49282,471570215101029
703.963,35.0745932,-89.9204618,ChIJPX58KNGFf4gRLgBWAHPwusk,OK,43210,471570106101031
703.963,35.0745932,-89.9204618,ChIJPX58KNGFf4gRLgBWAHPwusk,OK,43210,471570106101031
1382.602,35.0757114,-89.9271675,ChIJ-d7FIHmGf4gR6Aa1VQWm0ps,OK,83926,471570106101031
2461.627,35.093591,-90.056624,ChIJgyVl92d81YcRhuRHHckl8Y4,OK,156241,471570056002005
2461.627,35.093591,-90.056624,ChIJgyVl92d81YcRhuRHHckl8Y4,OK,156241,471570056002005
1740.622,35.095133,-90.05542799999999,ChIJATnUo0J81YcRpbAuNwXeqRw,OK,163181,471570056002005
2332.725,35.093591,-90.056624,ChIJgyVl92d81YcRhuRHHckl8Y4,OK,146300,471570056002012
2332.725,35.093591,-90.056624,ChIJgyVl92d81YcRhuRHHckl8Y4,OK,146300,471570056002012
2512.562,35.095133,-90.05542799999999,ChIJATnUo0J81YcRpbAuNwXeqRw,OK,156260,471570056002012
1783.434,35.095133,-90.05542799999999,ChIJATnUo0J81YcRpbAuNwXeqRw,OK,165187,471570056002003
1783.434,35.095133,-90.05542799999999,ChIJATnUo0J81YcRpbAuNwXeqRw,OK,165187,471570056002003
1963.271,35.093591,-90.056624,ChIJgyVl92d81YcRhuRHHckl8Y4,OK,175147,471570056002003
2831,35.093591,-90.056624,ChIJgyVl92d81YcRhuRHHckl8Y4,OK,175116,471570075002010
3010.837,35.095133,-90.05542799999999,ChIJATnUo0J81YcRpbAuNwXeqRw,OK,185076,471570075002010
3010.837,35.095133,-90.05542799999999,ChIJATnUo0J81YcRpbAuNwXeqRw,OK,185076,471570075002010
3147.065,35.093591,-90.056624,ChIJgyVl92d81YcRhuRHHckl8Y4,OK,242766,471570056003040
3147.065,35.093591,-90.056624,ChIJgyVl92d81YcRhuRHHckl8Y4,OK,242766,471570056003040
3326.902,35.095133,-90.05542799999999,ChIJATnUo0J81YcRpbAuNwXeqRw,OK,252726,471570056003040
3142.57,35.093591,-90.056624,ChIJgyVl92d81YcRhuRHHckl8Y4,OK,207202,471570056003052
3322.406,35.095133,-90.05542799999999,ChIJATnUo0J81YcRpbAuNwXeqRw,OK,217162,471570056003052
3322.406,35.095133,-90.05542799999999,ChIJATnUo0J81YcRpbAuNwXeqRw,OK,217162,471570056003052
777.05,35.1060329,-90.039159,ChIJ231bcjV81YcRQ1quDeYAd6M,OK,71245,471570059001018
777.05,35.1060329,-90.039159,ChIJ231bcjV81YcRQ1quDeYAd6M,OK,71245,471570059001018
1347.381,35.1087458,-90.0211918,ChIJe6w2EsF91YcRquzVZc8M0-I,OK,105532,471570059001018
467.159,35.1157645,-90.022279,ChIJwZqBNMN91YcRRpdDvj5Pcr8,OK,34142,471570115003002
467.159,35.1157645,-90.022279,ChIJwZqBNMN91YcRRpdDvj5Pcr8,OK,34142,471570115003002
1308.729,35.1087458,-90.0211918,ChIJe6w2EsF91YcRquzVZc8M0-I,OK,82759,471570115003002
169.152,35.1157645,-90.022279,ChIJwZqBNMN91YcRRpdDvj5Pcr8,OK,16240,471570115003000
169.152,35.1157645,-90.022279,ChIJwZqBNMN91YcRRpdDvj5Pcr8,OK,16240,471570115003000
1010.722,35.1087458,-90.0211918,ChIJe6w2EsF91YcRquzVZc8M0-I,OK,64857,471570115003000
535.589,35.1087458,-90.0211918,ChIJe6w2EsF91YcRquzVZc8M0-I,OK,41561,471570115004034
535.589,35.1087458,-90.0211918,ChIJe6w2EsF91YcRquzVZc8M0-I,OK,41561,471570115004034
536.23,35.10874099999999,-90.021185,ChIJrVbiDcF91YcRG9TBOTpHc3I,OK,41638,471570115004034
1494.852,35.1060329,-90.039159,ChIJ231bcjV81YcRQ1quDeYAd6M,OK,143160,471570057002008
1494.852,35.1060329,-90.039159,ChIJ231bcjV81YcRQ1quDeYAd6M,OK,143160,471570057002008
1782.561,35.1087458,-90.0211918,ChIJe6w2EsF91YcRquzVZc8M0-I,OK,157189,471570057002008
1713.361,35.2158947,-89.9151158,ChIJxetq6ad4f4gRD1K1cIBWUQ4,OK,120087,471570205413004
1713.361,35.2158947,-89.9151158,ChIJxetq6ad4f4gRD1K1cIBWUQ4,OK,120087,471570205413004
1905.275,35.223866,-89.90499,ChIJJRXCRJh4f4gRcTFbl9qZzNM,OK,143703,471570205413004
1227.198,35.2023757,-89.9218691,ChIJvw7rwByCf4gRrAscHKjp1Iw,OK,102713,471570205121013
1227.198,35.2023757,-89.9218691,ChIJvw7rwByCf4gRrAscHKjp1Iw,OK,102713,471570205121013
1897.24,35.210167,-89.919383,ChIJi0gqlgaCf4gRjUvfmHxGMyw,OK,143738,471570205121013
324.147,35.2023757,-89.9218691,ChIJvw7rwByCf4gRrAscHKjp1Iw,OK,38352,471570205121000
324.147,35.2023757,-89.9218691,ChIJvw7rwByCf4gRrAscHKjp1Iw,OK,38352,471570205121000
994.189,35.210167,-89.919383,ChIJi0gqlgaCf4gRjUvfmHxGMyw,OK,79377,471570205121000
1290.415,35.0745932,-89.9204618,ChIJPX58KNGFf4gRLgBWAHPwusk,OK,102356,471570106103003
1290.415,35.0745932,-89.9204618,ChIJPX58KNGFf4gRLgBWAHPwusk,OK,102356,471570106103003
1188.901,35.0757114,-89.9271675,ChIJ-d7FIHmGf4gR6Aa1VQWm0ps,OK,132220,471570106103003
587.358,35.109859,-89.99141100000001,ChIJs6JbpFyHf4gR9O01gG0a7fQ,OK,42342,471570064001011
587.358,35.109859,-89.99141100000001,ChIJs6JbpFyHf4gR9O01gG0a7fQ,OK,42342,471570064001011
1389.418,35.107529,-89.9862127,ChIJ0WGfSUKHf4gRjDLrfGQwCV4,OK,93223,471570064001011
548.307,35.21475480000001,-90.00354540000001,ChIJF6XvX_9_1YcRD4jlF4jzevw,OK,58875,471570101201009
548.307,35.21475480000001,-90.00354540000001,ChIJF6XvX_9_1YcRD4jlF4jzevw,OK,58875,471570101201009
946.796,35.218332,-90.00299799999999,ChIJfRCGEgGA1YcRsZsWP_dycDI,OK,82784,471570101201009
1405.94,35.222344,-89.97682999999999,ChIJ987Br45_f4gRjwrvnFN8t7k,OK,112221,471570102101011
1405.94,35.222344,-89.97682999999999,ChIJ987Br45_f4gRjwrvnFN8t7k,OK,112221,471570102101011
1407.794,35.2227028,-89.97692290000001,ChIJ987Br45_f4gRMoYIhCny13Q,OK,124413,471570102101011
25.075,35.2227028,-89.97692290000001,ChIJ987Br45_f4gRMoYIhCny13Q,OK,3009,471570102102010
25.075,35.2227028,-89.97692290000001,ChIJ987Br45_f4gRMoYIhCny13Q,OK,3009,471570102102010
425.942,35.222344,-89.97682999999999,ChIJ987Br45_f4gRjwrvnFN8t7k,OK,39141,471570102102010
503.525,35.2227028,-89.97692290000001,ChIJ987Br45_f4gRMoYIhCny13Q,OK,60421,471570102103002
503.525,35.2227028,-89.97692290000001,ChIJ987Br45_f4gRMoYIhCny13Q,OK,60421,471570102103002
904.391,35.222344,-89.97682999999999,ChIJ987Br45_f4gRjwrvnFN8t7k,OK,96553,471570102103002
5152.648,35.0854368,-89.89541919999999,ChIJf5cc-VKEf4gRF-lYLgijYQQ,OK,259865,471570213313015
5111.409,35.0612606,-89.88628629999999,ChIJAQ_I1gqFf4gRFrt5yQeAEps,OK,287156,471570213313015
5111.409,35.0612606,-89.88628629999999,ChIJAQ_I1gqFf4gRFrt5yQeAEps,OK,287156,471570213313015
1028.509,35.217526,-89.98935,ChIJKdhOoPd_f4gRbD5w-Ol3ovU,OK,105900,471570102104005
1028.509,35.217526,-89.98935,ChIJKdhOoPd_f4gRbD5w-Ol3ovU,OK,105900,471570102104005
1064.854,35.2178517,-89.9902989,ChIJT7y6Nvh_f4gR6Khps0fYRPg,OK,110261,471570102104005
205.407,35.217526,-89.98935,ChIJKdhOoPd_f4gRbD5w-Ol3ovU,OK,14816,471570102104021
205.407,35.217526,-89.98935,ChIJKdhOoPd_f4gRbD5w-Ol3ovU,OK,14816,471570102104021
252.456,35.2166323,-89.9945206,ChIJ4fSgw_h_f4gRx0hAJfGjdzA,OK,15145,471570102104021
646.464,35.217526,-89.98935,ChIJKdhOoPd_f4gRbD5w-Ol3ovU,OK,58453,471570102203009
646.464,35.217526,-89.98935,ChIJKdhOoPd_f4gRbD5w-Ol3ovU,OK,58453,471570102203009
682.809,35.2178517,-89.9902989,ChIJT7y6Nvh_f4gR6Khps0fYRPg,OK,62814,471570102203009
642.869,35.0745932,-89.9204618,ChIJPX58KNGFf4gRLgBWAHPwusk,OK,53825,471570106102005
642.869,35.0745932,-89.9204618,ChIJPX58KNGFf4gRLgBWAHPwusk,OK,53825,471570106102005
863.065,35.0757114,-89.9271675,ChIJ-d7FIHmGf4gR6Aa1VQWm0ps,OK,93121,471570106102005
1476.873,35.0745932,-89.9204618,ChIJPX58KNGFf4gRLgBWAHPwusk,OK,112170,471570106102007
1476.873,35.0745932,-89.9204618,ChIJPX58KNGFf4gRLgBWAHPwusk,OK,112170,471570106102007
1059.241,35.0757114,-89.9271675,ChIJ-d7FIHmGf4gR6Aa1VQWm0ps,OK,116661,471570106102007
1093.864,35.062945,-89.90568519999999,ChIJjxj9mL-Ff4gRoOEx9OzDyxs,OK,79767,471570106104001
1093.864,35.062945,-89.90568519999999,ChIJjxj9mL-Ff4gRoOEx9OzDyxs,OK,79767,471570106104001
1080.226,35.063996,-89.90690699999999,ChIJn51vcb-Ff4gRvoXU4r8swrw,OK,93917,471570106104001
1271.346,35.0515568,-89.90630259999999,ChIJrU8jyZKFf4gRubg1AIyELWY,OK,90667,471570106302001
1271.346,35.0515568,-89.90630259999999,ChIJrU8jyZKFf4gRubg1AIyELWY,OK,90667,471570106302001
1555.244,35.062945,-89.90568519999999,ChIJjxj9mL-Ff4gRoOEx9OzDyxs,OK,97073,471570106302001
1501.379,35.062945,-89.90568519999999,ChIJjxj9mL-Ff4gRoOEx9OzDyxs,OK,100266,471570107102014
1501.379,35.062945,-89.90568519999999,ChIJjxj9mL-Ff4gRoOEx9OzDyxs,OK,100266,471570107102014
1487.741,35.063996,-89.90690699999999,ChIJn51vcb-Ff4gRvoXU4r8swrw,OK,114416,471570107102014
1174.148,35.0515568,-89.90630259999999,ChIJrU8jyZKFf4gRubg1AIyELWY,OK,89652,471570106301003
1174.163,35.062945,-89.90568519999999,ChIJjxj9mL-Ff4gRoOEx9OzDyxs,OK,91257,471570106301003
1174.163,35.062945,-89.90568519999999,ChIJjxj9mL-Ff4gRoOEx9OzDyxs,OK,91257,471570106301003
1867.088,35.1161637,-89.9446263,ChIJ-ZiED8iGf4gR32IlfgDBKWY,OK,136323,471570072001004
1867.088,35.1161637,-89.9446263,ChIJ-ZiED8iGf4gR32IlfgDBKWY,OK,136323,471570072001004
2314.388,35.12545849999999,-89.97454169999999,ChIJoyT3HjOHf4gRS6EdHckmff8,OK,151784,471570072001004
2346.902,35.051879,-89.95322299999999,ChIJtbdkhjqGf4gRndtG1KtFnTA,OK,200500,471579801001093
2436.528,35.0854368,-89.89541919999999,ChIJf5cc-VKEf4gRF-lYLgijYQQ,OK,179197,471570095004002
2346.902,35.051879,-89.95322299999999,ChIJtbdkhjqGf4gRndtG1KtFnTA,OK,200500,471579801001093
2436.528,35.0854368,-89.89541919999999,ChIJf5cc-VKEf4gRF-lYLgijYQQ,OK,179197,471570095004002
3981.062,35.02379430000001,-89.96377079999999,ChIJDVntamKIf4gRlF5S6rdAlgc,OK,303089,471579801001093
5693.63,35.0612606,-89.88628629999999,ChIJAQ_I1gqFf4gRFrt5yQeAEps,OK,370046,471570095004002
1485.449,35.051879,-89.95322299999999,ChIJtbdkhjqGf4gRndtG1KtFnTA,OK,97127,471579801001088
1485.449,35.051879,-89.95322299999999,ChIJtbdkhjqGf4gRndtG1KtFnTA,OK,97127,471579801001088
3119.608,35.02379430000001,-89.96377079999999,ChIJDVntamKIf4gRlF5S6rdAlgc,OK,199716,471579801001088
2227.687,35.0854368,-89.89541919999999,ChIJf5cc-VKEf4gRF-lYLgijYQQ,OK,154138,471570095004006
2227.687,35.0854368,-89.89541919999999,ChIJf5cc-VKEf4gRF-lYLgijYQQ,OK,154138,471570095004006
5484.789,35.0612606,-89.88628629999999,ChIJAQ_I1gqFf4gRFrt5yQeAEps,OK,344987,471570095004006
1205.271,35.1087458,-90.0211918,ChIJe6w2EsF91YcRquzVZc8M0-I,OK,68477,471570115001026
1205.271,35.1087458,-90.0211918,ChIJe6w2EsF91YcRquzVZc8M0-I,OK,68477,471570115001026
1205.912,35.10874099999999,-90.021185,ChIJrVbiDcF91YcRG9TBOTpHc3I,OK,68554,471570115001026
321.214,35.104197,-89.98335349999999,ChIJNST6hGqHf4gR0Mml4gyjQWk,OK,17787,471570068002009
321.214,35.104197,-89.98335349999999,ChIJNST6hGqHf4gR0Mml4gyjQWk,OK,17787,471570068002009
270.304,35.107529,-89.9862127,ChIJ0WGfSUKHf4gRjDLrfGQwCV4,OK,19831,471570068002009
1873.472,35.051879,-89.95322299999999,ChIJtbdkhjqGf4gRndtG1KtFnTA,OK,143689,471579801001091
1873.472,35.051879,-89.95322299999999,ChIJtbdkhjqGf4gRndtG1KtFnTA,OK,143689,471579801001091
3507.632,35.02379430000001,-89.96377079999999,ChIJDVntamKIf4gRlF5S6rdAlgc,OK,246278,471579801001091
2214.16,35.0854368,-89.89541919999999,ChIJf5cc-VKEf4gRF-lYLgijYQQ,OK,152514,471570095004007
2214.16,35.0854368,-89.89541919999999,ChIJf5cc-VKEf4gRF-lYLgijYQQ,OK,152514,471570095004007
5471.261,35.0612606,-89.88628629999999,ChIJAQ_I1gqFf4gRFrt5yQeAEps,OK,343363,471570095004007
878.842,35.051879,-89.95322299999999,ChIJtbdkhjqGf4gRndtG1KtFnTA,OK,61400,471570110101001
878.842,35.051879,-89.95322299999999,ChIJtbdkhjqGf4gRndtG1KtFnTA,OK,61400,471570110101001
3546.251,35.06591589999999,-89.94154240000002,ChIJTUcfL2qGf4gRH4x-pmmajWw,OK,231215,471570110101001
394.832,35.104197,-89.98335349999999,ChIJNST6hGqHf4gR0Mml4gyjQWk,OK,42673,471570068002016
394.832,35.104197,-89.98335349999999,ChIJNST6hGqHf4gR0Mml4gyjQWk,OK,42673,471570068002016
986.349,35.107529,-89.9862127,ChIJ0WGfSUKHf4gRjDLrfGQwCV4,OK,80292,471570068002016
3150.347,35.0854368,-89.89541919999999,ChIJf5cc-VKEf4gRF-lYLgijYQQ,OK,214931,471570213313004
3150.347,35.0854368,-89.89541919999999,ChIJf5cc-VKEf4gRF-lYLgijYQQ,OK,214931,471570213313004
5434.775,35.0614623,-89.8536277,ChIJ4TWJkTWFf4gRbkNZYfkF9Jw,OK,355221,471570213313004
1274.207,35.051879,-89.95322299999999,ChIJtbdkhjqGf4gRndtG1KtFnTA,OK,84829,471570110101016
1274.207,35.051879,-89.95322299999999,ChIJtbdkhjqGf4gRndtG1KtFnTA,OK,84829,471570110101016
2745.583,35.0374859,-89.93716700000002,ChIJESgedaeIf4gRXlLu5ht4wNo,OK,173155,471570110101016
1839.858,35.086634,-89.96355199999999,ChIJW0XU3AGHf4gRINnmxvx9m5A,OK,120590,471570082002013
1839.858,35.086634,-89.96355199999999,ChIJW0XU3AGHf4gRINnmxvx9m5A,OK,120590,471570082002013
2314.4,35.0904795,-89.96597299999999,ChIJHfaNmAOHf4gR1d8V2K9rfSU,OK,146871,471570082002013
2970.319,35.0854368,-89.89541919999999,ChIJf5cc-VKEf4gRF-lYLgijYQQ,OK,193328,471570213313000
2970.319,35.0854368,-89.89541919999999,ChIJf5cc-VKEf4gRF-lYLgijYQQ,OK,193328,471570213313000
4873.477,35.0614623,-89.8536277,ChIJ4TWJkTWFf4gRbkNZYfkF9Jw,OK,331500,471570213313000
2053.681,35.051879,-89.95322299999999,ChIJtbdkhjqGf4gRndtG1KtFnTA,OK,148203,471570110102000
2053.681,35.051879,-89.95322299999999,ChIJtbdkhjqGf4gRndtG1KtFnTA,OK,148203,471570110102000
2470.141,35.0374859,-89.93716700000002,ChIJESgedaeIf4gRXlLu5ht4wNo,OK,175995,471570110102000
14327.547,35.06128,-90.05978399999999,ChIJm06f8ZV81YcRTjzAsJPcBKY,OK,1106765,471579802001008
14327.368,35.061362,-90.05986399999999,ChIJL_Gh8ZV81YcRDlMHRKqR_IA,OK,1109631,471579802001008
14327.368,35.061362,-90.05986399999999,ChIJL_Gh8ZV81YcRDlMHRKqR_IA,OK,1109631,471579802001008
2870.554,35.093591,-90.056624,ChIJgyVl92d81YcRhuRHHckl8Y4,OK,209581,471570056003041
2870.554,35.093591,-90.056624,ChIJgyVl92d81YcRhuRHHckl8Y4,OK,209581,471570056003041
3050.391,35.095133,-90.05542799999999,ChIJATnUo0J81YcRpbAuNwXeqRw,OK,219541,471570056003041
1547.828,35.02379430000001,-89.96377079999999,ChIJDVntamKIf4gRlF5S6rdAlgc,OK,92869,471579801001098
1547.828,35.02379430000001,-89.96377079999999,ChIJDVntamKIf4gRlF5S6rdAlgc,OK,92869,471579801001098
2639.158,35.051879,-89.95322299999999,ChIJtbdkhjqGf4gRndtG1KtFnTA,OK,153808,471579801001098
6241.703,35.086634,-89.96355199999999,ChIJW0XU3AGHf4gRINnmxvx9m5A,OK,310938,471570082001013
6241.703,35.086634,-89.96355199999999,ChIJW0XU3AGHf4gRINnmxvx9m5A,OK,310938,471570082001013
6716.245,35.0904795,-89.96597299999999,ChIJHfaNmAOHf4gR1d8V2K9rfSU,OK,337219,471570082001013
2560.967,35.051879,-89.95322299999999,ChIJtbdkhjqGf4gRndtG1KtFnTA,OK,226187,471579801001095
3637.625,35.093591,-90.056624,ChIJgyVl92d81YcRhuRHHckl8Y4,OK,278928,471570078221044
2560.967,35.051879,-89.95322299999999,ChIJtbdkhjqGf4gRndtG1KtFnTA,OK,226187,471579801001095
3637.625,35.093591,-90.056624,ChIJgyVl92d81YcRhuRHHckl8Y4,OK,278928,471570078221044
4195.127,35.02379430000001,-89.96377079999999,ChIJDVntamKIf4gRlF5S6rdAlgc,OK,328776,471579801001095
3817.462,35.095133,-90.05542799999999,ChIJATnUo0J81YcRpbAuNwXeqRw,OK,288888,471570078221044
651.399,35.125222,-90.048147,ChIJ9cKdtid81YcRKs9h6RjzQzw,OK,56978,471570116001013
651.399,35.125222,-90.048147,ChIJ9cKdtid81YcRKs9h6RjzQzw,OK,56978,471570116001013
653.213,35.1251709,-90.0481695,ChIJybIJtCd81YcR9Otxws-5qCM,OK,57078,471570116001013
1986.985,35.125222,-90.048147,ChIJ9cKdtid81YcRKs9h6RjzQzw,OK,146570,471570114003035
1986.985,35.125222,-90.048147,ChIJ9cKdtid81YcRKs9h6RjzQzw,OK,146570,471570114003035
1988.799,35.1251709,-90.0481695,ChIJybIJtCd81YcR9Otxws-5qCM,OK,146670,471570114003035
1306.65,35.125222,-90.048147,ChIJ9cKdtid81YcRKs9h6RjzQzw,OK,81178,471570045001024
1306.65,35.125222,-90.048147,ChIJ9cKdtid81YcRKs9h6RjzQzw,OK,81178,471570045001024
1308.464,35.1251709,-90.0481695,ChIJybIJtCd81YcR9Otxws-5qCM,OK,81278,471570045001024
2812.297,35.0326981,-90.07589809999999,ChIJ9S1ljalk1YcRvuG-_hbpimA,OK,197547,471570223222016
2812.297,35.0326981,-90.07589809999999,ChIJ9S1ljalk1YcRvuG-_hbpimA,OK,197547,471570223222016
3487.681,35.0543926,-90.0597009,ChIJT5TzUbl81YcRiPqNjkbj9CA,OK,257813,471570223222016
1783.77,35.2060393,-89.89459389999999,ChIJN_fdM1CCf4gRqHZ_YUZgoJo,OK,155251,471570206212013
1783.77,35.2060393,-89.89459389999999,ChIJN_fdM1CCf4gRqHZ_YUZgoJo,OK,155251,471570206212013
1678.881,35.192778,-89.895242,ChIJ2ehTh2eCf4gR95JHzr6OIMA,OK,169820,471570206212013
2874.744,35.0225458,-90.0257415,ChIJnc94gMRi1YcRKYztFRuX2Yw,OK,195492,471570223223007
2874.744,35.0225458,-90.0257415,ChIJnc94gMRi1YcRKYztFRuX2Yw,OK,195492,471570223223007
4076.485,35.0333519,-90.02557630000001,ChIJK8z8Ksxi1YcRt8pxxgP2SA4,OK,262045,471570223223007
2256.354,35.0225458,-90.0257415,ChIJnc94gMRi1YcRKYztFRuX2Yw,OK,148382,471570227003002
2256.354,35.0225458,-90.0257415,ChIJnc94gMRi1YcRKYztFRuX2Yw,OK,148382,471570227003002
3456.228,35.03203000000001,-90.025994,ChIJr7k5Z85i1YcR_daVhG2vNFM,OK,230886,471570227003002
2875.67,35.0543926,-90.0597009,ChIJT5TzUbl81YcRiPqNjkbj9CA,OK,178945,471570225002005
2875.67,35.0543926,-90.0597009,ChIJT5TzUbl81YcRiPqNjkbj9CA,OK,178945,471570225002005
2846.129,35.0333519,-90.02557630000001,ChIJK8z8Ksxi1YcRt8pxxgP2SA4,OK,187366,471570225002005
2188.496,35.0333519,-90.02557630000001,ChIJK8z8Ksxi1YcRt8pxxgP2SA4,OK,170330,471570221114003
2188.496,35.0333519,-90.02557630000001,ChIJK8z8Ksxi1YcRt8pxxgP2SA4,OK,170330,471570221114003
2188.591,35.033351,-90.02556199999999,ChIJY7ePKsxi1YcRIP55gZFchMw,OK,170335,471570221114003
2631.079,35.00495799999999,-90.0276544,ChIJuXbrrfFi1YcR97C4vX-T9Zk,OK,210297,471570227002004
2631.079,35.00495799999999,-90.0276544,ChIJuXbrrfFi1YcR97C4vX-T9Zk,OK,210297,471570227002004
2969.379,35.0225458,-90.0257415,ChIJnc94gMRi1YcRKYztFRuX2Yw,OK,222324,471570227002004
1317.918,35.0225458,-90.0257415,ChIJnc94gMRi1YcRKYztFRuX2Yw,OK,86075,471570221113013
1317.918,35.0225458,-90.0257415,ChIJnc94gMRi1YcRKYztFRuX2Yw,OK,86075,471570221113013
2519.659,35.0333519,-90.02557630000001,ChIJK8z8Ksxi1YcRt8pxxgP2SA4,OK,152628,471570221113013
2645.848,35.054745,-90.007971,ChIJXxyyQlt91YcRhldtWgjSnSE,OK,152472,471570225001042
2645.848,35.054745,-90.007971,ChIJXxyyQlt91YcRhldtWgjSnSE,OK,152472,471570225001042
3077.696,35.05407199999999,-90.00125899999999,ChIJIzdhk1h91YcRZT7cBcBslaM,OK,168511,471570225001042
6556.501,35.054745,-90.007971,ChIJXxyyQlt91YcRhldtWgjSnSE,OK,341540,471570220233000
6556.501,35.054745,-90.007971,ChIJXxyyQlt91YcRhldtWgjSnSE,OK,341540,471570220233000
6988.349,35.05407199999999,-90.00125899999999,ChIJIzdhk1h91YcRZT7cBcBslaM,OK,357579,471570220233000
1091.352,35.054745,-90.007971,ChIJXxyyQlt91YcRhldtWgjSnSE,OK,68315,471570220232013
1091.352,35.054745,-90.007971,ChIJXxyyQlt91YcRhldtWgjSnSE,OK,68315,471570220232013
1656.704,35.05407199999999,-90.00125899999999,ChIJIzdhk1h91YcRZT7cBcBslaM,OK,91748,471570220232013
2104.638,35.054745,-90.007971,ChIJXxyyQlt91YcRhldtWgjSnSE,OK,151708,471570225001052
2104.638,35.054745,-90.007971,ChIJXxyyQlt91YcRhldtWgjSnSE,OK,151708,471570225001052
2536.486,35.05407199999999,-90.00125899999999,ChIJIzdhk1h91YcRZT7cBcBslaM,OK,167747,471570225001052
7251.917,35.033351,-90.02556199999999,ChIJY7ePKsxi1YcRIP55gZFchMw,OK,340388,471570220222001
8032.467,35.054745,-90.007971,ChIJXxyyQlt91YcRhldtWgjSnSE,OK,408293,471570220222001
8032.467,35.054745,-90.007971,ChIJXxyyQlt91YcRhldtWgjSnSE,OK,408293,471570220222001
586.875,35.13763670000001,-90.00757159999999,ChIJl69WLQV-1YcRU3z7Tt2MyhY,OK,47189,471570036002027
586.875,35.13763670000001,-90.00757159999999,ChIJl69WLQV-1YcRU3z7Tt2MyhY,OK,47189,471570036002027
695.658,35.139426,-90.00714049999999,ChIJC-6kIBt-1YcRA1cskDtjsVc,OK,60242,471570036002027
2167.37,35.19067459999999,-89.8489943,ChIJ364PGjWdf4gRKbsrGLq8_XQ,OK,123551,471570211123010
2167.37,35.19067459999999,-89.8489943,ChIJ364PGjWdf4gRKbsrGLq8_XQ,OK,123551,471570211123010
3277.899,35.2045576,-89.81176689999999,ChIJ8ROix4Kdf4gR4Su-1OwAUMo,OK,208679,471570211123010
630.308,35.2337782,-89.9252472,ChIJra3pLkt_f4gRjZbqnHrruIM,OK,75633,471570205321000
630.308,35.2337782,-89.9252472,ChIJra3pLkt_f4gRjZbqnHrruIM,OK,75633,471570205321000
4375.187,35.2158947,-89.9151158,ChIJxetq6ad4f4gRD1K1cIBWUQ4,OK,323983,471570205321000
55.986,35.2337782,-89.9252472,ChIJra3pLkt_f4gRjZbqnHrruIM,OK,6384,471570205242000
55.986,35.2337782,-89.9252472,ChIJra3pLkt_f4gRjZbqnHrruIM,OK,6384,471570205242000
3702.798,35.2158947,-89.9151158,ChIJxetq6ad4f4gRD1K1cIBWUQ4,OK,242965,471570205242000
145.811,35.2337782,-89.9252472,ChIJra3pLkt_f4gRjZbqnHrruIM,OK,17496,471570205321004
145.811,35.2337782,-89.9252472,ChIJra3pLkt_f4gRjZbqnHrruIM,OK,17496,471570205321004
3890.69,35.2158947,-89.9151158,ChIJxetq6ad4f4gRD1K1cIBWUQ4,OK,265846,471570205321004
451.298,35.139426,-90.00714049999999,ChIJC-6kIBt-1YcRA1cskDtjsVc,OK,54154,471570036001003
451.298,35.139426,-90.00714049999999,ChIJC-6kIBt-1YcRA1cskDtjsVc,OK,54154,471570036001003
817.523,35.142439,-90.006118,ChIJeUPo2Rt-1YcRdoG2a54M-d0,OK,68915,471570036001003
720.504,35.062945,-89.90568519999999,ChIJjxj9mL-Ff4gRoOEx9OzDyxs,OK,39899,471570107101022
720.504,35.062945,-89.90568519999999,ChIJjxj9mL-Ff4gRoOEx9OzDyxs,OK,39899,471570107101022
706.866,35.063996,-89.90690699999999,ChIJn51vcb-Ff4gRvoXU4r8swrw,OK,54049,471570107101022
505.123,35.062945,-89.90568519999999,ChIJjxj9mL-Ff4gRoOEx9OzDyxs,OK,27971,471570107101023
505.123,35.062945,-89.90568519999999,ChIJjxj9mL-Ff4gRoOEx9OzDyxs,OK,27971,471570107101023
491.485,35.063996,-89.90690699999999,ChIJn51vcb-Ff4gRvoXU4r8swrw,OK,42121,471570107101023
2007.028,35.02099699999999,-89.93544,ChIJW6hY3LmIf4gRWjIeu9tMgvU,OK,124982,471570226001111
2007.028,35.02099699999999,-89.93544,ChIJW6hY3LmIf4gRWjIeu9tMgvU,OK,124982,471570226001111
2284.383,35.0209193,-89.8996561,ChIJxWQfy22Pf4gRlC1jxVU1A2g,OK,140344,471570226001111
236.675,35.0745932,-89.9204618,ChIJPX58KNGFf4gRLgBWAHPwusk,OK,19896,471570106101011
236.675,35.0745932,-89.9204618,ChIJPX58KNGFf4gRLgBWAHPwusk,OK,19896,471570106101011
915.314,35.0757114,-89.9271675,ChIJ-d7FIHmGf4gR6Aa1VQWm0ps,OK,60612,471570106101011
571.075,35.2044739,-89.76342459999999,ChIJ3XsJxyKef4gRTeWb3lonWsU,OK,45859,471570211421063
571.075,35.2044739,-89.76342459999999,ChIJ3XsJxyKef4gRTeWb3lonWsU,OK,45859,471570211421063
2261.491,35.2074362,-89.7805166,ChIJ62ATRfudf4gRPIrPAXGVsiQ,OK,177345,471570211421063
367.972,35.0745932,-89.9204618,ChIJPX58KNGFf4gRLgBWAHPwusk,OK,35651,471570106101010
367.972,35.0745932,-89.9204618,ChIJPX58KNGFf4gRLgBWAHPwusk,OK,35651,471570106101010
1046.611,35.0757114,-89.9271675,ChIJ-d7FIHmGf4gR6Aa1VQWm0ps,OK,76367,471570106101010
2094.938,35.1546312,-89.79260459999999,ChIJ8UeuSEecf4gRniit7ubZLtM,OK,115873,471570211261021
2094.938,35.1546312,-89.79260459999999,ChIJ8UeuSEecf4gRniit7ubZLtM,OK,115873,471570211261021
2474.826,35.14868459999999,-89.7948203,ChIJ4w9Lr2qcf4gRHdzl9FciAFM,OK,135373,471570211261021
988.019,35.14868459999999,-89.7948203,ChIJ4w9Lr2qcf4gRHdzl9FciAFM,OK,105482,471570211373012
988.019,35.14868459999999,-89.7948203,ChIJ4w9Lr2qcf4gRHdzl9FciAFM,OK,105482,471570211373012
1754.181,35.1546312,-89.79260459999999,ChIJ8UeuSEecf4gRniit7ubZLtM,OK,126181,471570211373012
1075.573,35.14868459999999,-89.7948203,ChIJ4w9Lr2qcf4gRHdzl9FciAFM,OK,83323,471570211373022
1075.573,35.14868459999999,-89.7948203,ChIJ4w9Lr2qcf4gRHdzl9FciAFM,OK,83323,471570211373022
1841.735,35.1546312,-89.79260459999999,ChIJ8UeuSEecf4gRniit7ubZLtM,OK,104022,471570211373022
81.491,35.02753099999999,-90.082077,ChIJK66rdetk1YcRwwxI9gDREks,OK,4513,471570223303017
81.491,35.02753099999999,-90.082077,ChIJK66rdetk1YcRwwxI9gDREks,OK,4513,471570223303017
719.582,35.0326981,-90.07589809999999,ChIJ9S1ljalk1YcRvuG-_hbpimA,OK,39852,471570223303017
2887.733,35.0326981,-90.07589809999999,ChIJ9S1ljalk1YcRvuG-_hbpimA,OK,192797,471570227005003
2887.733,35.0326981,-90.07589809999999,ChIJ9S1ljalk1YcRvuG-_hbpimA,OK,192797,471570227005003
3267.317,35.02753099999999,-90.082077,ChIJK66rdetk1YcRwwxI9gDREks,OK,213108,471570227005003
1065.992,35.098685,-90.05664899999999,ChIJ31qwBkJ81YcRk2V5pdmdhrM,OK,59038,471570117001131
1065.992,35.098685,-90.05664899999999,ChIJ31qwBkJ81YcRk2V5pdmdhrM,OK,59038,471570117001131
1454.984,35.095133,-90.05542799999999,ChIJATnUo0J81YcRpbAuNwXeqRw,OK,80582,471570117001131
1290.581,35.1251709,-90.0481695,ChIJybIJtCd81YcR9Otxws-5qCM,OK,100376,471570050002000
1290.581,35.1251709,-90.0481695,ChIJybIJtCd81YcR9Otxws-5qCM,OK,100376,471570050002000
1292.395,35.125222,-90.048147,ChIJ9cKdtid81YcRKs9h6RjzQzw,OK,100477,471570050002000
1040.415,35.1497164,-89.95515999999999,ChIJcQb6ehiBf4gR-uA54eRPNq8,OK,83627,471570014001024
1040.415,35.1497164,-89.95515999999999,ChIJcQb6ehiBf4gR-uA54eRPNq8,OK,83627,471570014001024
1517.315,35.14981359999999,-89.94918609999999,ChIJVdGBGRaBf4gRsi89Rzqn8W4,OK,110010,471570014001024
722.037,35.1497164,-89.95515999999999,ChIJcQb6ehiBf4gR-uA54eRPNq8,OK,65390,471570014001017
722.037,35.1497164,-89.95515999999999,ChIJcQb6ehiBf4gR-uA54eRPNq8,OK,65390,471570014001017
1198.936,35.14981359999999,-89.94918609999999,ChIJVdGBGRaBf4gRsi89Rzqn8W4,OK,91773,471570014001017
1078.065,35.1507888,-89.977317,ChIJdVWrOuqAf4gR-V7s1E3qo7g,OK,70673,471570027002011
1078.065,35.1507888,-89.977317,ChIJdVWrOuqAf4gR-V7s1E3qo7g,OK,70673,471570027002011
1833.117,35.13418100000001,-89.98599,ChIJnf1_yraAf4gR9pQmD7CXhgg,OK,113400,471570027002011
1895.072,35.1497164,-89.95515999999999,ChIJcQb6ehiBf4gR-uA54eRPNq8,OK,115925,471570027001007
1895.072,35.1497164,-89.95515999999999,ChIJcQb6ehiBf4gR-uA54eRPNq8,OK,115925,471570027001007
2297.8,35.1507888,-89.977317,ChIJdVWrOuqAf4gR-V7s1E3qo7g,OK,138945,471570027001007
733.154,35.13418100000001,-89.98599,ChIJnf1_yraAf4gR9pQmD7CXhgg,OK,52037,471570031002034
733.154,35.13418100000001,-89.98599,ChIJnf1_yraAf4gR9pQmD7CXhgg,OK,52037,471570031002034
1262.539,35.12545849999999,-89.97454169999999,ChIJoyT3HjOHf4gRS6EdHckmff8,OK,86012,471570031002034
1641.951,35.12545849999999,-89.97454169999999,ChIJoyT3HjOHf4gRS6EdHckmff8,OK,125537,471570071001017
1641.951,35.12545849999999,-89.97454169999999,ChIJoyT3HjOHf4gRS6EdHckmff8,OK,125537,471570071001017
2835.799,35.1161637,-89.9446263,ChIJ-ZiED8iGf4gR32IlfgDBKWY,OK,203236,471570071001017
556.636,35.12545849999999,-89.97454169999999,ChIJoyT3HjOHf4gRS6EdHckmff8,OK,39366,471570031001013
556.636,35.12545849999999,-89.97454169999999,ChIJoyT3HjOHf4gRS6EdHckmff8,OK,39366,471570031001013
1790.616,35.13418100000001,-89.98599,ChIJnf1_yraAf4gR9pQmD7CXhgg,OK,118784,471570031001013
857.83,35.086634,-89.96355199999999,ChIJW0XU3AGHf4gRINnmxvx9m5A,OK,88446,471570081202030
857.83,35.086634,-89.96355199999999,ChIJW0XU3AGHf4gRINnmxvx9m5A,OK,88446,471570081202030
1332.372,35.0904795,-89.96597299999999,ChIJHfaNmAOHf4gR1d8V2K9rfSU,OK,114727,471570081202030
2231.795,35.086634,-89.96355199999999,ChIJW0XU3AGHf4gRINnmxvx9m5A,OK,133331,471570081202000
2231.795,35.086634,-89.96355199999999,ChIJW0XU3AGHf4gRINnmxvx9m5A,OK,133331,471570081202000
2299.331,35.108097,-89.941227,ChIJwxJT-r6Gf4gRhLDuFpyb128,OK,140199,471570081202000
1575.035,35.086634,-89.96355199999999,ChIJW0XU3AGHf4gRINnmxvx9m5A,OK,84384,471579801001008
1575.035,35.086634,-89.96355199999999,ChIJW0XU3AGHf4gRINnmxvx9m5A,OK,84384,471579801001008
2049.577,35.0904795,-89.96597299999999,ChIJHfaNmAOHf4gR1d8V2K9rfSU,OK,110665,471579801001008
1534.365,35.093158,-89.93038,ChIJU1HLuoSGf4gRK5KIVLXtvbU,OK,137232,471570082002004
1534.365,35.093158,-89.93038,ChIJU1HLuoSGf4gRK5KIVLXtvbU,OK,137232,471570082002004
1851.545,35.0960067,-89.93138279999999,ChIJFfDYDZuGf4gR5IbqhV7MTAo,OK,157114,471570082002004
535.473,35.0878609,-89.931612,ChIJ78kLm4aGf4gRhPZ5eF_7ojg,OK,48692,471570082004003
535.473,35.0878609,-89.931612,ChIJ78kLm4aGf4gRhPZ5eF_7ojg,OK,48692,471570082004003
611.92,35.093158,-89.93038,ChIJU1HLuoSGf4gRK5KIVLXtvbU,OK,54759,471570082004003
6909.836,35.061362,-90.05986399999999,ChIJL_Gh8ZV81YcRDlMHRKqR_IA,OK,601332,471570222102001
7910.304,35.0326981,-90.07589809999999,ChIJ9S1ljalk1YcRvuG-_hbpimA,OK,640798,471570222102001
7910.304,35.0326981,-90.07589809999999,ChIJ9S1ljalk1YcRvuG-_hbpimA,OK,640798,471570222102001
8817.737,35.0326981,-90.07589809999999,ChIJ9S1ljalk1YcRvuG-_hbpimA,OK,739168,471570222102013
8817.737,35.0326981,-90.07589809999999,ChIJ9S1ljalk1YcRvuG-_hbpimA,OK,739168,471570222102013
9554.564,35.02753099999999,-90.082077,ChIJK66rdetk1YcRwwxI9gDREks,OK,780915,471570222102013
7116.943,35.061362,-90.05986399999999,ChIJL_Gh8ZV81YcRDlMHRKqR_IA,OK,615662,471570222102005
8117.41,35.0326981,-90.07589809999999,ChIJ9S1ljalk1YcRvuG-_hbpimA,OK,655128,471570222102005
8117.41,35.0326981,-90.07589809999999,ChIJ9S1ljalk1YcRvuG-_hbpimA,OK,655128,471570222102005
7881.282,35.06128,-90.05978399999999,ChIJm06f8ZV81YcRTjzAsJPcBKY,OK,428385,471570222202009
7881.282,35.06128,-90.05978399999999,ChIJm06f8ZV81YcRTjzAsJPcBKY,OK,428385,471570222202009
7881.103,35.061362,-90.05986399999999,ChIJL_Gh8ZV81YcRDlMHRKqR_IA,OK,431251,471570222202009
7495.164,35.0326981,-90.07589809999999,ChIJ9S1ljalk1YcRvuG-_hbpimA,OK,512355,471570222102010
7495.164,35.0326981,-90.07589809999999,ChIJ9S1ljalk1YcRvuG-_hbpimA,OK,512355,471570222102010
8231.99,35.02753099999999,-90.082077,ChIJK66rdetk1YcRwwxI9gDREks,OK,554102,471570222102010
6076.472,35.0326981,-90.07589809999999,ChIJ9S1ljalk1YcRvuG-_hbpimA,OK,402931,471570222102020
6813.299,35.02753099999999,-90.082077,ChIJK66rdetk1YcRwwxI9gDREks,OK,444678,471570222102020
6813.299,35.02753099999999,-90.082077,ChIJK66rdetk1YcRwwxI9gDREks,OK,444678,471570222102020
5248.272,35.0543926,-90.0597009,ChIJT5TzUbl81YcRiPqNjkbj9CA,OK,347305,471570222102016
5511.199,35.0326981,-90.07589809999999,ChIJ9S1ljalk1YcRvuG-_hbpimA,OK,361733,471570222102016
5511.199,35.0326981,-90.07589809999999,ChIJ9S1ljalk1YcRvuG-_hbpimA,OK,361733,471570222102016
5450.389,35.0543926,-90.0597009,ChIJT5TzUbl81YcRiPqNjkbj9CA,OK,362034,471570222102006
5713.316,35.0326981,-90.07589809999999,ChIJ9S1ljalk1YcRvuG-_hbpimA,OK,376462,471570222102006
5713.316,35.0326981,-90.07589809999999,ChIJ9S1ljalk1YcRvuG-_hbpimA,OK,376462,471570222102006
1269.392,35.2051043,-89.79754849999999,ChIJpRDMlY2df4gRQqHmUo_lzmc,OK,84113,471570211132018
1269.392,35.2051043,-89.79754849999999,ChIJpRDMlY2df4gRQqHmUo_lzmc,OK,84113,471570211132018
1665.605,35.2045576,-89.81176689999999,ChIJ8ROix4Kdf4gR4Su-1OwAUMo,OK,105740,471570211132018
5607.988,35.02753099999999,-90.082077,ChIJK66rdetk1YcRwwxI9gDREks,OK,436489,471570222101017
5607.988,35.02753099999999,-90.082077,ChIJK66rdetk1YcRwwxI9gDREks,OK,436489,471570222101017
6409.059,35.0326981,-90.07589809999999,ChIJ9S1ljalk1YcRvuG-_hbpimA,OK,480855,471570222101017
6566.599,35.0326981,-90.07589809999999,ChIJ9S1ljalk1YcRvuG-_hbpimA,OK,419196,471570222102015
6566.599,35.0326981,-90.07589809999999,ChIJ9S1ljalk1YcRvuG-_hbpimA,OK,419196,471570222102015
7303.426,35.02753099999999,-90.082077,ChIJK66rdetk1YcRwwxI9gDREks,OK,460943,471570222102015
3597.537,35.0326981,-90.07589809999999,ChIJ9S1ljalk1YcRvuG-_hbpimA,OK,243430,471570222103008
3597.537,35.0326981,-90.07589809999999,ChIJ9S1ljalk1YcRvuG-_hbpimA,OK,243430,471570222103008
4334.364,35.02753099999999,-90.082077,ChIJK66rdetk1YcRwwxI9gDREks,OK,285177,471570222103008
3729.212,35.0326981,-90.07589809999999,ChIJ9S1ljalk1YcRvuG-_hbpimA,OK,259230,471570222101000
3729.212,35.0326981,-90.07589809999999,ChIJ9S1ljalk1YcRvuG-_hbpimA,OK,259230,471570222101000
3660.384,35.02753099999999,-90.082077,ChIJK66rdetk1YcRwwxI9gDREks,OK,265938,471570222101000
3145.99,35.02753099999999,-90.082077,ChIJK66rdetk1YcRwwxI9gDREks,OK,204213,471570222101025
3145.99,35.02753099999999,-90.082077,ChIJK66rdetk1YcRwwxI9gDREks,OK,204213,471570222101025
3713.519,35.0326981,-90.07589809999999,ChIJ9S1ljalk1YcRvuG-_hbpimA,OK,240724,471570222101025
2116.973,35.062945,-89.90568519999999,ChIJjxj9mL-Ff4gRoOEx9OzDyxs,OK,148363,471570107102003
3235.006,35.0854368,-89.89541919999999,ChIJf5cc-VKEf4gRF-lYLgijYQQ,OK,195233,471570107102003
3235.006,35.0854368,-89.89541919999999,ChIJf5cc-VKEf4gRF-lYLgijYQQ,OK,195233,471570107102003
2854.469,35.0841884,-89.97146650000001,ChIJX1vb4AeHf4gRloPQ2o5nDXA,OK,242541,471570078215004
2854.469,35.0841884,-89.97146650000001,ChIJX1vb4AeHf4gRloPQ2o5nDXA,OK,242541,471570078215004
3828.784,35.0643218,-89.9923063,ChIJb3DQuo2Hf4gRC8UI6d4pa68,OK,290986,471570078215004
821.061,35.1490317,-90.0140679,ChIJw3q9_xV-1YcRqrte6yBn1CI,OK,56044,471570025001023
821.061,35.1490317,-90.0140679,ChIJw3q9_xV-1YcRqrte6yBn1CI,OK,56044,471570025001023
1543.299,35.1444038,-90.0168571,ChIJufYEjhR-1YcREff46W6Lons,OK,103397,471570025001023
2094.853,35.062945,-89.90568519999999,ChIJjxj9mL-Ff4gRoOEx9OzDyxs,OK,145710,471570107102008
2094.853,35.062945,-89.90568519999999,ChIJjxj9mL-Ff4gRoOEx9OzDyxs,OK,145710,471570107102008
2081.215,35.063996,-89.90690699999999,ChIJn51vcb-Ff4gRvoXU4r8swrw,OK,159860,471570107102008
1893.307,35.1490317,-90.0140679,ChIJw3q9_xV-1YcRqrte6yBn1CI,OK,104431,471570025001035
1893.307,35.1490317,-90.0140679,ChIJw3q9_xV-1YcRqrte6yBn1CI,OK,104431,471570025001035
2615.545,35.1444038,-90.0168571,ChIJufYEjhR-1YcREff46W6Lons,OK,151784,471570025001035
1435.696,35.0543926,-90.0597009,ChIJT5TzUbl81YcRiPqNjkbj9CA,OK,109827,471570223102004
1435.696,35.0543926,-90.0597009,ChIJT5TzUbl81YcRiPqNjkbj9CA,OK,109827,471570223102004
2017.051,35.06128,-90.05978399999999,ChIJm06f8ZV81YcRTjzAsJPcBKY,OK,142024,471570223102004
1217.071,35.0326981,-90.07589809999999,ChIJ9S1ljalk1YcRvuG-_hbpimA,OK,67406,471570223104000
1217.071,35.0326981,-90.07589809999999,ChIJ9S1ljalk1YcRvuG-_hbpimA,OK,67406,471570223104000
1631.787,35.0543926,-90.0597009,ChIJT5TzUbl81YcRiPqNjkbj9CA,OK,90374,471570223104000
394.832,35.104197,-89.98335349999999,ChIJNST6hGqHf4gR0Mml4gyjQWk,OK,42673,471570068002018
394.832,35.104197,-89.98335349999999,ChIJNST6hGqHf4gR0Mml4gyjQWk,OK,42673,471570068002018
986.349,35.107529,-89.9862127,ChIJ0WGfSUKHf4gRjDLrfGQwCV4,OK,80292,471570068002018
1068.472,35.1490317,-90.0140679,ChIJw3q9_xV-1YcRqrte6yBn1CI,OK,78619,471570017003014
1068.472,35.1490317,-90.0140679,ChIJw3q9_xV-1YcRqrte6yBn1CI,OK,78619,471570017003014
1790.71,35.1444038,-90.0168571,ChIJufYEjhR-1YcREff46W6Lons,OK,125972,471570017003014
871.976,35.1490317,-90.0140679,ChIJw3q9_xV-1YcRqrte6yBn1CI,OK,62154,471570017003015
871.976,35.1490317,-90.0140679,ChIJw3q9_xV-1YcRqrte6yBn1CI,OK,62154,471570017003015
1594.214,35.1444038,-90.0168571,ChIJufYEjhR-1YcREff46W6Lons,OK,109507,471570017003015
666.765,35.0543926,-90.0597009,ChIJT5TzUbl81YcRiPqNjkbj9CA,OK,54431,471570222205017
666.765,35.0543926,-90.0597009,ChIJT5TzUbl81YcRiPqNjkbj9CA,OK,54431,471570222205017
1248.12,35.06128,-90.05978399999999,ChIJm06f8ZV81YcRTjzAsJPcBKY,OK,86628,471570222205017
1208.527,35.1490317,-90.0140679,ChIJw3q9_xV-1YcRqrte6yBn1CI,OK,69937,471570025002003
1208.527,35.1490317,-90.0140679,ChIJw3q9_xV-1YcRqrte6yBn1CI,OK,69937,471570025002003
1930.765,35.1444038,-90.0168571,ChIJufYEjhR-1YcREff46W6Lons,OK,117290,471570025002003
616.145,35.0543926,-90.0597009,ChIJT5TzUbl81YcRiPqNjkbj9CA,OK,48357,471570222205016
616.145,35.0543926,-90.0597009,ChIJT5TzUbl81YcRiPqNjkbj9CA,OK,48357,471570222205016
1197.5,35.06128,-90.05978399999999,ChIJm06f8ZV81YcRTjzAsJPcBKY,OK,80554,471570222205016
320.142,35.125222,-90.048147,ChIJ9cKdtid81YcRKs9h6RjzQzw,OK,23649,471570116001004
320.142,35.125222,-90.048147,ChIJ9cKdtid81YcRKs9h6RjzQzw,OK,23649,471570116001004
321.956,35.1251709,-90.0481695,ChIJybIJtCd81YcR9Otxws-5qCM,OK,23749,471570116001004
1060.386,35.1490317,-90.0140679,ChIJw3q9_xV-1YcRqrte6yBn1CI,OK,70105,471570025001008
1060.386,35.1490317,-90.0140679,ChIJw3q9_xV-1YcRqrte6yBn1CI,OK,70105,471570025001008
1782.624,35.1444038,-90.0168571,ChIJufYEjhR-1YcREff46W6Lons,OK,117458,471570025001008
1223.048,35.0543926,-90.0597009,ChIJT5TzUbl81YcRiPqNjkbj9CA,OK,93294,471570223212002
1223.048,35.0543926,-90.0597009,ChIJT5TzUbl81YcRiPqNjkbj9CA,OK,93294,471570223212002
1804.403,35.06128,-90.05978399999999,ChIJm06f8ZV81YcRTjzAsJPcBKY,OK,125491,471570223212002
1106.484,35.1490317,-90.0140679,ChIJw3q9_xV-1YcRqrte6yBn1CI,OK,75636,471570017003007
1106.484,35.1490317,-90.0140679,ChIJw3q9_xV-1YcRqrte6yBn1CI,OK,75636,471570017003007
1828.721,35.1444038,-90.0168571,ChIJufYEjhR-1YcREff46W6Lons,OK,122989,471570017003007
271.49,35.0543926,-90.0597009,ChIJT5TzUbl81YcRiPqNjkbj9CA,OK,15035,471570225001117
271.49,35.0543926,-90.0597009,ChIJT5TzUbl81YcRiPqNjkbj9CA,OK,15035,471570225001117
488.063,35.06128,-90.05978399999999,ChIJm06f8ZV81YcRTjzAsJPcBKY,OK,27030,471570225001117
168.96,35.09464699999999,-89.9708677,ChIJx5uAuBqHf4gRze5MKc5WJFI,OK,15028,471570079004007
168.96,35.09464699999999,-89.9708677,ChIJx5uAuBqHf4gRze5MKc5WJFI,OK,15028,471570079004007
732.282,35.0904795,-89.96597299999999,ChIJHfaNmAOHf4gR1d8V2K9rfSU,OK,45140,471570079004007
1293.289,35.1490317,-90.0140679,ChIJw3q9_xV-1YcRqrte6yBn1CI,OK,76505,471570017003009
1293.289,35.1490317,-90.0140679,ChIJw3q9_xV-1YcRqrte6yBn1CI,OK,76505,471570017003009
2015.527,35.1444038,-90.0168571,ChIJufYEjhR-1YcREff46W6Lons,OK,123858,471570017003009
2921.098,35.0326981,-90.07589809999999,ChIJ9S1ljalk1YcRvuG-_hbpimA,OK,201370,471570223103018
2921.098,35.0326981,-90.07589809999999,ChIJ9S1ljalk1YcRvuG-_hbpimA,OK,201370,471570223103018
3308.477,35.0543926,-90.0597009,ChIJT5TzUbl81YcRiPqNjkbj9CA,OK,226283,471570223103018
1791.948,35.1490317,-90.0140679,ChIJw3q9_xV-1YcRqrte6yBn1CI,OK,114195,471570017003001
1791.948,35.1490317,-90.0140679,ChIJw3q9_xV-1YcRqrte6yBn1CI,OK,114195,471570017003001
2514.186,35.1444038,-90.0168571,ChIJufYEjhR-1YcREff46W6Lons,OK,161548,471570017003001
904.649,35.2044739,-89.76342459999999,ChIJ3XsJxyKef4gRTeWb3lonWsU,OK,74704,471570211414015
904.649,35.2044739,-89.76342459999999,ChIJ3XsJxyKef4gRTeWb3lonWsU,OK,74704,471570211414015
1204.632,35.1087458,-90.0211918,ChIJe6w2EsF91YcRquzVZc8M0-I,OK,90383,471570060001009
1204.632,35.1087458,-90.0211918,ChIJe6w2EsF91YcRquzVZc8M0-I,OK,90383,471570060001009
1205.273,35.10874099999999,-90.021185,ChIJrVbiDcF91YcRG9TBOTpHc3I,OK,90460,471570060001009
1635.041,35.0344414,-89.8319559,ChIJfcC9SguQf4gR_xf02Tpo1-w,OK,129922,471570217461003
1635.041,35.0344414,-89.8319559,ChIJfcC9SguQf4gR_xf02Tpo1-w,OK,129922,471570217461003
2158.431,35.0220022,-89.82947999999999,ChIJxT9DeWuQf4gRf6HLF5uJHd0,OK,170494,471570217461003
1218.37,35.0220022,-89.82947999999999,ChIJxT9DeWuQf4gRf6HLF5uJHd0,OK,78899,471570217512007
1218.37,35.0220022,-89.82947999999999,ChIJxT9DeWuQf4gRf6HLF5uJHd0,OK,78899,471570217512007
1465.32,35.0078094,-89.83044679999999,ChIJpwHMo0eQf4gRIqmNFjWLuW4,OK,98357,471570217512007
1208.486,35.223866,-89.90499,ChIJJRXCRJh4f4gRcTFbl9qZzNM,OK,120184,471570205323028
1208.486,35.223866,-89.90499,ChIJJRXCRJh4f4gRcTFbl9qZzNM,OK,120184,471570205323028
2218.229,35.2158947,-89.9151158,ChIJxetq6ad4f4gRD1K1cIBWUQ4,OK,127338,471570205323028
1238.843,35.222344,-89.97682999999999,ChIJ987Br45_f4gRjwrvnFN8t7k,OK,74328,471570102201005
1238.843,35.222344,-89.97682999999999,ChIJ987Br45_f4gRjwrvnFN8t7k,OK,74328,471570102201005
1639.71,35.2227028,-89.97692290000001,ChIJ987Br45_f4gRMoYIhCny13Q,OK,110460,471570102201005
1204.787,35.22619459999999,-90.0020167,ChIJvTh1mwiA1YcRLLqD5Uxq8Nc,OK,83435,471570100005009
1204.787,35.22619459999999,-90.0020167,ChIJvTh1mwiA1YcRLLqD5Uxq8Nc,OK,83435,471570100005009
2015.181,35.218332,-90.00299799999999,ChIJfRCGEgGA1YcRsZsWP_dycDI,OK,130902,471570100005009
1345.826,35.22619459999999,-90.0020167,ChIJvTh1mwiA1YcRLLqD5Uxq8Nc,OK,120928,471570100003006
1345.826,35.22619459999999,-90.0020167,ChIJvTh1mwiA1YcRLLqD5Uxq8Nc,OK,120928,471570100003006
2156.221,35.218332,-90.00299799999999,ChIJfRCGEgGA1YcRsZsWP_dycDI,OK,168395,471570100003006
2206.361,35.22619459999999,-90.0020167,ChIJvTh1mwiA1YcRLLqD5Uxq8Nc,OK,216362,471570100004000
2206.361,35.22619459999999,-90.0020167,ChIJvTh1mwiA1YcRLLqD5Uxq8Nc,OK,216362,471570100004000
3016.756,35.218332,-90.00299799999999,ChIJfRCGEgGA1YcRsZsWP_dycDI,OK,263829,471570100004000
990.767,35.2178517,-89.9902989,ChIJT7y6Nvh_f4gR6Khps0fYRPg,OK,118888,471570102104001
990.767,35.2178517,-89.9902989,ChIJT7y6Nvh_f4gR6Khps0fYRPg,OK,118888,471570102104001
1027.112,35.217526,-89.98935,ChIJKdhOoPd_f4gRbD5w-Ol3ovU,OK,123249,471570102104001
1427.112,35.222344,-89.97682999999999,ChIJ987Br45_f4gRjwrvnFN8t7k,OK,114761,471570102101015
1427.112,35.222344,-89.97682999999999,ChIJ987Br45_f4gRjwrvnFN8t7k,OK,114761,471570102101015
1428.965,35.2227028,-89.97692290000001,ChIJ987Br45_f4gRMoYIhCny13Q,OK,126953,471570102101015
4339.031,35.2337782,-89.9252472,ChIJra3pLkt_f4gRjZbqnHrruIM,OK,307132,471570205212010
4723.182,35.222344,-89.97682999999999,ChIJ987Br45_f4gRjwrvnFN8t7k,OK,323120,471570205212010
4723.182,35.222344,-89.97682999999999,ChIJ987Br45_f4gRjwrvnFN8t7k,OK,323120,471570205212010
3642.868,35.2337782,-89.9252472,ChIJra3pLkt_f4gRjZbqnHrruIM,OK,254862,471570205213003
3642.868,35.2337782,-89.9252472,ChIJra3pLkt_f4gRjZbqnHrruIM,OK,254862,471570205213003
5031.38,35.222344,-89.97682999999999,ChIJ987Br45_f4gRjwrvnFN8t7k,OK,341459,471570205213003
3414.841,35.2337782,-89.9252472,ChIJra3pLkt_f4gRjZbqnHrruIM,OK,227500,471570205213002
3414.841,35.2337782,-89.9252472,ChIJra3pLkt_f4gRjZbqnHrruIM,OK,227500,471570205213002
4926.963,35.222344,-89.97682999999999,ChIJ987Br45_f4gRjwrvnFN8t7k,OK,315285,471570205213002
2187.154,35.2337782,-89.9252472,ChIJra3pLkt_f4gRjZbqnHrruIM,OK,159823,471570205232012
2187.154,35.2337782,-89.9252472,ChIJra3pLkt_f4gRjZbqnHrruIM,OK,159823,471570205232012
4897.943,35.210167,-89.919383,ChIJi0gqlgaCf4gRjUvfmHxGMyw,OK,348820,471570205232012
2626.123,35.098685,-90.05664899999999,ChIJ31qwBkJ81YcRk2V5pdmdhrM,OK,173171,471570053001003
2626.123,35.098685,-90.05664899999999,ChIJ31qwBkJ81YcRk2V5pdmdhrM,OK,173171,471570053001003
3015.115,35.095133,-90.05542799999999,ChIJATnUo0J81YcRpbAuNwXeqRw,OK,194715,471570053001003
2241.616,35.1251709,-90.0481695,ChIJybIJtCd81YcR9Otxws-5qCM,OK,168413,471570117001071
2241.616,35.1251709,-90.0481695,ChIJybIJtCd81YcR9Otxws-5qCM,OK,168413,471570117001071
2243.43,35.125222,-90.048147,ChIJ9cKdtid81YcRKs9h6RjzQzw,OK,168514,471570117001071
2129.525,35.098685,-90.05664899999999,ChIJ31qwBkJ81YcRk2V5pdmdhrM,OK,136939,471570117001128
2129.525,35.098685,-90.05664899999999,ChIJ31qwBkJ81YcRk2V5pdmdhrM,OK,136939,471570117001128
2518.517,35.095133,-90.05542799999999,ChIJATnUo0J81YcRpbAuNwXeqRw,OK,158483,471570117001128
2379.094,35.098685,-90.05664899999999,ChIJ31qwBkJ81YcRk2V5pdmdhrM,OK,165129,471570117001107
2379.094,35.098685,-90.05664899999999,ChIJ31qwBkJ81YcRk2V5pdmdhrM,OK,165129,471570117001107
2768.086,35.095133,-90.05542799999999,ChIJATnUo0J81YcRpbAuNwXeqRw,OK,186673,471570117001107
2313.743,35.1251709,-90.0481695,ChIJybIJtCd81YcR9Otxws-5qCM,OK,133042,471570117001073
2313.743,35.1251709,-90.0481695,ChIJybIJtCd81YcR9Otxws-5qCM,OK,133042,471570117001073
2315.557,35.125222,-90.048147,ChIJ9cKdtid81YcRKs9h6RjzQzw,OK,133143,471570117001073
2318.748,35.1251709,-90.0481695,ChIJybIJtCd81YcR9Otxws-5qCM,OK,177669,471570117001119
2318.748,35.1251709,-90.0481695,ChIJybIJtCd81YcR9Otxws-5qCM,OK,177669,471570117001119
2320.562,35.125222,-90.048147,ChIJ9cKdtid81YcRKs9h6RjzQzw,OK,177770,471570117001119
2431.519,35.1251709,-90.0481695,ChIJybIJtCd81YcR9Otxws-5qCM,OK,154759,471570117001072
2431.519,35.1251709,-90.0481695,ChIJybIJtCd81YcR9Otxws-5qCM,OK,154759,471570117001072
2433.333,35.125222,-90.048147,ChIJ9cKdtid81YcRKs9h6RjzQzw,OK,154860,471570117001072
3461.067,35.1546312,-89.79260459999999,ChIJ8UeuSEecf4gRniit7ubZLtM,OK,209535,471570211351027
3461.067,35.1546312,-89.79260459999999,ChIJ8UeuSEecf4gRniit7ubZLtM,OK,209535,471570211351027
3840.955,35.14868459999999,-89.7948203,ChIJ4w9Lr2qcf4gRHdzl9FciAFM,OK,229035,471570211351027
2097.152,35.098685,-90.05664899999999,ChIJ31qwBkJ81YcRk2V5pdmdhrM,OK,121231,471570117001127
2097.152,35.098685,-90.05664899999999,ChIJ31qwBkJ81YcRk2V5pdmdhrM,OK,121231,471570117001127
2486.145,35.095133,-90.05542799999999,ChIJATnUo0J81YcRpbAuNwXeqRw,OK,142775,471570117001127
1862.158,35.098685,-90.05664899999999,ChIJ31qwBkJ81YcRk2V5pdmdhrM,OK,115091,471570117001132
1862.158,35.098685,-90.05664899999999,ChIJ31qwBkJ81YcRk2V5pdmdhrM,OK,115091,471570117001132
2251.15,35.095133,-90.05542799999999,ChIJATnUo0J81YcRpbAuNwXeqRw,OK,136635,471570117001132
1964.537,35.098685,-90.05664899999999,ChIJ31qwBkJ81YcRk2V5pdmdhrM,OK,113275,471570117001134
1964.537,35.098685,-90.05664899999999,ChIJ31qwBkJ81YcRk2V5pdmdhrM,OK,113275,471570117001134
2353.529,35.095133,-90.05542799999999,ChIJATnUo0J81YcRpbAuNwXeqRw,OK,134819,471570117001134
2082.462,35.098685,-90.05664899999999,ChIJ31qwBkJ81YcRk2V5pdmdhrM,OK,168165,471570117001111
2082.462,35.098685,-90.05664899999999,ChIJ31qwBkJ81YcRk2V5pdmdhrM,OK,168165,471570117001111
2394.009,35.1251709,-90.0481695,ChIJybIJtCd81YcR9Otxws-5qCM,OK,186699,471570117001111
2194.257,35.098685,-90.05664899999999,ChIJ31qwBkJ81YcRk2V5pdmdhrM,OK,136941,471570117001126
2194.257,35.098685,-90.05664899999999,ChIJ31qwBkJ81YcRk2V5pdmdhrM,OK,136941,471570117001126
2583.249,35.095133,-90.05542799999999,ChIJATnUo0J81YcRpbAuNwXeqRw,OK,158485,471570117001126
2059.303,35.098685,-90.05664899999999,ChIJ31qwBkJ81YcRk2V5pdmdhrM,OK,128513,471570117001135
2059.303,35.098685,-90.05664899999999,ChIJ31qwBkJ81YcRk2V5pdmdhrM,OK,128513,471570117001135
2448.296,35.095133,-90.05542799999999,ChIJATnUo0J81YcRpbAuNwXeqRw,OK,150057,471570117001135
1228.342,35.0333519,-90.02557630000001,ChIJK8z8Ksxi1YcRt8pxxgP2SA4,OK,96951,471570225004006
1228.342,35.0333519,-90.02557630000001,ChIJK8z8Ksxi1YcRt8pxxgP2SA4,OK,96951,471570225004006
1339.198,35.164068,-89.8770782,ChIJpUMbExuDf4gRyW4QpPURe54,OK,94348,471570211113032
1228.436,35.033351,-90.02556199999999,ChIJY7ePKsxi1YcRIP55gZFchMw,OK,96956,471570225004006
1339.198,35.164068,-89.8770782,ChIJpUMbExuDf4gRyW4QpPURe54,OK,94348,471570211113032
1564.724,35.16339899999999,-89.855841,ChIJA_xfkC6Df4gRAjVZwLz1jqA,OK,96399,471570211113032
3007.929,35.1439641,-90.0517892,ChIJL-0zBZR-1YcRj7p5p1WY4-g,OK,219200,471570001003007
3007.929,35.1439641,-90.0517892,ChIJL-0zBZR-1YcRj7p5p1WY4-g,OK,219200,471570001003007
3216.846,35.1450994,-90.0538646,ChIJne6_s5V-1YcRn_LPaqiwhrk,OK,224654,471570001003007
998.084,35.0333519,-90.02557630000001,ChIJK8z8Ksxi1YcRt8pxxgP2SA4,OK,67349,471570220242011
998.084,35.0333519,-90.02557630000001,ChIJK8z8Ksxi1YcRt8pxxgP2SA4,OK,67349,471570220242011
998.178,35.033351,-90.02556199999999,ChIJY7ePKsxi1YcRIP55gZFchMw,OK,67354,471570220242011
1436.089,35.16339899999999,-89.855841,ChIJA_xfkC6Df4gRAjVZwLz1jqA,OK,108262,471570211211006
1436.089,35.16339899999999,-89.855841,ChIJA_xfkC6Df4gRAjVZwLz1jqA,OK,108262,471570211211006
1511.245,35.1623785,-89.8566175,ChIJXQHWWS6Df4gRqhH5EQ9H1j0,OK,117227,471570211211006
370.147,35.033351,-90.02556199999999,ChIJY7ePKsxi1YcRIP55gZFchMw,OK,46216,471570221111010
370.147,35.033351,-90.02556199999999,ChIJY7ePKsxi1YcRIP55gZFchMw,OK,46216,471570221111010
370.242,35.0333519,-90.02557630000001,ChIJK8z8Ksxi1YcRt8pxxgP2SA4,OK,46221,471570221111010
2006.387,35.16339899999999,-89.855841,ChIJA_xfkC6Df4gRAjVZwLz1jqA,OK,168352,471570211211010
2006.387,35.16339899999999,-89.855841,ChIJA_xfkC6Df4gRAjVZwLz1jqA,OK,168352,471570211211010
2081.543,35.1623785,-89.8566175,ChIJXQHWWS6Df4gRqhH5EQ9H1j0,OK,177317,471570211211010
1726.118,35.0333519,-90.02557630000001,ChIJK8z8Ksxi1YcRt8pxxgP2SA4,OK,116424,471570220241017
1726.118,35.0333519,-90.02557630000001,ChIJK8z8Ksxi1YcRt8pxxgP2SA4,OK,116424,471570220241017
1726.212,35.033351,-90.02556199999999,ChIJY7ePKsxi1YcRIP55gZFchMw,OK,116429,471570220241017
284.551,35.167095,-89.950496,ChIJecYfJgmBf4gRJh-YY67U6V8,OK,16698,471570111001041
284.551,35.167095,-89.950496,ChIJecYfJgmBf4gRJh-YY67U6V8,OK,16698,471570111001041
2746.582,35.14981359999999,-89.94918609999999,ChIJVdGBGRaBf4gRsi89Rzqn8W4,OK,162183,471570111001041
3958.25,35.1439641,-90.0517892,ChIJL-0zBZR-1YcRj7p5p1WY4-g,OK,296982,471570001003030
3958.25,35.1439641,-90.0517892,ChIJL-0zBZR-1YcRj7p5p1WY4-g,OK,296982,471570001003030
4167.166,35.1450994,-90.0538646,ChIJne6_s5V-1YcRn_LPaqiwhrk,OK,302436,471570001003030
400.532,35.0333519,-90.02557630000001,ChIJK8z8Ksxi1YcRt8pxxgP2SA4,OK,43636,471570221111003
400.532,35.0333519,-90.02557630000001,ChIJK8z8Ksxi1YcRt8pxxgP2SA4,OK,43636,471570221111003
400.626,35.033351,-90.02556199999999,ChIJY7ePKsxi1YcRIP55gZFchMw,OK,43641,471570221111003
421.024,35.03203000000001,-90.025994,ChIJr7k5Z85i1YcR_daVhG2vNFM,OK,50522,471570221113006
421.024,35.03203000000001,-90.025994,ChIJr7k5Z85i1YcR_daVhG2vNFM,OK,50522,471570221113006
702.003,35.033351,-90.02556199999999,ChIJY7ePKsxi1YcRIP55gZFchMw,OK,68070,471570221113006
3478.617,35.1439641,-90.0517892,ChIJL-0zBZR-1YcRj7p5p1WY4-g,OK,265800,471570001003050
3478.617,35.1439641,-90.0517892,ChIJL-0zBZR-1YcRj7p5p1WY4-g,OK,265800,471570001003050
3687.533,35.1450994,-90.0538646,ChIJne6_s5V-1YcRn_LPaqiwhrk,OK,271254,471570001003050
900.368,35.033351,-90.02556199999999,ChIJY7ePKsxi1YcRIP55gZFchMw,OK,79015,471570221113007
900.462,35.0333519,-90.02557630000001,ChIJK8z8Ksxi1YcRt8pxxgP2SA4,OK,79020,471570221113007
900.462,35.0333519,-90.02557630000001,ChIJK8z8Ksxi1YcRt8pxxgP2SA4,OK,79020,471570221113007
1699.414,35.16339899999999,-89.855841,ChIJA_xfkC6Df4gRAjVZwLz1jqA,OK,136260,471570211211018
1699.414,35.16339899999999,-89.855841,ChIJA_xfkC6Df4gRAjVZwLz1jqA,OK,136260,471570211211018
1774.57,35.1623785,-89.8566175,ChIJXQHWWS6Df4gRqhH5EQ9H1j0,OK,145225,471570211211018
3695.752,35.1439641,-90.0517892,ChIJL-0zBZR-1YcRj7p5p1WY4-g,OK,265485,471570001003041
3695.752,35.1439641,-90.0517892,ChIJL-0zBZR-1YcRj7p5p1WY4-g,OK,265485,471570001003041
3904.668,35.1450994,-90.0538646,ChIJne6_s5V-1YcRn_LPaqiwhrk,OK,270939,471570001003041
948.637,35.0225458,-90.0257415,ChIJnc94gMRi1YcRKYztFRuX2Yw,OK,81419,471570221113008
948.637,35.0225458,-90.0257415,ChIJnc94gMRi1YcRKYztFRuX2Yw,OK,81419,471570221113008
1147.068,35.0333519,-90.02557630000001,ChIJK8z8Ksxi1YcRt8pxxgP2SA4,OK,92408,471570221113008
3770.376,35.1439641,-90.0517892,ChIJL-0zBZR-1YcRj7p5p1WY4-g,OK,296883,471570001003021
912.837,35.0225458,-90.0257415,ChIJnc94gMRi1YcRKYztFRuX2Yw,OK,77694,471570221213001
3770.376,35.1439641,-90.0517892,ChIJL-0zBZR-1YcRj7p5p1WY4-g,OK,296883,471570001003021
3979.293,35.1450994,-90.0538646,ChIJne6_s5V-1YcRn_LPaqiwhrk,OK,302337,471570001003021
912.837,35.0225458,-90.0257415,ChIJnc94gMRi1YcRKYztFRuX2Yw,OK,77694,471570221213001
1269.365,35.021381,-90.020287,ChIJnVfwxMBi1YcR65EtGsZDcOY,OK,98180,471570221213001
846.811,35.021381,-90.020287,ChIJnVfwxMBi1YcR65EtGsZDcOY,OK,70065,471570221211002
846.811,35.021381,-90.020287,ChIJnVfwxMBi1YcR65EtGsZDcOY,OK,70065,471570221211002
847.15,35.021384,-90.019407,ChIJk8DCu8Bi1YcRUnUQCgCMr-E,OK,70090,471570221211002
1321.277,35.16339899999999,-89.855841,ChIJA_xfkC6Df4gRAjVZwLz1jqA,OK,81804,471570211211004
1321.277,35.16339899999999,-89.855841,ChIJA_xfkC6Df4gRAjVZwLz1jqA,OK,81804,471570211211004
1396.433,35.1623785,-89.8566175,ChIJXQHWWS6Df4gRqhH5EQ9H1j0,OK,90769,471570211211004
257.515,35.0225458,-90.0257415,ChIJnc94gMRi1YcRKYztFRuX2Yw,OK,14260,471570221112023
257.515,35.0225458,-90.0257415,ChIJnc94gMRi1YcRKYztFRuX2Yw,OK,14260,471570221112023
453.027,35.021381,-90.020287,ChIJnVfwxMBi1YcR65EtGsZDcOY,OK,25831,471570221112023
1602.94,35.16339899999999,-89.855841,ChIJA_xfkC6Df4gRAjVZwLz1jqA,OK,103553,471570211113001
1602.94,35.16339899999999,-89.855841,ChIJA_xfkC6Df4gRAjVZwLz1jqA,OK,103553,471570211113001
2319.643,35.1157645,-90.022279,ChIJwZqBNMN91YcRRpdDvj5Pcr8,OK,137215,471570035003005
2192.534,35.13763670000001,-90.00757159999999,ChIJl69WLQV-1YcRU3z7Tt2MyhY,OK,158634,471570035003005
2192.534,35.13763670000001,-90.00757159999999,ChIJl69WLQV-1YcRU3z7Tt2MyhY,OK,158634,471570035003005
6029.195,35.14868459999999,-89.7948203,ChIJ4w9Lr2qcf4gRHdzl9FciAFM,OK,378286,471570211391003
6029.195,35.14868459999999,-89.7948203,ChIJ4w9Lr2qcf4gRHdzl9FciAFM,OK,378286,471570211391003
6795.357,35.1546312,-89.79260459999999,ChIJ8UeuSEecf4gRniit7ubZLtM,OK,398985,471570211391003
2454.556,35.1157645,-90.022279,ChIJwZqBNMN91YcRRpdDvj5Pcr8,OK,146461,471570035003017
2402.948,35.13763670000001,-90.00757159999999,ChIJl69WLQV-1YcRU3z7Tt2MyhY,OK,174909,471570035003017
2402.948,35.13763670000001,-90.00757159999999,ChIJl69WLQV-1YcRU3z7Tt2MyhY,OK,174909,471570035003017
2267.493,35.13763670000001,-90.00757159999999,ChIJl69WLQV-1YcRU3z7Tt2MyhY,OK,166110,471570035003004
2267.493,35.13763670000001,-90.00757159999999,ChIJl69WLQV-1YcRU3z7Tt2MyhY,OK,166110,471570035003004
2478.244,35.139426,-90.00714049999999,ChIJC-6kIBt-1YcRA1cskDtjsVc,OK,184232,471570035003004
1705.681,35.13763670000001,-90.00757159999999,ChIJl69WLQV-1YcRU3z7Tt2MyhY,OK,124910,471570035001010
1705.681,35.13763670000001,-90.00757159999999,ChIJl69WLQV-1YcRU3z7Tt2MyhY,OK,124910,471570035001010
2124.275,35.13774119999999,-89.99713,ChIJtwtohKiAf4gRFxkNLUf9PgA,OK,132601,471570035001010
978.951,35.12545849999999,-89.97454169999999,ChIJoyT3HjOHf4gRS6EdHckmff8,OK,58585,471570031001021
978.951,35.12545849999999,-89.97454169999999,ChIJoyT3HjOHf4gRS6EdHckmff8,OK,58585,471570031001021
1206.2,35.13418100000001,-89.98599,ChIJnf1_yraAf4gR9pQmD7CXhgg,OK,67373,471570031001021
2144.781,35.1157645,-90.022279,ChIJwZqBNMN91YcRRpdDvj5Pcr8,OK,119711,471570035003011
2144.781,35.1157645,-90.022279,ChIJwZqBNMN91YcRRpdDvj5Pcr8,OK,119711,471570035003011
2370.662,35.13763670000001,-90.00757159999999,ChIJl69WLQV-1YcRU3z7Tt2MyhY,OK,149149,471570035003011
1878.167,35.13763670000001,-90.00757159999999,ChIJl69WLQV-1YcRU3z7Tt2MyhY,OK,135258,471570035001008
1878.167,35.13763670000001,-90.00757159999999,ChIJl69WLQV-1YcRU3z7Tt2MyhY,OK,135258,471570035001008
2088.918,35.139426,-90.00714049999999,ChIJC-6kIBt-1YcRA1cskDtjsVc,OK,153380,471570035001008
2738.029,35.1251709,-90.0481695,ChIJybIJtCd81YcR9Otxws-5qCM,OK,188413,471570043001001
2738.029,35.1251709,-90.0481695,ChIJybIJtCd81YcR9Otxws-5qCM,OK,188413,471570043001001
2739.843,35.125222,-90.048147,ChIJ9cKdtid81YcRKs9h6RjzQzw,OK,188514,471570043001001
1844.206,35.1251709,-90.0481695,ChIJybIJtCd81YcR9Otxws-5qCM,OK,100737,471570043001010
1844.206,35.1251709,-90.0481695,ChIJybIJtCd81YcR9Otxws-5qCM,OK,100737,471570043001010
1846.02,35.125222,-90.048147,ChIJ9cKdtid81YcRKs9h6RjzQzw,OK,100838,471570043001010
1660.926,35.13763670000001,-90.00757159999999,ChIJl69WLQV-1YcRU3z7Tt2MyhY,OK,133762,471570035001005
1660.926,35.13763670000001,-90.00757159999999,ChIJl69WLQV-1YcRU3z7Tt2MyhY,OK,133762,471570035001005
2170.707,35.13774119999999,-89.99713,ChIJtwtohKiAf4gRFxkNLUf9PgA,OK,148017,471570035001005
1418.492,35.13763670000001,-90.00757159999999,ChIJl69WLQV-1YcRU3z7Tt2MyhY,OK,106642,471570033002011
1418.492,35.13763670000001,-90.00757159999999,ChIJl69WLQV-1YcRU3z7Tt2MyhY,OK,106642,471570033002011
1629.243,35.139426,-90.00714049999999,ChIJC-6kIBt-1YcRA1cskDtjsVc,OK,124764,471570033002011
1629.275,35.13763670000001,-90.00757159999999,ChIJl69WLQV-1YcRU3z7Tt2MyhY,OK,120327,471570035001011
1629.275,35.13763670000001,-90.00757159999999,ChIJl69WLQV-1YcRU3z7Tt2MyhY,OK,120327,471570035001011
2047.87,35.13774119999999,-89.99713,ChIJtwtohKiAf4gRFxkNLUf9PgA,OK,128018,471570035001011
1441.087,35.13763670000001,-90.00757159999999,ChIJl69WLQV-1YcRU3z7Tt2MyhY,OK,113285,471570033002010
1441.087,35.13763670000001,-90.00757159999999,ChIJl69WLQV-1YcRU3z7Tt2MyhY,OK,113285,471570033002010
1651.838,35.139426,-90.00714049999999,ChIJC-6kIBt-1YcRA1cskDtjsVc,OK,131407,471570033002010
153.148,35.2337782,-89.9252472,ChIJra3pLkt_f4gRjZbqnHrruIM,OK,18376,471570205321005
153.148,35.2337782,-89.9252472,ChIJra3pLkt_f4gRjZbqnHrruIM,OK,18376,471570205321005
3898.027,35.2158947,-89.9151158,ChIJxetq6ad4f4gRD1K1cIBWUQ4,OK,266726,471570205321005
4592.599,35.1738374,-89.98954379999999,ChIJ_S0BIGOAf4gRU3Ph4W65cOQ,OK,331216,471570003001011
5135.852,35.1490317,-90.0140679,ChIJw3q9_xV-1YcRqrte6yBn1CI,OK,345613,471570003001011
5135.852,35.1490317,-90.0140679,ChIJw3q9_xV-1YcRqrte6yBn1CI,OK,345613,471570003001011
5385.274,35.0854368,-89.89541919999999,ChIJf5cc-VKEf4gRF-lYLgijYQQ,OK,281485,471570213202003
4565.809,35.1153996,-89.89414069999999,ChIJCb4NOWWEf4gR79YlPQoocW4,OK,283139,471570213202003
4565.809,35.1153996,-89.89414069999999,ChIJCb4NOWWEf4gR79YlPQoocW4,OK,283139,471570213202003
2757.309,35.220637,-89.892425,ChIJiZ78r4Z4f4gRyy0DWRWI7n0,OK,153746,471570205313021
2757.309,35.220637,-89.892425,ChIJiZ78r4Z4f4gRyy0DWRWI7n0,OK,153746,471570205313021
2716.401,35.223866,-89.90499,ChIJJRXCRJh4f4gRcTFbl9qZzNM,OK,191873,471570205313021
3539.62,35.2337782,-89.9252472,ChIJra3pLkt_f4gRjZbqnHrruIM,OK,215311,471570205211013
3539.62,35.2337782,-89.9252472,ChIJra3pLkt_f4gRjZbqnHrruIM,OK,215311,471570205211013
5051.743,35.222344,-89.97682999999999,ChIJ987Br45_f4gRjwrvnFN8t7k,OK,303096,471570205211013
3659.714,35.2337782,-89.9252472,ChIJra3pLkt_f4gRjZbqnHrruIM,OK,223514,471570205211014
3659.714,35.2337782,-89.9252472,ChIJra3pLkt_f4gRjZbqnHrruIM,OK,223514,471570205211014
7306.526,35.2158947,-89.9151158,ChIJxetq6ad4f4gRD1K1cIBWUQ4,OK,460095,471570205211014
3757.216,35.2337782,-89.9252472,ChIJra3pLkt_f4gRjZbqnHrruIM,OK,229477,471570205211016
3757.216,35.2337782,-89.9252472,ChIJra3pLkt_f4gRjZbqnHrruIM,OK,229477,471570205211016
7404.028,35.2158947,-89.9151158,ChIJxetq6ad4f4gRD1K1cIBWUQ4,OK,466058,471570205211016
3560.193,35.2337782,-89.9252472,ChIJra3pLkt_f4gRjZbqnHrruIM,OK,216547,471570205211012
3560.193,35.2337782,-89.9252472,ChIJra3pLkt_f4gRjZbqnHrruIM,OK,216547,471570205211012
7207.005,35.2158947,-89.9151158,ChIJxetq6ad4f4gRD1K1cIBWUQ4,OK,453128,471570205211012
3821.869,35.2337782,-89.9252472,ChIJra3pLkt_f4gRjZbqnHrruIM,OK,232245,471570205211009
3821.869,35.2337782,-89.9252472,ChIJra3pLkt_f4gRjZbqnHrruIM,OK,232245,471570205211009
5734.859,35.2227028,-89.97692290000001,ChIJ987Br45_f4gRMoYIhCny13Q,OK,356162,471570205211009
3842.853,35.2337782,-89.9252472,ChIJra3pLkt_f4gRjZbqnHrruIM,OK,233506,471570205211008
3842.853,35.2337782,-89.9252472,ChIJra3pLkt_f4gRjZbqnHrruIM,OK,233506,471570205211008
7489.665,35.2158947,-89.9151158,ChIJxetq6ad4f4gRD1K1cIBWUQ4,OK,470087,471570205211008
2994.837,35.220637,-89.892425,ChIJiZ78r4Z4f4gRyy0DWRWI7n0,OK,161864,471570205313042
2994.837,35.220637,-89.892425,ChIJiZ78r4Z4f4gRyy0DWRWI7n0,OK,161864,471570205313042
2979.55,35.223866,-89.90499,ChIJJRXCRJh4f4gRcTFbl9qZzNM,OK,200788,471570205313042
10395.925,35.22619459999999,-90.0020167,ChIJvTh1mwiA1YcRLLqD5Uxq8Nc,OK,550296,471570103001001
10395.925,35.22619459999999,-90.0020167,ChIJvTh1mwiA1YcRLLqD5Uxq8Nc,OK,550296,471570103001001
11206.319,35.218332,-90.00299799999999,ChIJfRCGEgGA1YcRsZsWP_dycDI,OK,597763,471570103001001
4002.777,35.2337782,-89.9252472,ChIJra3pLkt_f4gRjZbqnHrruIM,OK,281833,471570205212003
5013.979,35.222344,-89.97682999999999,ChIJ987Br45_f4gRjwrvnFN8t7k,OK,342967,471570205212003
5013.979,35.222344,-89.97682999999999,ChIJ987Br45_f4gRjwrvnFN8t7k,OK,342967,471570205212003
3915.06,35.2337782,-89.9252472,ChIJra3pLkt_f4gRjZbqnHrruIM,OK,271308,471570205212006
4926.262,35.222344,-89.97682999999999,ChIJ987Br45_f4gRjwrvnFN8t7k,OK,332442,471570205212006
4926.262,35.222344,-89.97682999999999,ChIJ987Br45_f4gRjwrvnFN8t7k,OK,332442,471570205212006
1209.009,35.17410499999999,-89.97575479999999,ChIJmfYTGFmAf4gRHGKCaD0qCtI,OK,76240,471570111001016
1209.009,35.17410499999999,-89.97575479999999,ChIJmfYTGFmAf4gRHGKCaD0qCtI,OK,76240,471570111001016
3099.226,35.167095,-89.950496,ChIJecYfJgmBf4gRJh-YY67U6V8,OK,183313,471570111001016
1416.588,35.17410499999999,-89.97575479999999,ChIJmfYTGFmAf4gRHGKCaD0qCtI,OK,84990,471570111001022
1416.588,35.17410499999999,-89.97575479999999,ChIJmfYTGFmAf4gRHGKCaD0qCtI,OK,84990,471570111001022
2805.12,35.167095,-89.950496,ChIJecYfJgmBf4gRJh-YY67U6V8,OK,179689,471570111001022
1652.837,35.17410499999999,-89.97575479999999,ChIJmfYTGFmAf4gRHGKCaD0qCtI,OK,105851,471570111001013
1652.837,35.17410499999999,-89.97575479999999,ChIJmfYTGFmAf4gRHGKCaD0qCtI,OK,105851,471570111001013
3337.798,35.167095,-89.950496,ChIJecYfJgmBf4gRJh-YY67U6V8,OK,200610,471570111001013
3467.472,35.1439641,-90.0517892,ChIJL-0zBZR-1YcRj7p5p1WY4-g,OK,260626,471570001003056
3467.472,35.1439641,-90.0517892,ChIJL-0zBZR-1YcRj7p5p1WY4-g,OK,260626,471570001003056
3676.388,35.1450994,-90.0538646,ChIJne6_s5V-1YcRn_LPaqiwhrk,OK,266080,471570001003056
1695.885,35.17410499999999,-89.97575479999999,ChIJmfYTGFmAf4gRHGKCaD0qCtI,OK,121503,471570111001012
1695.885,35.17410499999999,-89.97575479999999,ChIJmfYTGFmAf4gRHGKCaD0qCtI,OK,121503,471570111001012
3380.846,35.167095,-89.950496,ChIJecYfJgmBf4gRJh-YY67U6V8,OK,216262,471570111001012
1542.199,35.17410499999999,-89.97575479999999,ChIJmfYTGFmAf4gRHGKCaD0qCtI,OK,103061,471570111001014
1542.199,35.17410499999999,-89.97575479999999,ChIJmfYTGFmAf4gRHGKCaD0qCtI,OK,103061,471570111001014
3227.16,35.167095,-89.950496,ChIJecYfJgmBf4gRJh-YY67U6V8,OK,197820,471570111001014
1813.633,35.17410499999999,-89.97575479999999,ChIJmfYTGFmAf4gRHGKCaD0qCtI,OK,126646,471570111002017
1813.633,35.17410499999999,-89.97575479999999,ChIJmfYTGFmAf4gRHGKCaD0qCtI,OK,126646,471570111002017
3002.569,35.167095,-89.950496,ChIJecYfJgmBf4gRJh-YY67U6V8,OK,209371,471570111002017
1306.684,35.107529,-89.9862127,ChIJ0WGfSUKHf4gRjDLrfGQwCV4,OK,89334,471570067002008
1306.684,35.107529,-89.9862127,ChIJ0WGfSUKHf4gRjDLrfGQwCV4,OK,89334,471570067002008
1620.68,35.109859,-89.99141100000001,ChIJs6JbpFyHf4gR9O01gG0a7fQ,OK,99384,471570067002008
854.714,35.12545849999999,-89.97454169999999,ChIJoyT3HjOHf4gRS6EdHckmff8,OK,56501,471570067001012
854.714,35.12545849999999,-89.97454169999999,ChIJoyT3HjOHf4gRS6EdHckmff8,OK,56501,471570067001012
3121.398,35.107529,-89.9862127,ChIJ0WGfSUKHf4gRjDLrfGQwCV4,OK,187626,471570067001012
1075.624,35.12545849999999,-89.97454169999999,ChIJoyT3HjOHf4gRS6EdHckmff8,OK,69505,471570067001010
1075.624,35.12545849999999,-89.97454169999999,ChIJoyT3HjOHf4gRS6EdHckmff8,OK,69505,471570067001010
2892.16,35.107529,-89.9862127,ChIJ0WGfSUKHf4gRjDLrfGQwCV4,OK,173624,471570067001010
1285.538,35.12545849999999,-89.97454169999999,ChIJoyT3HjOHf4gRS6EdHckmff8,OK,87640,471570067001009
1285.538,35.12545849999999,-89.97454169999999,ChIJoyT3HjOHf4gRS6EdHckmff8,OK,87640,471570067001009
2168.367,35.107529,-89.9862127,ChIJ0WGfSUKHf4gRjDLrfGQwCV4,OK,160893,471570067001009
1037.682,35.12545849999999,-89.97454169999999,ChIJoyT3HjOHf4gRS6EdHckmff8,OK,70471,471570071002013
1037.682,35.12545849999999,-89.97454169999999,ChIJoyT3HjOHf4gRS6EdHckmff8,OK,70471,471570071002013
2365.407,35.107529,-89.9862127,ChIJ0WGfSUKHf4gRjDLrfGQwCV4,OK,168297,471570071002013
3101.253,35.2337782,-89.9252472,ChIJra3pLkt_f4gRjZbqnHrruIM,OK,221206,471570205313036
3101.253,35.2337782,-89.9252472,ChIJra3pLkt_f4gRjZbqnHrruIM,OK,221206,471570205313036
4299.315,35.223866,-89.90499,ChIJJRXCRJh4f4gRcTFbl9qZzNM,OK,319039,471570205313036
2883.639,35.0477573,-89.86637909999999,ChIJ5_0L5VyFf4gR4HBEwl6nmRE,OK,189825,471570217413012
2883.639,35.0477573,-89.86637909999999,ChIJ5_0L5VyFf4gR4HBEwl6nmRE,OK,189825,471570217413012
3454.477,35.050596,-89.869556,ChIJQ4vLA2iFf4gRyyCo3ihKH44,OK,228554,471570217413012
2958.219,35.0477573,-89.86637909999999,ChIJ5_0L5VyFf4gR4HBEwl6nmRE,OK,187252,471570217414014
2958.219,35.0477573,-89.86637909999999,ChIJ5_0L5VyFf4gR4HBEwl6nmRE,OK,187252,471570217414014
3529.057,35.050596,-89.869556,ChIJQ4vLA2iFf4gRyyCo3ihKH44,OK,225981,471570217414014
2857.369,35.0477573,-89.86637909999999,ChIJ5_0L5VyFf4gR4HBEwl6nmRE,OK,175151,471570217414012
2857.369,35.0477573,-89.86637909999999,ChIJ5_0L5VyFf4gR4HBEwl6nmRE,OK,175151,471570217414012
3428.207,35.050596,-89.869556,ChIJQ4vLA2iFf4gRyyCo3ihKH44,OK,213880,471570217414012
3572.434,35.0477573,-89.86637909999999,ChIJ5_0L5VyFf4gR4HBEwl6nmRE,OK,278197,471570217412013
3572.434,35.0477573,-89.86637909999999,ChIJ5_0L5VyFf4gR4HBEwl6nmRE,OK,278197,471570217412013
3189.93,35.0493493,-89.855357,ChIJH2Nw4lGFf4gRq0vxk4n5iAE,OK,299831,471570217412013
814.495,35.0477573,-89.86637909999999,ChIJ5_0L5VyFf4gR4HBEwl6nmRE,OK,45098,471570217212003
873.717,35.050596,-89.869556,ChIJQ4vLA2iFf4gRyyCo3ihKH44,OK,55500,471570217212003
873.717,35.050596,-89.869556,ChIJQ4vLA2iFf4gRyyCo3ihKH44,OK,55500,471570217212003
2211.664,35.0477573,-89.86637909999999,ChIJ5_0L5VyFf4gR4HBEwl6nmRE,OK,151849,471570217414000
2211.664,35.0477573,-89.86637909999999,ChIJ5_0L5VyFf4gR4HBEwl6nmRE,OK,151849,471570217414000
2782.501,35.050596,-89.869556,ChIJQ4vLA2iFf4gRyyCo3ihKH44,OK,190578,471570217414000
2330.807,35.0477573,-89.86637909999999,ChIJ5_0L5VyFf4gR4HBEwl6nmRE,OK,157414,471570217414006
2330.807,35.0477573,-89.86637909999999,ChIJ5_0L5VyFf4gR4HBEwl6nmRE,OK,157414,471570217414006
2901.644,35.050596,-89.869556,ChIJQ4vLA2iFf4gRyyCo3ihKH44,OK,196143,471570217414006
2719.556,35.14868459999999,-89.7948203,ChIJ4w9Lr2qcf4gRHdzl9FciAFM,OK,209792,471570211371005
2719.556,35.14868459999999,-89.7948203,ChIJ4w9Lr2qcf4gRHdzl9FciAFM,OK,209792,471570211371005
3141.802,35.1546312,-89.79260459999999,ChIJ8UeuSEecf4gRniit7ubZLtM,OK,226258,471570211371005
3045.657,35.14868459999999,-89.7948203,ChIJ4w9Lr2qcf4gRHdzl9FciAFM,OK,248924,471570211371010
3045.657,35.14868459999999,-89.7948203,ChIJ4w9Lr2qcf4gRHdzl9FciAFM,OK,248924,471570211371010
3467.903,35.1546312,-89.79260459999999,ChIJ8UeuSEecf4gRniit7ubZLtM,OK,265390,471570211371010
2380.202,35.1546312,-89.79260459999999,ChIJ8UeuSEecf4gRniit7ubZLtM,OK,174528,471570211374021
2380.202,35.1546312,-89.79260459999999,ChIJ8UeuSEecf4gRniit7ubZLtM,OK,174528,471570211374021
2163.263,35.14868459999999,-89.7948203,ChIJ4w9Lr2qcf4gRHdzl9FciAFM,OK,181579,471570211374021
802.438,35.1251709,-90.0481695,ChIJybIJtCd81YcR9Otxws-5qCM,OK,44438,471570117001000
802.438,35.1251709,-90.0481695,ChIJybIJtCd81YcR9Otxws-5qCM,OK,44438,471570117001000
804.252,35.125222,-90.048147,ChIJ9cKdtid81YcRKs9h6RjzQzw,OK,44539,471570117001000
3391.876,35.2023757,-89.9218691,ChIJvw7rwByCf4gRrAscHKjp1Iw,OK,208752,471570205121001
3391.876,35.2023757,-89.9218691,ChIJvw7rwByCf4gRrAscHKjp1Iw,OK,208752,471570205121001
3923.686,35.210167,-89.919383,ChIJi0gqlgaCf4gRjUvfmHxGMyw,OK,212979,471570205121001
571.434,35.0515568,-89.90630259999999,ChIJrU8jyZKFf4gRubg1AIyELWY,OK,39689,471570108104010
571.434,35.0515568,-89.90630259999999,ChIJrU8jyZKFf4gRubg1AIyELWY,OK,39689,471570108104010
1482.007,35.062945,-89.90568519999999,ChIJjxj9mL-Ff4gRoOEx9OzDyxs,OK,83566,471570108104010
1262.108,34.993343,-90.00823899999999,ChIJk-nxFn1i1YcRBckohHLWoho,OK,116630,471570221302011
1262.108,34.993343,-90.00823899999999,ChIJk-nxFn1i1YcRBckohHLWoho,OK,116630,471570221302011
1646.883,35.0068452,-90.00681259999999,ChIJz3G0Jpti1YcRMCYWHOflqrA,OK,139716,471570221302011
1776.122,35.16339899999999,-89.855841,ChIJA_xfkC6Df4gRAjVZwLz1jqA,OK,146507,471570211224008
1776.122,35.16339899999999,-89.855841,ChIJA_xfkC6Df4gRAjVZwLz1jqA,OK,146507,471570211224008
1851.277,35.1623785,-89.8566175,ChIJXQHWWS6Df4gRqhH5EQ9H1j0,OK,155472,471570211224008
1057.875,35.0068452,-90.00681259999999,ChIJz3G0Jpti1YcRMCYWHOflqrA,OK,83113,471570221302003
1057.875,35.0068452,-90.00681259999999,ChIJz3G0Jpti1YcRMCYWHOflqrA,OK,83113,471570221302003
1142.286,34.993343,-90.00823899999999,ChIJk-nxFn1i1YcRBckohHLWoho,OK,88177,471570221302003
1253.841,35.0515568,-89.90630259999999,ChIJrU8jyZKFf4gRubg1AIyELWY,OK,79957,471570226001063
1253.841,35.0515568,-89.90630259999999,ChIJrU8jyZKFf4gRubg1AIyELWY,OK,79957,471570226001063
1760.581,35.05018,-89.89110199999999,ChIJNUozxJyFf4gRrJ8tUHk1p2Q,OK,105119,471570226001063
789.431,34.993343,-90.00823899999999,ChIJk-nxFn1i1YcRBckohHLWoho,OK,59910,471570221302014
789.431,34.993343,-90.00823899999999,ChIJk-nxFn1i1YcRBckohHLWoho,OK,59910,471570221302014
932.605,35.0068452,-90.00681259999999,ChIJz3G0Jpti1YcRMCYWHOflqrA,OK,68081,471570221302014
3774.424,35.1439641,-90.0517892,ChIJL-0zBZR-1YcRj7p5p1WY4-g,OK,315463,471570042001020
3983.341,35.1450994,-90.0538646,ChIJne6_s5V-1YcRn_LPaqiwhrk,OK,320917,471570042001020
3983.341,35.1450994,-90.0538646,ChIJne6_s5V-1YcRn_LPaqiwhrk,OK,320917,471570042001020
1018.785,34.993343,-90.00823899999999,ChIJk-nxFn1i1YcRBckohHLWoho,OK,87432,471570221302013
1018.785,34.993343,-90.00823899999999,ChIJk-nxFn1i1YcRBckohHLWoho,OK,87432,471570221302013
1403.561,35.0068452,-90.00681259999999,ChIJz3G0Jpti1YcRMCYWHOflqrA,OK,110518,471570221302013
933.936,34.993343,-90.00823899999999,ChIJk-nxFn1i1YcRBckohHLWoho,OK,77251,471570221302002
933.936,34.993343,-90.00823899999999,ChIJk-nxFn1i1YcRBckohHLWoho,OK,77251,471570221302002
1110.288,35.0068452,-90.00681259999999,ChIJz3G0Jpti1YcRMCYWHOflqrA,OK,89403,471570221302002
690.326,35.1450994,-90.0538646,ChIJne6_s5V-1YcRn_LPaqiwhrk,OK,44049,471570042001014
690.326,35.1450994,-90.0538646,ChIJne6_s5V-1YcRn_LPaqiwhrk,OK,44049,471570042001014
909.864,35.1435177,-90.0539328,ChIJ8VFg1pV-1YcRR9G8p0pZx6U,OK,52804,471570042001014
478.849,35.0515568,-89.90630259999999,ChIJrU8jyZKFf4gRubg1AIyELWY,OK,34589,471570226001007
478.849,35.0515568,-89.90630259999999,ChIJrU8jyZKFf4gRubg1AIyELWY,OK,34589,471570226001007
1570.73,35.0515544,-89.92255089999999,ChIJG_UFGuOFf4gRyHNDzwp5is0,OK,88171,471570226001007
1280.748,35.0068452,-90.00681259999999,ChIJz3G0Jpti1YcRMCYWHOflqrA,OK,114207,471570221301014
1280.748,35.0068452,-90.00681259999999,ChIJz3G0Jpti1YcRMCYWHOflqrA,OK,114207,471570221301014
2131.611,34.9907298,-89.99350899999999,ChIJaR6gqdOJf4gRbmqB7wctwt0,OK,206133,471570221301014
2865.903,35.1546312,-89.79260459999999,ChIJ8UeuSEecf4gRniit7ubZLtM,OK,242129,471570211261050
2865.903,35.1546312,-89.79260459999999,ChIJ8UeuSEecf4gRniit7ubZLtM,OK,242129,471570211261050
3245.791,35.14868459999999,-89.7948203,ChIJ4w9Lr2qcf4gRHdzl9FciAFM,OK,261629,471570211261050
582.664,35.0068452,-90.00681259999999,ChIJz3G0Jpti1YcRMCYWHOflqrA,OK,34958,471570221301007
582.664,35.0068452,-90.00681259999999,ChIJz3G0Jpti1YcRMCYWHOflqrA,OK,34958,471570221301007
2128.057,34.993343,-90.00823899999999,ChIJk-nxFn1i1YcRBckohHLWoho,OK,127679,471570221301007
1231.808,35.062945,-89.90568519999999,ChIJjxj9mL-Ff4gRoOEx9OzDyxs,OK,98173,471570108104002
1231.808,35.062945,-89.90568519999999,ChIJjxj9mL-Ff4gRoOEx9OzDyxs,OK,98173,471570108104002
1194.224,35.063996,-89.90690699999999,ChIJn51vcb-Ff4gRvoXU4r8swrw,OK,108013,471570108104002
2055.614,35.1546312,-89.79260459999999,ChIJ8UeuSEecf4gRniit7ubZLtM,OK,113850,471570211261026
2055.614,35.1546312,-89.79260459999999,ChIJ8UeuSEecf4gRniit7ubZLtM,OK,113850,471570211261026
2435.502,35.14868459999999,-89.7948203,ChIJ4w9Lr2qcf4gRHdzl9FciAFM,OK,133350,471570211261026
492.53,35.2051043,-89.79754849999999,ChIJpRDMlY2df4gRQqHmUo_lzmc,OK,45936,471570211132021
492.53,35.2051043,-89.79754849999999,ChIJpRDMlY2df4gRQqHmUo_lzmc,OK,45936,471570211132021
784.527,35.2071893,-89.79833029999999,ChIJQ0zWJIydf4gRstwjg5hObuM,OK,106449,471570211132021
1185.563,35.02100869999999,-89.8995317,ChIJ-f6gz22Pf4gR-rWEeLgd-68,OK,54742,471570226001139
1185.563,35.02100869999999,-89.8995317,ChIJ-f6gz22Pf4gR-rWEeLgd-68,OK,54742,471570226001139
1196.835,35.0209193,-89.8996561,ChIJxWQfy22Pf4gRlC1jxVU1A2g,OK,55367,471570226001139
3510.656,35.1546312,-89.79260459999999,ChIJ8UeuSEecf4gRniit7ubZLtM,OK,211452,471570211261015
3510.656,35.1546312,-89.79260459999999,ChIJ8UeuSEecf4gRniit7ubZLtM,OK,211452,471570211261015
3890.544,35.14868459999999,-89.7948203,ChIJ4w9Lr2qcf4gRHdzl9FciAFM,OK,230952,471570211261015
1332.643,34.9907298,-89.99350899999999,ChIJaR6gqdOJf4gRbmqB7wctwt0,OK,110261,471570221301008
1332.643,34.9907298,-89.99350899999999,ChIJaR6gqdOJf4gRbmqB7wctwt0,OK,110261,471570221301008
1798.568,35.0068452,-90.00681259999999,ChIJz3G0Jpti1YcRMCYWHOflqrA,OK,176343,471570221301008
1481.77,35.0515568,-89.90630259999999,ChIJrU8jyZKFf4gRubg1AIyELWY,OK,104832,471570226001061
1481.77,35.0515568,-89.90630259999999,ChIJrU8jyZKFf4gRubg1AIyELWY,OK,104832,471570226001061
2573.651,35.0515544,-89.92255089999999,ChIJG_UFGuOFf4gRyHNDzwp5is0,OK,158414,471570226001061
802.475,35.142439,-90.006118,ChIJeUPo2Rt-1YcRdoG2a54M-d0,OK,62442,471570036001001
802.475,35.142439,-90.006118,ChIJeUPo2Rt-1YcRdoG2a54M-d0,OK,62442,471570036001001
595.052,35.139426,-90.00714049999999,ChIJC-6kIBt-1YcRA1cskDtjsVc,OK,71402,471570036001001
1208.333,35.2023757,-89.9218691,ChIJvw7rwByCf4gRrAscHKjp1Iw,OK,100451,471570205121010
1208.333,35.2023757,-89.9218691,ChIJvw7rwByCf4gRrAscHKjp1Iw,OK,100451,471570205121010
1878.375,35.210167,-89.919383,ChIJi0gqlgaCf4gRjUvfmHxGMyw,OK,141476,471570205121010
2501.789,35.2023757,-89.9218691,ChIJvw7rwByCf4gRrAscHKjp1Iw,OK,217434,471570205122008
2501.789,35.2023757,-89.9218691,ChIJvw7rwByCf4gRrAscHKjp1Iw,OK,217434,471570205122008
3171.832,35.210167,-89.919383,ChIJi0gqlgaCf4gRjUvfmHxGMyw,OK,258459,471570205122008
222.737,35.093158,-89.93038,ChIJU1HLuoSGf4gRK5KIVLXtvbU,OK,19853,471570080004009
222.737,35.093158,-89.93038,ChIJU1HLuoSGf4gRK5KIVLXtvbU,OK,19853,471570080004009
539.916,35.0960067,-89.93138279999999,ChIJFfDYDZuGf4gR5IbqhV7MTAo,OK,39735,471570080004009
1989.471,35.167095,-89.950496,ChIJecYfJgmBf4gRJh-YY67U6V8,OK,137817,471570089003026
1940.491,35.183951,-89.93106899999999,ChIJWQ0EIo-Bf4gR6cuqlCcQuNw,OK,166207,471570089003026
1940.491,35.183951,-89.93106899999999,ChIJWQ0EIo-Bf4gR6cuqlCcQuNw,OK,166207,471570089003026
3021.204,35.2023757,-89.9218691,ChIJvw7rwByCf4gRrAscHKjp1Iw,OK,210049,471570205124008
5136.684,35.183951,-89.93106899999999,ChIJWQ0EIo-Bf4gR6cuqlCcQuNw,OK,326534,471570205124008
5136.684,35.183951,-89.93106899999999,ChIJWQ0EIo-Bf4gR6cuqlCcQuNw,OK,326534,471570205124008
1805.367,35.2023757,-89.9218691,ChIJvw7rwByCf4gRrAscHKjp1Iw,OK,144033,471570205122006
1805.367,35.2023757,-89.9218691,ChIJvw7rwByCf4gRrAscHKjp1Iw,OK,144033,471570205122006
2475.409,35.210167,-89.919383,ChIJi0gqlgaCf4gRjUvfmHxGMyw,OK,185058,471570205122006
1473.812,35.210167,-89.919383,ChIJi0gqlgaCf4gRjUvfmHxGMyw,OK,118153,471570205413010
1473.812,35.210167,-89.919383,ChIJi0gqlgaCf4gRjUvfmHxGMyw,OK,118153,471570205413010
1822.523,35.2158947,-89.9151158,ChIJxetq6ad4f4gRD1K1cIBWUQ4,OK,132692,471570205413010
1881.565,35.0971,-89.9305344,ChIJRd53mZuGf4gRp0fETcD5Y3I,OK,142655,471570118004015
1881.565,35.0971,-89.9305344,ChIJRd53mZuGf4gRp0fETcD5Y3I,OK,142655,471570118004015
2075.497,35.0960067,-89.93138279999999,ChIJFfDYDZuGf4gR5IbqhV7MTAo,OK,156624,471570118004015
1804.705,35.0971,-89.9305344,ChIJRd53mZuGf4gRp0fETcD5Y3I,OK,122112,471570118004013
1804.705,35.0971,-89.9305344,ChIJRd53mZuGf4gRp0fETcD5Y3I,OK,122112,471570118004013
1998.636,35.0960067,-89.93138279999999,ChIJFfDYDZuGf4gR5IbqhV7MTAo,OK,136081,471570118004013
1379.687,35.0971,-89.9305344,ChIJRd53mZuGf4gRp0fETcD5Y3I,OK,96091,471570118002009
1379.687,35.0971,-89.9305344,ChIJRd53mZuGf4gRp0fETcD5Y3I,OK,96091,471570118002009
1573.618,35.0960067,-89.93138279999999,ChIJFfDYDZuGf4gR5IbqhV7MTAo,OK,110060,471570118002009
747.353,35.1145886,-89.90089789999999,ChIJKWmlFW6Ef4gR0YNISWQMkss,OK,47185,471570085001031
747.353,35.1145886,-89.90089789999999,ChIJKWmlFW6Ef4gR0YNISWQMkss,OK,47185,471570085001031
1565.121,35.1153996,-89.89414069999999,ChIJCb4NOWWEf4gR79YlPQoocW4,OK,103418,471570085001031
481.291,35.1145886,-89.90089789999999,ChIJKWmlFW6Ef4gR0YNISWQMkss,OK,50392,471570093001000
481.291,35.1145886,-89.90089789999999,ChIJKWmlFW6Ef4gR0YNISWQMkss,OK,50392,471570093001000
1299.059,35.1153996,-89.89414069999999,ChIJCb4NOWWEf4gR79YlPQoocW4,OK,106625,471570093001000
2589.913,35.054745,-90.007971,ChIJXxyyQlt91YcRhldtWgjSnSE,OK,169608,471570225001056
2589.913,35.054745,-90.007971,ChIJXxyyQlt91YcRhldtWgjSnSE,OK,169608,471570225001056
3021.761,35.05407199999999,-90.00125899999999,ChIJIzdhk1h91YcRZT7cBcBslaM,OK,185647,471570225001056
2118.718,35.0612606,-89.88628629999999,ChIJAQ_I1gqFf4gRFrt5yQeAEps,OK,143133,471570217101018
2118.718,35.0612606,-89.88628629999999,ChIJAQ_I1gqFf4gRFrt5yQeAEps,OK,143133,471570217101018
2002.118,35.0632829,-89.88727279999999,ChIJvVoQ4QqFf4gRItXZGUDZ-Hc,OK,158560,471570217101018
2718.081,35.054745,-90.007971,ChIJXxyyQlt91YcRhldtWgjSnSE,OK,195123,471570225001006
2718.081,35.054745,-90.007971,ChIJXxyyQlt91YcRhldtWgjSnSE,OK,195123,471570225001006
3149.929,35.05407199999999,-90.00125899999999,ChIJIzdhk1h91YcRZT7cBcBslaM,OK,211162,471570225001006
2516.635,35.0643218,-89.9923063,ChIJb3DQuo2Hf4gRC8UI6d4pa68,OK,188042,471570225001086
2516.635,35.0643218,-89.9923063,ChIJb3DQuo2Hf4gRC8UI6d4pa68,OK,188042,471570225001086
3156.806,35.054745,-90.007971,ChIJXxyyQlt91YcRhldtWgjSnSE,OK,237535,471570225001086
2624.524,35.0643218,-89.9923063,ChIJb3DQuo2Hf4gRC8UI6d4pa68,OK,195810,471570225001085
2624.524,35.0643218,-89.9923063,ChIJb3DQuo2Hf4gRC8UI6d4pa68,OK,195810,471570225001085
3264.696,35.054745,-90.007971,ChIJXxyyQlt91YcRhldtWgjSnSE,OK,245303,471570225001085
2128.971,35.0612606,-89.88628629999999,ChIJAQ_I1gqFf4gRFrt5yQeAEps,OK,150070,471570217101007
2128.971,35.0612606,-89.88628629999999,ChIJAQ_I1gqFf4gRFrt5yQeAEps,OK,150070,471570217101007
2012.371,35.0632829,-89.88727279999999,ChIJvVoQ4QqFf4gRItXZGUDZ-Hc,OK,165497,471570217101007
3352.152,35.054745,-90.007971,ChIJXxyyQlt91YcRhldtWgjSnSE,OK,193520,471570225001018
3352.152,35.054745,-90.007971,ChIJXxyyQlt91YcRhldtWgjSnSE,OK,193520,471570225001018
3782.344,35.05407199999999,-90.00125899999999,ChIJIzdhk1h91YcRZT7cBcBslaM,OK,213204,471570225001018
673.264,35.0745932,-89.9204618,ChIJPX58KNGFf4gRLgBWAHPwusk,OK,40394,471570106101032
673.264,35.0745932,-89.9204618,ChIJPX58KNGFf4gRLgBWAHPwusk,OK,40394,471570106101032
2269.953,35.062945,-89.90568519999999,ChIJjxj9mL-Ff4gRoOEx9OzDyxs,OK,131435,471570106101032
2197.46,35.0612606,-89.88628629999999,ChIJAQ_I1gqFf4gRFrt5yQeAEps,OK,158288,471570217101023
2197.46,35.0612606,-89.88628629999999,ChIJAQ_I1gqFf4gRFrt5yQeAEps,OK,158288,471570217101023
2080.86,35.0632829,-89.88727279999999,ChIJvVoQ4QqFf4gRItXZGUDZ-Hc,OK,173715,471570217101023
14075.163,34.999309,-90.118577,ChIJ9TRIjgZl1YcR3fm2jM14AHY,keyerror,1119586,471579803001011
14075.163,34.999309,-90.118577,ChIJ9TRIjgZl1YcR3fm2jM14AHY,keyerror,1119586,471579803001011
3078.081,35.0614623,-89.8536277,ChIJ4TWJkTWFf4gRbkNZYfkF9Jw,OK,205897,471570213331012
3162.853,35.0512763,-89.8427476,ChIJ7VPJ3q-af4gRdxERIyaZ0gk,OK,212085,471570213331012
3162.853,35.0512763,-89.8427476,ChIJ7VPJ3q-af4gRdxERIyaZ0gk,OK,212085,471570213331012
1321.348,35.0515568,-89.90630259999999,ChIJrU8jyZKFf4gRubg1AIyELWY,OK,98801,471570108104003
1321.348,35.0515568,-89.90630259999999,ChIJrU8jyZKFf4gRubg1AIyELWY,OK,98801,471570108104003
1506.61,35.062945,-89.90568519999999,ChIJjxj9mL-Ff4gRoOEx9OzDyxs,OK,102735,471570108104003
708.692,35.0515568,-89.90630259999999,ChIJrU8jyZKFf4gRubg1AIyELWY,OK,64241,471570108104005
708.692,35.0515568,-89.90630259999999,ChIJrU8jyZKFf4gRubg1AIyELWY,OK,64241,471570108104005
1288.815,35.062945,-89.90568519999999,ChIJjxj9mL-Ff4gRoOEx9OzDyxs,OK,87428,471570108104005
618.495,35.021381,-90.020287,ChIJnVfwxMBi1YcR65EtGsZDcOY,OK,37718,471570221112016
618.495,35.021381,-90.020287,ChIJnVfwxMBi1YcR65EtGsZDcOY,OK,37718,471570221112016
618.834,35.021384,-90.019407,ChIJk8DCu8Bi1YcRUnUQCgCMr-E,OK,37743,471570221112016
509.603,35.021384,-90.019407,ChIJk8DCu8Bi1YcRUnUQCgCMr-E,OK,51207,471570221112010
509.603,35.021384,-90.019407,ChIJk8DCu8Bi1YcRUnUQCgCMr-E,OK,51207,471570221112010
509.942,35.021381,-90.020287,ChIJnVfwxMBi1YcR65EtGsZDcOY,OK,51232,471570221112010
501.354,35.06128,-90.05978399999999,ChIJm06f8ZV81YcRTjzAsJPcBKY,OK,57274,471570225001109
501.354,35.06128,-90.05978399999999,ChIJm06f8ZV81YcRTjzAsJPcBKY,OK,57274,471570225001109
501.175,35.061362,-90.05986399999999,ChIJL_Gh8ZV81YcRDlMHRKqR_IA,OK,60140,471570225001109
1910.745,35.19067459999999,-89.8489943,ChIJ364PGjWdf4gRKbsrGLq8_XQ,OK,115786,471570206103000
1914.251,35.1835367,-89.8717722,ChIJv1U5XuiCf4gRMlXiIrwnbJo,OK,132724,471570206103000
1914.251,35.1835367,-89.8717722,ChIJv1U5XuiCf4gRMlXiIrwnbJo,OK,132724,471570206103000
1980.537,35.0461089,-89.7947008,ChIJaZI6O3Oaf4gRqa_eh0DNj_s,OK,121837,471570213424066
1980.537,35.0461089,-89.7947008,ChIJaZI6O3Oaf4gRqa_eh0DNj_s,OK,121837,471570213424066
2098.542,35.045091,-89.795412,ChIJVelsQnOaf4gRECqTW7fq-dY,OK,128372,471570213424066
980.717,34.993343,-90.00823899999999,ChIJk-nxFn1i1YcRBckohHLWoho,OK,89758,471570221305005
980.717,34.993343,-90.00823899999999,ChIJk-nxFn1i1YcRBckohHLWoho,OK,89758,471570221305005
3432.432,34.99227370000001,-90.0232297,ChIJY7HkKF9i1YcRjKJ-3GH9XsM,OK,251581,471570221305005
9713.73,35.093591,-90.056624,ChIJgyVl92d81YcRhuRHHckl8Y4,OK,861875,471579802001016
9713.73,35.093591,-90.056624,ChIJgyVl92d81YcRhuRHHckl8Y4,OK,861875,471579802001016
13412.489,35.061362,-90.05986399999999,ChIJL_Gh8ZV81YcRDlMHRKqR_IA,OK,999845,471579802001016
1157.226,35.051879,-89.95322299999999,ChIJtbdkhjqGf4gRndtG1KtFnTA,OK,88295,471570110101007
1157.226,35.051879,-89.95322299999999,ChIJtbdkhjqGf4gRndtG1KtFnTA,OK,88295,471570110101007
3824.636,35.06591589999999,-89.94154240000002,ChIJTUcfL2qGf4gRH4x-pmmajWw,OK,258110,471570110101007
1044.996,35.051879,-89.95322299999999,ChIJtbdkhjqGf4gRndtG1KtFnTA,OK,74828,471570110101008
1044.996,35.051879,-89.95322299999999,ChIJtbdkhjqGf4gRndtG1KtFnTA,OK,74828,471570110101008
3712.406,35.06591589999999,-89.94154240000002,ChIJTUcfL2qGf4gRH4x-pmmajWw,OK,244643,471570110101008
1548.15,35.051879,-89.95322299999999,ChIJtbdkhjqGf4gRndtG1KtFnTA,OK,128010,471570110101013
1548.15,35.051879,-89.95322299999999,ChIJtbdkhjqGf4gRndtG1KtFnTA,OK,128010,471570110101013
3430.416,35.0374859,-89.93716700000002,ChIJESgedaeIf4gRXlLu5ht4wNo,OK,261810,471570110101013
1417.057,35.051879,-89.95322299999999,ChIJtbdkhjqGf4gRndtG1KtFnTA,OK,101984,471570110101012
1417.057,35.051879,-89.95322299999999,ChIJtbdkhjqGf4gRndtG1KtFnTA,OK,101984,471570110101012
3382.706,35.0374859,-89.93716700000002,ChIJESgedaeIf4gRXlLu5ht4wNo,OK,236792,471570110101012
583.605,35.051879,-89.95322299999999,ChIJtbdkhjqGf4gRndtG1KtFnTA,OK,60532,471570110101005
583.605,35.051879,-89.95322299999999,ChIJtbdkhjqGf4gRndtG1KtFnTA,OK,60532,471570110101005
3251.014,35.06591589999999,-89.94154240000002,ChIJTUcfL2qGf4gRH4x-pmmajWw,OK,230347,471570110101005
977.815,35.051879,-89.95322299999999,ChIJtbdkhjqGf4gRndtG1KtFnTA,OK,60864,471570110101009
977.815,35.051879,-89.95322299999999,ChIJtbdkhjqGf4gRndtG1KtFnTA,OK,60864,471570110101009
3426.304,35.0374859,-89.93716700000002,ChIJESgedaeIf4gRXlLu5ht4wNo,OK,230435,471570110101009
688.904,35.051879,-89.95322299999999,ChIJtbdkhjqGf4gRndtG1KtFnTA,OK,40688,471570110203006
688.904,35.051879,-89.95322299999999,ChIJtbdkhjqGf4gRndtG1KtFnTA,OK,40688,471570110203006
3030.055,35.0374859,-89.93716700000002,ChIJESgedaeIf4gRXlLu5ht4wNo,OK,181197,471570110203006
1192.798,35.051879,-89.95322299999999,ChIJtbdkhjqGf4gRndtG1KtFnTA,OK,85371,471570110101010
1192.798,35.051879,-89.95322299999999,ChIJtbdkhjqGf4gRndtG1KtFnTA,OK,85371,471570110101010
3229.523,35.0374859,-89.93716700000002,ChIJESgedaeIf4gRXlLu5ht4wNo,OK,219636,471570110101010
1065.96,35.051879,-89.95322299999999,ChIJtbdkhjqGf4gRndtG1KtFnTA,OK,71430,471570110101015
1065.96,35.051879,-89.95322299999999,ChIJtbdkhjqGf4gRndtG1KtFnTA,OK,71430,471570110101015
2923.69,35.0374859,-89.93716700000002,ChIJESgedaeIf4gRXlLu5ht4wNo,OK,182936,471570110101015
1640.604,35.095133,-90.05542799999999,ChIJATnUo0J81YcRpbAuNwXeqRw,OK,155746,471570056002004
1640.604,35.095133,-90.05542799999999,ChIJATnUo0J81YcRpbAuNwXeqRw,OK,155746,471570056002004
1820.44,35.093591,-90.056624,ChIJgyVl92d81YcRhuRHHckl8Y4,OK,165706,471570056002004
2423.28,35.093591,-90.056624,ChIJgyVl92d81YcRhuRHHckl8Y4,OK,151639,471570056003013
2423.28,35.093591,-90.056624,ChIJgyVl92d81YcRhuRHHckl8Y4,OK,151639,471570056003013
1702.275,35.095133,-90.05542799999999,ChIJATnUo0J81YcRpbAuNwXeqRw,OK,158579,471570056003013
1472.366,35.095133,-90.05542799999999,ChIJATnUo0J81YcRpbAuNwXeqRw,OK,138446,471570056001027
1472.366,35.095133,-90.05542799999999,ChIJATnUo0J81YcRpbAuNwXeqRw,OK,138446,471570056001027
1633.769,35.098685,-90.05664899999999,ChIJ31qwBkJ81YcRk2V5pdmdhrM,OK,147385,471570056001027
1916.588,35.095133,-90.05542799999999,ChIJATnUo0J81YcRpbAuNwXeqRw,OK,188863,471570056002007
1916.588,35.095133,-90.05542799999999,ChIJATnUo0J81YcRpbAuNwXeqRw,OK,188863,471570056002007
2786.064,35.093591,-90.056624,ChIJgyVl92d81YcRhuRHHckl8Y4,OK,195172,471570056002007
2390.565,35.093591,-90.056624,ChIJgyVl92d81YcRhuRHHckl8Y4,OK,153241,471570056002006
2390.565,35.093591,-90.056624,ChIJgyVl92d81YcRhuRHHckl8Y4,OK,153241,471570056002006
2570.402,35.095133,-90.05542799999999,ChIJATnUo0J81YcRpbAuNwXeqRw,OK,163201,471570056002006
1995.715,35.093591,-90.056624,ChIJgyVl92d81YcRhuRHHckl8Y4,OK,136745,471570056003011
1995.715,35.093591,-90.056624,ChIJgyVl92d81YcRhuRHHckl8Y4,OK,136745,471570056003011
2175.551,35.095133,-90.05542799999999,ChIJATnUo0J81YcRpbAuNwXeqRw,OK,146705,471570056003011
1996.274,35.093591,-90.056624,ChIJgyVl92d81YcRhuRHHckl8Y4,OK,136812,471570056003012
1996.274,35.093591,-90.056624,ChIJgyVl92d81YcRhuRHHckl8Y4,OK,136812,471570056003012
2176.111,35.095133,-90.05542799999999,ChIJATnUo0J81YcRpbAuNwXeqRw,OK,146772,471570056003012
1881.269,35.093591,-90.056624,ChIJgyVl92d81YcRhuRHHckl8Y4,OK,123012,471570056003017
1881.269,35.093591,-90.056624,ChIJgyVl92d81YcRhuRHHckl8Y4,OK,123012,471570056003017
2061.106,35.095133,-90.05542799999999,ChIJATnUo0J81YcRpbAuNwXeqRw,OK,132972,471570056003017
2715.955,35.2074362,-89.7805166,ChIJ62ATRfudf4gRPIrPAXGVsiQ,OK,212885,471570211414015
1572.104,35.0543926,-90.0597009,ChIJT5TzUbl81YcRiPqNjkbj9CA,OK,120249,471570223212012
1572.104,35.0543926,-90.0597009,ChIJT5TzUbl81YcRiPqNjkbj9CA,OK,120249,471570223212012
2153.46,35.06128,-90.05978399999999,ChIJm06f8ZV81YcRTjzAsJPcBKY,OK,152446,471570223212012
2862.246,35.0326981,-90.07589809999999,ChIJ9S1ljalk1YcRvuG-_hbpimA,OK,205037,471570223103017
2862.246,35.0326981,-90.07589809999999,ChIJ9S1ljalk1YcRvuG-_hbpimA,OK,205037,471570223103017
3249.625,35.0543926,-90.0597009,ChIJT5TzUbl81YcRiPqNjkbj9CA,OK,229950,471570223103017
2811.979,35.0326981,-90.07589809999999,ChIJ9S1ljalk1YcRvuG-_hbpimA,OK,188276,471570223103013
2811.979,35.0326981,-90.07589809999999,ChIJ9S1ljalk1YcRvuG-_hbpimA,OK,188276,471570223103013
3199.358,35.0543926,-90.0597009,ChIJT5TzUbl81YcRiPqNjkbj9CA,OK,213189,471570223103013
2383.095,35.0326981,-90.07589809999999,ChIJ9S1ljalk1YcRvuG-_hbpimA,OK,162511,471570223103019
2383.095,35.0326981,-90.07589809999999,ChIJ9S1ljalk1YcRvuG-_hbpimA,OK,162511,471570223103019
2770.474,35.0543926,-90.0597009,ChIJT5TzUbl81YcRiPqNjkbj9CA,OK,187424,471570223103019
2572.783,35.0326981,-90.07589809999999,ChIJ9S1ljalk1YcRvuG-_hbpimA,OK,185274,471570223103008
2572.783,35.0326981,-90.07589809999999,ChIJ9S1ljalk1YcRvuG-_hbpimA,OK,185274,471570223103008
2960.163,35.0543926,-90.0597009,ChIJT5TzUbl81YcRiPqNjkbj9CA,OK,210187,471570223103008
1637.137,35.09464699999999,-89.9708677,ChIJx5uAuBqHf4gRze5MKc5WJFI,OK,135092,471570079003005
1637.137,35.09464699999999,-89.9708677,ChIJx5uAuBqHf4gRze5MKc5WJFI,OK,135092,471570079003005
2365.813,35.086634,-89.96355199999999,ChIJW0XU3AGHf4gRINnmxvx9m5A,OK,158536,471570079003005
775.344,35.0841884,-89.97146650000001,ChIJX1vb4AeHf4gRloPQ2o5nDXA,OK,58497,471570081101012
775.344,35.0841884,-89.97146650000001,ChIJX1vb4AeHf4gRloPQ2o5nDXA,OK,58497,471570081101012
1878.064,35.0904795,-89.96597299999999,ChIJHfaNmAOHf4gR1d8V2K9rfSU,OK,122104,471570081101012
1625.372,35.0841884,-89.97146650000001,ChIJX1vb4AeHf4gRloPQ2o5nDXA,OK,105924,471570081103004
1625.372,35.0841884,-89.97146650000001,ChIJX1vb4AeHf4gRloPQ2o5nDXA,OK,105924,471570081103004
2765.546,35.0643218,-89.9923063,ChIJb3DQuo2Hf4gRC8UI6d4pa68,OK,164319,471570081103004
813.567,35.0841884,-89.97146650000001,ChIJX1vb4AeHf4gRloPQ2o5nDXA,OK,56284,471570081102016
813.567,35.0841884,-89.97146650000001,ChIJX1vb4AeHf4gRloPQ2o5nDXA,OK,56284,471570081102016
2082.127,35.0904795,-89.96597299999999,ChIJHfaNmAOHf4gR1d8V2K9rfSU,OK,129841,471570081102016
1355.058,35.125222,-90.048147,ChIJ9cKdtid81YcRKs9h6RjzQzw,OK,80335,471570116001021
1355.058,35.125222,-90.048147,ChIJ9cKdtid81YcRKs9h6RjzQzw,OK,80335,471570116001021
1356.872,35.1251709,-90.0481695,ChIJybIJtCd81YcR9Otxws-5qCM,OK,80435,471570116001021
1212.54,35.125222,-90.048147,ChIJ9cKdtid81YcRKs9h6RjzQzw,OK,77499,471570116001020
1212.54,35.125222,-90.048147,ChIJ9cKdtid81YcRKs9h6RjzQzw,OK,77499,471570116001020
1214.354,35.1251709,-90.0481695,ChIJybIJtCd81YcR9Otxws-5qCM,OK,77599,471570116001020
1199.233,35.1490317,-90.0140679,ChIJw3q9_xV-1YcRqrte6yBn1CI,OK,94310,471570017003006
1199.233,35.1490317,-90.0140679,ChIJw3q9_xV-1YcRqrte6yBn1CI,OK,94310,471570017003006
1921.471,35.1444038,-90.0168571,ChIJufYEjhR-1YcREff46W6Lons,OK,141663,471570017003006
1426.961,35.1490317,-90.0140679,ChIJw3q9_xV-1YcRqrte6yBn1CI,OK,105586,471570017001046
1426.961,35.1490317,-90.0140679,ChIJw3q9_xV-1YcRqrte6yBn1CI,OK,105586,471570017001046
1851.597,35.142439,-90.006118,ChIJeUPo2Rt-1YcRdoG2a54M-d0,OK,147837,471570017001046
266.884,35.1490317,-90.0140679,ChIJw3q9_xV-1YcRqrte6yBn1CI,OK,16008,471570025001049
266.884,35.1490317,-90.0140679,ChIJw3q9_xV-1YcRqrte6yBn1CI,OK,16008,471570025001049
989.122,35.1444038,-90.0168571,ChIJufYEjhR-1YcREff46W6Lons,OK,63361,471570025001049
220.459,35.1490317,-90.0140679,ChIJw3q9_xV-1YcRqrte6yBn1CI,OK,14441,471570025002016
220.459,35.1490317,-90.0140679,ChIJw3q9_xV-1YcRqrte6yBn1CI,OK,14441,471570025002016
942.696,35.1444038,-90.0168571,ChIJufYEjhR-1YcREff46W6Lons,OK,61794,471570025002016
1676.323,35.1623785,-89.8566175,ChIJXQHWWS6Df4gRqhH5EQ9H1j0,OK,112412,471570211113001
1583.507,35.164068,-89.8770782,ChIJpUMbExuDf4gRyW4QpPURe54,OK,111938,471570211113046
1809.033,35.16339899999999,-89.855841,ChIJA_xfkC6Df4gRAjVZwLz1jqA,OK,113989,471570211113046
1809.033,35.16339899999999,-89.855841,ChIJA_xfkC6Df4gRAjVZwLz1jqA,OK,113989,471570211113046
1186.09,35.0068452,-90.00681259999999,ChIJz3G0Jpti1YcRMCYWHOflqrA,OK,102848,471570221301013
1186.09,35.0068452,-90.00681259999999,ChIJz3G0Jpti1YcRMCYWHOflqrA,OK,102848,471570221301013
2731.483,34.993343,-90.00823899999999,ChIJk-nxFn1i1YcRBckohHLWoho,OK,195569,471570221301013
1515.214,35.0068452,-90.00681259999999,ChIJz3G0Jpti1YcRMCYWHOflqrA,OK,142342,471570221301018
1515.214,35.0068452,-90.00681259999999,ChIJz3G0Jpti1YcRMCYWHOflqrA,OK,142342,471570221301018
1770.791,34.9907298,-89.99350899999999,ChIJaR6gqdOJf4gRbmqB7wctwt0,OK,162837,471570221301018
1616.142,35.0068452,-90.00681259999999,ChIJz3G0Jpti1YcRMCYWHOflqrA,OK,154452,471570221301009
1708.46,34.9907298,-89.99350899999999,ChIJaR6gqdOJf4gRbmqB7wctwt0,OK,155357,471570221301009
1708.46,34.9907298,-89.99350899999999,ChIJaR6gqdOJf4gRbmqB7wctwt0,OK,155357,471570221301009
129.333,35.021381,-90.020287,ChIJnVfwxMBi1YcR65EtGsZDcOY,OK,7905,471570221112020
129.333,35.021381,-90.020287,ChIJnVfwxMBi1YcR65EtGsZDcOY,OK,7905,471570221112020
129.672,35.021384,-90.019407,ChIJk8DCu8Bi1YcRUnUQCgCMr-E,OK,7930,471570221112020
740.708,35.0225458,-90.0257415,ChIJnc94gMRi1YcRKYztFRuX2Yw,OK,59528,471570221211006
740.708,35.0225458,-90.0257415,ChIJnc94gMRi1YcRKYztFRuX2Yw,OK,59528,471570221211006
1097.237,35.021381,-90.020287,ChIJnVfwxMBi1YcR65EtGsZDcOY,OK,80014,471570221211006
1345.036,35.1060329,-90.039159,ChIJ231bcjV81YcRQ1quDeYAd6M,OK,161397,471570075001006
1345.036,35.1060329,-90.039159,ChIJ231bcjV81YcRQ1quDeYAd6M,OK,161397,471570075001006
2298.139,35.1087458,-90.0211918,ChIJe6w2EsF91YcRquzVZc8M0-I,OK,198519,471570075001006
1928.994,35.1546312,-89.79260459999999,ChIJ8UeuSEecf4gRniit7ubZLtM,OK,149800,471570211261028
1928.994,35.1546312,-89.79260459999999,ChIJ8UeuSEecf4gRniit7ubZLtM,OK,149800,471570211261028
2308.882,35.14868459999999,-89.7948203,ChIJ4w9Lr2qcf4gRHdzl9FciAFM,OK,169300,471570211261028
2083.152,35.0374859,-89.93716700000002,ChIJESgedaeIf4gRXlLu5ht4wNo,OK,158414,471570226001115
2083.152,35.0374859,-89.93716700000002,ChIJESgedaeIf4gRXlLu5ht4wNo,OK,158414,471570226001115
2486.277,35.02099699999999,-89.93544,ChIJW6hY3LmIf4gRWjIeu9tMgvU,OK,191632,471570226001115
2285.089,35.0515568,-89.90630259999999,ChIJrU8jyZKFf4gRubg1AIyELWY,OK,134763,471570226001049
2285.089,35.0515568,-89.90630259999999,ChIJrU8jyZKFf4gRubg1AIyELWY,OK,134763,471570226001049
3132.246,35.0374859,-89.93716700000002,ChIJESgedaeIf4gRXlLu5ht4wNo,OK,173614,471570226001049
1065.578,35.17410499999999,-89.97575479999999,ChIJmfYTGFmAf4gRHGKCaD0qCtI,OK,110943,471570009001000
3727.985,35.2337782,-89.9252472,ChIJra3pLkt_f4gRjZbqnHrruIM,OK,240873,471570205212009
1065.578,35.17410499999999,-89.97575479999999,ChIJmfYTGFmAf4gRHGKCaD0qCtI,OK,110943,471570009001000
3166.095,35.1507888,-89.977317,ChIJdVWrOuqAf4gR-V7s1E3qo7g,OK,236965,471570009001000
3727.985,35.2337782,-89.9252472,ChIJra3pLkt_f4gRjZbqnHrruIM,OK,240873,471570205212009
4739.186,35.222344,-89.97682999999999,ChIJ987Br45_f4gRjwrvnFN8t7k,OK,302007,471570205212009
1222.125,35.12545849999999,-89.97454169999999,ChIJoyT3HjOHf4gRS6EdHckmff8,OK,93135,471570067001007
1222.125,35.12545849999999,-89.97454169999999,ChIJoyT3HjOHf4gRS6EdHckmff8,OK,93135,471570067001007
1098.086,35.1145886,-89.90089789999999,ChIJKWmlFW6Ef4gR0YNISWQMkss,OK,124402,471570093001009
2178.98,35.107529,-89.9862127,ChIJ0WGfSUKHf4gRjDLrfGQwCV4,OK,161554,471570067001007
1098.086,35.1145886,-89.90089789999999,ChIJKWmlFW6Ef4gR0YNISWQMkss,OK,124402,471570093001009
2671.21,35.2064292,-89.73436359999999,ChIJP6qgZdGff4gRQoIww3TX5kM,OK,120201,471570208202076
1915.854,35.1153996,-89.89414069999999,ChIJCb4NOWWEf4gR79YlPQoocW4,OK,180635,471570093001009
2671.21,35.2064292,-89.73436359999999,ChIJP6qgZdGff4gRQoIww3TX5kM,OK,120201,471570208202076
5333.114,35.2044739,-89.76342459999999,ChIJ3XsJxyKef4gRTeWb3lonWsU,OK,248379,471570208202076
2690.013,35.0612606,-89.88628629999999,ChIJAQ_I1gqFf4gRFrt5yQeAEps,OK,175484,471570217101019
2690.013,35.0612606,-89.88628629999999,ChIJAQ_I1gqFf4gRFrt5yQeAEps,OK,175484,471570217101019
3056.074,35.0614623,-89.8536277,ChIJ4TWJkTWFf4gRbkNZYfkF9Jw,OK,185616,471570217101019
1765.733,35.1546312,-89.79260459999999,ChIJ8UeuSEecf4gRniit7ubZLtM,OK,113619,471570211261043
1765.733,35.1546312,-89.79260459999999,ChIJ8UeuSEecf4gRniit7ubZLtM,OK,113619,471570211261043
2145.621,35.14868459999999,-89.7948203,ChIJ4w9Lr2qcf4gRHdzl9FciAFM,OK,133119,471570211261043
1068.39,34.9907298,-89.99350899999999,ChIJaR6gqdOJf4gRbmqB7wctwt0,OK,101018,471570221301016
1068.39,34.9907298,-89.99350899999999,ChIJaR6gqdOJf4gRbmqB7wctwt0,OK,101018,471570221301016
2244.613,35.0068452,-90.00681259999999,ChIJz3G0Jpti1YcRMCYWHOflqrA,OK,229868,471570221301016
2227.499,35.1927931,-89.86922029999999,ChIJAQAAAMCCf4gRZL0qi0KLjtw,OK,247435,471570206212008
2227.499,35.1927931,-89.86922029999999,ChIJAQAAAMCCf4gRZL0qi0KLjtw,OK,247435,471570206212008
3738.659,35.1835367,-89.8717722,ChIJv1U5XuiCf4gRMlXiIrwnbJo,OK,348111,471570206212008
2162.844,35.02379430000001,-89.96377079999999,ChIJDVntamKIf4gRlF5S6rdAlgc,OK,138008,471570110103009
2162.844,35.02379430000001,-89.96377079999999,ChIJDVntamKIf4gRlF5S6rdAlgc,OK,138008,471570110103009
2745.509,35.02099699999999,-89.93544,ChIJW6hY3LmIf4gRWjIeu9tMgvU,OK,168791,471570110103009
1823.046,35.13774119999999,-89.99713,ChIJtwtohKiAf4gRFxkNLUf9PgA,OK,114530,471570033002013
1823.046,35.13774119999999,-89.99713,ChIJtwtohKiAf4gRFxkNLUf9PgA,OK,114530,471570033002013
1605.868,35.13763670000001,-90.00757159999999,ChIJl69WLQV-1YcRU3z7Tt2MyhY,OK,118923,471570033002013
285.035,35.1490317,-90.0140679,ChIJw3q9_xV-1YcRqrte6yBn1CI,OK,18315,471570025002010
285.035,35.1490317,-90.0140679,ChIJw3q9_xV-1YcRqrte6yBn1CI,OK,18315,471570025002010
1007.273,35.1444038,-90.0168571,ChIJufYEjhR-1YcREff46W6Lons,OK,65668,471570025002010
1460.144,35.1145886,-89.90089789999999,ChIJKWmlFW6Ef4gR0YNISWQMkss,OK,139753,471570085002008
1460.144,35.1145886,-89.90089789999999,ChIJKWmlFW6Ef4gR0YNISWQMkss,OK,139753,471570085002008
2277.912,35.1153996,-89.89414069999999,ChIJCb4NOWWEf4gR79YlPQoocW4,OK,195986,471570085002008
1039.051,35.02099699999999,-89.93544,ChIJW6hY3LmIf4gRWjIeu9tMgvU,OK,84531,471570219002005
1039.051,35.02099699999999,-89.93544,ChIJW6hY3LmIf4gRWjIeu9tMgvU,OK,84531,471570219002005
1426.096,35.015991,-89.935953,ChIJSSHzkseIf4gRnqbOP98HojY,OK,105965,471570219002005
2109.427,35.093591,-90.056624,ChIJgyVl92d81YcRhuRHHckl8Y4,OK,130225,471570056002018
2109.427,35.093591,-90.056624,ChIJgyVl92d81YcRhuRHHckl8Y4,OK,130225,471570056002018
2289.264,35.095133,-90.05542799999999,ChIJATnUo0J81YcRpbAuNwXeqRw,OK,140185,471570056002018
893.82,35.0612606,-89.88628629999999,ChIJAQ_I1gqFf4gRFrt5yQeAEps,OK,68010,471570107203002
893.82,35.0612606,-89.88628629999999,ChIJAQ_I1gqFf4gRFrt5yQeAEps,OK,68010,471570107203002
777.22,35.0632829,-89.88727279999999,ChIJvVoQ4QqFf4gRItXZGUDZ-Hc,OK,83437,471570107203002
1518.494,35.0326981,-90.07589809999999,ChIJ9S1ljalk1YcRvuG-_hbpimA,OK,129335,471570223104006
1518.494,35.0326981,-90.07589809999999,ChIJ9S1ljalk1YcRvuG-_hbpimA,OK,129335,471570223104006
1693.389,35.02753099999999,-90.082077,ChIJK66rdetk1YcRwwxI9gDREks,OK,171504,471570223104006
1041.178,35.1075089,-89.9318387,ChIJVboYU6KGf4gRHfEHUi8Izac,OK,108843,471570074002002
1041.178,35.1075089,-89.9318387,ChIJVboYU6KGf4gRHfEHUi8Izac,OK,108843,471570074002002
1487.882,35.1546312,-89.79260459999999,ChIJ8UeuSEecf4gRniit7ubZLtM,OK,99174,471570211261044
1487.882,35.1546312,-89.79260459999999,ChIJ8UeuSEecf4gRniit7ubZLtM,OK,99174,471570211261044
1183.086,35.1079763,-89.9333841,ChIJqZoM4qKGf4gREaZMyPG1GBQ,OK,117358,471570074002002
1867.77,35.14868459999999,-89.7948203,ChIJ4w9Lr2qcf4gRHdzl9FciAFM,OK,118674,471570211261044
2105.079,35.1804299,-89.9263818,ChIJIfvtv4eBf4gRJLjVGBpAzmc,OK,136897,471570091002012
2105.079,35.1804299,-89.9263818,ChIJIfvtv4eBf4gRJLjVGBpAzmc,OK,136897,471570091002012
635.351,35.1450994,-90.0538646,ChIJne6_s5V-1YcRn_LPaqiwhrk,OK,43244,471570042001029
2584.313,35.14859919999999,-89.91828060000002,ChIJRflgf-eDf4gRHX_XNYKER-s,OK,184927,471570091002012
2530.646,35.0614623,-89.8536277,ChIJ4TWJkTWFf4gRbkNZYfkF9Jw,OK,153032,471570213312019
2530.646,35.0614623,-89.8536277,ChIJ4TWJkTWFf4gRbkNZYfkF9Jw,OK,153032,471570213312019
3104.321,35.050596,-89.869556,ChIJQ4vLA2iFf4gRyyCo3ihKH44,OK,180101,471570213312019
1632.536,35.14859919999999,-89.91828060000002,ChIJRflgf-eDf4gRHX_XNYKER-s,OK,116404,471570087002004
1632.536,35.14859919999999,-89.91828060000002,ChIJRflgf-eDf4gRHX_XNYKER-s,OK,116404,471570087002004
3039.31,35.1804299,-89.9263818,ChIJIfvtv4eBf4gRJLjVGBpAzmc,OK,184433,471570087002004
2798.022,35.1489345,-89.89838259999999,ChIJaTBvX72Df4gRiyFT0LQMnrQ,OK,198534,471570091001007
2798.022,35.1489345,-89.89838259999999,ChIJaTBvX72Df4gRiyFT0LQMnrQ,OK,198534,471570091001007
2878.568,35.148225,-89.89748700000001,ChIJC8t095eDf4gRGuXK3FleZyg,OK,203367,471570091001007
1379.215,35.14859919999999,-89.91828060000002,ChIJRflgf-eDf4gRHX_XNYKER-s,OK,104127,471570087002005
1379.215,35.14859919999999,-89.91828060000002,ChIJRflgf-eDf4gRHX_XNYKER-s,OK,104127,471570087002005
2706.579,35.1489345,-89.89838259999999,ChIJaTBvX72Df4gRiyFT0LQMnrQ,OK,181566,471570087002005
403.98,35.14859919999999,-89.91828060000002,ChIJRflgf-eDf4gRHX_XNYKER-s,OK,48476,471570086001001
403.98,35.14859919999999,-89.91828060000002,ChIJRflgf-eDf4gRHX_XNYKER-s,OK,48476,471570086001001
1971.578,35.1489345,-89.89838259999999,ChIJaTBvX72Df4gRiyFT0LQMnrQ,OK,129718,471570086001001
1748.717,35.14859919999999,-89.91828060000002,ChIJRflgf-eDf4gRHX_XNYKER-s,OK,138463,471570087001007
1748.717,35.14859919999999,-89.91828060000002,ChIJRflgf-eDf4gRHX_XNYKER-s,OK,138463,471570087001007
2993.872,35.1489345,-89.89838259999999,ChIJaTBvX72Df4gRiyFT0LQMnrQ,OK,196605,471570087001007
2035.417,35.1489345,-89.89838259999999,ChIJaTBvX72Df4gRiyFT0LQMnrQ,OK,126169,471570087001011
2035.417,35.1489345,-89.89838259999999,ChIJaTBvX72Df4gRiyFT0LQMnrQ,OK,126169,471570087001011
2115.962,35.148225,-89.89748700000001,ChIJC8t095eDf4gRGuXK3FleZyg,OK,131002,471570087001011
1651.489,35.14859919999999,-89.91828060000002,ChIJRflgf-eDf4gRHX_XNYKER-s,OK,119729,471570029001010
1651.489,35.14859919999999,-89.91828060000002,ChIJRflgf-eDf4gRHX_XNYKER-s,OK,119729,471570029001010
2678.055,35.14981359999999,-89.94918609999999,ChIJVdGBGRaBf4gRsi89Rzqn8W4,OK,160591,471570029001010
2434.855,35.14859919999999,-89.91828060000002,ChIJRflgf-eDf4gRHX_XNYKER-s,OK,159002,471570086002026
2434.855,35.14859919999999,-89.91828060000002,ChIJRflgf-eDf4gRHX_XNYKER-s,OK,159002,471570086002026
3461.421,35.14981359999999,-89.94918609999999,ChIJVdGBGRaBf4gRsi89Rzqn8W4,OK,199864,471570086002026
1274.954,35.054745,-90.007971,ChIJXxyyQlt91YcRhldtWgjSnSE,OK,85038,471570220233018
1274.954,35.054745,-90.007971,ChIJXxyyQlt91YcRhldtWgjSnSE,OK,85038,471570220233018
1840.306,35.05407199999999,-90.00125899999999,ChIJIzdhk1h91YcRZT7cBcBslaM,OK,108471,471570220233018
1823.999,35.14859919999999,-89.91828060000002,ChIJRflgf-eDf4gRHX_XNYKER-s,OK,157483,471570086001036
1823.999,35.14859919999999,-89.91828060000002,ChIJRflgf-eDf4gRHX_XNYKER-s,OK,157483,471570086001036
3151.363,35.1489345,-89.89838259999999,ChIJaTBvX72Df4gRiyFT0LQMnrQ,OK,234922,471570086001036
2244.838,35.0209193,-89.8996561,ChIJxWQfy22Pf4gRlC1jxVU1A2g,OK,186868,471570226001177
2244.838,35.0209193,-89.8996561,ChIJxWQfy22Pf4gRlC1jxVU1A2g,OK,186868,471570226001177
2256.111,35.02100869999999,-89.8995317,ChIJ-f6gz22Pf4gR-rWEeLgd-68,OK,187492,471570226001177
1063.527,35.223866,-89.90499,ChIJJRXCRJh4f4gRcTFbl9qZzNM,OK,122260,471570205411004
1063.527,35.223866,-89.90499,ChIJJRXCRJh4f4gRcTFbl9qZzNM,OK,122260,471570205411004
1696.002,35.220637,-89.892425,ChIJiZ78r4Z4f4gRyy0DWRWI7n0,OK,139504,471570205411004
281.281,35.220637,-89.892425,ChIJiZ78r4Z4f4gRyy0DWRWI7n0,OK,26690,471570206443031
281.281,35.220637,-89.892425,ChIJiZ78r4Z4f4gRyy0DWRWI7n0,OK,26690,471570206443031
1603.925,35.223866,-89.90499,ChIJJRXCRJh4f4gRcTFbl9qZzNM,OK,126749,471570206443031
1275.997,35.2060393,-89.89459389999999,ChIJN_fdM1CCf4gRqHZ_YUZgoJo,OK,89999,471570205412019
1275.997,35.2060393,-89.89459389999999,ChIJN_fdM1CCf4gRqHZ_YUZgoJo,OK,89999,471570205412019
1359.737,35.20808669999999,-89.89363879999999,ChIJa1RCwHuCf4gRSSG3nO4uWeI,OK,106251,471570205412019
767.749,35.220637,-89.892425,ChIJiZ78r4Z4f4gRyy0DWRWI7n0,OK,58970,471570206443029
767.749,35.220637,-89.892425,ChIJiZ78r4Z4f4gRyy0DWRWI7n0,OK,58970,471570206443029
2645.439,35.2060393,-89.89459389999999,ChIJN_fdM1CCf4gRqHZ_YUZgoJo,OK,163769,471570206443029
920.259,35.220637,-89.892425,ChIJiZ78r4Z4f4gRyy0DWRWI7n0,OK,73454,471570206514016
920.259,35.220637,-89.892425,ChIJiZ78r4Z4f4gRyy0DWRWI7n0,OK,73454,471570206514016
1447.871,35.2060393,-89.89459389999999,ChIJN_fdM1CCf4gRqHZ_YUZgoJo,OK,108049,471570206514016
1010.571,35.220637,-89.892425,ChIJiZ78r4Z4f4gRyy0DWRWI7n0,OK,79603,471570206514013
1010.571,35.220637,-89.892425,ChIJiZ78r4Z4f4gRyy0DWRWI7n0,OK,79603,471570206514013
1900.74,35.2060393,-89.89459389999999,ChIJN_fdM1CCf4gRqHZ_YUZgoJo,OK,139663,471570206514013
1245.905,35.2060393,-89.89459389999999,ChIJN_fdM1CCf4gRqHZ_YUZgoJo,OK,132165,471570206211013
1245.905,35.2060393,-89.89459389999999,ChIJN_fdM1CCf4gRqHZ_YUZgoJo,OK,132165,471570206211013
1329.645,35.20808669999999,-89.89363879999999,ChIJa1RCwHuCf4gRSSG3nO4uWeI,OK,148417,471570206211013
1804.23,35.164068,-89.8770782,ChIJpUMbExuDf4gRyW4QpPURe54,OK,126946,471570206101026
1804.23,35.164068,-89.8770782,ChIJpUMbExuDf4gRyW4QpPURe54,OK,126946,471570206101026
2215.575,35.1835367,-89.8717722,ChIJv1U5XuiCf4gRMlXiIrwnbJo,OK,162209,471570206101026
879.224,35.192778,-89.895242,ChIJ2ehTh2eCf4gR95JHzr6OIMA,OK,86562,471570206212030
879.224,35.192778,-89.895242,ChIJ2ehTh2eCf4gR95JHzr6OIMA,OK,86562,471570206212030
1063.736,35.1942326,-89.8965709,ChIJD7pM72eCf4gRg19OPcAuyDw,OK,97632,471570206212030
4015.26,35.1490317,-90.0140679,ChIJw3q9_xV-1YcRqrte6yBn1CI,OK,243907,471570003001024
4015.26,35.1490317,-90.0140679,ChIJw3q9_xV-1YcRqrte6yBn1CI,OK,243907,471570003001024
635.351,35.1450994,-90.0538646,ChIJne6_s5V-1YcRn_LPaqiwhrk,OK,43244,471570042001029
659.662,35.1439641,-90.0517892,ChIJL-0zBZR-1YcRj7p5p1WY4-g,OK,51782,471570042001029
913.626,35.2158947,-89.9151158,ChIJxetq6ad4f4gRD1K1cIBWUQ4,OK,91635,471570205413013
913.626,35.2158947,-89.9151158,ChIJxetq6ad4f4gRD1K1cIBWUQ4,OK,91635,471570205413013
1226.729,35.210167,-89.919383,ChIJi0gqlgaCf4gRjUvfmHxGMyw,OK,113748,471570205413013
338.197,35.1439641,-90.0517892,ChIJL-0zBZR-1YcRj7p5p1WY4-g,OK,33327,471570042001040
338.197,35.1439641,-90.0517892,ChIJL-0zBZR-1YcRj7p5p1WY4-g,OK,33327,471570042001040
599.051,35.1435177,-90.0539328,ChIJ8VFg1pV-1YcRR9G8p0pZx6U,OK,42532,471570042001040
1067.77,35.2158947,-89.9151158,ChIJxetq6ad4f4gRD1K1cIBWUQ4,OK,110133,471570205412029
1067.77,35.2158947,-89.9151158,ChIJxetq6ad4f4gRD1K1cIBWUQ4,OK,110133,471570205412029
1366.836,35.2023757,-89.9218691,ChIJvw7rwByCf4gRrAscHKjp1Iw,OK,120999,471570205412029
5581.001,35.0854368,-89.89541919999999,ChIJf5cc-VKEf4gRF-lYLgijYQQ,OK,312108,471570213112017
4761.536,35.1153996,-89.89414069999999,ChIJCb4NOWWEf4gR79YlPQoocW4,OK,313762,471570213112017
4761.536,35.1153996,-89.89414069999999,ChIJCb4NOWWEf4gR79YlPQoocW4,OK,313762,471570213112017
940.466,35.2158947,-89.9151158,ChIJxetq6ad4f4gRD1K1cIBWUQ4,OK,94857,471570205412027
940.466,35.2158947,-89.9151158,ChIJxetq6ad4f4gRD1K1cIBWUQ4,OK,94857,471570205412027
1313.142,35.2023757,-89.9218691,ChIJvw7rwByCf4gRrAscHKjp1Iw,OK,114556,471570205412027
7551.051,35.0614623,-89.8536277,ChIJ4TWJkTWFf4gRbkNZYfkF9Jw,OK,529318,471570213112016
7551.051,35.0614623,-89.8536277,ChIJ4TWJkTWFf4gRbkNZYfkF9Jw,OK,529318,471570213112016
7471.364,35.1145886,-89.90089789999999,ChIJKWmlFW6Ef4gR0YNISWQMkss,OK,539476,471570213112016
896.324,35.183951,-89.93106899999999,ChIJWQ0EIo-Bf4gR6cuqlCcQuNw,OK,86474,471570089003013
896.324,35.183951,-89.93106899999999,ChIJWQ0EIo-Bf4gR6cuqlCcQuNw,OK,86474,471570089003013
896.563,35.1839382,-89.93104869999999,ChIJrQx5Io-Bf4gRSwDAaGIf4WE,OK,86517,471570089003013
6153.505,35.0854368,-89.89541919999999,ChIJf5cc-VKEf4gRF-lYLgijYQQ,OK,340495,471570213113021
5334.04,35.1153996,-89.89414069999999,ChIJCb4NOWWEf4gR79YlPQoocW4,OK,342149,471570213113021
5334.04,35.1153996,-89.89414069999999,ChIJCb4NOWWEf4gR79YlPQoocW4,OK,342149,471570213113021
1157.009,35.1804299,-89.9263818,ChIJIfvtv4eBf4gRJLjVGBpAzmc,OK,144087,471570089001011
1157.009,35.1804299,-89.9263818,ChIJIfvtv4eBf4gRJLjVGBpAzmc,OK,144087,471570089001011
1222.391,35.183951,-89.93106899999999,ChIJWQ0EIo-Bf4gR6cuqlCcQuNw,OK,159328,471570089001011
7465.366,35.0614623,-89.8536277,ChIJ4TWJkTWFf4gRbkNZYfkF9Jw,OK,519036,471570213113016
7465.366,35.0614623,-89.8536277,ChIJ4TWJkTWFf4gRbkNZYfkF9Jw,OK,519036,471570213113016
8175.179,35.0854368,-89.89541919999999,ChIJf5cc-VKEf4gRF-lYLgijYQQ,OK,532913,471570213113016
795.472,35.1804299,-89.9263818,ChIJIfvtv4eBf4gRJLjVGBpAzmc,OK,86269,471570089002001
795.472,35.1804299,-89.9263818,ChIJIfvtv4eBf4gRJLjVGBpAzmc,OK,86269,471570089002001
1062.438,35.183951,-89.93106899999999,ChIJWQ0EIo-Bf4gR6cuqlCcQuNw,OK,125699,471570089002001
6047.567,35.1153996,-89.89414069999999,ChIJCb4NOWWEf4gR79YlPQoocW4,OK,398290,471570213113012
6047.567,35.1153996,-89.89414069999999,ChIJCb4NOWWEf4gR79YlPQoocW4,OK,398290,471570213113012
6387.408,35.0614623,-89.8536277,ChIJ4TWJkTWFf4gRbkNZYfkF9Jw,OK,399331,471570213113012
249.031,35.1804299,-89.9263818,ChIJIfvtv4eBf4gRJLjVGBpAzmc,OK,27328,471570089002015
249.031,35.1804299,-89.9263818,ChIJIfvtv4eBf4gRJLjVGBpAzmc,OK,27328,471570089002015
983.762,35.183951,-89.93106899999999,ChIJWQ0EIo-Bf4gR6cuqlCcQuNw,OK,91589,471570089002015
5998.615,35.1153996,-89.89414069999999,ChIJCb4NOWWEf4gR79YlPQoocW4,OK,392415,471570213113018
5998.615,35.1153996,-89.89414069999999,ChIJCb4NOWWEf4gR79YlPQoocW4,OK,392415,471570213113018
6338.455,35.0614623,-89.8536277,ChIJ4TWJkTWFf4gRbkNZYfkF9Jw,OK,393456,471570213113018
603.657,35.1804299,-89.9263818,ChIJIfvtv4eBf4gRJLjVGBpAzmc,OK,49075,471570088002014
603.657,35.1804299,-89.9263818,ChIJIfvtv4eBf4gRJLjVGBpAzmc,OK,49075,471570088002014
1559.771,35.183951,-89.93106899999999,ChIJWQ0EIo-Bf4gR6cuqlCcQuNw,OK,128164,471570088002014
2581.151,35.1546312,-89.79260459999999,ChIJ8UeuSEecf4gRniit7ubZLtM,OK,211464,471570211262003
2581.151,35.1546312,-89.79260459999999,ChIJ8UeuSEecf4gRniit7ubZLtM,OK,211464,471570211262003
2961.039,35.14868459999999,-89.7948203,ChIJ4w9Lr2qcf4gRHdzl9FciAFM,OK,230964,471570211262003
1329.185,35.1804299,-89.9263818,ChIJIfvtv4eBf4gRJLjVGBpAzmc,OK,119747,471570088002029
1329.185,35.1804299,-89.9263818,ChIJIfvtv4eBf4gRJLjVGBpAzmc,OK,119747,471570088002029
2285.299,35.183951,-89.93106899999999,ChIJWQ0EIo-Bf4gR6cuqlCcQuNw,OK,198836,471570088002029
5351.72,35.1153996,-89.89414069999999,ChIJCb4NOWWEf4gR79YlPQoocW4,OK,392271,471570213112005
7474.356,35.16339899999999,-89.855841,ChIJA_xfkC6Df4gRAjVZwLz1jqA,OK,471322,471570213112005
7474.356,35.16339899999999,-89.855841,ChIJA_xfkC6Df4gRAjVZwLz1jqA,OK,471322,471570213112005
855.095,35.02099699999999,-89.93544,ChIJW6hY3LmIf4gRWjIeu9tMgvU,OK,68304,471570219001000
855.095,35.02099699999999,-89.93544,ChIJW6hY3LmIf4gRWjIeu9tMgvU,OK,68304,471570219001000
1242.141,35.015991,-89.935953,ChIJSSHzkseIf4gRnqbOP98HojY,OK,89738,471570219001000
1807.226,35.167095,-89.950496,ChIJecYfJgmBf4gRJh-YY67U6V8,OK,118783,471570011001015
1807.226,35.167095,-89.950496,ChIJecYfJgmBf4gRJh-YY67U6V8,OK,118783,471570011001015
2410.56,35.183951,-89.93106899999999,ChIJWQ0EIo-Bf4gR6cuqlCcQuNw,OK,174122,471570011001015
1713.351,35.05905920000001,-89.9340455,ChIJM89Mbw2Gf4gRFqf4fPnKU7k,OK,138247,471570106201006
1713.351,35.05905920000001,-89.9340455,ChIJM89Mbw2Gf4gRFqf4fPnKU7k,OK,138247,471570106201006
1460.631,35.0515544,-89.92255089999999,ChIJG_UFGuOFf4gRyHNDzwp5is0,OK,139435,471570106201006
1384.492,35.0515568,-89.90630259999999,ChIJrU8jyZKFf4gRubg1AIyELWY,OK,127794,471570106303003
1384.492,35.0515568,-89.90630259999999,ChIJrU8jyZKFf4gRubg1AIyELWY,OK,127794,471570106303003
1775.3,35.0515544,-89.92255089999999,ChIJG_UFGuOFf4gRyHNDzwp5is0,OK,154135,471570106303003
597.788,35.02138900000001,-89.996898,ChIJz3MQkR6If4gRIBgmNH-BQcg,OK,69826,471570221221013
597.788,35.02138900000001,-89.996898,ChIJz3MQkR6If4gRIBgmNH-BQcg,OK,69826,471570221221013
2333.676,35.0068452,-90.00681259999999,ChIJz3G0Jpti1YcRMCYWHOflqrA,OK,180642,471570221221013
507.714,35.02138900000001,-89.996898,ChIJz3MQkR6If4gRIBgmNH-BQcg,OK,59017,471570221221012
507.714,35.02138900000001,-89.996898,ChIJz3MQkR6If4gRIBgmNH-BQcg,OK,59017,471570221221012
2643.006,35.021384,-90.019407,ChIJk8DCu8Bi1YcRUnUQCgCMr-E,OK,178021,471570221221012
1408.319,35.1439641,-90.0517892,ChIJL-0zBZR-1YcRj7p5p1WY4-g,OK,86617,471570114003013
1408.319,35.1439641,-90.0517892,ChIJL-0zBZR-1YcRj7p5p1WY4-g,OK,86617,471570114003013
1439.009,35.1435177,-90.0539328,ChIJ8VFg1pV-1YcRR9G8p0pZx6U,OK,86896,471570114003013
1854.248,35.02138900000001,-89.996898,ChIJz3MQkR6If4gRIBgmNH-BQcg,OK,116787,471570221221020
1854.248,35.02138900000001,-89.996898,ChIJz3MQkR6If4gRIBgmNH-BQcg,OK,116787,471570221221020
2387.858,35.0068452,-90.00681259999999,ChIJz3G0Jpti1YcRMCYWHOflqrA,OK,165242,471570221221020
600.59,35.2045576,-89.81176689999999,ChIJ8ROix4Kdf4gR4Su-1OwAUMo,OK,34964,471570211131006
600.59,35.2045576,-89.81176689999999,ChIJ8ROix4Kdf4gR4Su-1OwAUMo,OK,34964,471570211131006
1657.098,35.2051043,-89.79754849999999,ChIJpRDMlY2df4gRQqHmUo_lzmc,OK,92383,471570211131006
1558.692,35.0068452,-90.00681259999999,ChIJz3G0Jpti1YcRMCYWHOflqrA,OK,109577,471570221301004
1558.692,35.0068452,-90.00681259999999,ChIJz3G0Jpti1YcRMCYWHOflqrA,OK,109577,471570221301004
1759.861,34.9907298,-89.99350899999999,ChIJaR6gqdOJf4gRbmqB7wctwt0,OK,121843,471570221301004
1788.73,35.02138900000001,-89.996898,ChIJz3MQkR6If4gRIBgmNH-BQcg,OK,115183,471570221221022
1788.73,35.02138900000001,-89.996898,ChIJz3MQkR6If4gRIBgmNH-BQcg,OK,115183,471570221221022
2758.265,34.9907298,-89.99350899999999,ChIJaR6gqdOJf4gRbmqB7wctwt0,OK,168880,471570221221022
2203.774,35.02138900000001,-89.996898,ChIJz3MQkR6If4gRIBgmNH-BQcg,OK,144013,471570221223004
2203.774,35.02138900000001,-89.996898,ChIJz3MQkR6If4gRIBgmNH-BQcg,OK,144013,471570221223004
2124.282,35.0068452,-90.00681259999999,ChIJz3G0Jpti1YcRMCYWHOflqrA,OK,148330,471570221223004
3079.97,35.02138900000001,-89.996898,ChIJz3MQkR6If4gRIBgmNH-BQcg,OK,174361,471570220225009
3079.97,35.02138900000001,-89.996898,ChIJz3MQkR6If4gRIBgmNH-BQcg,OK,174361,471570220225009
2941.524,35.054745,-90.007971,ChIJXxyyQlt91YcRhldtWgjSnSE,OK,183759,471570220225009
1908.605,35.02138900000001,-89.996898,ChIJz3MQkR6If4gRIBgmNH-BQcg,OK,117939,471570221224004
1908.605,35.02138900000001,-89.996898,ChIJz3MQkR6If4gRIBgmNH-BQcg,OK,117939,471570221224004
2362.396,34.9907298,-89.99350899999999,ChIJaR6gqdOJf4gRbmqB7wctwt0,OK,143074,471570221224004
2515.312,35.02138900000001,-89.996898,ChIJz3MQkR6If4gRIBgmNH-BQcg,OK,203991,471570219004001
2515.312,35.02138900000001,-89.996898,ChIJz3MQkR6If4gRIBgmNH-BQcg,OK,203991,471570219004001
3379.069,34.9907298,-89.99350899999999,ChIJaR6gqdOJf4gRbmqB7wctwt0,OK,251830,471570219004001
1593.726,35.0068452,-90.00681259999999,ChIJz3G0Jpti1YcRMCYWHOflqrA,OK,113782,471570221301005
1593.726,35.0068452,-90.00681259999999,ChIJz3G0Jpti1YcRMCYWHOflqrA,OK,113782,471570221301005
2179.233,34.9907298,-89.99350899999999,ChIJaR6gqdOJf4gRbmqB7wctwt0,OK,141396,471570221301005
3536.966,35.015991,-89.935953,ChIJSSHzkseIf4gRnqbOP98HojY,OK,230703,471570219004015
3536.966,35.015991,-89.935953,ChIJSSHzkseIf4gRnqbOP98HojY,OK,230703,471570219004015
3602.642,35.02379430000001,-89.96377079999999,ChIJDVntamKIf4gRlF5S6rdAlgc,OK,235837,471570219004015
3069.09,35.02379430000001,-89.96377079999999,ChIJDVntamKIf4gRlF5S6rdAlgc,OK,245791,471570219004017
3069.09,35.02379430000001,-89.96377079999999,ChIJDVntamKIf4gRlF5S6rdAlgc,OK,245791,471570219004017
4038.801,35.015991,-89.935953,ChIJSSHzkseIf4gRnqbOP98HojY,OK,298008,471570219004017
3052.603,34.9907298,-89.99350899999999,ChIJaR6gqdOJf4gRbmqB7wctwt0,OK,175634,471570219004008
3052.603,34.9907298,-89.99350899999999,ChIJaR6gqdOJf4gRbmqB7wctwt0,OK,175634,471570219004008
3686.403,35.02138900000001,-89.996898,ChIJz3MQkR6If4gRIBgmNH-BQcg,OK,210733,471570219004008
3750.241,35.015991,-89.935953,ChIJSSHzkseIf4gRnqbOP98HojY,OK,256295,471570219004013
3750.241,35.015991,-89.935953,ChIJSSHzkseIf4gRnqbOP98HojY,OK,256295,471570219004013
3815.917,35.02379430000001,-89.96377079999999,ChIJDVntamKIf4gRlF5S6rdAlgc,OK,261429,471570219004013
3140.145,34.9907298,-89.99350899999999,ChIJaR6gqdOJf4gRbmqB7wctwt0,OK,209329,471570219004003
3140.145,34.9907298,-89.99350899999999,ChIJaR6gqdOJf4gRbmqB7wctwt0,OK,209329,471570219004003
3049.192,35.0068452,-90.00681259999999,ChIJz3G0Jpti1YcRMCYWHOflqrA,OK,211387,471570219004003
4216.909,34.9907298,-89.99350899999999,ChIJaR6gqdOJf4gRbmqB7wctwt0,keyerror,257197,471570219004012
4216.909,34.9907298,-89.99350899999999,ChIJaR6gqdOJf4gRbmqB7wctwt0,keyerror,257197,471570219004012
5363.316,35.02379430000001,-89.96377079999999,ChIJDVntamKIf4gRlF5S6rdAlgc,keyerror,329619,471570219004012
2936.454,35.015991,-89.935953,ChIJSSHzkseIf4gRnqbOP98HojY,OK,171111,471570219004025
2936.454,35.015991,-89.935953,ChIJSSHzkseIf4gRnqbOP98HojY,OK,171111,471570219004025
3002.13,35.02379430000001,-89.96377079999999,ChIJDVntamKIf4gRlF5S6rdAlgc,OK,176245,471570219004025
797.509,35.1075089,-89.9318387,ChIJVboYU6KGf4gRHfEHUi8Izac,OK,64941,471570118004004
797.509,35.1075089,-89.9318387,ChIJVboYU6KGf4gRHfEHUi8Izac,OK,64941,471570118004004
939.416,35.1079763,-89.9333841,ChIJqZoM4qKGf4gREaZMyPG1GBQ,OK,73456,471570118004004
1952.624,35.098685,-90.05664899999999,ChIJ31qwBkJ81YcRk2V5pdmdhrM,OK,144228,471570117001114
1952.624,35.098685,-90.05664899999999,ChIJ31qwBkJ81YcRk2V5pdmdhrM,OK,144228,471570117001114
2809.245,35.1251709,-90.0481695,ChIJybIJtCd81YcR9Otxws-5qCM,OK,175551,471570117001114
1819.839,35.098685,-90.05664899999999,ChIJ31qwBkJ81YcRk2V5pdmdhrM,OK,104593,471570117001137
1819.839,35.098685,-90.05664899999999,ChIJ31qwBkJ81YcRk2V5pdmdhrM,OK,104593,471570117001137
2208.831,35.095133,-90.05542799999999,ChIJATnUo0J81YcRpbAuNwXeqRw,OK,126137,471570117001137
587.745,35.1075089,-89.9318387,ChIJVboYU6KGf4gRHfEHUi8Izac,OK,48455,471570118004007
587.745,35.1075089,-89.9318387,ChIJVboYU6KGf4gRHfEHUi8Izac,OK,48455,471570118004007
729.653,35.1079763,-89.9333841,ChIJqZoM4qKGf4gREaZMyPG1GBQ,OK,56970,471570118004007
3236.199,35.1503395,-89.89321,ChIJRaSiF6KDf4gRNIqqt1VnH58,OK,231693,471570092003025
3236.199,35.1503395,-89.89321,ChIJRaSiF6KDf4gRNIqqt1VnH58,OK,231693,471570092003025
3246.043,35.156962,-89.88851749999999,ChIJaVmJmQmDf4gR3ZGZP7kcoeo,OK,241168,471570092003025
2889.441,35.148225,-89.89748700000001,ChIJC8t095eDf4gRGuXK3FleZyg,OK,213781,471570092003030
3145.896,35.1503395,-89.89321,ChIJRaSiF6KDf4gRNIqqt1VnH58,OK,220858,471570092003030
3145.896,35.1503395,-89.89321,ChIJRaSiF6KDf4gRNIqqt1VnH58,OK,220858,471570092003030
4650.755,35.0854368,-89.89541919999999,ChIJf5cc-VKEf4gRF-lYLgijYQQ,OK,225623,471570096001033
8122.955,35.1145886,-89.90089789999999,ChIJKWmlFW6Ef4gR0YNISWQMkss,OK,436132,471570096001033
8122.955,35.1145886,-89.90089789999999,ChIJKWmlFW6Ef4gR0YNISWQMkss,OK,436132,471570096001033
4261.251,35.0854368,-89.89541919999999,ChIJf5cc-VKEf4gRF-lYLgijYQQ,OK,208095,471570096004033
4261.251,35.0854368,-89.89541919999999,ChIJf5cc-VKEf4gRF-lYLgijYQQ,OK,208095,471570096004033
7733.45,35.1145886,-89.90089789999999,ChIJKWmlFW6Ef4gR0YNISWQMkss,OK,418604,471570096004033
7467.286,35.0854368,-89.89541919999999,ChIJf5cc-VKEf4gRF-lYLgijYQQ,OK,364595,471570095004033
7467.286,35.0854368,-89.89541919999999,ChIJf5cc-VKEf4gRF-lYLgijYQQ,OK,364595,471570095004033
9658.158,35.0612606,-89.88628629999999,ChIJAQ_I1gqFf4gRFrt5yQeAEps,OK,490203,471570095004033
3622.204,35.0854368,-89.89541919999999,ChIJf5cc-VKEf4gRF-lYLgijYQQ,OK,175497,471570095004034
3622.204,35.0854368,-89.89541919999999,ChIJf5cc-VKEf4gRF-lYLgijYQQ,OK,175497,471570095004034
5478.788,35.0612606,-89.88628629999999,ChIJAQ_I1gqFf4gRFrt5yQeAEps,OK,296753,471570095004034
2927.465,35.093591,-90.056624,ChIJgyVl92d81YcRhuRHHckl8Y4,OK,172028,471570053003053
2927.465,35.093591,-90.056624,ChIJgyVl92d81YcRhuRHHckl8Y4,OK,172028,471570053003053
3107.302,35.095133,-90.05542799999999,ChIJATnUo0J81YcRpbAuNwXeqRw,OK,181988,471570053003053
1701.567,35.0515544,-89.92255089999999,ChIJG_UFGuOFf4gRyHNDzwp5is0,OK,89618,471570226001103
1701.567,35.0515544,-89.92255089999999,ChIJG_UFGuOFf4gRyHNDzwp5is0,OK,89618,471570226001103
3133.1,35.0515568,-89.90630259999999,ChIJrU8jyZKFf4gRubg1AIyELWY,OK,175788,471570226001103
999.143,35.02138900000001,-89.996898,ChIJz3MQkR6If4gRIBgmNH-BQcg,OK,61722,471570221121020
999.143,35.02138900000001,-89.996898,ChIJz3MQkR6If4gRIBgmNH-BQcg,OK,61722,471570221121020
3049.882,35.02379430000001,-89.96377079999999,ChIJDVntamKIf4gRlF5S6rdAlgc,OK,176784,471570221121020
1720.282,35.098685,-90.05664899999999,ChIJ31qwBkJ81YcRk2V5pdmdhrM,OK,112667,471570117001136
1720.282,35.098685,-90.05664899999999,ChIJ31qwBkJ81YcRk2V5pdmdhrM,OK,112667,471570117001136
2109.275,35.095133,-90.05542799999999,ChIJATnUo0J81YcRpbAuNwXeqRw,OK,134211,471570117001136
2518.013,35.095133,-90.05542799999999,ChIJATnUo0J81YcRpbAuNwXeqRw,OK,189273,471570053001013
2838.911,35.098685,-90.05664899999999,ChIJ31qwBkJ81YcRk2V5pdmdhrM,OK,194484,471570053001013
2838.911,35.098685,-90.05664899999999,ChIJ31qwBkJ81YcRk2V5pdmdhrM,OK,194484,471570053001013
5049.45,35.1145886,-89.90089789999999,ChIJKWmlFW6Ef4gR0YNISWQMkss,OK,324711,471570213112020
5049.45,35.1145886,-89.90089789999999,ChIJKWmlFW6Ef4gR0YNISWQMkss,OK,324711,471570213112020
5838.949,35.0854368,-89.89541919999999,ChIJf5cc-VKEf4gRF-lYLgijYQQ,OK,328430,471570213112020
5294.377,35.1145886,-89.90089789999999,ChIJKWmlFW6Ef4gR0YNISWQMkss,OK,355835,471570213112021
6083.877,35.0854368,-89.89541919999999,ChIJf5cc-VKEf4gRF-lYLgijYQQ,OK,359554,471570213112021
6083.877,35.0854368,-89.89541919999999,ChIJf5cc-VKEf4gRF-lYLgijYQQ,OK,359554,471570213112021
2404.083,35.095133,-90.05542799999999,ChIJATnUo0J81YcRpbAuNwXeqRw,OK,181218,471570053002002
2565.486,35.098685,-90.05664899999999,ChIJ31qwBkJ81YcRk2V5pdmdhrM,OK,190157,471570053002002
2565.486,35.098685,-90.05664899999999,ChIJ31qwBkJ81YcRk2V5pdmdhrM,OK,190157,471570053002002
6803.134,35.16339899999999,-89.855841,ChIJA_xfkC6Df4gRAjVZwLz1jqA,OK,478594,471570092005001
6803.134,35.16339899999999,-89.855841,ChIJA_xfkC6Df4gRAjVZwLz1jqA,OK,478594,471570092005001
6878.289,35.1623785,-89.8566175,ChIJXQHWWS6Df4gRqhH5EQ9H1j0,OK,487559,471570092005001
2509.506,35.098685,-90.05664899999999,ChIJ31qwBkJ81YcRk2V5pdmdhrM,OK,169529,471570053001024
2509.506,35.098685,-90.05664899999999,ChIJ31qwBkJ81YcRk2V5pdmdhrM,OK,169529,471570053001024
2289.513,35.095133,-90.05542799999999,ChIJATnUo0J81YcRpbAuNwXeqRw,OK,175961,471570053001024
7000.091,35.16339899999999,-89.855841,ChIJA_xfkC6Df4gRAjVZwLz1jqA,OK,499373,471570092005002
7000.091,35.16339899999999,-89.855841,ChIJA_xfkC6Df4gRAjVZwLz1jqA,OK,499373,471570092005002
7075.247,35.1623785,-89.8566175,ChIJXQHWWS6Df4gRqhH5EQ9H1j0,OK,508338,471570092005002
2061.255,35.095133,-90.05542799999999,ChIJATnUo0J81YcRpbAuNwXeqRw,OK,151541,471570053001022
2222.658,35.098685,-90.05664899999999,ChIJ31qwBkJ81YcRk2V5pdmdhrM,OK,160480,471570053001022
2222.658,35.098685,-90.05664899999999,ChIJ31qwBkJ81YcRk2V5pdmdhrM,OK,160480,471570053001022
3796.877,35.2337782,-89.9252472,ChIJra3pLkt_f4gRjZbqnHrruIM,OK,257126,471570205212004
4808.079,35.222344,-89.97682999999999,ChIJ987Br45_f4gRjwrvnFN8t7k,OK,318260,471570205212004
4808.079,35.222344,-89.97682999999999,ChIJ987Br45_f4gRjwrvnFN8t7k,OK,318260,471570205212004
997.558,35.0225458,-90.0257415,ChIJnc94gMRi1YcRKYztFRuX2Yw,OK,95669,471570221213011
997.558,35.0225458,-90.0257415,ChIJnc94gMRi1YcRKYztFRuX2Yw,OK,95669,471570221213011
1354.087,35.021381,-90.020287,ChIJnVfwxMBi1YcR65EtGsZDcOY,OK,116155,471570221213011
1766.793,35.0333519,-90.02557630000001,ChIJK8z8Ksxi1YcRt8pxxgP2SA4,OK,110229,471570220243003
1766.793,35.0333519,-90.02557630000001,ChIJK8z8Ksxi1YcRt8pxxgP2SA4,OK,110229,471570220243003
1766.888,35.033351,-90.02556199999999,ChIJY7ePKsxi1YcRIP55gZFchMw,OK,110234,471570220243003
3394.148,35.2337782,-89.9252472,ChIJra3pLkt_f4gRjZbqnHrruIM,OK,211802,471570205213006
3394.148,35.2337782,-89.9252472,ChIJra3pLkt_f4gRjZbqnHrruIM,OK,211802,471570205213006
4629.633,35.222344,-89.97682999999999,ChIJ987Br45_f4gRjwrvnFN8t7k,OK,289957,471570205213006
264.096,35.17410499999999,-89.97575479999999,ChIJmfYTGFmAf4gRHGKCaD0qCtI,OK,21958,471570008002009
264.096,35.17410499999999,-89.97575479999999,ChIJmfYTGFmAf4gRHGKCaD0qCtI,OK,21958,471570008002009
1286.328,35.1738374,-89.98954379999999,ChIJ_S0BIGOAf4gRU3Ph4W65cOQ,OK,83284,471570008002009
3286.897,35.2337782,-89.9252472,ChIJra3pLkt_f4gRjZbqnHrruIM,OK,204080,471570205213007
3286.897,35.2337782,-89.9252472,ChIJra3pLkt_f4gRjZbqnHrruIM,OK,204080,471570205213007
4799.019,35.222344,-89.97682999999999,ChIJ987Br45_f4gRjwrvnFN8t7k,OK,291865,471570205213007
3284.664,35.2337782,-89.9252472,ChIJra3pLkt_f4gRjZbqnHrruIM,OK,203920,471570205213005
3284.664,35.2337782,-89.9252472,ChIJra3pLkt_f4gRjZbqnHrruIM,OK,203920,471570205213005
4796.787,35.222344,-89.97682999999999,ChIJ987Br45_f4gRjwrvnFN8t7k,OK,291705,471570205213005
1545.302,35.0333519,-90.02557630000001,ChIJK8z8Ksxi1YcRt8pxxgP2SA4,OK,107011,471570220242009
1545.302,35.0333519,-90.02557630000001,ChIJK8z8Ksxi1YcRt8pxxgP2SA4,OK,107011,471570220242009
1545.397,35.033351,-90.02556199999999,ChIJY7ePKsxi1YcRIP55gZFchMw,OK,107016,471570220242009
3080.195,35.2337782,-89.9252472,ChIJra3pLkt_f4gRjZbqnHrruIM,OK,189198,471570205213011
3080.195,35.2337782,-89.9252472,ChIJra3pLkt_f4gRjZbqnHrruIM,OK,189198,471570205213011
4592.318,35.222344,-89.97682999999999,ChIJ987Br45_f4gRjwrvnFN8t7k,OK,276983,471570205213011
1164.833,35.0333519,-90.02557630000001,ChIJK8z8Ksxi1YcRt8pxxgP2SA4,OK,87359,471570220242010
1164.833,35.0333519,-90.02557630000001,ChIJK8z8Ksxi1YcRt8pxxgP2SA4,OK,87359,471570220242010
1164.928,35.033351,-90.02556199999999,ChIJY7ePKsxi1YcRIP55gZFchMw,OK,87364,471570220242010
1608.215,35.2337782,-89.9252472,ChIJra3pLkt_f4gRjZbqnHrruIM,OK,118325,471570205232002
1608.215,35.2337782,-89.9252472,ChIJra3pLkt_f4gRjZbqnHrruIM,OK,118325,471570205232002
5255.027,35.2158947,-89.9151158,ChIJxetq6ad4f4gRD1K1cIBWUQ4,OK,354906,471570205232002
2511.823,35.22619459999999,-90.0020167,ChIJvTh1mwiA1YcRLLqD5Uxq8Nc,OK,144533,471570099013002
2511.823,35.22619459999999,-90.0020167,ChIJvTh1mwiA1YcRLLqD5Uxq8Nc,OK,144533,471570099013002
3322.218,35.218332,-90.00299799999999,ChIJfRCGEgGA1YcRsZsWP_dycDI,OK,192000,471570099013002
733.574,35.0333519,-90.02557630000001,ChIJK8z8Ksxi1YcRt8pxxgP2SA4,OK,50662,471570220243015
733.574,35.0333519,-90.02557630000001,ChIJK8z8Ksxi1YcRt8pxxgP2SA4,OK,50662,471570220243015
733.668,35.033351,-90.02556199999999,ChIJY7ePKsxi1YcRIP55gZFchMw,OK,50667,471570220243015
620.392,35.22619459999999,-90.0020167,ChIJvTh1mwiA1YcRLLqD5Uxq8Nc,OK,65471,471570100005006
620.392,35.22619459999999,-90.0020167,ChIJvTh1mwiA1YcRLLqD5Uxq8Nc,OK,65471,471570100005006
1315.983,35.218332,-90.00299799999999,ChIJfRCGEgGA1YcRsZsWP_dycDI,OK,106162,471570100005006
1951.181,35.0333519,-90.02557630000001,ChIJK8z8Ksxi1YcRt8pxxgP2SA4,OK,141986,471570220243006
1951.181,35.0333519,-90.02557630000001,ChIJK8z8Ksxi1YcRt8pxxgP2SA4,OK,141986,471570220243006
1951.275,35.033351,-90.02556199999999,ChIJY7ePKsxi1YcRIP55gZFchMw,OK,141991,471570220243006
4385.735,35.22619459999999,-90.0020167,ChIJvTh1mwiA1YcRLLqD5Uxq8Nc,OK,419921,471570103001000
4385.735,35.22619459999999,-90.0020167,ChIJvTh1mwiA1YcRLLqD5Uxq8Nc,OK,419921,471570103001000
5924.928,35.222344,-89.97682999999999,ChIJ987Br45_f4gRjwrvnFN8t7k,OK,533048,471570103001000
1965.531,35.0333519,-90.02557630000001,ChIJK8z8Ksxi1YcRt8pxxgP2SA4,OK,136179,471570220243007
1965.531,35.0333519,-90.02557630000001,ChIJK8z8Ksxi1YcRt8pxxgP2SA4,OK,136179,471570220243007
1965.625,35.033351,-90.02556199999999,ChIJY7ePKsxi1YcRIP55gZFchMw,OK,136184,471570220243007
1954.773,35.0333519,-90.02557630000001,ChIJK8z8Ksxi1YcRt8pxxgP2SA4,OK,142416,471570220243001
1954.868,35.033351,-90.02556199999999,ChIJY7ePKsxi1YcRIP55gZFchMw,OK,142421,471570220243001
1954.868,35.033351,-90.02556199999999,ChIJY7ePKsxi1YcRIP55gZFchMw,OK,142421,471570220243001
1018.637,35.0333519,-90.02557630000001,ChIJK8z8Ksxi1YcRt8pxxgP2SA4,OK,84869,471570220243011
1018.637,35.0333519,-90.02557630000001,ChIJK8z8Ksxi1YcRt8pxxgP2SA4,OK,84869,471570220243011
1018.731,35.033351,-90.02556199999999,ChIJY7ePKsxi1YcRIP55gZFchMw,OK,84874,471570220243011
2999.949,35.2337782,-89.9252472,ChIJra3pLkt_f4gRjZbqnHrruIM,OK,183421,471570205213010
2999.949,35.2337782,-89.9252472,ChIJra3pLkt_f4gRjZbqnHrruIM,OK,183421,471570205213010
4512.072,35.222344,-89.97682999999999,ChIJ987Br45_f4gRjwrvnFN8t7k,OK,271206,471570205213010
1322.399,35.14981359999999,-89.94918609999999,ChIJVdGBGRaBf4gRsi89Rzqn8W4,OK,87211,471570029001002
1322.399,35.14981359999999,-89.94918609999999,ChIJVdGBGRaBf4gRsi89Rzqn8W4,OK,87211,471570029001002
1873.602,35.1497164,-89.95515999999999,ChIJcQb6ehiBf4gR-uA54eRPNq8,OK,122511,471570029001002
3251.622,35.0078094,-89.83044679999999,ChIJpwHMo0eQf4gRIqmNFjWLuW4,OK,219392,471570226001200
3251.622,35.0078094,-89.83044679999999,ChIJpwHMo0eQf4gRIqmNFjWLuW4,OK,219392,471570226001200
5502.533,35.0220022,-89.82947999999999,ChIJxT9DeWuQf4gRf6HLF5uJHd0,OK,344742,471570226001200
962.309,35.051879,-89.95322299999999,ChIJtbdkhjqGf4gRndtG1KtFnTA,OK,86279,471570110202004
962.309,35.051879,-89.95322299999999,ChIJtbdkhjqGf4gRndtG1KtFnTA,OK,86279,471570110202004
2648.726,35.05905920000001,-89.9340455,ChIJM89Mbw2Gf4gRFqf4fPnKU7k,OK,179365,471570110202004
1547.331,35.0068452,-90.00681259999999,ChIJz3G0Jpti1YcRMCYWHOflqrA,OK,108214,471570221301000
1547.331,35.0068452,-90.00681259999999,ChIJz3G0Jpti1YcRMCYWHOflqrA,OK,108214,471570221301000
1732.917,34.9907298,-89.99350899999999,ChIJaR6gqdOJf4gRbmqB7wctwt0,OK,118610,471570221301000
2363.701,35.0078094,-89.83044679999999,ChIJpwHMo0eQf4gRIqmNFjWLuW4,OK,153469,471570217541010
2363.701,35.0078094,-89.83044679999999,ChIJpwHMo0eQf4gRIqmNFjWLuW4,OK,153469,471570217541010
3085.293,35.0220022,-89.82947999999999,ChIJxT9DeWuQf4gRf6HLF5uJHd0,OK,195830,471570217541010
2129.582,35.2051043,-89.79754849999999,ChIJpRDMlY2df4gRQqHmUo_lzmc,OK,151186,471570211131030
2129.582,35.2051043,-89.79754849999999,ChIJpRDMlY2df4gRQqHmUo_lzmc,OK,151186,471570211131030
2568.194,35.2045576,-89.81176689999999,ChIJ8ROix4Kdf4gR4Su-1OwAUMo,OK,168543,471570211131030
1200.448,35.2064292,-89.73436359999999,ChIJP6qgZdGff4gRQoIww3TX5kM,OK,56647,471570210102016
1200.448,35.2064292,-89.73436359999999,ChIJP6qgZdGff4gRQoIww3TX5kM,OK,56647,471570210102016
1656.283,35.2044739,-89.76342459999999,ChIJ3XsJxyKef4gRTeWb3lonWsU,OK,85556,471570210102016
2221.191,35.2064292,-89.73436359999999,ChIJP6qgZdGff4gRQoIww3TX5kM,OK,150238,471570210102024
2221.191,35.2064292,-89.73436359999999,ChIJP6qgZdGff4gRQoIww3TX5kM,OK,150238,471570210102024
2437.088,35.2044739,-89.76342459999999,ChIJ3XsJxyKef4gRTeWb3lonWsU,OK,176714,471570210102024
6546.397,35.0326981,-90.07589809999999,ChIJ9S1ljalk1YcRvuG-_hbpimA,OK,417741,471570222102021
6546.397,35.0326981,-90.07589809999999,ChIJ9S1ljalk1YcRvuG-_hbpimA,OK,417741,471570222102021
7283.224,35.02753099999999,-90.082077,ChIJK66rdetk1YcRwwxI9gDREks,OK,459488,471570222102021
2595.377,35.2337782,-89.9252472,ChIJra3pLkt_f4gRjZbqnHrruIM,OK,211649,471570205241004
2595.377,35.2337782,-89.9252472,ChIJra3pLkt_f4gRjZbqnHrruIM,OK,211649,471570205241004
3881.735,35.210167,-89.919383,ChIJi0gqlgaCf4gRjUvfmHxGMyw,OK,309447,471570205241004
2157.888,35.051879,-89.95322299999999,ChIJtbdkhjqGf4gRndtG1KtFnTA,OK,191077,471570110102009
2157.888,35.051879,-89.95322299999999,ChIJtbdkhjqGf4gRndtG1KtFnTA,OK,191077,471570110102009
3298.845,35.0374859,-89.93716700000002,ChIJESgedaeIf4gRXlLu5ht4wNo,OK,253070,471570110102009
2423.533,35.2337782,-89.9252472,ChIJra3pLkt_f4gRjZbqnHrruIM,OK,196456,471570205241005
2423.533,35.2337782,-89.9252472,ChIJra3pLkt_f4gRjZbqnHrruIM,OK,196456,471570205241005
3586.364,35.210167,-89.919383,ChIJi0gqlgaCf4gRjUvfmHxGMyw,OK,274003,471570205241005
1295.925,35.2337782,-89.9252472,ChIJra3pLkt_f4gRjZbqnHrruIM,OK,125064,471570205242004
1295.925,35.2337782,-89.9252472,ChIJra3pLkt_f4gRjZbqnHrruIM,OK,125064,471570205242004
3733.78,35.210167,-89.919383,ChIJi0gqlgaCf4gRjUvfmHxGMyw,OK,339070,471570205242004
747.054,35.2337782,-89.9252472,ChIJra3pLkt_f4gRjZbqnHrruIM,OK,55777,471570205232020
747.054,35.2337782,-89.9252472,ChIJra3pLkt_f4gRjZbqnHrruIM,OK,55777,471570205232020
4393.865,35.2158947,-89.9151158,ChIJxetq6ad4f4gRD1K1cIBWUQ4,OK,292358,471570205232020
1067.732,35.2337782,-89.9252472,ChIJra3pLkt_f4gRjZbqnHrruIM,OK,115439,471570205242012
1067.732,35.2337782,-89.9252472,ChIJra3pLkt_f4gRjZbqnHrruIM,OK,115439,471570205242012
3270.903,35.210167,-89.919383,ChIJi0gqlgaCf4gRjUvfmHxGMyw,OK,283527,471570205242012
2128.744,35.2023757,-89.9218691,ChIJvw7rwByCf4gRrAscHKjp1Iw,OK,182837,471570205122000
2128.744,35.2023757,-89.9218691,ChIJvw7rwByCf4gRrAscHKjp1Iw,OK,182837,471570205122000
2798.786,35.210167,-89.919383,ChIJi0gqlgaCf4gRjUvfmHxGMyw,OK,223862,471570205122000
2317.539,35.0477573,-89.86637909999999,ChIJ5_0L5VyFf4gR4HBEwl6nmRE,OK,154295,471570217323002
2317.539,35.0477573,-89.86637909999999,ChIJ5_0L5VyFf4gR4HBEwl6nmRE,OK,154295,471570217323002
1891.924,35.0493493,-89.855357,ChIJH2Nw4lGFf4gRq0vxk4n5iAE,OK,160241,471570217323002
1985.66,35.086634,-89.96355199999999,ChIJW0XU3AGHf4gRINnmxvx9m5A,OK,108888,471579801001020
1985.66,35.086634,-89.96355199999999,ChIJW0XU3AGHf4gRINnmxvx9m5A,OK,108888,471579801001020
1952.024,35.06591589999999,-89.94154240000002,ChIJTUcfL2qGf4gRH4x-pmmajWw,OK,117232,471579801001020
2481.757,35.1738374,-89.98954379999999,ChIJ_S0BIGOAf4gRU3Ph4W65cOQ,OK,163339,471570004001023
2481.757,35.1738374,-89.98954379999999,ChIJ_S0BIGOAf4gRU3Ph4W65cOQ,OK,163339,471570004001023
3787.793,35.1490317,-90.0140679,ChIJw3q9_xV-1YcRqrte6yBn1CI,OK,223500,471570004001023
1273.996,35.095133,-90.05542799999999,ChIJATnUo0J81YcRpbAuNwXeqRw,OK,90327,471570055002008
1273.996,35.095133,-90.05542799999999,ChIJATnUo0J81YcRpbAuNwXeqRw,OK,90327,471570055002008
936.109,35.093591,-90.056624,ChIJgyVl92d81YcRhuRHHckl8Y4,OK,97872,471570055002008
456.554,35.142439,-90.006118,ChIJeUPo2Rt-1YcRdoG2a54M-d0,OK,46926,471570034002000
456.554,35.142439,-90.006118,ChIJeUPo2Rt-1YcRdoG2a54M-d0,OK,46926,471570034002000
593.948,35.13763670000001,-90.00757159999999,ChIJl69WLQV-1YcRU3z7Tt2MyhY,OK,58822,471570034002000
1670.657,35.093591,-90.056624,ChIJgyVl92d81YcRhuRHHckl8Y4,OK,125225,471570056003032
1670.657,35.093591,-90.056624,ChIJgyVl92d81YcRhuRHHckl8Y4,OK,125225,471570056003032
1850.494,35.095133,-90.05542799999999,ChIJATnUo0J81YcRpbAuNwXeqRw,OK,135185,471570056003032
1091.295,35.1157645,-90.022279,ChIJwZqBNMN91YcRRpdDvj5Pcr8,OK,84486,471570116002021
1091.295,35.1157645,-90.022279,ChIJwZqBNMN91YcRRpdDvj5Pcr8,OK,84486,471570116002021
1932.865,35.1087458,-90.0211918,ChIJe6w2EsF91YcRquzVZc8M0-I,OK,133103,471570116002021
2194.999,35.1439641,-90.0517892,ChIJL-0zBZR-1YcRj7p5p1WY4-g,OK,177323,471570021001056
2194.999,35.1439641,-90.0517892,ChIJL-0zBZR-1YcRj7p5p1WY4-g,OK,177323,471570021001056
2403.916,35.1450994,-90.0538646,ChIJne6_s5V-1YcRn_LPaqiwhrk,OK,182777,471570021001056
2498.217,35.0326981,-90.07589809999999,ChIJ9S1ljalk1YcRvuG-_hbpimA,OK,162785,471570223213014
2498.217,35.0326981,-90.07589809999999,ChIJ9S1ljalk1YcRvuG-_hbpimA,OK,162785,471570223213014
2426.943,35.0543926,-90.0597009,ChIJT5TzUbl81YcRiPqNjkbj9CA,OK,169295,471570223213014
1024.793,35.2064292,-89.73436359999999,ChIJP6qgZdGff4gRQoIww3TX5kM,OK,46113,471570208202085
1024.793,35.2064292,-89.73436359999999,ChIJP6qgZdGff4gRQoIww3TX5kM,OK,46113,471570208202085
3686.697,35.2044739,-89.76342459999999,ChIJ3XsJxyKef4gRTeWb3lonWsU,OK,174291,471570208202085
1669.35,35.02379430000001,-89.96377079999999,ChIJDVntamKIf4gRlF5S6rdAlgc,OK,100160,471579801001097
1669.35,35.02379430000001,-89.96377079999999,ChIJDVntamKIf4gRlF5S6rdAlgc,OK,100160,471579801001097
2517.637,35.051879,-89.95322299999999,ChIJtbdkhjqGf4gRndtG1KtFnTA,OK,146517,471579801001097
2185.074,35.051879,-89.95322299999999,ChIJtbdkhjqGf4gRndtG1KtFnTA,OK,163970,471570110102004
2185.074,35.051879,-89.95322299999999,ChIJtbdkhjqGf4gRndtG1KtFnTA,OK,163970,471570110102004
2887.733,35.0374859,-89.93716700000002,ChIJESgedaeIf4gRXlLu5ht4wNo,OK,208751,471570110102004
2169.676,35.0374859,-89.93716700000002,ChIJESgedaeIf4gRXlLu5ht4wNo,OK,145097,471570110103001
2464.474,35.051879,-89.95322299999999,ChIJtbdkhjqGf4gRndtG1KtFnTA,OK,162739,471570110103001
2464.474,35.051879,-89.95322299999999,ChIJtbdkhjqGf4gRndtG1KtFnTA,OK,162739,471570110103001
2170.906,35.051879,-89.95322299999999,ChIJtbdkhjqGf4gRndtG1KtFnTA,OK,162270,471570110102007
2170.906,35.051879,-89.95322299999999,ChIJtbdkhjqGf4gRndtG1KtFnTA,OK,162270,471570110102007
2582.851,35.0374859,-89.93716700000002,ChIJESgedaeIf4gRXlLu5ht4wNo,OK,189521,471570110102007
1986.602,35.051879,-89.95322299999999,ChIJtbdkhjqGf4gRndtG1KtFnTA,OK,133493,471570110102008
1986.602,35.051879,-89.95322299999999,ChIJtbdkhjqGf4gRndtG1KtFnTA,OK,133493,471570110102008
2609.894,35.0374859,-89.93716700000002,ChIJESgedaeIf4gRXlLu5ht4wNo,OK,166762,471570110102008
2192.574,35.0374859,-89.93716700000002,ChIJESgedaeIf4gRXlLu5ht4wNo,OK,147845,471570110103000
2487.373,35.051879,-89.95322299999999,ChIJtbdkhjqGf4gRndtG1KtFnTA,OK,165487,471570110103000
2487.373,35.051879,-89.95322299999999,ChIJtbdkhjqGf4gRndtG1KtFnTA,OK,165487,471570110103000
2348.786,35.0374859,-89.93716700000002,ChIJESgedaeIf4gRXlLu5ht4wNo,OK,154305,471570110102003
2053.071,35.02379430000001,-89.96377079999999,ChIJDVntamKIf4gRlF5S6rdAlgc,OK,159401,471570110102003
2053.071,35.02379430000001,-89.96377079999999,ChIJDVntamKIf4gRlF5S6rdAlgc,OK,159401,471570110102003
2394.527,35.0374859,-89.93716700000002,ChIJESgedaeIf4gRXlLu5ht4wNo,OK,165195,471570110103002
2098.812,35.02379430000001,-89.96377079999999,ChIJDVntamKIf4gRlF5S6rdAlgc,OK,170291,471570110103002
2098.812,35.02379430000001,-89.96377079999999,ChIJDVntamKIf4gRlF5S6rdAlgc,OK,170291,471570110103002
761.332,35.02379430000001,-89.96377079999999,ChIJDVntamKIf4gRlF5S6rdAlgc,OK,67072,471570110103010
761.332,35.02379430000001,-89.96377079999999,ChIJDVntamKIf4gRlF5S6rdAlgc,OK,67072,471570110103010
2868.499,35.02099699999999,-89.93544,ChIJW6hY3LmIf4gRWjIeu9tMgvU,OK,182287,471570110103010
1864.279,35.051879,-89.95322299999999,ChIJtbdkhjqGf4gRndtG1KtFnTA,OK,149160,471570110201015
1864.279,35.051879,-89.95322299999999,ChIJtbdkhjqGf4gRndtG1KtFnTA,OK,149160,471570110201015
1933.818,35.0374859,-89.93716700000002,ChIJESgedaeIf4gRXlLu5ht4wNo,OK,159240,471570110201015
956.961,35.02379430000001,-89.96377079999999,ChIJDVntamKIf4gRlF5S6rdAlgc,OK,69554,471570110103014
956.961,35.02379430000001,-89.96377079999999,ChIJDVntamKIf4gRlF5S6rdAlgc,OK,69554,471570110103014
2414.288,35.02099699999999,-89.93544,ChIJW6hY3LmIf4gRWjIeu9tMgvU,OK,148779,471570110103014
760.184,35.02379430000001,-89.96377079999999,ChIJDVntamKIf4gRlF5S6rdAlgc,OK,66935,471570110103008
760.184,35.02379430000001,-89.96377079999999,ChIJDVntamKIf4gRlF5S6rdAlgc,OK,66935,471570110103008
2596.772,35.02099699999999,-89.93544,ChIJW6hY3LmIf4gRWjIeu9tMgvU,OK,170675,471570110103008
1583.196,35.1161637,-89.9446263,ChIJ-ZiED8iGf4gR32IlfgDBKWY,OK,107786,471570072001008
1583.196,35.1161637,-89.9446263,ChIJ-ZiED8iGf4gR32IlfgDBKWY,OK,107786,471570072001008
2260.861,35.12545849999999,-89.97454169999999,ChIJoyT3HjOHf4gRS6EdHckmff8,OK,139833,471570072001008
1474.199,35.1161637,-89.9446263,ChIJ-ZiED8iGf4gR32IlfgDBKWY,OK,120111,471570070002006
1474.199,35.1161637,-89.9446263,ChIJ-ZiED8iGf4gR32IlfgDBKWY,OK,120111,471570070002006
1717.355,35.108097,-89.941227,ChIJwxJT-r6Gf4gRhLDuFpyb128,OK,138090,471570070002006
1249.137,35.1161637,-89.9446263,ChIJ-ZiED8iGf4gR32IlfgDBKWY,OK,83734,471570072001009
1249.137,35.1161637,-89.9446263,ChIJ-ZiED8iGf4gR32IlfgDBKWY,OK,83734,471570072001009
2331.081,35.108097,-89.941227,ChIJwxJT-r6Gf4gRhLDuFpyb128,OK,144826,471570072001009
1392.791,35.108097,-89.941227,ChIJwxJT-r6Gf4gRhLDuFpyb128,OK,99144,471570070002005
1392.791,35.108097,-89.941227,ChIJwxJT-r6Gf4gRhLDuFpyb128,OK,99144,471570070002005
1576.982,35.1161637,-89.9446263,ChIJ-ZiED8iGf4gR32IlfgDBKWY,OK,132445,471570070002005
615.525,35.1161637,-89.9446263,ChIJ-ZiED8iGf4gR32IlfgDBKWY,OK,44681,471570070001009
615.525,35.1161637,-89.9446263,ChIJ-ZiED8iGf4gR32IlfgDBKWY,OK,44681,471570070001009
1163.81,35.108097,-89.941227,ChIJwxJT-r6Gf4gRhLDuFpyb128,OK,73757,471570070001009
742.683,35.108097,-89.941227,ChIJwxJT-r6Gf4gRhLDuFpyb128,OK,46809,471570070001015
742.683,35.108097,-89.941227,ChIJwxJT-r6Gf4gRhLDuFpyb128,OK,46809,471570070001015
1445.065,35.1079763,-89.9333841,ChIJqZoM4qKGf4gREaZMyPG1GBQ,OK,86699,471570070001015
1550.304,35.0326981,-90.07589809999999,ChIJ9S1ljalk1YcRvuG-_hbpimA,OK,133152,471570223104008
1550.304,35.0326981,-90.07589809999999,ChIJ9S1ljalk1YcRvuG-_hbpimA,OK,133152,471570223104008
1725.2,35.02753099999999,-90.082077,ChIJK66rdetk1YcRwwxI9gDREks,OK,175321,471570223104008
573.699,35.0326981,-90.07589809999999,ChIJ9S1ljalk1YcRvuG-_hbpimA,OK,55023,471570223303001
573.699,35.0326981,-90.07589809999999,ChIJ9S1ljalk1YcRvuG-_hbpimA,OK,55023,471570223303001
848.215,35.02753099999999,-90.082077,ChIJK66rdetk1YcRwwxI9gDREks,OK,70083,471570223303001
648.42,35.0326981,-90.07589809999999,ChIJ9S1ljalk1YcRvuG-_hbpimA,OK,35912,471570223213020
648.42,35.0326981,-90.07589809999999,ChIJ9S1ljalk1YcRvuG-_hbpimA,OK,35912,471570223213020
1449.493,35.02753099999999,-90.082077,ChIJK66rdetk1YcRwwxI9gDREks,OK,80278,471570223213020
2042.652,35.0326981,-90.07589809999999,ChIJ9S1ljalk1YcRvuG-_hbpimA,OK,147988,471570223104002
2042.652,35.0326981,-90.07589809999999,ChIJ9S1ljalk1YcRvuG-_hbpimA,OK,147988,471570223104002
2430.031,35.0543926,-90.0597009,ChIJT5TzUbl81YcRiPqNjkbj9CA,OK,172901,471570223104002
2289.056,35.0326981,-90.07589809999999,ChIJ9S1ljalk1YcRvuG-_hbpimA,OK,177555,471570223104004
2289.056,35.0326981,-90.07589809999999,ChIJ9S1ljalk1YcRvuG-_hbpimA,OK,177555,471570223104004
2676.435,35.0543926,-90.0597009,ChIJT5TzUbl81YcRiPqNjkbj9CA,OK,202468,471570223104004
2409.28,35.0326981,-90.07589809999999,ChIJ9S1ljalk1YcRvuG-_hbpimA,OK,191981,471570223104005
2409.28,35.0326981,-90.07589809999999,ChIJ9S1ljalk1YcRvuG-_hbpimA,OK,191981,471570223104005
2796.659,35.0543926,-90.0597009,ChIJT5TzUbl81YcRiPqNjkbj9CA,OK,216894,471570223104005
755.875,35.0326981,-90.07589809999999,ChIJ9S1ljalk1YcRvuG-_hbpimA,OK,43586,471570223301000
755.875,35.0326981,-90.07589809999999,ChIJ9S1ljalk1YcRvuG-_hbpimA,OK,43586,471570223301000
1556.947,35.02753099999999,-90.082077,ChIJK66rdetk1YcRwwxI9gDREks,OK,87952,471570223301000
2192.247,35.0326981,-90.07589809999999,ChIJ9S1ljalk1YcRvuG-_hbpimA,OK,155271,471570223301003
2192.247,35.0326981,-90.07589809999999,ChIJ9S1ljalk1YcRvuG-_hbpimA,OK,155271,471570223301003
2993.32,35.02753099999999,-90.082077,ChIJK66rdetk1YcRwwxI9gDREks,OK,199637,471570223301003
750.429,35.0326981,-90.07589809999999,ChIJ9S1ljalk1YcRvuG-_hbpimA,OK,76232,471570223301001
750.429,35.0326981,-90.07589809999999,ChIJ9S1ljalk1YcRvuG-_hbpimA,OK,76232,471570223301001
1123.8,35.02753099999999,-90.082077,ChIJK66rdetk1YcRwwxI9gDREks,OK,96910,471570223301001
281.288,35.0326981,-90.07589809999999,ChIJ9S1ljalk1YcRvuG-_hbpimA,OK,15578,471570223303000
281.288,35.0326981,-90.07589809999999,ChIJ9S1ljalk1YcRvuG-_hbpimA,OK,15578,471570223303000
519.785,35.02753099999999,-90.082077,ChIJK66rdetk1YcRwwxI9gDREks,OK,28787,471570223303000
1981.314,35.02753099999999,-90.082077,ChIJK66rdetk1YcRwwxI9gDREks,OK,120361,471570224102001
1981.314,35.02753099999999,-90.082077,ChIJK66rdetk1YcRwwxI9gDREks,OK,120361,471570224102001
2782.385,35.0326981,-90.07589809999999,ChIJ9S1ljalk1YcRvuG-_hbpimA,OK,164727,471570224102001
2134.773,35.0326981,-90.07589809999999,ChIJ9S1ljalk1YcRvuG-_hbpimA,OK,159042,471570223104011
2134.773,35.0326981,-90.07589809999999,ChIJ9S1ljalk1YcRvuG-_hbpimA,OK,159042,471570223104011
2522.152,35.0543926,-90.0597009,ChIJT5TzUbl81YcRiPqNjkbj9CA,OK,183955,471570223104011
2793.463,35.0326981,-90.07589809999999,ChIJ9S1ljalk1YcRvuG-_hbpimA,OK,195289,471570223224000
2793.463,35.0326981,-90.07589809999999,ChIJ9S1ljalk1YcRvuG-_hbpimA,OK,195289,471570223224000
3594.535,35.02753099999999,-90.082077,ChIJK66rdetk1YcRwwxI9gDREks,OK,239655,471570223224000
2101.996,35.02753099999999,-90.082077,ChIJK66rdetk1YcRwwxI9gDREks,OK,123017,471570224102000
2101.996,35.02753099999999,-90.082077,ChIJK66rdetk1YcRwwxI9gDREks,OK,123017,471570224102000
2903.068,35.0326981,-90.07589809999999,ChIJ9S1ljalk1YcRvuG-_hbpimA,OK,167383,471570224102000
748.517,35.02753099999999,-90.082077,ChIJK66rdetk1YcRwwxI9gDREks,OK,81597,471570223303002
748.517,35.02753099999999,-90.082077,ChIJK66rdetk1YcRwwxI9gDREks,OK,81597,471570223303002
867.306,35.0326981,-90.07589809999999,ChIJ9S1ljalk1YcRvuG-_hbpimA,OK,90256,471570223303002
503.087,35.02753099999999,-90.082077,ChIJK66rdetk1YcRwwxI9gDREks,OK,27862,471570223301010
503.087,35.02753099999999,-90.082077,ChIJK66rdetk1YcRwwxI9gDREks,OK,27862,471570223301010
1304.159,35.0326981,-90.07589809999999,ChIJ9S1ljalk1YcRvuG-_hbpimA,OK,72228,471570223301010
1198.285,35.02753099999999,-90.082077,ChIJK66rdetk1YcRwwxI9gDREks,OK,76957,471570224102006
1198.285,35.02753099999999,-90.082077,ChIJK66rdetk1YcRwwxI9gDREks,OK,76957,471570224102006
1999.357,35.0326981,-90.07589809999999,ChIJ9S1ljalk1YcRvuG-_hbpimA,OK,121323,471570224102006
1655.805,35.02753099999999,-90.082077,ChIJK66rdetk1YcRwwxI9gDREks,OK,110455,471570224102015
1655.805,35.02753099999999,-90.082077,ChIJK66rdetk1YcRwwxI9gDREks,OK,110455,471570224102015
2456.877,35.0326981,-90.07589809999999,ChIJ9S1ljalk1YcRvuG-_hbpimA,OK,154821,471570224102015
1322.428,35.02753099999999,-90.082077,ChIJK66rdetk1YcRwwxI9gDREks,OK,84450,471570224102005
1322.428,35.02753099999999,-90.082077,ChIJK66rdetk1YcRwwxI9gDREks,OK,84450,471570224102005
2123.5,35.0326981,-90.07589809999999,ChIJ9S1ljalk1YcRvuG-_hbpimA,OK,128816,471570224102005
1497.412,35.02753099999999,-90.082077,ChIJK66rdetk1YcRwwxI9gDREks,OK,91448,471570224102003
1497.412,35.02753099999999,-90.082077,ChIJK66rdetk1YcRwwxI9gDREks,OK,91448,471570224102003
2298.484,35.0326981,-90.07589809999999,ChIJ9S1ljalk1YcRvuG-_hbpimA,OK,135814,471570224102003
1836.294,35.02753099999999,-90.082077,ChIJK66rdetk1YcRwwxI9gDREks,OK,124797,471570224102002
1836.294,35.02753099999999,-90.082077,ChIJK66rdetk1YcRwwxI9gDREks,OK,124797,471570224102002
2637.366,35.0326981,-90.07589809999999,ChIJ9S1ljalk1YcRvuG-_hbpimA,OK,169163,471570224102002
1506.225,35.1251709,-90.0481695,ChIJybIJtCd81YcR9Otxws-5qCM,OK,83416,471570050002017
1506.225,35.1251709,-90.0481695,ChIJybIJtCd81YcR9Otxws-5qCM,OK,83416,471570050002017
1508.039,35.125222,-90.048147,ChIJ9cKdtid81YcRKs9h6RjzQzw,OK,83517,471570050002017
1716.321,35.1546312,-89.79260459999999,ChIJ8UeuSEecf4gRniit7ubZLtM,OK,124280,471570211261036
1716.321,35.1546312,-89.79260459999999,ChIJ8UeuSEecf4gRniit7ubZLtM,OK,124280,471570211261036
2096.209,35.14868459999999,-89.7948203,ChIJ4w9Lr2qcf4gRHdzl9FciAFM,OK,143780,471570211261036
713.632,35.109859,-89.99141100000001,ChIJs6JbpFyHf4gR9O01gG0a7fQ,OK,38738,471570066001024
713.632,35.109859,-89.99141100000001,ChIJs6JbpFyHf4gR9O01gG0a7fQ,OK,38738,471570066001024
1515.692,35.107529,-89.9862127,ChIJ0WGfSUKHf4gRjDLrfGQwCV4,OK,89619,471570066001024
505.417,35.109859,-89.99141100000001,ChIJs6JbpFyHf4gR9O01gG0a7fQ,OK,29475,471570064001034
505.417,35.109859,-89.99141100000001,ChIJs6JbpFyHf4gR9O01gG0a7fQ,OK,29475,471570064001034
1307.477,35.107529,-89.9862127,ChIJ0WGfSUKHf4gRjDLrfGQwCV4,OK,80356,471570064001034
223.525,35.109859,-89.99141100000001,ChIJs6JbpFyHf4gR9O01gG0a7fQ,OK,13933,471570064001041
223.525,35.109859,-89.99141100000001,ChIJs6JbpFyHf4gR9O01gG0a7fQ,OK,13933,471570064001041
1025.584,35.107529,-89.9862127,ChIJ0WGfSUKHf4gRjDLrfGQwCV4,OK,64814,471570064001041
3605.303,35.16339899999999,-89.855841,ChIJA_xfkC6Df4gRAjVZwLz1jqA,OK,253690,471579804001004
3605.303,35.16339899999999,-89.855841,ChIJA_xfkC6Df4gRAjVZwLz1jqA,OK,253690,471579804001004
3680.458,35.1623785,-89.8566175,ChIJXQHWWS6Df4gRqhH5EQ9H1j0,OK,262655,471579804001004
1167.416,35.16339899999999,-89.855841,ChIJA_xfkC6Df4gRAjVZwLz1jqA,OK,87970,471570211211014
1167.416,35.16339899999999,-89.855841,ChIJA_xfkC6Df4gRAjVZwLz1jqA,OK,87970,471570211211014
1242.571,35.1623785,-89.8566175,ChIJXQHWWS6Df4gRqhH5EQ9H1j0,OK,96935,471570211211014
801.57,35.16339899999999,-89.855841,ChIJA_xfkC6Df4gRAjVZwLz1jqA,OK,66770,471570211221006
801.57,35.16339899999999,-89.855841,ChIJA_xfkC6Df4gRAjVZwLz1jqA,OK,66770,471570211221006
876.726,35.1623785,-89.8566175,ChIJXQHWWS6Df4gRqhH5EQ9H1j0,OK,75735,471570211221006
2391.57,35.1087458,-90.0211918,ChIJe6w2EsF91YcRquzVZc8M0-I,OK,122203,471570078102053
2391.57,35.1087458,-90.0211918,ChIJe6w2EsF91YcRquzVZc8M0-I,OK,122203,471570078102053
2392.211,35.10874099999999,-90.021185,ChIJrVbiDcF91YcRG9TBOTpHc3I,OK,122280,471570078102053
4411.475,35.16339899999999,-89.855841,ChIJA_xfkC6Df4gRAjVZwLz1jqA,OK,307789,471570211241038
4411.475,35.16339899999999,-89.855841,ChIJA_xfkC6Df4gRAjVZwLz1jqA,OK,307789,471570211241038
4118.444,35.14868459999999,-89.7948203,ChIJ4w9Lr2qcf4gRHdzl9FciAFM,OK,313828,471570211241038
3493.71,35.1546312,-89.79260459999999,ChIJ8UeuSEecf4gRniit7ubZLtM,OK,228632,471570211242001
3493.71,35.1546312,-89.79260459999999,ChIJ8UeuSEecf4gRniit7ubZLtM,OK,228632,471570211242001
3873.597,35.14868459999999,-89.7948203,ChIJ4w9Lr2qcf4gRHdzl9FciAFM,OK,248132,471570211242001
1086.089,35.125222,-90.048147,ChIJ9cKdtid81YcRKs9h6RjzQzw,OK,62313,471570045001011
1086.089,35.125222,-90.048147,ChIJ9cKdtid81YcRKs9h6RjzQzw,OK,62313,471570045001011
1087.903,35.1251709,-90.0481695,ChIJybIJtCd81YcR9Otxws-5qCM,OK,62413,471570045001011
4406.095,35.2051043,-89.79754849999999,ChIJpRDMlY2df4gRQqHmUo_lzmc,OK,293946,471570211213000
4406.095,35.2051043,-89.79754849999999,ChIJpRDMlY2df4gRQqHmUo_lzmc,OK,293946,471570211213000
4698.093,35.2071893,-89.79833029999999,ChIJQ0zWJIydf4gRstwjg5hObuM,OK,354459,471570211213000
2690.007,35.1546312,-89.79260459999999,ChIJ8UeuSEecf4gRniit7ubZLtM,OK,224527,471570211261018
2690.007,35.1546312,-89.79260459999999,ChIJ8UeuSEecf4gRniit7ubZLtM,OK,224527,471570211261018
3069.895,35.14868459999999,-89.7948203,ChIJ4w9Lr2qcf4gRHdzl9FciAFM,OK,244027,471570211261018
3378.961,35.1546312,-89.79260459999999,ChIJ8UeuSEecf4gRniit7ubZLtM,OK,195649,471570211261016
3378.961,35.1546312,-89.79260459999999,ChIJ8UeuSEecf4gRniit7ubZLtM,OK,195649,471570211261016
3758.849,35.14868459999999,-89.7948203,ChIJ4w9Lr2qcf4gRHdzl9FciAFM,OK,215149,471570211261016
3470.243,35.2045576,-89.81176689999999,ChIJ8ROix4Kdf4gR4Su-1OwAUMo,OK,208439,471570211212026
3470.243,35.2045576,-89.81176689999999,ChIJ8ROix4Kdf4gR4Su-1OwAUMo,OK,208439,471570211212026
4696.639,35.2051043,-89.79754849999999,ChIJpRDMlY2df4gRQqHmUo_lzmc,OK,241197,471570211212026
229.7,35.125222,-90.048147,ChIJ9cKdtid81YcRKs9h6RjzQzw,OK,12244,471570116001001
229.7,35.125222,-90.048147,ChIJ9cKdtid81YcRKs9h6RjzQzw,OK,12244,471570116001001
231.514,35.1251709,-90.0481695,ChIJybIJtCd81YcR9Otxws-5qCM,OK,12344,471570116001001
3725.433,35.1546312,-89.79260459999999,ChIJ8UeuSEecf4gRniit7ubZLtM,OK,240110,471570211381014
3725.433,35.1546312,-89.79260459999999,ChIJ8UeuSEecf4gRniit7ubZLtM,OK,240110,471570211381014
4672.895,35.14868459999999,-89.7948203,ChIJ4w9Lr2qcf4gRHdzl9FciAFM,OK,293662,471570211381014
3574.958,35.1546312,-89.79260459999999,ChIJ8UeuSEecf4gRniit7ubZLtM,OK,222054,471570211381015
3574.958,35.1546312,-89.79260459999999,ChIJ8UeuSEecf4gRniit7ubZLtM,OK,222054,471570211381015
4522.42,35.14868459999999,-89.7948203,ChIJ4w9Lr2qcf4gRHdzl9FciAFM,OK,275606,471570211381015
1753.061,35.1507888,-89.977317,ChIJdVWrOuqAf4gR-V7s1E3qo7g,OK,104660,471570016002025
1753.061,35.1507888,-89.977317,ChIJdVWrOuqAf4gR-V7s1E3qo7g,OK,104660,471570016002025
2849.644,35.13774119999999,-89.99713,ChIJtwtohKiAf4gRFxkNLUf9PgA,OK,179910,471570016002025
2220.61,35.093591,-90.056624,ChIJgyVl92d81YcRhuRHHckl8Y4,OK,138195,471570056002013
2220.61,35.093591,-90.056624,ChIJgyVl92d81YcRhuRHHckl8Y4,OK,138195,471570056002013
2400.446,35.095133,-90.05542799999999,ChIJATnUo0J81YcRpbAuNwXeqRw,OK,148155,471570056002013
2539.559,35.093591,-90.056624,ChIJgyVl92d81YcRhuRHHckl8Y4,OK,171120,471570056002011
2539.559,35.093591,-90.056624,ChIJgyVl92d81YcRhuRHHckl8Y4,OK,171120,471570056002011
2719.396,35.095133,-90.05542799999999,ChIJATnUo0J81YcRpbAuNwXeqRw,OK,181080,471570056002011
2427.89,35.093591,-90.056624,ChIJgyVl92d81YcRhuRHHckl8Y4,OK,161629,471570056002014
2427.89,35.093591,-90.056624,ChIJgyVl92d81YcRhuRHHckl8Y4,OK,161629,471570056002014
2607.726,35.095133,-90.05542799999999,ChIJATnUo0J81YcRpbAuNwXeqRw,OK,171589,471570056002014
2205.587,35.093591,-90.056624,ChIJgyVl92d81YcRhuRHHckl8Y4,OK,128715,471570056002017
2205.587,35.093591,-90.056624,ChIJgyVl92d81YcRhuRHHckl8Y4,OK,128715,471570056002017
2385.424,35.095133,-90.05542799999999,ChIJATnUo0J81YcRpbAuNwXeqRw,OK,138675,471570056002017
2110.635,35.093591,-90.056624,ChIJgyVl92d81YcRhuRHHckl8Y4,OK,130279,471570056003029
2110.635,35.093591,-90.056624,ChIJgyVl92d81YcRhuRHHckl8Y4,OK,130279,471570056003029
2290.471,35.095133,-90.05542799999999,ChIJATnUo0J81YcRpbAuNwXeqRw,OK,140239,471570056003029
2317.222,35.093591,-90.056624,ChIJgyVl92d81YcRhuRHHckl8Y4,OK,148349,471570056003027
2317.222,35.093591,-90.056624,ChIJgyVl92d81YcRhuRHHckl8Y4,OK,148349,471570056003027
2497.059,35.095133,-90.05542799999999,ChIJATnUo0J81YcRpbAuNwXeqRw,OK,158309,471570056003027
2058.15,35.095133,-90.05542799999999,ChIJATnUo0J81YcRpbAuNwXeqRw,OK,187990,471570056002001
2058.15,35.095133,-90.05542799999999,ChIJATnUo0J81YcRpbAuNwXeqRw,OK,187990,471570056002001
2237.987,35.093591,-90.056624,ChIJgyVl92d81YcRhuRHHckl8Y4,OK,197950,471570056002001
1649.788,35.1060329,-90.039159,ChIJ231bcjV81YcRQ1quDeYAd6M,OK,197967,471570075002005
1649.788,35.1060329,-90.039159,ChIJ231bcjV81YcRQ1quDeYAd6M,OK,197967,471570075002005
2395.486,35.1087458,-90.0211918,ChIJe6w2EsF91YcRquzVZc8M0-I,OK,210202,471570075002005
1971.173,35.095133,-90.05542799999999,ChIJATnUo0J81YcRpbAuNwXeqRw,OK,182222,471570056002002
1971.173,35.095133,-90.05542799999999,ChIJATnUo0J81YcRpbAuNwXeqRw,OK,182222,471570056002002
2151.01,35.093591,-90.056624,ChIJgyVl92d81YcRhuRHHckl8Y4,OK,192182,471570056002002
2923.518,35.093591,-90.056624,ChIJgyVl92d81YcRhuRHHckl8Y4,OK,208323,471570056002009
2092.505,35.095133,-90.05542799999999,ChIJATnUo0J81YcRpbAuNwXeqRw,OK,209972,471570056002009
2092.505,35.095133,-90.05542799999999,ChIJATnUo0J81YcRpbAuNwXeqRw,OK,209972,471570056002009
3044.825,35.093591,-90.056624,ChIJgyVl92d81YcRhuRHHckl8Y4,OK,184490,471570075002009
3224.662,35.095133,-90.05542799999999,ChIJATnUo0J81YcRpbAuNwXeqRw,OK,194450,471570075002009
3224.662,35.095133,-90.05542799999999,ChIJATnUo0J81YcRpbAuNwXeqRw,OK,194450,471570075002009
2786.368,35.093591,-90.056624,ChIJgyVl92d81YcRhuRHHckl8Y4,OK,191866,471570056002010
2966.205,35.095133,-90.05542799999999,ChIJATnUo0J81YcRpbAuNwXeqRw,OK,201826,471570056002010
2966.205,35.095133,-90.05542799999999,ChIJATnUo0J81YcRpbAuNwXeqRw,OK,201826,471570056002010
3327.95,35.1087458,-90.0211918,ChIJe6w2EsF91YcRquzVZc8M0-I,OK,248559,471570075002007
3328.592,35.10874099999999,-90.021185,ChIJrVbiDcF91YcRG9TBOTpHc3I,OK,248636,471570075002007
3328.592,35.10874099999999,-90.021185,ChIJrVbiDcF91YcRG9TBOTpHc3I,OK,248636,471570075002007
2672.841,35.093591,-90.056624,ChIJgyVl92d81YcRhuRHHckl8Y4,OK,178244,471570056002015
2852.678,35.095133,-90.05542799999999,ChIJATnUo0J81YcRpbAuNwXeqRw,OK,188204,471570056002015
2852.678,35.095133,-90.05542799999999,ChIJATnUo0J81YcRpbAuNwXeqRw,OK,188204,471570056002015
2451.55,35.093591,-90.056624,ChIJgyVl92d81YcRhuRHHckl8Y4,OK,143473,471570056003050
2451.55,35.093591,-90.056624,ChIJgyVl92d81YcRhuRHHckl8Y4,OK,143473,471570056003050
2631.387,35.095133,-90.05542799999999,ChIJATnUo0J81YcRpbAuNwXeqRw,OK,153433,471570056003050
2567.96,35.093591,-90.056624,ChIJgyVl92d81YcRhuRHHckl8Y4,OK,165659,471570056003051
2567.96,35.093591,-90.056624,ChIJgyVl92d81YcRhuRHHckl8Y4,OK,165659,471570056003051
2747.796,35.095133,-90.05542799999999,ChIJATnUo0J81YcRpbAuNwXeqRw,OK,175619,471570056003051
2697.788,35.093591,-90.056624,ChIJgyVl92d81YcRhuRHHckl8Y4,OK,158247,471570056003049
2877.625,35.095133,-90.05542799999999,ChIJATnUo0J81YcRpbAuNwXeqRw,OK,168207,471570056003049
2877.625,35.095133,-90.05542799999999,ChIJATnUo0J81YcRpbAuNwXeqRw,OK,168207,471570056003049
2921.26,35.093591,-90.056624,ChIJgyVl92d81YcRhuRHHckl8Y4,OK,171654,471570056003048
3101.097,35.095133,-90.05542799999999,ChIJATnUo0J81YcRpbAuNwXeqRw,OK,181614,471570056003048
3101.097,35.095133,-90.05542799999999,ChIJATnUo0J81YcRpbAuNwXeqRw,OK,181614,471570056003048
2776.504,35.093591,-90.056624,ChIJgyVl92d81YcRhuRHHckl8Y4,OK,203594,471570056003023
2776.504,35.093591,-90.056624,ChIJgyVl92d81YcRhuRHHckl8Y4,OK,203594,471570056003023
2956.341,35.095133,-90.05542799999999,ChIJATnUo0J81YcRpbAuNwXeqRw,OK,213554,471570056003023
2977.361,35.093591,-90.056624,ChIJgyVl92d81YcRhuRHHckl8Y4,OK,222398,471570056003045
2977.361,35.093591,-90.056624,ChIJgyVl92d81YcRhuRHHckl8Y4,OK,222398,471570056003045
3157.198,35.095133,-90.05542799999999,ChIJATnUo0J81YcRpbAuNwXeqRw,OK,232358,471570056003045
2829.692,35.093591,-90.056624,ChIJgyVl92d81YcRhuRHHckl8Y4,OK,209863,471570056003024
2829.692,35.093591,-90.056624,ChIJgyVl92d81YcRhuRHHckl8Y4,OK,209863,471570056003024
3009.529,35.095133,-90.05542799999999,ChIJATnUo0J81YcRpbAuNwXeqRw,OK,219823,471570056003024
397.618,35.0971,-89.9305344,ChIJRd53mZuGf4gRp0fETcD5Y3I,OK,44603,471570118001004
397.618,35.0971,-89.9305344,ChIJRd53mZuGf4gRp0fETcD5Y3I,OK,44603,471570118001004
487.875,35.0960067,-89.93138279999999,ChIJFfDYDZuGf4gR5IbqhV7MTAo,OK,52352,471570118001004
1245.361,35.0971,-89.9305344,ChIJRd53mZuGf4gRp0fETcD5Y3I,OK,86587,471570118002001
1245.361,35.0971,-89.9305344,ChIJRd53mZuGf4gRp0fETcD5Y3I,OK,86587,471570118002001
1439.292,35.0960067,-89.93138279999999,ChIJFfDYDZuGf4gR5IbqhV7MTAo,OK,100556,471570118002001
866.006,35.0612606,-89.88628629999999,ChIJAQ_I1gqFf4gRFrt5yQeAEps,OK,68922,471570108202002
866.006,35.0612606,-89.88628629999999,ChIJAQ_I1gqFf4gRFrt5yQeAEps,OK,68922,471570108202002
1099.46,35.0632829,-89.88727279999999,ChIJvVoQ4QqFf4gRItXZGUDZ-Hc,OK,99502,471570108202002
2634.005,35.02100869999999,-89.8995317,ChIJ-f6gz22Pf4gR-rWEeLgd-68,OK,151079,471570226001154
2634.005,35.02100869999999,-89.8995317,ChIJ-f6gz22Pf4gR-rWEeLgd-68,OK,151079,471570226001154
2645.278,35.0209193,-89.8996561,ChIJxWQfy22Pf4gRlC1jxVU1A2g,OK,151704,471570226001154
3888.761,35.222344,-89.97682999999999,ChIJ987Br45_f4gRjwrvnFN8t7k,OK,250351,471570205112008
3888.761,35.222344,-89.97682999999999,ChIJ987Br45_f4gRjwrvnFN8t7k,OK,250351,471570205112008
4289.627,35.2227028,-89.97692290000001,ChIJ987Br45_f4gRMoYIhCny13Q,OK,286483,471570205112008
1779.675,35.0971,-89.9305344,ChIJRd53mZuGf4gRp0fETcD5Y3I,OK,130429,471570118004014
1779.675,35.0971,-89.9305344,ChIJRd53mZuGf4gRp0fETcD5Y3I,OK,130429,471570118004014
1973.606,35.0960067,-89.93138279999999,ChIJFfDYDZuGf4gR5IbqhV7MTAo,OK,144398,471570118004014
1011.436,35.0612606,-89.88628629999999,ChIJAQ_I1gqFf4gRFrt5yQeAEps,OK,70153,471570108202000
1011.436,35.0612606,-89.88628629999999,ChIJAQ_I1gqFf4gRFrt5yQeAEps,OK,70153,471570108202000
1244.89,35.0632829,-89.88727279999999,ChIJvVoQ4QqFf4gRItXZGUDZ-Hc,OK,100733,471570108202000
689.248,35.050596,-89.869556,ChIJQ4vLA2iFf4gRyyCo3ihKH44,OK,83678,471570217311008
689.248,35.050596,-89.869556,ChIJQ4vLA2iFf4gRyyCo3ihKH44,OK,83678,471570217311008
691.569,35.0505832,-89.86958199999999,ChIJAfPLA2iFf4gRetxnyV4zn3o,OK,84096,471570217311008
719.205,35.098685,-90.05664899999999,ChIJ31qwBkJ81YcRk2V5pdmdhrM,OK,65411,471570055001011
719.205,35.098685,-90.05664899999999,ChIJ31qwBkJ81YcRk2V5pdmdhrM,OK,65411,471570055001011
1108.197,35.095133,-90.05542799999999,ChIJATnUo0J81YcRpbAuNwXeqRw,OK,86955,471570055001011
1284.516,35.1060329,-90.039159,ChIJ231bcjV81YcRQ1quDeYAd6M,OK,93763,471570057001016
1284.516,35.1060329,-90.039159,ChIJ231bcjV81YcRQ1quDeYAd6M,OK,93763,471570057001016
1595.974,35.098685,-90.05664899999999,ChIJ31qwBkJ81YcRk2V5pdmdhrM,OK,99854,471570057001016
1261.319,35.1060329,-90.039159,ChIJ231bcjV81YcRQ1quDeYAd6M,OK,103985,471570057001029
1261.319,35.1060329,-90.039159,ChIJ231bcjV81YcRQ1quDeYAd6M,OK,103985,471570057001029
2006.283,35.098685,-90.05664899999999,ChIJ31qwBkJ81YcRk2V5pdmdhrM,OK,136084,471570057001029
1178.598,35.125222,-90.048147,ChIJ9cKdtid81YcRKs9h6RjzQzw,OK,87234,471570116002027
1178.598,35.125222,-90.048147,ChIJ9cKdtid81YcRKs9h6RjzQzw,OK,87234,471570116002027
1180.412,35.1251709,-90.0481695,ChIJybIJtCd81YcR9Otxws-5qCM,OK,87334,471570116002027
723.624,35.1060329,-90.039159,ChIJ231bcjV81YcRQ1quDeYAd6M,OK,78138,471570059003016
723.624,35.1060329,-90.039159,ChIJ231bcjV81YcRQ1quDeYAd6M,OK,78138,471570059003016
2099.977,35.125222,-90.048147,ChIJ9cKdtid81YcRKs9h6RjzQzw,OK,180673,471570059003016
976.417,35.1060329,-90.039159,ChIJ231bcjV81YcRQ1quDeYAd6M,OK,112908,471570059002009
976.417,35.1060329,-90.039159,ChIJ231bcjV81YcRQ1quDeYAd6M,OK,112908,471570059002009
2001.444,35.125222,-90.048147,ChIJ9cKdtid81YcRKs9h6RjzQzw,OK,138283,471570059002009
2299.637,35.12545849999999,-89.97454169999999,ChIJoyT3HjOHf4gRS6EdHckmff8,OK,143360,471570030002008
2299.637,35.12545849999999,-89.97454169999999,ChIJoyT3HjOHf4gRS6EdHckmff8,OK,143360,471570030002008
2350.715,35.1497164,-89.95515999999999,ChIJcQb6ehiBf4gR-uA54eRPNq8,OK,145317,471570030002008
1096.537,35.12545849999999,-89.97454169999999,ChIJoyT3HjOHf4gRS6EdHckmff8,OK,91571,471570031001005
1096.537,35.12545849999999,-89.97454169999999,ChIJoyT3HjOHf4gRS6EdHckmff8,OK,91571,471570031001005
2205.035,35.13418100000001,-89.98599,ChIJnf1_yraAf4gR9pQmD7CXhgg,OK,161954,471570031001005
1022.698,35.12545849999999,-89.97454169999999,ChIJoyT3HjOHf4gRS6EdHckmff8,OK,61356,471570071001033
1022.698,35.12545849999999,-89.97454169999999,ChIJoyT3HjOHf4gRS6EdHckmff8,OK,61356,471570071001033
2554.134,35.1161637,-89.9446263,ChIJ-ZiED8iGf4gR32IlfgDBKWY,OK,159308,471570071001033
2158.352,35.1075089,-89.9318387,ChIJVboYU6KGf4gRHfEHUi8Izac,OK,146443,471570093002000
2654.115,35.1145886,-89.90089789999999,ChIJKWmlFW6Ef4gR0YNISWQMkss,OK,172995,471570093002000
2654.115,35.1145886,-89.90089789999999,ChIJKWmlFW6Ef4gR0YNISWQMkss,OK,172995,471570093002000
1162.501,35.16339899999999,-89.855841,ChIJA_xfkC6Df4gRAjVZwLz1jqA,OK,84443,471570211113034
1162.501,35.16339899999999,-89.855841,ChIJA_xfkC6Df4gRAjVZwLz1jqA,OK,84443,471570211113034
1235.885,35.1623785,-89.8566175,ChIJXQHWWS6Df4gRqhH5EQ9H1j0,OK,93302,471570211113034
2098.8,35.1546312,-89.79260459999999,ChIJ8UeuSEecf4gRniit7ubZLtM,OK,138263,471570211261006
2098.8,35.1546312,-89.79260459999999,ChIJ8UeuSEecf4gRniit7ubZLtM,OK,138263,471570211261006
2478.688,35.14868459999999,-89.7948203,ChIJ4w9Lr2qcf4gRHdzl9FciAFM,OK,157763,471570211261006
3806.929,35.1439641,-90.0517892,ChIJL-0zBZR-1YcRj7p5p1WY4-g,OK,278824,471570001003052
3806.929,35.1439641,-90.0517892,ChIJL-0zBZR-1YcRj7p5p1WY4-g,OK,278824,471570001003052
4015.845,35.1450994,-90.0538646,ChIJne6_s5V-1YcRn_LPaqiwhrk,OK,284278,471570001003052
3792.387,35.1439641,-90.0517892,ChIJL-0zBZR-1YcRj7p5p1WY4-g,OK,296383,471570001003012
3792.387,35.1439641,-90.0517892,ChIJL-0zBZR-1YcRj7p5p1WY4-g,OK,296383,471570001003012
4001.303,35.1450994,-90.0538646,ChIJne6_s5V-1YcRn_LPaqiwhrk,OK,301837,471570001003012
2010.784,35.1546312,-89.79260459999999,ChIJ8UeuSEecf4gRniit7ubZLtM,OK,127701,471570211261008
2010.784,35.1546312,-89.79260459999999,ChIJ8UeuSEecf4gRniit7ubZLtM,OK,127701,471570211261008
2390.672,35.14868459999999,-89.7948203,ChIJ4w9Lr2qcf4gRHdzl9FciAFM,OK,147201,471570211261008
3693.938,35.1439641,-90.0517892,ChIJL-0zBZR-1YcRj7p5p1WY4-g,OK,289220,471570001003022
3693.938,35.1439641,-90.0517892,ChIJL-0zBZR-1YcRj7p5p1WY4-g,OK,289220,471570001003022
3902.854,35.1450994,-90.0538646,ChIJne6_s5V-1YcRn_LPaqiwhrk,OK,294674,471570001003022
2771.836,35.1546312,-89.79260459999999,ChIJ8UeuSEecf4gRniit7ubZLtM,OK,219024,471570211261009
2771.836,35.1546312,-89.79260459999999,ChIJ8UeuSEecf4gRniit7ubZLtM,OK,219024,471570211261009
3151.724,35.14868459999999,-89.7948203,ChIJ4w9Lr2qcf4gRHdzl9FciAFM,OK,238524,471570211261009
10620.086,35.156962,-89.88851749999999,ChIJaVmJmQmDf4gR3ZGZP7kcoeo,OK,440847,471570098001004
10620.086,35.156962,-89.88851749999999,ChIJaVmJmQmDf4gR3ZGZP7kcoeo,OK,440847,471570098001004
11117.732,35.1503395,-89.89321,ChIJRaSiF6KDf4gRNIqqt1VnH58,OK,459478,471570098001004
2689.879,35.1490317,-90.0140679,ChIJw3q9_xV-1YcRqrte6yBn1CI,OK,148221,471570112001008
2689.879,35.1490317,-90.0140679,ChIJw3q9_xV-1YcRqrte6yBn1CI,OK,148221,471570112001008
3412.117,35.1444038,-90.0168571,ChIJufYEjhR-1YcREff46W6Lons,OK,195574,471570112001008
1162.233,35.16339899999999,-89.855841,ChIJA_xfkC6Df4gRAjVZwLz1jqA,OK,87036,471570211211016
1162.233,35.16339899999999,-89.855841,ChIJA_xfkC6Df4gRAjVZwLz1jqA,OK,87036,471570211211016
1237.388,35.1623785,-89.8566175,ChIJXQHWWS6Df4gRqhH5EQ9H1j0,OK,96001,471570211211016
1299.416,35.12545849999999,-89.97454169999999,ChIJoyT3HjOHf4gRS6EdHckmff8,OK,102410,471570067001008
1299.416,35.12545849999999,-89.97454169999999,ChIJoyT3HjOHf4gRS6EdHckmff8,OK,102410,471570067001008
2096.197,35.107529,-89.9862127,ChIJ0WGfSUKHf4gRjDLrfGQwCV4,OK,156522,471570067001008
1130.433,35.12545849999999,-89.97454169999999,ChIJoyT3HjOHf4gRS6EdHckmff8,OK,92558,471570071002012
1130.433,35.12545849999999,-89.97454169999999,ChIJoyT3HjOHf4gRS6EdHckmff8,OK,92558,471570071002012
2775.603,35.107529,-89.9862127,ChIJ0WGfSUKHf4gRjDLrfGQwCV4,OK,184298,471570071002012
1254.321,35.107529,-89.9862127,ChIJ0WGfSUKHf4gRjDLrfGQwCV4,OK,101080,471570067002013
1254.321,35.107529,-89.9862127,ChIJ0WGfSUKHf4gRjDLrfGQwCV4,OK,101080,471570067002013
1695.339,35.104197,-89.98335349999999,ChIJNST6hGqHf4gR0Mml4gyjQWk,OK,120639,471570067002013
1745.895,35.12545849999999,-89.97454169999999,ChIJoyT3HjOHf4gRS6EdHckmff8,OK,121228,471570067003009
1745.895,35.12545849999999,-89.97454169999999,ChIJoyT3HjOHf4gRS6EdHckmff8,OK,121228,471570067003009
1885.027,35.107529,-89.9862127,ChIJ0WGfSUKHf4gRjDLrfGQwCV4,OK,131183,471570067003009
1010.719,35.107529,-89.9862127,ChIJ0WGfSUKHf4gRjDLrfGQwCV4,OK,71849,471570067002026
1010.719,35.107529,-89.9862127,ChIJ0WGfSUKHf4gRjDLrfGQwCV4,OK,71849,471570067002026
1451.737,35.104197,-89.98335349999999,ChIJNST6hGqHf4gR0Mml4gyjQWk,OK,91408,471570067002026
1172.395,35.107529,-89.9862127,ChIJ0WGfSUKHf4gRjDLrfGQwCV4,OK,81803,471570067003017
1172.395,35.107529,-89.9862127,ChIJ0WGfSUKHf4gRjDLrfGQwCV4,OK,81803,471570067003017
1613.413,35.104197,-89.98335349999999,ChIJNST6hGqHf4gR0Mml4gyjQWk,OK,101362,471570067003017
1419.767,35.107529,-89.9862127,ChIJ0WGfSUKHf4gRjDLrfGQwCV4,OK,111487,471570067003016
1419.767,35.107529,-89.9862127,ChIJ0WGfSUKHf4gRjDLrfGQwCV4,OK,111487,471570067003016
1860.785,35.104197,-89.98335349999999,ChIJNST6hGqHf4gR0Mml4gyjQWk,OK,131046,471570067003016
1247.667,35.107529,-89.9862127,ChIJ0WGfSUKHf4gRjDLrfGQwCV4,OK,86397,471570067003018
1247.667,35.107529,-89.9862127,ChIJ0WGfSUKHf4gRjDLrfGQwCV4,OK,86397,471570067003018
1688.685,35.104197,-89.98335349999999,ChIJNST6hGqHf4gR0Mml4gyjQWk,OK,105956,471570067003018
1075.623,35.104197,-89.98335349999999,ChIJNST6hGqHf4gR0Mml4gyjQWk,OK,91900,471570068001003
1075.623,35.104197,-89.98335349999999,ChIJNST6hGqHf4gR0Mml4gyjQWk,OK,91900,471570068001003
1163.124,35.107529,-89.9862127,ChIJ0WGfSUKHf4gRjDLrfGQwCV4,OK,94361,471570068001003
1181.614,35.107529,-89.9862127,ChIJ0WGfSUKHf4gRjDLrfGQwCV4,OK,78471,471570068001002
1181.614,35.107529,-89.9862127,ChIJ0WGfSUKHf4gRjDLrfGQwCV4,OK,78471,471570068001002
1622.633,35.104197,-89.98335349999999,ChIJNST6hGqHf4gR0Mml4gyjQWk,OK,98030,471570068001002
1841.825,35.12545849999999,-89.97454169999999,ChIJoyT3HjOHf4gRS6EdHckmff8,OK,128501,471570067003007
1841.825,35.12545849999999,-89.97454169999999,ChIJoyT3HjOHf4gRS6EdHckmff8,OK,128501,471570067003007
1980.957,35.107529,-89.9862127,ChIJ0WGfSUKHf4gRjDLrfGQwCV4,OK,138456,471570067003007
1559.538,35.107529,-89.9862127,ChIJ0WGfSUKHf4gRjDLrfGQwCV4,OK,119664,471570067003014
1559.538,35.107529,-89.9862127,ChIJ0WGfSUKHf4gRjDLrfGQwCV4,OK,119664,471570067003014
2000.556,35.104197,-89.98335349999999,ChIJNST6hGqHf4gR0Mml4gyjQWk,OK,139223,471570067003014
1735.098,35.12545849999999,-89.97454169999999,ChIJoyT3HjOHf4gRS6EdHckmff8,OK,122953,471570067003004
1735.098,35.12545849999999,-89.97454169999999,ChIJoyT3HjOHf4gRS6EdHckmff8,OK,122953,471570067003004
2175.832,35.107529,-89.9862127,ChIJ0WGfSUKHf4gRjDLrfGQwCV4,OK,153274,471570067003004
1755.83,35.107529,-89.9862127,ChIJ0WGfSUKHf4gRjDLrfGQwCV4,OK,130263,471570067003011
2196.848,35.104197,-89.98335349999999,ChIJNST6hGqHf4gR0Mml4gyjQWk,OK,149822,471570067003011
2196.848,35.104197,-89.98335349999999,ChIJNST6hGqHf4gR0Mml4gyjQWk,OK,149822,471570067003011
323.806,35.104197,-89.98335349999999,ChIJNST6hGqHf4gR0Mml4gyjQWk,OK,26078,471570068002015
323.806,35.104197,-89.98335349999999,ChIJNST6hGqHf4gR0Mml4gyjQWk,OK,26078,471570068002015
691.948,35.107529,-89.9862127,ChIJ0WGfSUKHf4gRjDLrfGQwCV4,OK,51327,471570068002015
619.305,35.107529,-89.9862127,ChIJ0WGfSUKHf4gRjDLrfGQwCV4,OK,53265,471570067002034
619.305,35.107529,-89.9862127,ChIJ0WGfSUKHf4gRjDLrfGQwCV4,OK,53265,471570067002034
1060.323,35.104197,-89.98335349999999,ChIJNST6hGqHf4gR0Mml4gyjQWk,OK,72824,471570067002034
497.076,35.107529,-89.9862127,ChIJ0WGfSUKHf4gRjDLrfGQwCV4,OK,39761,471570068002005
497.076,35.107529,-89.9862127,ChIJ0WGfSUKHf4gRjDLrfGQwCV4,OK,39761,471570068002005
594.349,35.104197,-89.98335349999999,ChIJNST6hGqHf4gR0Mml4gyjQWk,OK,54848,471570068002005
401.329,35.104197,-89.98335349999999,ChIJNST6hGqHf4gR0Mml4gyjQWk,OK,31685,471570068002014
401.329,35.104197,-89.98335349999999,ChIJNST6hGqHf4gR0Mml4gyjQWk,OK,31685,471570068002014
769.471,35.107529,-89.9862127,ChIJ0WGfSUKHf4gRjDLrfGQwCV4,OK,56934,471570068002014
568.321,35.107529,-89.9862127,ChIJ0WGfSUKHf4gRjDLrfGQwCV4,OK,43974,471570068002004
568.321,35.107529,-89.9862127,ChIJ0WGfSUKHf4gRjDLrfGQwCV4,OK,43974,471570068002004
667.22,35.104197,-89.98335349999999,ChIJNST6hGqHf4gR0Mml4gyjQWk,OK,60066,471570068002004
474.355,35.104197,-89.98335349999999,ChIJNST6hGqHf4gR0Mml4gyjQWk,OK,36922,471570068002013
474.355,35.104197,-89.98335349999999,ChIJNST6hGqHf4gR0Mml4gyjQWk,OK,36922,471570068002013
842.497,35.107529,-89.9862127,ChIJ0WGfSUKHf4gRjDLrfGQwCV4,OK,62171,471570068002013
647.166,35.104197,-89.98335349999999,ChIJNST6hGqHf4gR0Mml4gyjQWk,OK,54163,471570068002003
647.166,35.104197,-89.98335349999999,ChIJNST6hGqHf4gR0Mml4gyjQWk,OK,54163,471570068002003
737.298,35.107529,-89.9862127,ChIJ0WGfSUKHf4gRjDLrfGQwCV4,OK,59756,471570068002003
788.343,35.104197,-89.98335349999999,ChIJNST6hGqHf4gR0Mml4gyjQWk,OK,64258,471570068002001
788.343,35.104197,-89.98335349999999,ChIJNST6hGqHf4gR0Mml4gyjQWk,OK,64258,471570068002001
883.887,35.107529,-89.9862127,ChIJ0WGfSUKHf4gRjDLrfGQwCV4,OK,68854,471570068002001
857.243,35.104197,-89.98335349999999,ChIJNST6hGqHf4gR0Mml4gyjQWk,OK,69197,471570068002000
215.099,35.1490317,-90.0140679,ChIJw3q9_xV-1YcRqrte6yBn1CI,OK,14119,471570025002014
215.099,35.1490317,-90.0140679,ChIJw3q9_xV-1YcRqrte6yBn1CI,OK,14119,471570025002014
809.372,35.1444038,-90.0168571,ChIJufYEjhR-1YcREff46W6Lons,OK,51900,471570025002014
481.674,35.1490317,-90.0140679,ChIJw3q9_xV-1YcRqrte6yBn1CI,OK,41298,471570025002008
481.674,35.1490317,-90.0140679,ChIJw3q9_xV-1YcRqrte6yBn1CI,OK,41298,471570025002008
1203.912,35.1444038,-90.0168571,ChIJufYEjhR-1YcREff46W6Lons,OK,88651,471570025002008
313.8,35.1490317,-90.0140679,ChIJw3q9_xV-1YcRqrte6yBn1CI,OK,26066,471570025002013
313.8,35.1490317,-90.0140679,ChIJw3q9_xV-1YcRqrte6yBn1CI,OK,26066,471570025002013
910.46,35.1444038,-90.0168571,ChIJufYEjhR-1YcREff46W6Lons,OK,68836,471570025002013
405.659,35.1490317,-90.0140679,ChIJw3q9_xV-1YcRqrte6yBn1CI,OK,25552,471570025002033
405.659,35.1490317,-90.0140679,ChIJw3q9_xV-1YcRqrte6yBn1CI,OK,25552,471570025002033
618.812,35.1444038,-90.0168571,ChIJufYEjhR-1YcREff46W6Lons,OK,40467,471570025002033
1182.152,35.1490317,-90.0140679,ChIJw3q9_xV-1YcRqrte6yBn1CI,OK,99374,471570017003005
1182.152,35.1490317,-90.0140679,ChIJw3q9_xV-1YcRqrte6yBn1CI,OK,99374,471570017003005
1904.389,35.1444038,-90.0168571,ChIJufYEjhR-1YcREff46W6Lons,OK,146727,471570017003005
1283.117,35.1490317,-90.0140679,ChIJw3q9_xV-1YcRqrte6yBn1CI,OK,73050,471570017003018
1283.117,35.1490317,-90.0140679,ChIJw3q9_xV-1YcRqrte6yBn1CI,OK,73050,471570017003018
2005.355,35.1444038,-90.0168571,ChIJufYEjhR-1YcREff46W6Lons,OK,120403,471570017003018
822.242,35.1490317,-90.0140679,ChIJw3q9_xV-1YcRqrte6yBn1CI,OK,58775,471570025002006
822.242,35.1490317,-90.0140679,ChIJw3q9_xV-1YcRqrte6yBn1CI,OK,58775,471570025002006
1544.48,35.1444038,-90.0168571,ChIJufYEjhR-1YcREff46W6Lons,OK,106128,471570025002006
759.605,35.1490317,-90.0140679,ChIJw3q9_xV-1YcRqrte6yBn1CI,OK,49992,471570025002005
759.605,35.1490317,-90.0140679,ChIJw3q9_xV-1YcRqrte6yBn1CI,OK,49992,471570025002005
1481.843,35.1444038,-90.0168571,ChIJufYEjhR-1YcREff46W6Lons,OK,97345,471570025002005
536.522,35.1490317,-90.0140679,ChIJw3q9_xV-1YcRqrte6yBn1CI,OK,54033,471570025002007
536.522,35.1490317,-90.0140679,ChIJw3q9_xV-1YcRqrte6yBn1CI,OK,54033,471570025002007
1258.759,35.1444038,-90.0168571,ChIJufYEjhR-1YcREff46W6Lons,OK,101386,471570025002007
774.546,35.1490317,-90.0140679,ChIJw3q9_xV-1YcRqrte6yBn1CI,OK,70159,471570025002012
774.546,35.1490317,-90.0140679,ChIJw3q9_xV-1YcRqrte6yBn1CI,OK,70159,471570025002012
831.525,35.142439,-90.006118,ChIJeUPo2Rt-1YcRdoG2a54M-d0,OK,70596,471570025002012
503.825,35.1490317,-90.0140679,ChIJw3q9_xV-1YcRqrte6yBn1CI,OK,43959,471570025002034
503.825,35.1490317,-90.0140679,ChIJw3q9_xV-1YcRqrte6yBn1CI,OK,43959,471570025002034
718.601,35.1444038,-90.0168571,ChIJufYEjhR-1YcREff46W6Lons,OK,58974,471570025002034
1934.177,35.1444038,-90.0168571,ChIJufYEjhR-1YcREff46W6Lons,OK,121666,471570038001004
1934.177,35.1444038,-90.0168571,ChIJufYEjhR-1YcREff46W6Lons,OK,121666,471570038001004
2196.079,35.1490317,-90.0140679,ChIJw3q9_xV-1YcRqrte6yBn1CI,OK,151300,471570038001004
1120.013,35.1444038,-90.0168571,ChIJufYEjhR-1YcREff46W6Lons,OK,108083,471570038001001
1120.013,35.1444038,-90.0168571,ChIJufYEjhR-1YcREff46W6Lons,OK,108083,471570038001001
1756.639,35.1490317,-90.0140679,ChIJw3q9_xV-1YcRqrte6yBn1CI,OK,133422,471570038001001
1260.057,35.1444038,-90.0168571,ChIJufYEjhR-1YcREff46W6Lons,OK,84928,471570024003002
1260.057,35.1444038,-90.0168571,ChIJufYEjhR-1YcREff46W6Lons,OK,84928,471570024003002
1907.741,35.1490317,-90.0140679,ChIJw3q9_xV-1YcRqrte6yBn1CI,OK,118862,471570024003002
1258.622,35.1444038,-90.0168571,ChIJufYEjhR-1YcREff46W6Lons,OK,84756,471570024003000
1258.622,35.1444038,-90.0168571,ChIJufYEjhR-1YcREff46W6Lons,OK,84756,471570024003000
1906.306,35.1490317,-90.0140679,ChIJw3q9_xV-1YcRqrte6yBn1CI,OK,118690,471570024003000
2016.055,35.1439641,-90.0517892,ChIJL-0zBZR-1YcRj7p5p1WY4-g,OK,113811,471570038001012
2016.055,35.1439641,-90.0517892,ChIJL-0zBZR-1YcRj7p5p1WY4-g,OK,113811,471570038001012
2373.538,35.1444038,-90.0168571,ChIJufYEjhR-1YcREff46W6Lons,OK,139757,471570038001012
2447.077,35.1444038,-90.0168571,ChIJufYEjhR-1YcREff46W6Lons,OK,152179,471570037001008
2447.077,35.1444038,-90.0168571,ChIJufYEjhR-1YcREff46W6Lons,OK,152179,471570037001008
2635.364,35.125222,-90.048147,ChIJ9cKdtid81YcRKs9h6RjzQzw,OK,157964,471570037001008
2200.233,35.1439641,-90.0517892,ChIJL-0zBZR-1YcRj7p5p1WY4-g,OK,124012,471570038001013
2189.359,35.1444038,-90.0168571,ChIJufYEjhR-1YcREff46W6Lons,OK,129556,471570038001013
2189.359,35.1444038,-90.0168571,ChIJufYEjhR-1YcREff46W6Lons,OK,129556,471570038001013
2352.073,35.1444038,-90.0168571,ChIJufYEjhR-1YcREff46W6Lons,OK,140515,471570037001007
2352.073,35.1444038,-90.0168571,ChIJufYEjhR-1YcREff46W6Lons,OK,140515,471570037001007
2529.374,35.125222,-90.048147,ChIJ9cKdtid81YcRKs9h6RjzQzw,OK,145509,471570037001007
2020.581,35.1444038,-90.0168571,ChIJufYEjhR-1YcREff46W6Lons,OK,120848,471570038001015
2020.581,35.1444038,-90.0168571,ChIJufYEjhR-1YcREff46W6Lons,OK,120848,471570038001015
2313.169,35.13763670000001,-90.00757159999999,ChIJl69WLQV-1YcRU3z7Tt2MyhY,OK,142323,471570038001015
2069.017,35.1444038,-90.0168571,ChIJufYEjhR-1YcREff46W6Lons,OK,122892,471570038001014
2069.017,35.1444038,-90.0168571,ChIJufYEjhR-1YcREff46W6Lons,OK,122892,471570038001014
2100.583,35.13763670000001,-90.00757159999999,ChIJl69WLQV-1YcRU3z7Tt2MyhY,OK,128401,471570038001014
1142.922,35.062945,-89.90568519999999,ChIJjxj9mL-Ff4gRoOEx9OzDyxs,OK,79234,471570106101041
1142.922,35.062945,-89.90568519999999,ChIJjxj9mL-Ff4gRoOEx9OzDyxs,OK,79234,471570106101041
1129.284,35.063996,-89.90690699999999,ChIJn51vcb-Ff4gRvoXU4r8swrw,OK,93384,471570106101041
14287.852,34.999309,-90.118577,ChIJ9TRIjgZl1YcR3fm2jM14AHY,keyerror,1157869,471579803001012
14287.852,34.999309,-90.118577,ChIJ9TRIjgZl1YcR3fm2jM14AHY,keyerror,1157869,471579803001012
11522.81,35.02753099999999,-90.082077,ChIJK66rdetk1YcRwwxI9gDREks,OK,980219,471579803001018
13243.237,34.999309,-90.118577,ChIJ9TRIjgZl1YcR3fm2jM14AHY,OK,1076188,471579803001018
13243.237,34.999309,-90.118577,ChIJ9TRIjgZl1YcR3fm2jM14AHY,OK,1076188,471579803001018
2354.371,35.0643218,-89.9923063,ChIJb3DQuo2Hf4gRC8UI6d4pa68,OK,178225,471579801001025
4375.66,35.0841884,-89.97146650000001,ChIJX1vb4AeHf4gRloPQ2o5nDXA,OK,259653,471579801001025
4375.66,35.0841884,-89.97146650000001,ChIJX1vb4AeHf4gRloPQ2o5nDXA,OK,259653,471579801001025
4206.283,35.086634,-89.96355199999999,ChIJW0XU3AGHf4gRINnmxvx9m5A,OK,269401,471579801001028
4206.283,35.086634,-89.96355199999999,ChIJW0XU3AGHf4gRINnmxvx9m5A,OK,269401,471579801001028
4639.169,35.0841884,-89.97146650000001,ChIJX1vb4AeHf4gRloPQ2o5nDXA,OK,280108,471579801001028
2182.734,35.0614623,-89.8536277,ChIJ4TWJkTWFf4gRbkNZYfkF9Jw,OK,140635,471570213311022
2182.734,35.0614623,-89.8536277,ChIJ4TWJkTWFf4gRbkNZYfkF9Jw,OK,140635,471570213311022
2267.506,35.0512763,-89.8427476,ChIJ7VPJ3q-af4gRdxERIyaZ0gk,OK,146823,471570213311022
2500.352,35.0614623,-89.8536277,ChIJ4TWJkTWFf4gRbkNZYfkF9Jw,OK,172765,471570217102000
2500.352,35.0614623,-89.8536277,ChIJ4TWJkTWFf4gRbkNZYfkF9Jw,OK,172765,471570217102000
2665.855,35.050596,-89.869556,ChIJQ4vLA2iFf4gRyyCo3ihKH44,OK,173506,471570217102000
12398.915,35.0326981,-90.07589809999999,ChIJ9S1ljalk1YcRvuG-_hbpimA,OK,1115890,471579803001026
13135.742,35.02753099999999,-90.082077,ChIJK66rdetk1YcRwwxI9gDREks,OK,1157637,471579803001026
13135.742,35.02753099999999,-90.082077,ChIJK66rdetk1YcRwwxI9gDREks,OK,1157637,471579803001026
1961.253,35.0614623,-89.8536277,ChIJ4TWJkTWFf4gRbkNZYfkF9Jw,OK,122658,471570213311034
1961.253,35.0614623,-89.8536277,ChIJ4TWJkTWFf4gRbkNZYfkF9Jw,OK,122658,471570213311034
2046.025,35.0512763,-89.8427476,ChIJ7VPJ3q-af4gRdxERIyaZ0gk,OK,128846,471570213311034
10908.595,35.061362,-90.05986399999999,ChIJL_Gh8ZV81YcRDlMHRKqR_IA,OK,612900,471579803001043
9206.999,35.0326981,-90.07589809999999,ChIJ9S1ljalk1YcRvuG-_hbpimA,OK,776549,471579803001043
9206.999,35.0326981,-90.07589809999999,ChIJ9S1ljalk1YcRvuG-_hbpimA,OK,776549,471579803001043
10136.201,35.0326981,-90.07589809999999,ChIJ9S1ljalk1YcRvuG-_hbpimA,OK,860499,471579803001019
10136.201,35.0326981,-90.07589809999999,ChIJ9S1ljalk1YcRvuG-_hbpimA,OK,860499,471579803001019
10873.028,35.02753099999999,-90.082077,ChIJK66rdetk1YcRwwxI9gDREks,OK,902246,471579803001019
3105.209,35.0614623,-89.8536277,ChIJ4TWJkTWFf4gRbkNZYfkF9Jw,OK,209152,471570213332015
3105.209,35.0614623,-89.8536277,ChIJ4TWJkTWFf4gRbkNZYfkF9Jw,OK,209152,471570213332015
3189.981,35.0512763,-89.8427476,ChIJ7VPJ3q-af4gRdxERIyaZ0gk,OK,215340,471570213332015
2693.707,35.0614623,-89.8536277,ChIJ4TWJkTWFf4gRbkNZYfkF9Jw,OK,182902,471570213311017
2693.707,35.0614623,-89.8536277,ChIJ4TWJkTWFf4gRbkNZYfkF9Jw,OK,182902,471570213311017
2778.479,35.0512763,-89.8427476,ChIJ7VPJ3q-af4gRdxERIyaZ0gk,OK,189090,471570213311017
1241.182,35.062945,-89.90568519999999,ChIJjxj9mL-Ff4gRoOEx9OzDyxs,OK,86605,471570106101040
1241.182,35.062945,-89.90568519999999,ChIJjxj9mL-Ff4gRoOEx9OzDyxs,OK,86605,471570106101040
1227.544,35.063996,-89.90690699999999,ChIJn51vcb-Ff4gRvoXU4r8swrw,OK,100755,471570106101040
1781.531,35.06591589999999,-89.94154240000002,ChIJTUcfL2qGf4gRH4x-pmmajWw,OK,152003,471579801001023
1781.531,35.06591589999999,-89.94154240000002,ChIJTUcfL2qGf4gRH4x-pmmajWw,OK,152003,471579801001023
2469.603,35.051879,-89.95322299999999,ChIJtbdkhjqGf4gRndtG1KtFnTA,OK,183416,471579801001023
3178.899,35.0614623,-89.8536277,ChIJ4TWJkTWFf4gRbkNZYfkF9Jw,OK,202340,471570213311014
3178.899,35.0614623,-89.8536277,ChIJ4TWJkTWFf4gRbkNZYfkF9Jw,OK,202340,471570213311014
3263.67,35.0512763,-89.8427476,ChIJ7VPJ3q-af4gRdxERIyaZ0gk,OK,208528,471570213311014
1105.081,35.0643218,-89.9923063,ChIJb3DQuo2Hf4gRC8UI6d4pa68,OK,86414,471570225001080
1105.081,35.0643218,-89.9923063,ChIJb3DQuo2Hf4gRC8UI6d4pa68,OK,86414,471570225001080
3003.314,35.05407199999999,-90.00125899999999,ChIJIzdhk1h91YcRZT7cBcBslaM,OK,171607,471570225001080
4378.439,35.05407199999999,-90.00125899999999,ChIJIzdhk1h91YcRZT7cBcBslaM,OK,282774,471570225001078
4378.439,35.05407199999999,-90.00125899999999,ChIJIzdhk1h91YcRZT7cBcBslaM,OK,282774,471570225001078
4134.984,35.0643218,-89.9923063,ChIJb3DQuo2Hf4gRC8UI6d4pa68,OK,305114,471570225001078
3753.84,35.054745,-90.007971,ChIJXxyyQlt91YcRhldtWgjSnSE,OK,303864,471570225001012
3753.84,35.054745,-90.007971,ChIJXxyyQlt91YcRhldtWgjSnSE,OK,303864,471570225001012
4185.688,35.05407199999999,-90.00125899999999,ChIJIzdhk1h91YcRZT7cBcBslaM,OK,319903,471570225001012
14044.383,34.999309,-90.118577,ChIJ9TRIjgZl1YcR3fm2jM14AHY,keyerror,1111381,471579803001008
14044.383,34.999309,-90.118577,ChIJ9TRIjgZl1YcR3fm2jM14AHY,keyerror,1111381,471579803001008
2912.803,35.0614623,-89.8536277,ChIJ4TWJkTWFf4gRbkNZYfkF9Jw,OK,186066,471570213332016
2997.575,35.0512763,-89.8427476,ChIJ7VPJ3q-af4gRdxERIyaZ0gk,OK,192254,471570213332016
2997.575,35.0512763,-89.8427476,ChIJ7VPJ3q-af4gRdxERIyaZ0gk,OK,192254,471570213332016
1645.234,35.13774119999999,-89.99713,ChIJtwtohKiAf4gRFxkNLUf9PgA,OK,129020,471570033002009
1645.234,35.13774119999999,-89.99713,ChIJtwtohKiAf4gRFxkNLUf9PgA,OK,129020,471570033002009
1606.454,35.13763670000001,-90.00757159999999,ChIJl69WLQV-1YcRU3z7Tt2MyhY,OK,133128,471570033002009
6153.976,35.14868459999999,-89.7948203,ChIJ4w9Lr2qcf4gRHdzl9FciAFM,OK,380673,471570211391025
6153.976,35.14868459999999,-89.7948203,ChIJ4w9Lr2qcf4gRHdzl9FciAFM,OK,380673,471570211391025
6920.138,35.1546312,-89.79260459999999,ChIJ8UeuSEecf4gRniit7ubZLtM,OK,401372,471570211391025
6015.768,35.1153996,-89.89414069999999,ChIJCb4NOWWEf4gR79YlPQoocW4,OK,380152,471570213111008
6723.073,35.16339899999999,-89.855841,ChIJA_xfkC6Df4gRAjVZwLz1jqA,OK,420339,471570213111008
6723.073,35.16339899999999,-89.855841,ChIJA_xfkC6Df4gRAjVZwLz1jqA,OK,420339,471570213111008
3690.787,35.14868459999999,-89.7948203,ChIJ4w9Lr2qcf4gRHdzl9FciAFM,OK,282234,471579804001026
3690.787,35.14868459999999,-89.7948203,ChIJ4w9Lr2qcf4gRHdzl9FciAFM,OK,282234,471579804001026
4456.949,35.1546312,-89.79260459999999,ChIJ8UeuSEecf4gRniit7ubZLtM,OK,302933,471579804001026
3593.293,35.14868459999999,-89.7948203,ChIJ4w9Lr2qcf4gRHdzl9FciAFM,OK,270535,471579804001030
3593.293,35.14868459999999,-89.7948203,ChIJ4w9Lr2qcf4gRHdzl9FciAFM,OK,270535,471579804001030
4359.456,35.1546312,-89.79260459999999,ChIJ8UeuSEecf4gRniit7ubZLtM,OK,291234,471579804001030
3307.896,35.14868459999999,-89.7948203,ChIJ4w9Lr2qcf4gRHdzl9FciAFM,OK,240810,471579804001024
3307.896,35.14868459999999,-89.7948203,ChIJ4w9Lr2qcf4gRHdzl9FciAFM,OK,240810,471579804001024
4074.058,35.1546312,-89.79260459999999,ChIJ8UeuSEecf4gRniit7ubZLtM,OK,261509,471579804001024
4554.077,35.14868459999999,-89.7948203,ChIJ4w9Lr2qcf4gRHdzl9FciAFM,OK,389010,471579804001051
4554.077,35.14868459999999,-89.7948203,ChIJ4w9Lr2qcf4gRHdzl9FciAFM,OK,389010,471579804001051
5320.24,35.1546312,-89.79260459999999,ChIJ8UeuSEecf4gRniit7ubZLtM,OK,409709,471579804001051
585.818,35.12545849999999,-89.97454169999999,ChIJoyT3HjOHf4gRS6EdHckmff8,OK,35145,471570031001019
585.818,35.12545849999999,-89.97454169999999,ChIJoyT3HjOHf4gRS6EdHckmff8,OK,35145,471570031001019
1351.613,35.13418100000001,-89.98599,ChIJnf1_yraAf4gR9pQmD7CXhgg,OK,77279,471570031001019
5472.189,35.1503395,-89.89321,ChIJRaSiF6KDf4gRNIqqt1VnH58,OK,324028,471570096001001
5472.189,35.1503395,-89.89321,ChIJRaSiF6KDf4gRNIqqt1VnH58,OK,324028,471570096001001
5873.67,35.156962,-89.88851749999999,ChIJaVmJmQmDf4gR3ZGZP7kcoeo,OK,349691,471570096001001
1285.577,35.0209193,-89.8996561,ChIJxWQfy22Pf4gRlC1jxVU1A2g,OK,71200,471570226001134
1285.577,35.0209193,-89.8996561,ChIJxWQfy22Pf4gRlC1jxVU1A2g,OK,71200,471570226001134
1296.849,35.02100869999999,-89.8995317,ChIJ-f6gz22Pf4gR-rWEeLgd-68,OK,71824,471570226001134
301.681,35.0209193,-89.8996561,ChIJxWQfy22Pf4gRlC1jxVU1A2g,OK,16708,471570226001147
301.681,35.0209193,-89.8996561,ChIJxWQfy22Pf4gRlC1jxVU1A2g,OK,16708,471570226001147
312.953,35.02100869999999,-89.8995317,ChIJ-f6gz22Pf4gR-rWEeLgd-68,OK,17332,471570226001147
1757.994,35.0515568,-89.90630259999999,ChIJrU8jyZKFf4gRubg1AIyELWY,OK,107630,471570226001051
1757.994,35.0515568,-89.90630259999999,ChIJrU8jyZKFf4gRubg1AIyELWY,OK,107630,471570226001051
1516.032,35.0515544,-89.92255089999999,ChIJG_UFGuOFf4gRyHNDzwp5is0,OK,130845,471570226001051
1995.091,35.0515568,-89.90630259999999,ChIJrU8jyZKFf4gRubg1AIyELWY,OK,118702,471570226001050
1995.091,35.0515568,-89.90630259999999,ChIJrU8jyZKFf4gRubg1AIyELWY,OK,118702,471570226001050
2842.247,35.0374859,-89.93716700000002,ChIJESgedaeIf4gRXlLu5ht4wNo,OK,157553,471570226001050
1808.287,35.0515568,-89.90630259999999,ChIJrU8jyZKFf4gRubg1AIyELWY,OK,108811,471570226001055
1808.287,35.0515568,-89.90630259999999,ChIJrU8jyZKFf4gRubg1AIyELWY,OK,108811,471570226001055
2869.888,35.0515544,-89.92255089999999,ChIJG_UFGuOFf4gRyHNDzwp5is0,OK,154001,471570226001055
2626.929,35.0515544,-89.92255089999999,ChIJG_UFGuOFf4gRyHNDzwp5is0,OK,140546,471570226001054
2626.929,35.0515544,-89.92255089999999,ChIJG_UFGuOFf4gRyHNDzwp5is0,OK,140546,471570226001054
2852.15,35.0515568,-89.90630259999999,ChIJrU8jyZKFf4gRubg1AIyELWY,OK,166163,471570226001054
2751.16,35.0515568,-89.90630259999999,ChIJrU8jyZKFf4gRubg1AIyELWY,OK,167844,471570226001099
4175.762,35.02100869999999,-89.8995317,ChIJ-f6gz22Pf4gR-rWEeLgd-68,OK,215854,471570226001099
4175.762,35.02100869999999,-89.8995317,ChIJ-f6gz22Pf4gR-rWEeLgd-68,OK,215854,471570226001099
2712.665,35.0515568,-89.90630259999999,ChIJrU8jyZKFf4gRubg1AIyELWY,OK,165535,471570226001071
4137.267,35.02100869999999,-89.8995317,ChIJ-f6gz22Pf4gR-rWEeLgd-68,OK,213545,471570226001071
4137.267,35.02100869999999,-89.8995317,ChIJ-f6gz22Pf4gR-rWEeLgd-68,OK,213545,471570226001071
335.917,35.0209193,-89.8996561,ChIJxWQfy22Pf4gRlC1jxVU1A2g,OK,18604,471570226001156
335.917,35.0209193,-89.8996561,ChIJxWQfy22Pf4gRlC1jxVU1A2g,OK,18604,471570226001156
347.19,35.02100869999999,-89.8995317,ChIJ-f6gz22Pf4gR-rWEeLgd-68,OK,19228,471570226001156
2827.96,35.015991,-89.935953,ChIJSSHzkseIf4gRnqbOP98HojY,OK,165948,471570226001180
2827.96,35.015991,-89.935953,ChIJSSHzkseIf4gRnqbOP98HojY,OK,165948,471570226001180
3478.718,35.02099699999999,-89.93544,ChIJW6hY3LmIf4gRWjIeu9tMgvU,OK,201987,471570226001180
2191.768,35.015991,-89.935953,ChIJSSHzkseIf4gRnqbOP98HojY,OK,159758,471570226001181
2191.768,35.015991,-89.935953,ChIJSSHzkseIf4gRnqbOP98HojY,OK,159758,471570226001181
2842.526,35.02099699999999,-89.93544,ChIJW6hY3LmIf4gRWjIeu9tMgvU,OK,195797,471570226001181
516.812,35.02100869999999,-89.8995317,ChIJ-f6gz22Pf4gR-rWEeLgd-68,OK,24649,471570226001150
516.812,35.02100869999999,-89.8995317,ChIJ-f6gz22Pf4gR-rWEeLgd-68,OK,24649,471570226001150
528.085,35.0209193,-89.8996561,ChIJxWQfy22Pf4gRlC1jxVU1A2g,OK,25274,471570226001150
2757.065,34.999309,-90.118577,ChIJ9TRIjgZl1YcR3fm2jM14AHY,OK,257879,471570222101022
2757.065,34.999309,-90.118577,ChIJ9TRIjgZl1YcR3fm2jM14AHY,OK,257879,471570222101022
5139.271,35.02753099999999,-90.082077,ChIJK66rdetk1YcRwwxI9gDREks,OK,389811,471570222101022
1647.13,35.02753099999999,-90.082077,ChIJK66rdetk1YcRwwxI9gDREks,OK,130817,471570224102007
1647.13,35.02753099999999,-90.082077,ChIJK66rdetk1YcRwwxI9gDREks,OK,130817,471570224102007
2448.201,35.0326981,-90.07589809999999,ChIJ9S1ljalk1YcRvuG-_hbpimA,OK,175183,471570224102007
2952.831,34.999309,-90.118577,ChIJ9TRIjgZl1YcR3fm2jM14AHY,OK,257775,471570224105012
2952.831,34.999309,-90.118577,ChIJ9TRIjgZl1YcR3fm2jM14AHY,OK,257775,471570224105012
3997.254,35.02753099999999,-90.082077,ChIJK66rdetk1YcRwwxI9gDREks,OK,326801,471570224105012
2289.577,34.999309,-90.118577,ChIJ9TRIjgZl1YcR3fm2jM14AHY,OK,178187,471570224105006
2289.577,34.999309,-90.118577,ChIJ9TRIjgZl1YcR3fm2jM14AHY,OK,178187,471570224105006
3941.555,35.02753099999999,-90.082077,ChIJK66rdetk1YcRwwxI9gDREks,OK,269679,471570224105006
2365.003,34.999309,-90.118577,ChIJ9TRIjgZl1YcR3fm2jM14AHY,OK,187238,471570224105007
2365.003,34.999309,-90.118577,ChIJ9TRIjgZl1YcR3fm2jM14AHY,OK,187238,471570224105007
4016.981,35.02753099999999,-90.082077,ChIJK66rdetk1YcRwwxI9gDREks,OK,278730,471570224105007
2514.302,34.999309,-90.118577,ChIJ9TRIjgZl1YcR3fm2jM14AHY,OK,205154,471570224105003
2514.302,34.999309,-90.118577,ChIJ9TRIjgZl1YcR3fm2jM14AHY,OK,205154,471570224105003
4166.28,35.02753099999999,-90.082077,ChIJK66rdetk1YcRwwxI9gDREks,OK,296646,471570224105003
2059.249,34.999309,-90.118577,ChIJ9TRIjgZl1YcR3fm2jM14AHY,OK,150548,471570224105005
2059.249,34.999309,-90.118577,ChIJ9TRIjgZl1YcR3fm2jM14AHY,OK,150548,471570224105005
3366.945,35.02753099999999,-90.082077,ChIJK66rdetk1YcRwwxI9gDREks,OK,220544,471570224105005
1750.296,34.999309,-90.118577,ChIJ9TRIjgZl1YcR3fm2jM14AHY,OK,113475,471570224105014
1750.296,34.999309,-90.118577,ChIJ9TRIjgZl1YcR3fm2jM14AHY,OK,113475,471570224105014
3096.697,35.02753099999999,-90.082077,ChIJK66rdetk1YcRwwxI9gDREks,OK,188114,471570224105014
1982.752,34.999309,-90.118577,ChIJ9TRIjgZl1YcR3fm2jM14AHY,OK,109808,471570224104020
1982.752,34.999309,-90.118577,ChIJ9TRIjgZl1YcR3fm2jM14AHY,OK,109808,471570224104020
2657.862,35.02753099999999,-90.082077,ChIJK66rdetk1YcRwwxI9gDREks,OK,147201,471570224104020
2077.163,34.999309,-90.118577,ChIJ9TRIjgZl1YcR3fm2jM14AHY,OK,138482,471570224104021
2077.163,34.999309,-90.118577,ChIJ9TRIjgZl1YcR3fm2jM14AHY,OK,138482,471570224104021
2710.86,35.02753099999999,-90.082077,ChIJK66rdetk1YcRwwxI9gDREks,OK,171618,471570224104021
1863.738,35.02753099999999,-90.082077,ChIJK66rdetk1YcRwwxI9gDREks,OK,156810,471570224102023
1217.599,35.0612606,-89.88628629999999,ChIJAQ_I1gqFf4gRFrt5yQeAEps,OK,87770,471570107203000
1217.599,35.0612606,-89.88628629999999,ChIJAQ_I1gqFf4gRFrt5yQeAEps,OK,87770,471570107203000
1100.999,35.0632829,-89.88727279999999,ChIJvVoQ4QqFf4gRItXZGUDZ-Hc,OK,103197,471570107203000
4095.973,35.02753099999999,-90.082077,ChIJK66rdetk1YcRwwxI9gDREks,OK,318209,471570222101006
4095.973,35.02753099999999,-90.082077,ChIJK66rdetk1YcRwwxI9gDREks,OK,318209,471570222101006
4461.874,35.0326981,-90.07589809999999,ChIJ9S1ljalk1YcRvuG-_hbpimA,OK,322341,471570222101006
3256.478,35.02753099999999,-90.082077,ChIJK66rdetk1YcRwwxI9gDREks,OK,265811,471570222101013
3256.478,35.02753099999999,-90.082077,ChIJK66rdetk1YcRwwxI9gDREks,OK,265811,471570222101013
4057.55,35.0326981,-90.07589809999999,ChIJ9S1ljalk1YcRvuG-_hbpimA,OK,310177,471570222101013
3552.839,35.0326981,-90.07589809999999,ChIJ9S1ljalk1YcRvuG-_hbpimA,OK,238067,471570222101003
3552.839,35.0326981,-90.07589809999999,ChIJ9S1ljalk1YcRvuG-_hbpimA,OK,238067,471570222101003
3674.568,35.02753099999999,-90.082077,ChIJK66rdetk1YcRwwxI9gDREks,OK,267640,471570222101003
1626.203,35.0612606,-89.88628629999999,ChIJAQ_I1gqFf4gRFrt5yQeAEps,OK,113697,471570107201010
1626.203,35.0612606,-89.88628629999999,ChIJAQ_I1gqFf4gRFrt5yQeAEps,OK,113697,471570107201010
1859.657,35.0632829,-89.88727279999999,ChIJvVoQ4QqFf4gRItXZGUDZ-Hc,OK,144277,471570107201010
1202.432,35.0508681,-89.88111619999999,ChIJ68PUi3CFf4gRLPYGzNKUdto,OK,89347,471570108202010
1202.432,35.0508681,-89.88111619999999,ChIJ68PUi3CFf4gRLPYGzNKUdto,OK,89347,471570108202010
1331.139,35.0612606,-89.88628629999999,ChIJAQ_I1gqFf4gRFrt5yQeAEps,OK,91246,471570108202010
1481.474,35.0374859,-89.93716700000002,ChIJESgedaeIf4gRXlLu5ht4wNo,OK,112840,471570110201023
1481.474,35.0374859,-89.93716700000002,ChIJESgedaeIf4gRXlLu5ht4wNo,OK,112840,471570110201023
2311.582,35.02099699999999,-89.93544,ChIJW6hY3LmIf4gRWjIeu9tMgvU,OK,165270,471570110201023
3352.09,34.999309,-90.118577,ChIJ9TRIjgZl1YcR3fm2jM14AHY,OK,329279,471570222101021
3352.09,34.999309,-90.118577,ChIJ9TRIjgZl1YcR3fm2jM14AHY,OK,329279,471570222101021
5734.296,35.02753099999999,-90.082077,ChIJK66rdetk1YcRwwxI9gDREks,OK,461211,471570222101021
1111.115,35.051879,-89.95322299999999,ChIJtbdkhjqGf4gRndtG1KtFnTA,OK,104134,471570110203000
1111.115,35.051879,-89.95322299999999,ChIJtbdkhjqGf4gRndtG1KtFnTA,OK,104134,471570110203000
2797.532,35.05905920000001,-89.9340455,ChIJM89Mbw2Gf4gRFqf4fPnKU7k,OK,197220,471570110203000
3296.948,35.183951,-89.93106899999999,ChIJWQ0EIo-Bf4gR6cuqlCcQuNw,OK,173217,471570205124022
3296.948,35.183951,-89.93106899999999,ChIJWQ0EIo-Bf4gR6cuqlCcQuNw,OK,173217,471570205124022
3297.187,35.1839382,-89.93104869999999,ChIJrQx5Io-Bf4gRSwDAaGIf4WE,OK,173260,471570205124022
3187.878,35.2023757,-89.9218691,ChIJvw7rwByCf4gRrAscHKjp1Iw,OK,219350,471570205124014
5303.359,35.183951,-89.93106899999999,ChIJWQ0EIo-Bf4gR6cuqlCcQuNw,OK,335835,471570205124014
5303.359,35.183951,-89.93106899999999,ChIJWQ0EIo-Bf4gR6cuqlCcQuNw,OK,335835,471570205124014
917.753,35.2337782,-89.9252472,ChIJra3pLkt_f4gRjZbqnHrruIM,OK,79980,471570205321007
917.753,35.2337782,-89.9252472,ChIJra3pLkt_f4gRjZbqnHrruIM,OK,79980,471570205321007
2835.584,35.2158947,-89.9151158,ChIJxetq6ad4f4gRD1K1cIBWUQ4,OK,254749,471570205321007
2727.078,34.999309,-90.118577,ChIJ9TRIjgZl1YcR3fm2jM14AHY,OK,254280,471570222101018
2727.078,34.999309,-90.118577,ChIJ9TRIjgZl1YcR3fm2jM14AHY,OK,254280,471570222101018
5109.284,35.02753099999999,-90.082077,ChIJK66rdetk1YcRwwxI9gDREks,OK,386212,471570222101018
2928.896,35.2023757,-89.9218691,ChIJvw7rwByCf4gRrAscHKjp1Iw,OK,221639,471570205123003
2928.896,35.2023757,-89.9218691,ChIJvw7rwByCf4gRrAscHKjp1Iw,OK,221639,471570205123003
5044.377,35.183951,-89.93106899999999,ChIJWQ0EIo-Bf4gR6cuqlCcQuNw,OK,338124,471570205123003
7759.581,35.02753099999999,-90.082077,ChIJK66rdetk1YcRwwxI9gDREks,OK,694680,471579803001028
7759.581,35.02753099999999,-90.082077,ChIJK66rdetk1YcRwwxI9gDREks,OK,694680,471579803001028
8560.653,35.0326981,-90.07589809999999,ChIJ9S1ljalk1YcRvuG-_hbpimA,OK,739046,471579803001028
813,34.999309,-90.118577,ChIJ9TRIjgZl1YcR3fm2jM14AHY,OK,45027,471570222101023
813,34.999309,-90.118577,ChIJ9TRIjgZl1YcR3fm2jM14AHY,OK,45027,471570222101023
5453.627,35.02753099999999,-90.082077,ChIJK66rdetk1YcRwwxI9gDREks,OK,302038,471570222101023
1499.495,35.2337782,-89.9252472,ChIJra3pLkt_f4gRjZbqnHrruIM,OK,149787,471570205322003
1499.495,35.2337782,-89.9252472,ChIJra3pLkt_f4gRjZbqnHrruIM,OK,149787,471570205322003
2240.41,35.2158947,-89.9151158,ChIJxetq6ad4f4gRD1K1cIBWUQ4,OK,183329,471570205322003
3133.434,34.999309,-90.118577,ChIJ9TRIjgZl1YcR3fm2jM14AHY,OK,303042,471570222101020
3133.434,34.999309,-90.118577,ChIJ9TRIjgZl1YcR3fm2jM14AHY,OK,303042,471570222101020
5515.64,35.02753099999999,-90.082077,ChIJK66rdetk1YcRwwxI9gDREks,OK,434974,471570222101020
1428.933,35.05113000000001,-89.815021,ChIJAdLMX4iaf4gRUenKpoiyrBc,OK,110818,471570213421030
1428.933,35.05113000000001,-89.815021,ChIJAdLMX4iaf4gRUenKpoiyrBc,OK,110818,471570213421030
1643.075,35.048632,-89.814048,ChIJqY7T64eaf4gRoqZRK7sz4Co,OK,123094,471570213421030
3649.606,35.05113000000001,-89.815021,ChIJAdLMX4iaf4gRUenKpoiyrBc,OK,197633,471570213421050
3823.527,35.048632,-89.814048,ChIJqY7T64eaf4gRoqZRK7sz4Co,OK,210053,471570213421050
3823.527,35.048632,-89.814048,ChIJqY7T64eaf4gRoqZRK7sz4Co,OK,210053,471570213421050
2696.25,34.999309,-90.118577,ChIJ9TRIjgZl1YcR3fm2jM14AHY,OK,250581,471570224105021
2696.25,34.999309,-90.118577,ChIJ9TRIjgZl1YcR3fm2jM14AHY,OK,250581,471570224105021
5078.456,35.02753099999999,-90.082077,ChIJK66rdetk1YcRwwxI9gDREks,OK,382513,471570224105021
225.011,35.045091,-89.795412,ChIJVelsQnOaf4gRECqTW7fq-dY,OK,40426,471570213421081
225.011,35.045091,-89.795412,ChIJVelsQnOaf4gRECqTW7fq-dY,OK,40426,471570213421081
343.016,35.0461089,-89.7947008,ChIJaZI6O3Oaf4gRqa_eh0DNj_s,OK,46962,471570213421081
1549.127,35.2060393,-89.89459389999999,ChIJN_fdM1CCf4gRqHZ_YUZgoJo,OK,133865,471570205412016
581.29,35.1145886,-89.90089789999999,ChIJKWmlFW6Ef4gR0YNISWQMkss,OK,40133,471570085002004
581.29,35.1145886,-89.90089789999999,ChIJKWmlFW6Ef4gR0YNISWQMkss,OK,40133,471570085002004
1399.058,35.1153996,-89.89414069999999,ChIJCb4NOWWEf4gR79YlPQoocW4,OK,96366,471570085002004
269.549,35.13763670000001,-90.00757159999999,ChIJl69WLQV-1YcRU3z7Tt2MyhY,OK,27001,471570034001011
269.549,35.13763670000001,-90.00757159999999,ChIJl69WLQV-1YcRU3z7Tt2MyhY,OK,27001,471570034001011
471.812,35.139426,-90.00714049999999,ChIJC-6kIBt-1YcRA1cskDtjsVc,OK,51271,471570034001011
817.726,35.2051043,-89.79754849999999,ChIJpRDMlY2df4gRQqHmUo_lzmc,OK,77357,471570211132037
817.726,35.2051043,-89.79754849999999,ChIJpRDMlY2df4gRQqHmUo_lzmc,OK,77357,471570211132037
1109.724,35.2071893,-89.79833029999999,ChIJQ0zWJIydf4gRstwjg5hObuM,OK,137870,471570211132037
1182.771,35.2051043,-89.79754849999999,ChIJpRDMlY2df4gRQqHmUo_lzmc,OK,76817,471570211132046
1182.771,35.2051043,-89.79754849999999,ChIJpRDMlY2df4gRQqHmUo_lzmc,OK,76817,471570211132046
1647.741,35.2072684,-89.7827147,ChIJKdJ2xvqdf4gRKLRUePlbOOs,OK,134239,471570211132046
1529.725,35.1435177,-90.0539328,ChIJ8VFg1pV-1YcRR9G8p0pZx6U,OK,90743,471570042002073
1529.725,35.1435177,-90.0539328,ChIJ8VFg1pV-1YcRR9G8p0pZx6U,OK,90743,471570042002073
1609.205,35.1251709,-90.0481695,ChIJybIJtCd81YcR9Otxws-5qCM,OK,94405,471570042002073
612.546,35.1145886,-89.90089789999999,ChIJKWmlFW6Ef4gR0YNISWQMkss,OK,66142,471570093001002
612.546,35.1145886,-89.90089789999999,ChIJKWmlFW6Ef4gR0YNISWQMkss,OK,66142,471570093001002
1430.314,35.1153996,-89.89414069999999,ChIJCb4NOWWEf4gR79YlPQoocW4,OK,122375,471570093001002
616.175,35.1145886,-89.90089789999999,ChIJKWmlFW6Ef4gR0YNISWQMkss,OK,66576,471570094001001
616.175,35.1145886,-89.90089789999999,ChIJKWmlFW6Ef4gR0YNISWQMkss,OK,66576,471570094001001
1433.943,35.1153996,-89.89414069999999,ChIJCb4NOWWEf4gR79YlPQoocW4,OK,122809,471570094001001
387.285,35.1145886,-89.90089789999999,ChIJKWmlFW6Ef4gR0YNISWQMkss,OK,39111,471570094001003
387.285,35.1145886,-89.90089789999999,ChIJKWmlFW6Ef4gR0YNISWQMkss,OK,39111,471570094001003
1205.053,35.1153996,-89.89414069999999,ChIJCb4NOWWEf4gR79YlPQoocW4,OK,95344,471570094001003
1827.034,35.1145886,-89.90089789999999,ChIJKWmlFW6Ef4gR0YNISWQMkss,OK,107510,471570093001006
1827.034,35.1145886,-89.90089789999999,ChIJKWmlFW6Ef4gR0YNISWQMkss,OK,107510,471570093001006
2420.367,35.1075089,-89.9318387,ChIJVboYU6KGf4gRHfEHUi8Izac,OK,144122,471570093001006
2406.128,35.1145886,-89.90089789999999,ChIJKWmlFW6Ef4gR0YNISWQMkss,OK,148467,471570093001012
2406.128,35.1145886,-89.90089789999999,ChIJKWmlFW6Ef4gR0YNISWQMkss,OK,148467,471570093001012
2255.531,35.1153996,-89.89414069999999,ChIJCb4NOWWEf4gR79YlPQoocW4,OK,159884,471570093001012
1985.004,35.1075089,-89.9318387,ChIJVboYU6KGf4gRHfEHUi8Izac,OK,144848,471570093002001
2583.757,35.0971,-89.9305344,ChIJRd53mZuGf4gRp0fETcD5Y3I,OK,204969,471570093002001
2583.757,35.0971,-89.9305344,ChIJRd53mZuGf4gRp0fETcD5Y3I,OK,204969,471570093002001
789.885,35.2051043,-89.79754849999999,ChIJpRDMlY2df4gRQqHmUo_lzmc,OK,82323,471570211132045
789.885,35.2051043,-89.79754849999999,ChIJpRDMlY2df4gRQqHmUo_lzmc,OK,82323,471570211132045
1081.883,35.2071893,-89.79833029999999,ChIJQ0zWJIydf4gRstwjg5hObuM,OK,142836,471570211132045
1084.216,35.14868459999999,-89.7948203,ChIJ4w9Lr2qcf4gRHdzl9FciAFM,OK,104982,471570211251020
1084.216,35.14868459999999,-89.7948203,ChIJ4w9Lr2qcf4gRHdzl9FciAFM,OK,104982,471570211251020
1850.378,35.1546312,-89.79260459999999,ChIJ8UeuSEecf4gRniit7ubZLtM,OK,125681,471570211251020
1735.207,35.0971,-89.9305344,ChIJRd53mZuGf4gRp0fETcD5Y3I,OK,107446,471570118002005
1735.207,35.0971,-89.9305344,ChIJRd53mZuGf4gRp0fETcD5Y3I,OK,107446,471570118002005
1929.138,35.0960067,-89.93138279999999,ChIJFfDYDZuGf4gR5IbqhV7MTAo,OK,121415,471570118002005
1877.562,35.0971,-89.9305344,ChIJRd53mZuGf4gRp0fETcD5Y3I,OK,130855,471570093002014
1877.562,35.0971,-89.9305344,ChIJRd53mZuGf4gRp0fETcD5Y3I,OK,130855,471570093002014
2071.493,35.0960067,-89.93138279999999,ChIJFfDYDZuGf4gR5IbqhV7MTAo,OK,144824,471570093002014
2630.857,35.1145886,-89.90089789999999,ChIJKWmlFW6Ef4gR0YNISWQMkss,OK,170204,471570093002002
2630.857,35.1145886,-89.90089789999999,ChIJKWmlFW6Ef4gR0YNISWQMkss,OK,170204,471570093002002
2877.739,35.1153996,-89.89414069999999,ChIJCb4NOWWEf4gR79YlPQoocW4,OK,197728,471570093002002
2630.627,35.1145886,-89.90089789999999,ChIJKWmlFW6Ef4gR0YNISWQMkss,OK,167597,471570093002004
2630.627,35.1145886,-89.90089789999999,ChIJKWmlFW6Ef4gR0YNISWQMkss,OK,167597,471570093002004
2877.509,35.1153996,-89.89414069999999,ChIJCb4NOWWEf4gR79YlPQoocW4,OK,195121,471570093002004
2703.648,35.0854368,-89.89541919999999,ChIJf5cc-VKEf4gRF-lYLgijYQQ,OK,181640,471570093002009
2703.648,35.0854368,-89.89541919999999,ChIJf5cc-VKEf4gRF-lYLgijYQQ,OK,181640,471570093002009
3191.393,35.1145886,-89.90089789999999,ChIJKWmlFW6Ef4gR0YNISWQMkss,OK,199142,471570093002009
2595.851,35.0854368,-89.89541919999999,ChIJf5cc-VKEf4gRF-lYLgijYQQ,OK,168704,471570093002010
2595.851,35.0854368,-89.89541919999999,ChIJf5cc-VKEf4gRF-lYLgijYQQ,OK,168704,471570093002010
2496.133,35.0971,-89.9305344,ChIJRd53mZuGf4gRp0fETcD5Y3I,OK,173421,471570093002010
2734.518,35.1145886,-89.90089789999999,ChIJKWmlFW6Ef4gR0YNISWQMkss,OK,180064,471570093002006
2734.518,35.1145886,-89.90089789999999,ChIJKWmlFW6Ef4gR0YNISWQMkss,OK,180064,471570093002006
3113.484,35.0854368,-89.89541919999999,ChIJf5cc-VKEf4gRF-lYLgijYQQ,OK,191689,471570093002006
2616.582,35.0854368,-89.89541919999999,ChIJf5cc-VKEf4gRF-lYLgijYQQ,OK,171192,471570093002008
2616.582,35.0854368,-89.89541919999999,ChIJf5cc-VKEf4gRF-lYLgijYQQ,OK,171192,471570093002008
3114.987,35.1145886,-89.90089789999999,ChIJKWmlFW6Ef4gR0YNISWQMkss,OK,194900,471570093002008
2432.887,35.0854368,-89.89541919999999,ChIJf5cc-VKEf4gRF-lYLgijYQQ,OK,155875,471570093002016
2432.887,35.0854368,-89.89541919999999,ChIJf5cc-VKEf4gRF-lYLgijYQQ,OK,155875,471570093002016
3037.601,35.093158,-89.93038,ChIJU1HLuoSGf4gRK5KIVLXtvbU,OK,210913,471570093002016
1152.561,35.0745932,-89.9204618,ChIJPX58KNGFf4gRLgBWAHPwusk,OK,99764,471570106104018
1152.561,35.0745932,-89.9204618,ChIJPX58KNGFf4gRLgBWAHPwusk,OK,99764,471570106104018
1831.2,35.0757114,-89.9271675,ChIJ-d7FIHmGf4gR6Aa1VQWm0ps,OK,140480,471570106104018
500.049,35.05905920000001,-89.9340455,ChIJM89Mbw2Gf4gRFqf4fPnKU7k,OK,37045,471570106203016
500.049,35.05905920000001,-89.9340455,ChIJM89Mbw2Gf4gRFqf4fPnKU7k,OK,37045,471570106203016
1216.82,35.0515544,-89.92255089999999,ChIJG_UFGuOFf4gRyHNDzwp5is0,OK,73692,471570106203016
1727.083,35.0374859,-89.93716700000002,ChIJESgedaeIf4gRXlLu5ht4wNo,OK,113392,471570226001045
1727.083,35.0374859,-89.93716700000002,ChIJESgedaeIf4gRXlLu5ht4wNo,OK,113392,471570226001045
2293.849,35.0515544,-89.92255089999999,ChIJG_UFGuOFf4gRyHNDzwp5is0,OK,143495,471570226001045
1217.12,35.062945,-89.90568519999999,ChIJjxj9mL-Ff4gRoOEx9OzDyxs,OK,75769,471570106101044
1217.12,35.062945,-89.90568519999999,ChIJjxj9mL-Ff4gRoOEx9OzDyxs,OK,75769,471570106101044
1203.482,35.063996,-89.90690699999999,ChIJn51vcb-Ff4gRvoXU4r8swrw,OK,89919,471570106101044
920.27,35.062945,-89.90568519999999,ChIJjxj9mL-Ff4gRoOEx9OzDyxs,OK,50963,471570106104000
920.27,35.062945,-89.90568519999999,ChIJjxj9mL-Ff4gRoOEx9OzDyxs,OK,50963,471570106104000
906.632,35.063996,-89.90690699999999,ChIJn51vcb-Ff4gRvoXU4r8swrw,OK,65113,471570106104000
1217.339,35.0515568,-89.90630259999999,ChIJrU8jyZKFf4gRubg1AIyELWY,OK,107736,471570106303005
1217.339,35.0515568,-89.90630259999999,ChIJrU8jyZKFf4gRubg1AIyELWY,OK,107736,471570106303005
1821.972,35.0515544,-89.92255089999999,ChIJG_UFGuOFf4gRyHNDzwp5is0,OK,134332,471570106303005
1229.943,35.0614623,-89.8536277,ChIJ4TWJkTWFf4gRbkNZYfkF9Jw,OK,92857,471570217212006
1229.943,35.0614623,-89.8536277,ChIJ4TWJkTWFf4gRbkNZYfkF9Jw,OK,92857,471570217212006
1774.883,35.050596,-89.869556,ChIJQ4vLA2iFf4gRyyCo3ihKH44,OK,116352,471570217212006
2332.363,35.1145886,-89.90089789999999,ChIJKWmlFW6Ef4gR0YNISWQMkss,OK,156756,471570093001013
2332.363,35.1145886,-89.90089789999999,ChIJKWmlFW6Ef4gR0YNISWQMkss,OK,156756,471570093001013
2302.396,35.1153996,-89.89414069999999,ChIJCb4NOWWEf4gR79YlPQoocW4,OK,162129,471570093001013
2149.514,35.1145886,-89.90089789999999,ChIJKWmlFW6Ef4gR0YNISWQMkss,OK,138193,471570093001011
2149.514,35.1145886,-89.90089789999999,ChIJKWmlFW6Ef4gR0YNISWQMkss,OK,138193,471570093001011
2119.548,35.1153996,-89.89414069999999,ChIJCb4NOWWEf4gR79YlPQoocW4,OK,143566,471570093001011
1015.369,35.1145886,-89.90089789999999,ChIJKWmlFW6Ef4gR0YNISWQMkss,OK,114479,471570093001010
1015.369,35.1145886,-89.90089789999999,ChIJKWmlFW6Ef4gR0YNISWQMkss,OK,114479,471570093001010
2214.742,35.1153996,-89.89414069999999,ChIJCb4NOWWEf4gR79YlPQoocW4,OK,154989,471570093001010
2669.768,35.1145886,-89.90089789999999,ChIJKWmlFW6Ef4gR0YNISWQMkss,OK,172294,471570093002005
2669.768,35.1145886,-89.90089789999999,ChIJKWmlFW6Ef4gR0YNISWQMkss,OK,172294,471570093002005
3178.234,35.0854368,-89.89541919999999,ChIJf5cc-VKEf4gRF-lYLgijYQQ,OK,199459,471570093002005
174.491,35.0960067,-89.93138279999999,ChIJFfDYDZuGf4gR5IbqhV7MTAo,OK,12802,471570080004008
174.491,35.0960067,-89.93138279999999,ChIJFfDYDZuGf4gR5IbqhV7MTAo,OK,12802,471570080004008
192.088,35.093158,-89.93038,ChIJU1HLuoSGf4gRK5KIVLXtvbU,OK,13005,471570080004008
889.255,35.093158,-89.93038,ChIJU1HLuoSGf4gRK5KIVLXtvbU,OK,106707,471570118001015
889.255,35.093158,-89.93038,ChIJU1HLuoSGf4gRK5KIVLXtvbU,OK,106707,471570118001015
1061.721,35.0878609,-89.931612,ChIJ78kLm4aGf4gRhPZ5eF_7ojg,OK,111841,471570118001015
501.281,35.0971,-89.9305344,ChIJRd53mZuGf4gRp0fETcD5Y3I,OK,57041,471570118001007
501.281,35.0971,-89.9305344,ChIJRd53mZuGf4gRp0fETcD5Y3I,OK,57041,471570118001007
591.538,35.0960067,-89.93138279999999,ChIJFfDYDZuGf4gR5IbqhV7MTAo,OK,64790,471570118001007
356.08,35.093158,-89.93038,ChIJU1HLuoSGf4gRK5KIVLXtvbU,OK,36712,471570118001011
356.08,35.093158,-89.93038,ChIJU1HLuoSGf4gRK5KIVLXtvbU,OK,36712,471570118001011
472.747,35.0960067,-89.93138279999999,ChIJFfDYDZuGf4gR5IbqhV7MTAo,OK,44564,471570118001011
178.524,35.093158,-89.93038,ChIJU1HLuoSGf4gRK5KIVLXtvbU,OK,12191,471570082004000
178.524,35.093158,-89.93038,ChIJU1HLuoSGf4gRK5KIVLXtvbU,OK,12191,471570082004000
416.7,35.0878609,-89.931612,ChIJ78kLm4aGf4gRhPZ5eF_7ojg,OK,25000,471570082004000
0.851,35.0878609,-89.931612,ChIJ78kLm4aGf4gRhPZ5eF_7ojg,OK,51,471570082004007
0.851,35.0878609,-89.931612,ChIJ78kLm4aGf4gRhPZ5eF_7ojg,OK,51,471570082004007
594.373,35.093158,-89.93038,ChIJU1HLuoSGf4gRK5KIVLXtvbU,OK,37140,471570082004007
213.666,35.093158,-89.93038,ChIJU1HLuoSGf4gRK5KIVLXtvbU,OK,25639,471570118001012
213.666,35.093158,-89.93038,ChIJU1HLuoSGf4gRK5KIVLXtvbU,OK,25639,471570118001012
580.244,35.0960067,-89.93138279999999,ChIJFfDYDZuGf4gR5IbqhV7MTAo,OK,51448,471570118001012
428.886,35.093158,-89.93038,ChIJU1HLuoSGf4gRK5KIVLXtvbU,OK,40856,471570118001016
428.886,35.093158,-89.93038,ChIJU1HLuoSGf4gRK5KIVLXtvbU,OK,40856,471570118001016
621.153,35.0878609,-89.931612,ChIJ78kLm4aGf4gRhPZ5eF_7ojg,OK,50911,471570118001016
656.835,35.093158,-89.93038,ChIJU1HLuoSGf4gRK5KIVLXtvbU,OK,68210,471570118001013
656.835,35.093158,-89.93038,ChIJU1HLuoSGf4gRK5KIVLXtvbU,OK,68210,471570118001013
849.101,35.0878609,-89.931612,ChIJ78kLm4aGf4gRhPZ5eF_7ojg,OK,78265,471570118001013
346.902,35.0878609,-89.931612,ChIJ78kLm4aGf4gRhPZ5eF_7ojg,OK,34411,471570118003003
346.902,35.0878609,-89.931612,ChIJ78kLm4aGf4gRhPZ5eF_7ojg,OK,34411,471570118003003
701.597,35.093158,-89.93038,ChIJU1HLuoSGf4gRK5KIVLXtvbU,OK,57172,471570118003003
151.114,35.0878609,-89.931612,ChIJ78kLm4aGf4gRhPZ5eF_7ojg,OK,16264,471570118003009
151.114,35.0878609,-89.931612,ChIJ78kLm4aGf4gRhPZ5eF_7ojg,OK,16264,471570118003009
684.051,35.093158,-89.93038,ChIJU1HLuoSGf4gRK5KIVLXtvbU,OK,49719,471570118003009
575.88,35.0878609,-89.931612,ChIJ78kLm4aGf4gRhPZ5eF_7ojg,OK,34551,471570118003008
575.88,35.0878609,-89.931612,ChIJ78kLm4aGf4gRhPZ5eF_7ojg,OK,34551,471570118003008
1171.103,35.093158,-89.93038,ChIJU1HLuoSGf4gRK5KIVLXtvbU,OK,71743,471570118003008
309.222,35.0878609,-89.931612,ChIJ78kLm4aGf4gRhPZ5eF_7ojg,OK,21409,471570118003011
309.222,35.0878609,-89.931612,ChIJ78kLm4aGf4gRhPZ5eF_7ojg,OK,21409,471570118003011
904.445,35.093158,-89.93038,ChIJU1HLuoSGf4gRK5KIVLXtvbU,OK,58601,471570118003011
891.579,35.0878609,-89.931612,ChIJ78kLm4aGf4gRhPZ5eF_7ojg,OK,75863,471570118003013
891.579,35.0878609,-89.931612,ChIJ78kLm4aGf4gRhPZ5eF_7ojg,OK,75863,471570118003013
1486.802,35.093158,-89.93038,ChIJU1HLuoSGf4gRK5KIVLXtvbU,OK,113055,471570118003013
1116.926,35.0878609,-89.931612,ChIJ78kLm4aGf4gRhPZ5eF_7ojg,OK,85456,471570118003012
1116.926,35.0878609,-89.931612,ChIJ78kLm4aGf4gRhPZ5eF_7ojg,OK,85456,471570118003012
2912.54,35.0757114,-89.9271675,ChIJ-d7FIHmGf4gR6Aa1VQWm0ps,OK,193712,471570118003012
982.034,35.093158,-89.93038,ChIJU1HLuoSGf4gRK5KIVLXtvbU,OK,117842,471570118002010
982.034,35.093158,-89.93038,ChIJU1HLuoSGf4gRK5KIVLXtvbU,OK,117842,471570118002010
1076.645,35.0960067,-89.93138279999999,ChIJFfDYDZuGf4gR5IbqhV7MTAo,OK,125205,471570118002010
631.208,35.093158,-89.93038,ChIJU1HLuoSGf4gRK5KIVLXtvbU,OK,75743,471570118001014
631.208,35.093158,-89.93038,ChIJU1HLuoSGf4gRK5KIVLXtvbU,OK,75743,471570118001014
997.785,35.0960067,-89.93138279999999,ChIJFfDYDZuGf4gR5IbqhV7MTAo,OK,101552,471570118001014
1372.494,35.0878609,-89.931612,ChIJ78kLm4aGf4gRhPZ5eF_7ojg,OK,99536,471570118003006
1372.494,35.0878609,-89.931612,ChIJ78kLm4aGf4gRhPZ5eF_7ojg,OK,99536,471570118003006
1967.718,35.093158,-89.93038,ChIJU1HLuoSGf4gRK5KIVLXtvbU,OK,136728,471570118003006
1863.738,35.02753099999999,-90.082077,ChIJK66rdetk1YcRwwxI9gDREks,OK,156810,471570224102023
2664.81,35.0326981,-90.07589809999999,ChIJ9S1ljalk1YcRvuG-_hbpimA,OK,201176,471570224102023
1781.164,35.02753099999999,-90.082077,ChIJK66rdetk1YcRwwxI9gDREks,OK,118182,471570224102009
1781.164,35.02753099999999,-90.082077,ChIJK66rdetk1YcRwwxI9gDREks,OK,118182,471570224102009
2582.235,35.0326981,-90.07589809999999,ChIJ9S1ljalk1YcRvuG-_hbpimA,OK,162548,471570224102009
1955.79,35.02753099999999,-90.082077,ChIJK66rdetk1YcRwwxI9gDREks,OK,160452,471570224102017
1955.79,35.02753099999999,-90.082077,ChIJK66rdetk1YcRwwxI9gDREks,OK,160452,471570224102017
2756.862,35.0326981,-90.07589809999999,ChIJ9S1ljalk1YcRvuG-_hbpimA,OK,204818,471570224102017
3322.22,34.999309,-90.118577,ChIJ9TRIjgZl1YcR3fm2jM14AHY,OK,192556,471570224104022
3322.22,34.999309,-90.118577,ChIJ9TRIjgZl1YcR3fm2jM14AHY,OK,192556,471570224104022
3921.9,35.02753099999999,-90.082077,ChIJK66rdetk1YcRwwxI9gDREks,OK,225369,471570224104022
1956.792,35.02753099999999,-90.082077,ChIJK66rdetk1YcRwwxI9gDREks,OK,160572,471570224102022
1956.792,35.02753099999999,-90.082077,ChIJK66rdetk1YcRwwxI9gDREks,OK,160572,471570224102022
2757.864,35.0326981,-90.07589809999999,ChIJ9S1ljalk1YcRvuG-_hbpimA,OK,204938,471570224102022
3172.552,35.0512763,-89.8427476,ChIJ7VPJ3q-af4gRdxERIyaZ0gk,OK,208008,471570213342010
3172.552,35.0512763,-89.8427476,ChIJ7VPJ3q-af4gRdxERIyaZ0gk,OK,208008,471570213342010
3554.744,35.049031,-89.841437,ChIJt6vl46-af4gRvoN8Yvkmx9A,OK,219050,471570213342010
2161.651,35.02753099999999,-90.082077,ChIJK66rdetk1YcRwwxI9gDREks,OK,163839,471570224102014
2161.651,35.02753099999999,-90.082077,ChIJK66rdetk1YcRwwxI9gDREks,OK,163839,471570224102014
2962.723,35.0326981,-90.07589809999999,ChIJ9S1ljalk1YcRvuG-_hbpimA,OK,208205,471570224102014
2140.701,35.02753099999999,-90.082077,ChIJK66rdetk1YcRwwxI9gDREks,OK,139487,471570224102011
2140.701,35.02753099999999,-90.082077,ChIJK66rdetk1YcRwwxI9gDREks,OK,139487,471570224102011
2941.773,35.0326981,-90.07589809999999,ChIJ9S1ljalk1YcRvuG-_hbpimA,OK,183853,471570224102011
2373.432,35.02753099999999,-90.082077,ChIJK66rdetk1YcRwwxI9gDREks,OK,189251,471570224102021
2373.432,35.02753099999999,-90.082077,ChIJK66rdetk1YcRwwxI9gDREks,OK,189251,471570224102021
3174.504,35.0326981,-90.07589809999999,ChIJ9S1ljalk1YcRvuG-_hbpimA,OK,233617,471570224102021
2730.098,35.02753099999999,-90.082077,ChIJK66rdetk1YcRwwxI9gDREks,OK,174031,471570224102019
2730.098,35.02753099999999,-90.082077,ChIJK66rdetk1YcRwwxI9gDREks,OK,174031,471570224102019
3531.17,35.0326981,-90.07589809999999,ChIJ9S1ljalk1YcRvuG-_hbpimA,OK,218397,471570224102019
2499.693,35.02753099999999,-90.082077,ChIJK66rdetk1YcRwwxI9gDREks,OK,204402,471570224103002
2499.693,35.02753099999999,-90.082077,ChIJK66rdetk1YcRwwxI9gDREks,OK,204402,471570224103002
3300.765,35.0326981,-90.07589809999999,ChIJ9S1ljalk1YcRvuG-_hbpimA,OK,248768,471570224103002
2860.266,35.02753099999999,-90.082077,ChIJK66rdetk1YcRwwxI9gDREks,OK,183627,471570224102020
2860.266,35.02753099999999,-90.082077,ChIJK66rdetk1YcRwwxI9gDREks,OK,183627,471570224102020
3661.338,35.0326981,-90.07589809999999,ChIJ9S1ljalk1YcRvuG-_hbpimA,OK,227993,471570224102020
4100.736,34.999309,-90.118577,ChIJ9TRIjgZl1YcR3fm2jM14AHY,OK,253087,471570224103004
3640.546,35.02753099999999,-90.082077,ChIJK66rdetk1YcRwwxI9gDREks,OK,256410,471570224103004
3640.546,35.02753099999999,-90.082077,ChIJK66rdetk1YcRwwxI9gDREks,OK,256410,471570224103004
3395.166,35.02753099999999,-90.082077,ChIJK66rdetk1YcRwwxI9gDREks,OK,226966,471570224103006
3395.166,35.02753099999999,-90.082077,ChIJK66rdetk1YcRwwxI9gDREks,OK,226966,471570224103006
4196.238,35.0326981,-90.07589809999999,ChIJ9S1ljalk1YcRvuG-_hbpimA,OK,271332,471570224103006
2389.691,35.02753099999999,-90.082077,ChIJK66rdetk1YcRwwxI9gDREks,OK,143730,471570224102013
2389.691,35.02753099999999,-90.082077,ChIJK66rdetk1YcRwwxI9gDREks,OK,143730,471570224102013
3190.763,35.0326981,-90.07589809999999,ChIJ9S1ljalk1YcRvuG-_hbpimA,OK,188096,471570224102013
2377.833,35.02753099999999,-90.082077,ChIJK66rdetk1YcRwwxI9gDREks,OK,151533,471570224101004
2377.833,35.02753099999999,-90.082077,ChIJK66rdetk1YcRwwxI9gDREks,OK,151533,471570224101004
3178.904,35.0326981,-90.07589809999999,ChIJ9S1ljalk1YcRvuG-_hbpimA,OK,195899,471570224101004
3095.025,35.02753099999999,-90.082077,ChIJK66rdetk1YcRwwxI9gDREks,OK,201366,471570224103001
3095.025,35.02753099999999,-90.082077,ChIJK66rdetk1YcRwwxI9gDREks,OK,201366,471570224103001
3896.097,35.0326981,-90.07589809999999,ChIJ9S1ljalk1YcRvuG-_hbpimA,OK,245732,471570224103001
2503.204,35.02753099999999,-90.082077,ChIJK66rdetk1YcRwwxI9gDREks,OK,166577,471570224101005
2503.204,35.02753099999999,-90.082077,ChIJK66rdetk1YcRwwxI9gDREks,OK,166577,471570224101005
3011.508,35.0326981,-90.07589809999999,ChIJ9S1ljalk1YcRvuG-_hbpimA,OK,209645,471570224101005
4486.206,35.1439641,-90.0517892,ChIJL-0zBZR-1YcRj7p5p1WY4-g,OK,253327,471570003001024
3201.402,35.1490317,-90.0140679,ChIJw3q9_xV-1YcRqrte6yBn1CI,OK,189607,471570020002004
3201.402,35.1490317,-90.0140679,ChIJw3q9_xV-1YcRqrte6yBn1CI,OK,189607,471570020002004
3466.921,35.1439641,-90.0517892,ChIJL-0zBZR-1YcRj7p5p1WY4-g,OK,202751,471570020002004
2821.928,35.1490317,-90.0140679,ChIJw3q9_xV-1YcRqrte6yBn1CI,OK,170409,471570020001015
2821.928,35.1490317,-90.0140679,ChIJw3q9_xV-1YcRqrte6yBn1CI,OK,170409,471570020001015
3137.415,35.1444038,-90.0168571,ChIJufYEjhR-1YcREff46W6Lons,OK,212950,471570020001015
3119.864,35.1490317,-90.0140679,ChIJw3q9_xV-1YcRqrte6yBn1CI,OK,208077,471570019002001
3119.864,35.1490317,-90.0140679,ChIJw3q9_xV-1YcRqrte6yBn1CI,OK,208077,471570019002001
3842.102,35.1444038,-90.0168571,ChIJufYEjhR-1YcREff46W6Lons,OK,255430,471570019002001
2379.483,35.1490317,-90.0140679,ChIJw3q9_xV-1YcRqrte6yBn1CI,OK,169142,471570019002016
2379.483,35.1490317,-90.0140679,ChIJw3q9_xV-1YcRqrte6yBn1CI,OK,169142,471570019002016
3101.721,35.1444038,-90.0168571,ChIJufYEjhR-1YcREff46W6Lons,OK,216495,471570019002016
2712.375,35.1490317,-90.0140679,ChIJw3q9_xV-1YcRqrte6yBn1CI,OK,166185,471570020002007
2712.375,35.1490317,-90.0140679,ChIJw3q9_xV-1YcRqrte6yBn1CI,OK,166185,471570020002007
3027.862,35.1444038,-90.0168571,ChIJufYEjhR-1YcREff46W6Lons,OK,208726,471570020002007
2552.147,35.1490317,-90.0140679,ChIJw3q9_xV-1YcRqrte6yBn1CI,OK,151026,471570113001085
2552.147,35.1490317,-90.0140679,ChIJw3q9_xV-1YcRqrte6yBn1CI,OK,151026,471570113001085
3332.07,35.1439641,-90.0517892,ChIJL-0zBZR-1YcRj7p5p1WY4-g,OK,189143,471570113001085
1166.899,35.1444038,-90.0168571,ChIJufYEjhR-1YcREff46W6Lons,OK,101282,471570024002007
1166.899,35.1444038,-90.0168571,ChIJufYEjhR-1YcREff46W6Lons,OK,101282,471570024002007
1814.584,35.1490317,-90.0140679,ChIJw3q9_xV-1YcRqrte6yBn1CI,OK,135216,471570024002007
1504.477,35.222344,-89.97682999999999,ChIJ987Br45_f4gRjwrvnFN8t7k,OK,135682,471570102202006
1504.477,35.222344,-89.97682999999999,ChIJ987Br45_f4gRjwrvnFN8t7k,OK,135682,471570102202006
1603.816,35.217526,-89.98935,ChIJKdhOoPd_f4gRbD5w-Ol3ovU,OK,144135,471570102202006
1715.131,35.1490317,-90.0140679,ChIJw3q9_xV-1YcRqrte6yBn1CI,OK,112068,471570024001011
1715.131,35.1490317,-90.0140679,ChIJw3q9_xV-1YcRqrte6yBn1CI,OK,112068,471570024001011
2437.369,35.1444038,-90.0168571,ChIJufYEjhR-1YcREff46W6Lons,OK,159421,471570024001011
2088.703,35.1490317,-90.0140679,ChIJw3q9_xV-1YcRqrte6yBn1CI,OK,142436,471570017001006
2088.703,35.1490317,-90.0140679,ChIJw3q9_xV-1YcRqrte6yBn1CI,OK,142436,471570017001006
2481.464,35.1738374,-89.98954379999999,ChIJ_S0BIGOAf4gRU3Ph4W65cOQ,OK,165239,471570017001006
1596.465,35.054745,-90.007971,ChIJXxyyQlt91YcRhldtWgjSnSE,OK,136904,471570220231011
1596.465,35.054745,-90.007971,ChIJXxyyQlt91YcRhldtWgjSnSE,OK,136904,471570220231011
2161.817,35.05407199999999,-90.00125899999999,ChIJIzdhk1h91YcRZT7cBcBslaM,OK,160337,471570220231011
1888.268,35.054745,-90.007971,ChIJXxyyQlt91YcRhldtWgjSnSE,OK,130905,471570220241002
1888.268,35.054745,-90.007971,ChIJXxyyQlt91YcRhldtWgjSnSE,OK,130905,471570220241002
2198.244,35.0333519,-90.02557630000001,ChIJK8z8Ksxi1YcRt8pxxgP2SA4,OK,141293,471570220241002
1766.686,35.167095,-89.950496,ChIJecYfJgmBf4gRJh-YY67U6V8,OK,107570,471570011001001
1766.686,35.167095,-89.950496,ChIJecYfJgmBf4gRJh-YY67U6V8,OK,107570,471570011001001
2232.034,35.1804299,-89.9263818,ChIJIfvtv4eBf4gRJLjVGBpAzmc,OK,146034,471570011001001
842.762,35.14859919999999,-89.91828060000002,ChIJRflgf-eDf4gRHX_XNYKER-s,OK,82340,471570087003011
842.762,35.14859919999999,-89.91828060000002,ChIJRflgf-eDf4gRHX_XNYKER-s,OK,82340,471570087003011
2658.205,35.1489345,-89.89838259999999,ChIJaTBvX72Df4gRiyFT0LQMnrQ,OK,181515,471570087003011
2146.483,35.2337782,-89.9252472,ChIJra3pLkt_f4gRjZbqnHrruIM,OK,131727,471570205311016
2146.483,35.2337782,-89.9252472,ChIJra3pLkt_f4gRjZbqnHrruIM,OK,131727,471570205311016
4180.908,35.223866,-89.90499,ChIJJRXCRJh4f4gRcTFbl9qZzNM,OK,279740,471570205311016
763.902,35.1942326,-89.8965709,ChIJD7pM72eCf4gRg19OPcAuyDw,OK,74210,471570205422031
763.902,35.1942326,-89.8965709,ChIJD7pM72eCf4gRg19OPcAuyDw,OK,74210,471570205422031
948.415,35.192778,-89.895242,ChIJ2ehTh2eCf4gR95JHzr6OIMA,OK,85280,471570205422031
678.96,35.1942326,-89.8965709,ChIJD7pM72eCf4gRg19OPcAuyDw,OK,64018,471570205422027
678.96,35.1942326,-89.8965709,ChIJD7pM72eCf4gRg19OPcAuyDw,OK,64018,471570205422027
863.473,35.192778,-89.895242,ChIJ2ehTh2eCf4gR95JHzr6OIMA,OK,75088,471570205422027
914.384,35.1913738,-89.8964247,ChIJwQffFF2Cf4gRzaR3rfvt3f4,OK,52325,471570206101008
914.384,35.1913738,-89.8964247,ChIJwQffFF2Cf4gRzaR3rfvt3f4,OK,52325,471570206101008
1197.78,35.192778,-89.895242,ChIJ2ehTh2eCf4gR95JHzr6OIMA,OK,66621,471570206101008
2359.015,35.0614623,-89.8536277,ChIJ4TWJkTWFf4gRbkNZYfkF9Jw,OK,167601,471570217211005
2359.015,35.0614623,-89.8536277,ChIJ4TWJkTWFf4gRbkNZYfkF9Jw,OK,167601,471570217211005
2890.797,35.050596,-89.869556,ChIJQ4vLA2iFf4gRyyCo3ihKH44,OK,189204,471570217211005
1532.186,35.0326981,-90.07589809999999,ChIJ9S1ljalk1YcRvuG-_hbpimA,OK,103220,471570223301006
1532.186,35.0326981,-90.07589809999999,ChIJ9S1ljalk1YcRvuG-_hbpimA,OK,103220,471570223301006
2333.259,35.02753099999999,-90.082077,ChIJK66rdetk1YcRwwxI9gDREks,OK,147586,471570223301006
1569.144,35.0326981,-90.07589809999999,ChIJ9S1ljalk1YcRvuG-_hbpimA,OK,115108,471570223213016
1569.144,35.0326981,-90.07589809999999,ChIJ9S1ljalk1YcRvuG-_hbpimA,OK,115108,471570223213016
2370.217,35.02753099999999,-90.082077,ChIJK66rdetk1YcRwwxI9gDREks,OK,159474,471570223213016
1487.629,35.0326981,-90.07589809999999,ChIJ9S1ljalk1YcRvuG-_hbpimA,OK,105327,471570223213012
1487.629,35.0326981,-90.07589809999999,ChIJ9S1ljalk1YcRvuG-_hbpimA,OK,105327,471570223213012
2288.701,35.02753099999999,-90.082077,ChIJK66rdetk1YcRwwxI9gDREks,OK,149693,471570223213012
1160.257,35.0326981,-90.07589809999999,ChIJ9S1ljalk1YcRvuG-_hbpimA,OK,67848,471570223224003
1160.257,35.0326981,-90.07589809999999,ChIJ9S1ljalk1YcRvuG-_hbpimA,OK,67848,471570223224003
1961.33,35.02753099999999,-90.082077,ChIJK66rdetk1YcRwwxI9gDREks,OK,112214,471570223224003
1368.355,35.0326981,-90.07589809999999,ChIJ9S1ljalk1YcRvuG-_hbpimA,OK,91015,471570223213010
1368.355,35.0326981,-90.07589809999999,ChIJ9S1ljalk1YcRvuG-_hbpimA,OK,91015,471570223213010
2169.428,35.02753099999999,-90.082077,ChIJK66rdetk1YcRwwxI9gDREks,OK,135381,471570223213010
1605.42,35.0326981,-90.07589809999999,ChIJ9S1ljalk1YcRvuG-_hbpimA,OK,94556,471570223224001
1605.42,35.0326981,-90.07589809999999,ChIJ9S1ljalk1YcRvuG-_hbpimA,OK,94556,471570223224001
2406.492,35.02753099999999,-90.082077,ChIJK66rdetk1YcRwwxI9gDREks,OK,138922,471570223224001
3808.323,35.0326981,-90.07589809999999,ChIJ9S1ljalk1YcRvuG-_hbpimA,OK,254248,471570227005001
3808.323,35.0326981,-90.07589809999999,ChIJ9S1ljalk1YcRvuG-_hbpimA,OK,254248,471570227005001
4187.908,35.02753099999999,-90.082077,ChIJK66rdetk1YcRwwxI9gDREks,OK,274559,471570227005001
2935.18,35.0326981,-90.07589809999999,ChIJ9S1ljalk1YcRvuG-_hbpimA,OK,195681,471570227005004
2935.18,35.0326981,-90.07589809999999,ChIJ9S1ljalk1YcRvuG-_hbpimA,OK,195681,471570227005004
3314.765,35.02753099999999,-90.082077,ChIJK66rdetk1YcRwwxI9gDREks,OK,215992,471570227005004
1344.589,35.1251709,-90.0481695,ChIJybIJtCd81YcR9Otxws-5qCM,OK,77927,471570117001010
1344.589,35.1251709,-90.0481695,ChIJybIJtCd81YcR9Otxws-5qCM,OK,77927,471570117001010
1346.403,35.125222,-90.048147,ChIJ9cKdtid81YcRKs9h6RjzQzw,OK,78028,471570117001010
1331.533,35.1251709,-90.0481695,ChIJybIJtCd81YcR9Otxws-5qCM,OK,80393,471570117001144
1331.533,35.1251709,-90.0481695,ChIJybIJtCd81YcR9Otxws-5qCM,OK,80393,471570117001144
1333.347,35.125222,-90.048147,ChIJ9cKdtid81YcRKs9h6RjzQzw,OK,80494,471570117001144
1066.324,35.1251709,-90.0481695,ChIJybIJtCd81YcR9Otxws-5qCM,OK,73902,471570050001019
1066.324,35.1251709,-90.0481695,ChIJybIJtCd81YcR9Otxws-5qCM,OK,73902,471570050001019
1068.138,35.125222,-90.048147,ChIJ9cKdtid81YcRKs9h6RjzQzw,OK,74003,471570050001019
1586.127,35.1251709,-90.0481695,ChIJybIJtCd81YcR9Otxws-5qCM,OK,96226,471570050002016
1586.127,35.1251709,-90.0481695,ChIJybIJtCd81YcR9Otxws-5qCM,OK,96226,471570050002016
1587.941,35.125222,-90.048147,ChIJ9cKdtid81YcRKs9h6RjzQzw,OK,96327,471570050002016
1444.535,35.1251709,-90.0481695,ChIJybIJtCd81YcR9Otxws-5qCM,OK,83986,471570117001145
1444.535,35.1251709,-90.0481695,ChIJybIJtCd81YcR9Otxws-5qCM,OK,83986,471570117001145
1446.349,35.125222,-90.048147,ChIJ9cKdtid81YcRKs9h6RjzQzw,OK,84087,471570117001145
768.559,35.14868459999999,-89.7948203,ChIJ4w9Lr2qcf4gRHdzl9FciAFM,OK,67103,471570211251039
768.559,35.14868459999999,-89.7948203,ChIJ4w9Lr2qcf4gRHdzl9FciAFM,OK,67103,471570211251039
1534.721,35.1546312,-89.79260459999999,ChIJ8UeuSEecf4gRniit7ubZLtM,OK,87802,471570211251039
1319.015,35.2051043,-89.79754849999999,ChIJpRDMlY2df4gRQqHmUo_lzmc,OK,124225,471570211132041
1319.015,35.2051043,-89.79754849999999,ChIJpRDMlY2df4gRQqHmUo_lzmc,OK,124225,471570211132041
1783.985,35.2072684,-89.7827147,ChIJKdJ2xvqdf4gRKLRUePlbOOs,OK,181647,471570211132041
1687.124,35.062945,-89.90568519999999,ChIJjxj9mL-Ff4gRoOEx9OzDyxs,OK,100194,471570107101011
1673.486,35.063996,-89.90690699999999,ChIJn51vcb-Ff4gRvoXU4r8swrw,OK,114344,471570107101011
1673.486,35.063996,-89.90690699999999,ChIJn51vcb-Ff4gRvoXU4r8swrw,OK,114344,471570107101011
837.936,35.14868459999999,-89.7948203,ChIJ4w9Lr2qcf4gRHdzl9FciAFM,OK,69740,471570211251041
837.936,35.14868459999999,-89.7948203,ChIJ4w9Lr2qcf4gRHdzl9FciAFM,OK,69740,471570211251041
1604.098,35.1546312,-89.79260459999999,ChIJ8UeuSEecf4gRniit7ubZLtM,OK,90439,471570211251041
957.344,35.14868459999999,-89.7948203,ChIJ4w9Lr2qcf4gRHdzl9FciAFM,OK,76230,471570211251038
957.344,35.14868459999999,-89.7948203,ChIJ4w9Lr2qcf4gRHdzl9FciAFM,OK,76230,471570211251038
1723.506,35.1546312,-89.79260459999999,ChIJ8UeuSEecf4gRniit7ubZLtM,OK,96929,471570211251038
1204.469,35.19067459999999,-89.8489943,ChIJ364PGjWdf4gRKbsrGLq8_XQ,OK,88727,471570211111003
1204.469,35.19067459999999,-89.8489943,ChIJ364PGjWdf4gRKbsrGLq8_XQ,OK,88727,471570211111003
3191.356,35.1927931,-89.86922029999999,ChIJAQAAAMCCf4gRZL0qi0KLjtw,OK,230577,471570211111003
3997.063,35.0614623,-89.8536277,ChIJ4TWJkTWFf4gRbkNZYfkF9Jw,OK,257747,471570213332002
3997.063,35.0614623,-89.8536277,ChIJ4TWJkTWFf4gRbkNZYfkF9Jw,OK,257747,471570213332002
4081.835,35.0512763,-89.8427476,ChIJ7VPJ3q-af4gRdxERIyaZ0gk,OK,263935,471570213332002
1461.704,35.109859,-89.99141100000001,ChIJs6JbpFyHf4gR9O01gG0a7fQ,OK,84579,471570066001001
1461.704,35.109859,-89.99141100000001,ChIJs6JbpFyHf4gR9O01gG0a7fQ,OK,84579,471570066001001
1965.118,35.107529,-89.9862127,ChIJ0WGfSUKHf4gRjDLrfGQwCV4,OK,112437,471570066001001
1549.127,35.2060393,-89.89459389999999,ChIJN_fdM1CCf4gRqHZ_YUZgoJo,OK,133865,471570205412016
1632.867,35.20808669999999,-89.89363879999999,ChIJa1RCwHuCf4gRSSG3nO4uWeI,OK,150117,471570205412016
1193.911,35.2060393,-89.89459389999999,ChIJN_fdM1CCf4gRqHZ_YUZgoJo,OK,71163,471570205412033
1193.911,35.2060393,-89.89459389999999,ChIJN_fdM1CCf4gRqHZ_YUZgoJo,OK,71163,471570205412033
2171.729,35.210167,-89.919383,ChIJi0gqlgaCf4gRjUvfmHxGMyw,OK,168684,471570205412033
1412.167,35.220637,-89.892425,ChIJiZ78r4Z4f4gRyy0DWRWI7n0,OK,114312,471570206515002
1412.167,35.220637,-89.892425,ChIJiZ78r4Z4f4gRyy0DWRWI7n0,OK,114312,471570206515002
1706.105,35.2060393,-89.89459389999999,ChIJN_fdM1CCf4gRqHZ_YUZgoJo,OK,127864,471570206515002
1376.279,35.1942326,-89.8965709,ChIJD7pM72eCf4gRg19OPcAuyDw,OK,114867,471570205422015
1376.279,35.1942326,-89.8965709,ChIJD7pM72eCf4gRg19OPcAuyDw,OK,114867,471570205422015
2915.355,35.2060393,-89.89459389999999,ChIJN_fdM1CCf4gRqHZ_YUZgoJo,OK,200670,471570205422015
1693.742,35.02099699999999,-89.93544,ChIJW6hY3LmIf4gRWjIeu9tMgvU,OK,131239,471570219001001
1693.742,35.02099699999999,-89.93544,ChIJW6hY3LmIf4gRWjIeu9tMgvU,OK,131239,471570219001001
2080.788,35.015991,-89.935953,ChIJSSHzkseIf4gRnqbOP98HojY,OK,152673,471570219001001
2480.618,35.095133,-90.05542799999999,ChIJATnUo0J81YcRpbAuNwXeqRw,OK,190402,471570053002008
2642.021,35.098685,-90.05664899999999,ChIJ31qwBkJ81YcRk2V5pdmdhrM,OK,199341,471570053002008
2642.021,35.098685,-90.05664899999999,ChIJ31qwBkJ81YcRk2V5pdmdhrM,OK,199341,471570053002008
2704.549,35.095133,-90.05542799999999,ChIJATnUo0J81YcRpbAuNwXeqRw,OK,207181,471570053002014
2865.952,35.098685,-90.05664899999999,ChIJ31qwBkJ81YcRk2V5pdmdhrM,OK,216120,471570053002014
2865.952,35.098685,-90.05664899999999,ChIJ31qwBkJ81YcRk2V5pdmdhrM,OK,216120,471570053002014
2747.027,34.999309,-90.118577,ChIJ9TRIjgZl1YcR3fm2jM14AHY,OK,256674,471570224105024
2747.027,34.999309,-90.118577,ChIJ9TRIjgZl1YcR3fm2jM14AHY,OK,256674,471570224105024
5129.233,35.02753099999999,-90.082077,ChIJK66rdetk1YcRwwxI9gDREks,OK,388606,471570224105024
2932.74,34.999309,-90.118577,ChIJ9TRIjgZl1YcR3fm2jM14AHY,OK,278959,471570224105022
2932.74,34.999309,-90.118577,ChIJ9TRIjgZl1YcR3fm2jM14AHY,OK,278959,471570224105022
5314.946,35.02753099999999,-90.082077,ChIJK66rdetk1YcRwwxI9gDREks,OK,410891,471570224105022
857.243,35.104197,-89.98335349999999,ChIJNST6hGqHf4gR0Mml4gyjQWk,OK,69197,471570068002000
951.804,35.107529,-89.9862127,ChIJ0WGfSUKHf4gRjDLrfGQwCV4,OK,72885,471570068002000
769.886,35.104197,-89.98335349999999,ChIJNST6hGqHf4gR0Mml4gyjQWk,OK,60322,471570068002019
769.886,35.104197,-89.98335349999999,ChIJNST6hGqHf4gR0Mml4gyjQWk,OK,60322,471570068002019
1138.028,35.107529,-89.9862127,ChIJ0WGfSUKHf4gRjDLrfGQwCV4,OK,85571,471570068002019
632.75,35.1161637,-89.9446263,ChIJ-ZiED8iGf4gR32IlfgDBKWY,OK,45921,471570070001005
632.75,35.1161637,-89.9446263,ChIJ-ZiED8iGf4gR32IlfgDBKWY,OK,45921,471570070001005
1181.035,35.108097,-89.941227,ChIJwxJT-r6Gf4gRhLDuFpyb128,OK,74997,471570070001005
3808.606,35.0614623,-89.8536277,ChIJ4TWJkTWFf4gRbkNZYfkF9Jw,OK,272842,471570213332007
3808.606,35.0614623,-89.8536277,ChIJ4TWJkTWFf4gRbkNZYfkF9Jw,OK,272842,471570213332007
3893.378,35.0512763,-89.8427476,ChIJ7VPJ3q-af4gRdxERIyaZ0gk,OK,279030,471570213332007
1735.221,35.0614623,-89.8536277,ChIJ4TWJkTWFf4gRbkNZYfkF9Jw,OK,143494,471570217253010
1735.221,35.0614623,-89.8536277,ChIJ4TWJkTWFf4gRbkNZYfkF9Jw,OK,143494,471570217253010
2585.526,35.0493493,-89.855357,ChIJH2Nw4lGFf4gRq0vxk4n5iAE,OK,191988,471570217253010
1633.349,35.0614623,-89.8536277,ChIJ4TWJkTWFf4gRbkNZYfkF9Jw,OK,120691,471570217211006
1633.349,35.0614623,-89.8536277,ChIJ4TWJkTWFf4gRbkNZYfkF9Jw,OK,120691,471570217211006
2483.654,35.0493493,-89.855357,ChIJH2Nw4lGFf4gRq0vxk4n5iAE,OK,169185,471570217211006
970.29,35.104197,-89.98335349999999,ChIJNST6hGqHf4gR0Mml4gyjQWk,OK,79260,471570068001007
970.29,35.104197,-89.98335349999999,ChIJNST6hGqHf4gR0Mml4gyjQWk,OK,79260,471570068001007
1338.432,35.107529,-89.9862127,ChIJ0WGfSUKHf4gRjDLrfGQwCV4,OK,104509,471570068001007
2720.432,35.093591,-90.056624,ChIJgyVl92d81YcRhuRHHckl8Y4,OK,196741,471570056003022
2720.432,35.093591,-90.056624,ChIJgyVl92d81YcRhuRHHckl8Y4,OK,196741,471570056003022
2900.269,35.095133,-90.05542799999999,ChIJATnUo0J81YcRpbAuNwXeqRw,OK,206701,471570056003022
3179.673,35.0326981,-90.07589809999999,ChIJ9S1ljalk1YcRvuG-_hbpimA,OK,215477,471570224101008
3179.673,35.0326981,-90.07589809999999,ChIJ9S1ljalk1YcRvuG-_hbpimA,OK,215477,471570224101008
3559.258,35.02753099999999,-90.082077,ChIJK66rdetk1YcRwwxI9gDREks,OK,235788,471570224101008
859.738,35.021384,-90.019407,ChIJk8DCu8Bi1YcRUnUQCgCMr-E,OK,81628,471570221112003
860.077,35.021381,-90.020287,ChIJnVfwxMBi1YcR65EtGsZDcOY,OK,81653,471570221112003
860.077,35.021381,-90.020287,ChIJnVfwxMBi1YcR65EtGsZDcOY,OK,81653,471570221112003
1513.776,35.1738374,-89.98954379999999,ChIJ_S0BIGOAf4gRU3Ph4W65cOQ,OK,109315,471570007001001
1513.776,35.1738374,-89.98954379999999,ChIJ_S0BIGOAf4gRU3Ph4W65cOQ,OK,109315,471570007001001
1753.824,35.17410499999999,-89.97575479999999,ChIJmfYTGFmAf4gRHGKCaD0qCtI,OK,123715,471570007001001
3811.187,35.02753099999999,-90.082077,ChIJK66rdetk1YcRwwxI9gDREks,OK,276633,471570224105011
1528.352,35.2045576,-89.81176689999999,ChIJ8ROix4Kdf4gR4Su-1OwAUMo,OK,118346,471570211121005
3811.187,35.02753099999999,-90.082077,ChIJK66rdetk1YcRwwxI9gDREks,OK,276633,471570224105011
1528.352,35.2045576,-89.81176689999999,ChIJ8ROix4Kdf4gR4Su-1OwAUMo,OK,118346,471570211121005
4612.259,35.0326981,-90.07589809999999,ChIJ9S1ljalk1YcRvuG-_hbpimA,OK,320999,471570224105011
2584.86,35.2051043,-89.79754849999999,ChIJpRDMlY2df4gRQqHmUo_lzmc,OK,175765,471570211121005
998.724,35.1161637,-89.9446263,ChIJ-ZiED8iGf4gR32IlfgDBKWY,OK,84083,471570070001012
998.724,35.1161637,-89.9446263,ChIJ-ZiED8iGf4gR32IlfgDBKWY,OK,84083,471570070001012
1183.908,35.108097,-89.941227,ChIJwxJT-r6Gf4gRhLDuFpyb128,OK,94075,471570070001012
1230.262,35.1087458,-90.0211918,ChIJe6w2EsF91YcRquzVZc8M0-I,OK,89972,471570060001030
1230.262,35.1087458,-90.0211918,ChIJe6w2EsF91YcRquzVZc8M0-I,OK,89972,471570060001030
1230.903,35.10874099999999,-90.021185,ChIJrVbiDcF91YcRG9TBOTpHc3I,OK,90049,471570060001030
2193.671,35.095133,-90.05542799999999,ChIJATnUo0J81YcRpbAuNwXeqRw,OK,166264,471570053002001
2355.074,35.098685,-90.05664899999999,ChIJ31qwBkJ81YcRk2V5pdmdhrM,OK,175203,471570053002001
2355.074,35.098685,-90.05664899999999,ChIJ31qwBkJ81YcRk2V5pdmdhrM,OK,175203,471570053002001
1412.02,35.12545849999999,-89.97454169999999,ChIJoyT3HjOHf4gRS6EdHckmff8,OK,97945,471570071001019
1412.02,35.12545849999999,-89.97454169999999,ChIJoyT3HjOHf4gRS6EdHckmff8,OK,97945,471570071001019
2605.869,35.1161637,-89.9446263,ChIJ-ZiED8iGf4gR32IlfgDBKWY,OK,175644,471570071001019
1036.815,35.021384,-90.019407,ChIJk8DCu8Bi1YcRUnUQCgCMr-E,OK,114472,471570221112009
255.545,35.0971,-89.9305344,ChIJRd53mZuGf4gRp0fETcD5Y3I,OK,27554,471570118001008
1036.815,35.021384,-90.019407,ChIJk8DCu8Bi1YcRUnUQCgCMr-E,OK,114472,471570221112009
255.545,35.0971,-89.9305344,ChIJRd53mZuGf4gRp0fETcD5Y3I,OK,27554,471570118001008
1037.153,35.021381,-90.020287,ChIJnVfwxMBi1YcR65EtGsZDcOY,OK,114497,471570221112009
345.802,35.0960067,-89.93138279999999,ChIJFfDYDZuGf4gR5IbqhV7MTAo,OK,35303,471570118001008
1000.988,35.0333519,-90.02557630000001,ChIJK8z8Ksxi1YcRt8pxxgP2SA4,OK,82751,471570220243012
1000.988,35.0333519,-90.02557630000001,ChIJK8z8Ksxi1YcRt8pxxgP2SA4,OK,82751,471570220243012
1001.082,35.033351,-90.02556199999999,ChIJY7ePKsxi1YcRIP55gZFchMw,OK,82756,471570220243012
2920.25,35.2337782,-89.9252472,ChIJra3pLkt_f4gRjZbqnHrruIM,OK,178149,471570205243012
2920.25,35.2337782,-89.9252472,ChIJra3pLkt_f4gRjZbqnHrruIM,OK,178149,471570205243012
4817.581,35.222344,-89.97682999999999,ChIJ987Br45_f4gRjwrvnFN8t7k,OK,289046,471570205243012
3700.02,35.1546312,-89.79260459999999,ChIJ8UeuSEecf4gRniit7ubZLtM,OK,253391,471570211262004
3700.02,35.1546312,-89.79260459999999,ChIJ8UeuSEecf4gRniit7ubZLtM,OK,253391,471570211262004
4079.908,35.14868459999999,-89.7948203,ChIJ4w9Lr2qcf4gRHdzl9FciAFM,OK,272891,471570211262004
1726.431,35.1251709,-90.0481695,ChIJybIJtCd81YcR9Otxws-5qCM,OK,100127,471570058001003
1726.431,35.1251709,-90.0481695,ChIJybIJtCd81YcR9Otxws-5qCM,OK,100127,471570058001003
2248.918,35.0971,-89.9305344,ChIJRd53mZuGf4gRp0fETcD5Y3I,OK,152707,471570118002011
1728.245,35.125222,-90.048147,ChIJ9cKdtid81YcRKs9h6RjzQzw,OK,100228,471570058001003
1380.105,35.098685,-90.05664899999999,ChIJ31qwBkJ81YcRk2V5pdmdhrM,OK,76435,471570117001118
1380.105,35.098685,-90.05664899999999,ChIJ31qwBkJ81YcRk2V5pdmdhrM,OK,76435,471570117001118
1769.097,35.095133,-90.05542799999999,ChIJATnUo0J81YcRpbAuNwXeqRw,OK,97979,471570117001118
1743.454,35.098685,-90.05664899999999,ChIJ31qwBkJ81YcRk2V5pdmdhrM,OK,127485,471570117001115
1743.454,35.098685,-90.05664899999999,ChIJ31qwBkJ81YcRk2V5pdmdhrM,OK,127485,471570117001115
2132.446,35.095133,-90.05542799999999,ChIJATnUo0J81YcRpbAuNwXeqRw,OK,149029,471570117001115
1819.32,35.098685,-90.05664899999999,ChIJ31qwBkJ81YcRk2V5pdmdhrM,OK,124552,471570117001124
1819.32,35.098685,-90.05664899999999,ChIJ31qwBkJ81YcRk2V5pdmdhrM,OK,124552,471570117001124
2208.313,35.095133,-90.05542799999999,ChIJATnUo0J81YcRpbAuNwXeqRw,OK,146096,471570117001124
1986.329,35.098685,-90.05664899999999,ChIJ31qwBkJ81YcRk2V5pdmdhrM,OK,156631,471570117001116
1986.329,35.098685,-90.05664899999999,ChIJ31qwBkJ81YcRk2V5pdmdhrM,OK,156631,471570117001116
2375.322,35.095133,-90.05542799999999,ChIJATnUo0J81YcRpbAuNwXeqRw,OK,178175,471570117001116
1621.129,35.098685,-90.05664899999999,ChIJ31qwBkJ81YcRk2V5pdmdhrM,OK,100769,471570117001123
1621.129,35.098685,-90.05664899999999,ChIJ31qwBkJ81YcRk2V5pdmdhrM,OK,100769,471570117001123
2010.122,35.095133,-90.05542799999999,ChIJATnUo0J81YcRpbAuNwXeqRw,OK,122313,471570117001123
1556.099,35.098685,-90.05664899999999,ChIJ31qwBkJ81YcRk2V5pdmdhrM,OK,96646,471570117001122
1556.099,35.098685,-90.05664899999999,ChIJ31qwBkJ81YcRk2V5pdmdhrM,OK,96646,471570117001122
1945.092,35.095133,-90.05542799999999,ChIJATnUo0J81YcRpbAuNwXeqRw,OK,118190,471570117001122
1812.526,35.098685,-90.05664899999999,ChIJ31qwBkJ81YcRk2V5pdmdhrM,OK,104833,471570058001004
1816.701,35.1251709,-90.0481695,ChIJybIJtCd81YcR9Otxws-5qCM,OK,105060,471570058001004
1816.701,35.1251709,-90.0481695,ChIJybIJtCd81YcR9Otxws-5qCM,OK,105060,471570058001004
1754.928,35.1251709,-90.0481695,ChIJybIJtCd81YcR9Otxws-5qCM,OK,127029,471570058001008
1754.928,35.1251709,-90.0481695,ChIJybIJtCd81YcR9Otxws-5qCM,OK,127029,471570058001008
1756.742,35.125222,-90.048147,ChIJ9cKdtid81YcRKs9h6RjzQzw,OK,127130,471570058001008
892.013,35.098685,-90.05664899999999,ChIJ31qwBkJ81YcRk2V5pdmdhrM,OK,67224,471570055001002
892.013,35.098685,-90.05664899999999,ChIJ31qwBkJ81YcRk2V5pdmdhrM,OK,67224,471570055001002
1281.006,35.095133,-90.05542799999999,ChIJATnUo0J81YcRpbAuNwXeqRw,OK,88768,471570055001002
1278.423,35.098685,-90.05664899999999,ChIJ31qwBkJ81YcRk2V5pdmdhrM,OK,70803,471570058002018
1278.423,35.098685,-90.05664899999999,ChIJ31qwBkJ81YcRk2V5pdmdhrM,OK,70803,471570058002018
1667.415,35.095133,-90.05542799999999,ChIJATnUo0J81YcRpbAuNwXeqRw,OK,92347,471570058002018
1749.823,35.1251709,-90.0481695,ChIJybIJtCd81YcR9Otxws-5qCM,OK,126417,471570058001011
1749.823,35.1251709,-90.0481695,ChIJybIJtCd81YcR9Otxws-5qCM,OK,126417,471570058001011
1751.637,35.125222,-90.048147,ChIJ9cKdtid81YcRKs9h6RjzQzw,OK,126518,471570058001011
1715.832,35.1060329,-90.039159,ChIJ231bcjV81YcRQ1quDeYAd6M,OK,140591,471570058001014
1715.832,35.1060329,-90.039159,ChIJ231bcjV81YcRQ1quDeYAd6M,OK,140591,471570058001014
1887.609,35.1251709,-90.0481695,ChIJybIJtCd81YcR9Otxws-5qCM,OK,142950,471570058001014
1089.181,35.098685,-90.05664899999999,ChIJ31qwBkJ81YcRk2V5pdmdhrM,OK,60322,471570058002017
1089.181,35.098685,-90.05664899999999,ChIJ31qwBkJ81YcRk2V5pdmdhrM,OK,60322,471570058002017
1478.173,35.095133,-90.05542799999999,ChIJATnUo0J81YcRpbAuNwXeqRw,OK,81866,471570058002017
1104.046,35.1251709,-90.0481695,ChIJybIJtCd81YcR9Otxws-5qCM,OK,78428,471570050002002
1104.046,35.1251709,-90.0481695,ChIJybIJtCd81YcR9Otxws-5qCM,OK,78428,471570050002002
1105.86,35.125222,-90.048147,ChIJ9cKdtid81YcRKs9h6RjzQzw,OK,78529,471570050002002
1280.007,35.1251709,-90.0481695,ChIJybIJtCd81YcR9Otxws-5qCM,OK,89486,471570050002004
1280.007,35.1251709,-90.0481695,ChIJybIJtCd81YcR9Otxws-5qCM,OK,89486,471570050002004
1281.821,35.125222,-90.048147,ChIJ9cKdtid81YcRKs9h6RjzQzw,OK,89587,471570050002004
1377.668,35.1251709,-90.0481695,ChIJybIJtCd81YcR9Otxws-5qCM,OK,96048,471570050002015
1377.668,35.1251709,-90.0481695,ChIJybIJtCd81YcR9Otxws-5qCM,OK,96048,471570050002015
1379.482,35.125222,-90.048147,ChIJ9cKdtid81YcRKs9h6RjzQzw,OK,96149,471570050002015
1483.814,35.1251709,-90.0481695,ChIJybIJtCd81YcR9Otxws-5qCM,OK,103908,471570058001002
1483.814,35.1251709,-90.0481695,ChIJybIJtCd81YcR9Otxws-5qCM,OK,103908,471570058001002
1485.629,35.125222,-90.048147,ChIJ9cKdtid81YcRKs9h6RjzQzw,OK,104009,471570058001002
1320.731,35.1251709,-90.0481695,ChIJybIJtCd81YcR9Otxws-5qCM,OK,99388,471570050002005
1320.731,35.1251709,-90.0481695,ChIJybIJtCd81YcR9Otxws-5qCM,OK,99388,471570050002005
1322.545,35.125222,-90.048147,ChIJ9cKdtid81YcRKs9h6RjzQzw,OK,99489,471570050002005
1391.193,35.1251709,-90.0481695,ChIJybIJtCd81YcR9Otxws-5qCM,OK,107844,471570050002007
1391.193,35.1251709,-90.0481695,ChIJybIJtCd81YcR9Otxws-5qCM,OK,107844,471570050002007
1393.007,35.125222,-90.048147,ChIJ9cKdtid81YcRKs9h6RjzQzw,OK,107945,471570050002007
815.414,35.125222,-90.048147,ChIJ9cKdtid81YcRKs9h6RjzQzw,OK,82065,471570116001025
815.414,35.125222,-90.048147,ChIJ9cKdtid81YcRKs9h6RjzQzw,OK,82065,471570116001025
817.228,35.1251709,-90.0481695,ChIJybIJtCd81YcR9Otxws-5qCM,OK,82165,471570116001025
952.181,35.125222,-90.048147,ChIJ9cKdtid81YcRKs9h6RjzQzw,OK,107206,471570116001034
952.181,35.125222,-90.048147,ChIJ9cKdtid81YcRKs9h6RjzQzw,OK,107206,471570116001034
953.995,35.1251709,-90.0481695,ChIJybIJtCd81YcR9Otxws-5qCM,OK,107306,471570116001034
571.828,35.125222,-90.048147,ChIJ9cKdtid81YcRKs9h6RjzQzw,OK,61564,471570116001015
571.828,35.125222,-90.048147,ChIJ9cKdtid81YcRKs9h6RjzQzw,OK,61564,471570116001015
573.642,35.1251709,-90.0481695,ChIJybIJtCd81YcR9Otxws-5qCM,OK,61664,471570116001015
1576.926,35.1251709,-90.0481695,ChIJybIJtCd81YcR9Otxws-5qCM,OK,110710,471570058001005
1190.679,35.14868459999999,-89.7948203,ChIJ4w9Lr2qcf4gRHdzl9FciAFM,OK,99737,471570211372018
1190.679,35.14868459999999,-89.7948203,ChIJ4w9Lr2qcf4gRHdzl9FciAFM,OK,99737,471570211372018
1956.841,35.1546312,-89.79260459999999,ChIJ8UeuSEecf4gRniit7ubZLtM,OK,120436,471570211372018
982.241,35.14868459999999,-89.7948203,ChIJ4w9Lr2qcf4gRHdzl9FciAFM,OK,77723,471570211373025
982.241,35.14868459999999,-89.7948203,ChIJ4w9Lr2qcf4gRHdzl9FciAFM,OK,77723,471570211373025
1748.403,35.1546312,-89.79260459999999,ChIJ8UeuSEecf4gRniit7ubZLtM,OK,98422,471570211373025
1842.635,35.0515568,-89.90630259999999,ChIJrU8jyZKFf4gRubg1AIyELWY,OK,115283,471570226001072
1842.635,35.0515568,-89.90630259999999,ChIJrU8jyZKFf4gRubg1AIyELWY,OK,115283,471570226001072
2349.375,35.05018,-89.89110199999999,ChIJNUozxJyFf4gRrJ8tUHk1p2Q,OK,140445,471570226001072
5994.094,35.14868459999999,-89.7948203,ChIJ4w9Lr2qcf4gRHdzl9FciAFM,OK,393790,471570211381034
5994.094,35.14868459999999,-89.7948203,ChIJ4w9Lr2qcf4gRHdzl9FciAFM,OK,393790,471570211381034
6760.256,35.1546312,-89.79260459999999,ChIJ8UeuSEecf4gRniit7ubZLtM,OK,414489,471570211381034
915.24,35.220637,-89.892425,ChIJiZ78r4Z4f4gRyy0DWRWI7n0,OK,54998,471570206514021
915.24,35.220637,-89.892425,ChIJiZ78r4Z4f4gRyy0DWRWI7n0,OK,54998,471570206514021
1070.805,35.2060393,-89.89459389999999,ChIJN_fdM1CCf4gRqHZ_YUZgoJo,OK,62802,471570206514021
1831.028,35.2051043,-89.79754849999999,ChIJpRDMlY2df4gRQqHmUo_lzmc,OK,179110,471570211132033
1241.788,35.2072684,-89.7827147,ChIJKdJ2xvqdf4gRKLRUePlbOOs,OK,181893,471570211132033
1241.788,35.2072684,-89.7827147,ChIJKdJ2xvqdf4gRKLRUePlbOOs,OK,181893,471570211132033
2689.107,35.1546312,-89.79260459999999,ChIJ8UeuSEecf4gRniit7ubZLtM,OK,149297,471570211351039
2689.107,35.1546312,-89.79260459999999,ChIJ8UeuSEecf4gRniit7ubZLtM,OK,149297,471570211351039
3068.994,35.14868459999999,-89.7948203,ChIJ4w9Lr2qcf4gRHdzl9FciAFM,OK,168797,471570211351039
2844.026,35.1546312,-89.79260459999999,ChIJ8UeuSEecf4gRniit7ubZLtM,OK,158956,471570211351030
2844.026,35.1546312,-89.79260459999999,ChIJ8UeuSEecf4gRniit7ubZLtM,OK,158956,471570211351030
3223.913,35.14868459999999,-89.7948203,ChIJ4w9Lr2qcf4gRHdzl9FciAFM,OK,178456,471570211351030
3448.258,35.220637,-89.892425,ChIJiZ78r4Z4f4gRyy0DWRWI7n0,OK,179463,471570205313041
3448.258,35.220637,-89.892425,ChIJiZ78r4Z4f4gRyy0DWRWI7n0,OK,179463,471570205313041
3432.972,35.223866,-89.90499,ChIJJRXCRJh4f4gRcTFbl9qZzNM,OK,218387,471570205313041
7287.456,35.0614623,-89.8536277,ChIJ4TWJkTWFf4gRbkNZYfkF9Jw,OK,497689,471570213113017
7287.456,35.0614623,-89.8536277,ChIJ4TWJkTWFf4gRbkNZYfkF9Jw,OK,497689,471570213113017
7997.269,35.0854368,-89.89541919999999,ChIJf5cc-VKEf4gRF-lYLgijYQQ,OK,511566,471570213113017
1820.756,35.14868459999999,-89.7948203,ChIJ4w9Lr2qcf4gRHdzl9FciAFM,OK,146386,471570211373020
1820.756,35.14868459999999,-89.7948203,ChIJ4w9Lr2qcf4gRHdzl9FciAFM,OK,146386,471570211373020
2042.815,35.1546312,-89.79260459999999,ChIJ8UeuSEecf4gRniit7ubZLtM,OK,148440,471570211373020
1893.113,35.14868459999999,-89.7948203,ChIJ4w9Lr2qcf4gRHdzl9FciAFM,OK,155069,471570211374045
1893.113,35.14868459999999,-89.7948203,ChIJ4w9Lr2qcf4gRHdzl9FciAFM,OK,155069,471570211374045
2115.171,35.1546312,-89.79260459999999,ChIJ8UeuSEecf4gRniit7ubZLtM,OK,157123,471570211374045
1587.036,35.1490317,-90.0140679,ChIJw3q9_xV-1YcRqrte6yBn1CI,OK,108182,471570017001057
1587.036,35.1490317,-90.0140679,ChIJw3q9_xV-1YcRqrte6yBn1CI,OK,108182,471570017001057
1861.97,35.142439,-90.006118,ChIJeUPo2Rt-1YcRdoG2a54M-d0,OK,143194,471570017001057
5023.392,35.14868459999999,-89.7948203,ChIJ4w9Lr2qcf4gRHdzl9FciAFM,OK,296876,471570211381038
5023.392,35.14868459999999,-89.7948203,ChIJ4w9Lr2qcf4gRHdzl9FciAFM,OK,296876,471570211381038
5789.554,35.1546312,-89.79260459999999,ChIJ8UeuSEecf4gRniit7ubZLtM,OK,317575,471570211381038
279.294,35.05407199999999,-90.00125899999999,ChIJIzdhk1h91YcRZT7cBcBslaM,OK,16539,471570220221022
279.294,35.05407199999999,-90.00125899999999,ChIJIzdhk1h91YcRZT7cBcBslaM,OK,16539,471570220221022
971.071,35.054745,-90.007971,ChIJXxyyQlt91YcRhldtWgjSnSE,OK,62728,471570220221022
6638.89,35.14868459999999,-89.7948203,ChIJ4w9Lr2qcf4gRHdzl9FciAFM,OK,445699,471570211391014
6638.89,35.14868459999999,-89.7948203,ChIJ4w9Lr2qcf4gRHdzl9FciAFM,OK,445699,471570211391014
7405.052,35.1546312,-89.79260459999999,ChIJ8UeuSEecf4gRniit7ubZLtM,OK,466398,471570211391014
1983.458,35.0515568,-89.90630259999999,ChIJrU8jyZKFf4gRubg1AIyELWY,OK,123733,471570226001075
1983.458,35.0515568,-89.90630259999999,ChIJrU8jyZKFf4gRubg1AIyELWY,OK,123733,471570226001075
5005.15,35.02100869999999,-89.8995317,ChIJ-f6gz22Pf4gR-rWEeLgd-68,OK,269300,471570226001075
2294.996,35.04677619999999,-89.8859339,ChIJycTJ_niFf4gR5esliSzp17E,OK,149565,471570217311020
2294.996,35.04677619999999,-89.8859339,ChIJycTJ_niFf4gR5esliSzp17E,OK,149565,471570217311020
2732.561,35.0477573,-89.86637909999999,ChIJ5_0L5VyFf4gR4HBEwl6nmRE,OK,175339,471570217311020
5386.552,35.0854368,-89.89541919999999,ChIJf5cc-VKEf4gRF-lYLgijYQQ,OK,298965,471570213112019
4567.086,35.1153996,-89.89414069999999,ChIJCb4NOWWEf4gR79YlPQoocW4,OK,300619,471570213112019
4567.086,35.1153996,-89.89414069999999,ChIJCb4NOWWEf4gR79YlPQoocW4,OK,300619,471570213112019
920.929,35.0643218,-89.9923063,ChIJb3DQuo2Hf4gRC8UI6d4pa68,OK,71885,471570225001087
920.929,35.0643218,-89.9923063,ChIJb3DQuo2Hf4gRC8UI6d4pa68,OK,71885,471570225001087
2880.33,35.0841884,-89.97146650000001,ChIJX1vb4AeHf4gRloPQ2o5nDXA,OK,149283,471570225001087
5080.423,35.05407199999999,-90.00125899999999,ChIJIzdhk1h91YcRZT7cBcBslaM,OK,273718,471570225001079
5080.423,35.05407199999999,-90.00125899999999,ChIJIzdhk1h91YcRZT7cBcBslaM,OK,273718,471570225001079
5596.938,35.0643218,-89.9923063,ChIJb3DQuo2Hf4gRC8UI6d4pa68,OK,319006,471570225001079
881.984,35.0643218,-89.9923063,ChIJb3DQuo2Hf4gRC8UI6d4pa68,OK,70354,471570225001089
881.984,35.0643218,-89.9923063,ChIJb3DQuo2Hf4gRC8UI6d4pa68,OK,70354,471570225001089
2841.384,35.0841884,-89.97146650000001,ChIJX1vb4AeHf4gRloPQ2o5nDXA,OK,147752,471570225001089
1513.648,35.050596,-89.869556,ChIJQ4vLA2iFf4gRyyCo3ihKH44,OK,112524,471570217212002
1513.648,35.050596,-89.869556,ChIJQ4vLA2iFf4gRyyCo3ihKH44,OK,112524,471570217212002
1515.969,35.0505832,-89.86958199999999,ChIJAfPLA2iFf4gRetxnyV4zn3o,OK,112942,471570217212002
1564.419,35.0477573,-89.86637909999999,ChIJ5_0L5VyFf4gR4HBEwl6nmRE,OK,114838,471570217323005
1564.419,35.0477573,-89.86637909999999,ChIJ5_0L5VyFf4gR4HBEwl6nmRE,OK,114838,471570217323005
2135.256,35.050596,-89.869556,ChIJQ4vLA2iFf4gRyyCo3ihKH44,OK,153567,471570217323005
111.73,35.1435177,-90.0539328,ChIJ8VFg1pV-1YcRR9G8p0pZx6U,OK,17284,471570042002003
111.73,35.1435177,-90.0539328,ChIJ8VFg1pV-1YcRR9G8p0pZx6U,OK,17284,471570042002003
242.412,35.1450994,-90.0538646,ChIJne6_s5V-1YcRn_LPaqiwhrk,OK,29919,471570042002003
3200.274,35.0477573,-89.86637909999999,ChIJ5_0L5VyFf4gR4HBEwl6nmRE,OK,233539,471570217413006
3200.274,35.0477573,-89.86637909999999,ChIJ5_0L5VyFf4gR4HBEwl6nmRE,OK,233539,471570217413006
3355.191,35.0493493,-89.855357,ChIJH2Nw4lGFf4gRq0vxk4n5iAE,OK,303643,471570217413006
3491.932,35.0477573,-89.86637909999999,ChIJ5_0L5VyFf4gR4HBEwl6nmRE,OK,268537,471570217412012
3491.932,35.0477573,-89.86637909999999,ChIJ5_0L5VyFf4gR4HBEwl6nmRE,OK,268537,471570217412012
3646.85,35.0493493,-89.855357,ChIJH2Nw4lGFf4gRq0vxk4n5iAE,OK,338641,471570217412012
7143.724,35.0614623,-89.8536277,ChIJ4TWJkTWFf4gRbkNZYfkF9Jw,OK,454275,471570213113004
7143.724,35.0614623,-89.8536277,ChIJ4TWJkTWFf4gRbkNZYfkF9Jw,OK,454275,471570213113004
7034.072,35.1153996,-89.89414069999999,ChIJCb4NOWWEf4gR79YlPQoocW4,OK,469806,471570213113004
5116.346,35.0614623,-89.8536277,ChIJ4TWJkTWFf4gRbkNZYfkF9Jw,OK,350274,471570213201006
5116.346,35.0614623,-89.8536277,ChIJ4TWJkTWFf4gRbkNZYfkF9Jw,OK,350274,471570213201006
5201.117,35.0512763,-89.8427476,ChIJ7VPJ3q-af4gRdxERIyaZ0gk,OK,356462,471570213201006
5643.302,35.0614623,-89.8536277,ChIJ4TWJkTWFf4gRbkNZYfkF9Jw,OK,360293,471570213122017
5643.302,35.0614623,-89.8536277,ChIJ4TWJkTWFf4gRbkNZYfkF9Jw,OK,360293,471570213122017
5728.074,35.0512763,-89.8427476,ChIJ7VPJ3q-af4gRdxERIyaZ0gk,OK,366481,471570213122017
1393.601,35.1060329,-90.039159,ChIJ231bcjV81YcRQ1quDeYAd6M,OK,131009,471570057002012
1393.601,35.1060329,-90.039159,ChIJ231bcjV81YcRQ1quDeYAd6M,OK,131009,471570057002012
1681.311,35.1087458,-90.0211918,ChIJe6w2EsF91YcRquzVZc8M0-I,OK,145038,471570057002012
2392.753,35.1087458,-90.0211918,ChIJe6w2EsF91YcRquzVZc8M0-I,OK,209872,471570075001008
2393.394,35.10874099999999,-90.021185,ChIJrVbiDcF91YcRG9TBOTpHc3I,OK,209949,471570075001008
2393.394,35.10874099999999,-90.021185,ChIJrVbiDcF91YcRG9TBOTpHc3I,OK,209949,471570075001008
2036.278,35.1087458,-90.0211918,ChIJe6w2EsF91YcRquzVZc8M0-I,OK,144767,471570078102037
2036.278,35.1087458,-90.0211918,ChIJe6w2EsF91YcRquzVZc8M0-I,OK,144767,471570078102037
2036.919,35.10874099999999,-90.021185,ChIJrVbiDcF91YcRG9TBOTpHc3I,OK,144844,471570078102037
596.36,35.1087458,-90.0211918,ChIJe6w2EsF91YcRquzVZc8M0-I,OK,34758,471570115001024
596.36,35.1087458,-90.0211918,ChIJe6w2EsF91YcRquzVZc8M0-I,OK,34758,471570115001024
597.001,35.10874099999999,-90.021185,ChIJrVbiDcF91YcRG9TBOTpHc3I,OK,34835,471570115001024
1263.585,35.1087458,-90.0211918,ChIJe6w2EsF91YcRquzVZc8M0-I,OK,71706,471570062003013
1263.585,35.1087458,-90.0211918,ChIJe6w2EsF91YcRquzVZc8M0-I,OK,71706,471570062003013
1264.226,35.10874099999999,-90.021185,ChIJrVbiDcF91YcRG9TBOTpHc3I,OK,71783,471570062003013
1439.517,35.1157645,-90.022279,ChIJwZqBNMN91YcRRpdDvj5Pcr8,OK,96676,471570062001029
1439.517,35.1157645,-90.022279,ChIJwZqBNMN91YcRRpdDvj5Pcr8,OK,96676,471570062001029
2160.637,35.1087458,-90.0211918,ChIJe6w2EsF91YcRquzVZc8M0-I,OK,138066,471570062001029
1345.804,35.1157645,-90.022279,ChIJwZqBNMN91YcRRpdDvj5Pcr8,OK,105431,471570062003001
1345.804,35.1157645,-90.022279,ChIJwZqBNMN91YcRRpdDvj5Pcr8,OK,105431,471570062003001
2066.924,35.1087458,-90.0211918,ChIJe6w2EsF91YcRquzVZc8M0-I,OK,146821,471570062003001
1816.775,35.109859,-89.99141100000001,ChIJs6JbpFyHf4gR9O01gG0a7fQ,OK,131299,471570062003008
1816.775,35.109859,-89.99141100000001,ChIJs6JbpFyHf4gR9O01gG0a7fQ,OK,131299,471570062003008
2156.627,35.1087458,-90.0211918,ChIJe6w2EsF91YcRquzVZc8M0-I,OK,153564,471570062003008
1109.091,35.1087458,-90.0211918,ChIJe6w2EsF91YcRquzVZc8M0-I,OK,63964,471570060002010
1109.091,35.1087458,-90.0211918,ChIJe6w2EsF91YcRquzVZc8M0-I,OK,63964,471570060002010
1109.732,35.10874099999999,-90.021185,ChIJrVbiDcF91YcRG9TBOTpHc3I,OK,64041,471570060002010
1052.574,35.1087458,-90.0211918,ChIJe6w2EsF91YcRquzVZc8M0-I,OK,76874,471570060002007
1052.574,35.1087458,-90.0211918,ChIJe6w2EsF91YcRquzVZc8M0-I,OK,76874,471570060002007
1053.216,35.10874099999999,-90.021185,ChIJrVbiDcF91YcRG9TBOTpHc3I,OK,76951,471570060002007
1130.637,35.1087458,-90.0211918,ChIJe6w2EsF91YcRquzVZc8M0-I,OK,73276,471570060001003
1130.637,35.1087458,-90.0211918,ChIJe6w2EsF91YcRquzVZc8M0-I,OK,73276,471570060001003
1131.278,35.10874099999999,-90.021185,ChIJrVbiDcF91YcRG9TBOTpHc3I,OK,73353,471570060001003
579.464,35.1804299,-89.9263818,ChIJIfvtv4eBf4gRJLjVGBpAzmc,OK,45996,471570088002005
579.464,35.1804299,-89.9263818,ChIJIfvtv4eBf4gRJLjVGBpAzmc,OK,45996,471570088002005
1535.578,35.183951,-89.93106899999999,ChIJWQ0EIo-Bf4gR6cuqlCcQuNw,OK,125085,471570088002005
811.848,35.1913738,-89.8964247,ChIJwQffFF2Cf4gRzaR3rfvt3f4,OK,46646,471570206101001
811.848,35.1913738,-89.8964247,ChIJwQffFF2Cf4gRzaR3rfvt3f4,OK,46646,471570206101001
1095.244,35.192778,-89.895242,ChIJ2ehTh2eCf4gR95JHzr6OIMA,OK,60942,471570206101001
1129.171,35.1804299,-89.9263818,ChIJIfvtv4eBf4gRJLjVGBpAzmc,OK,117640,471570088002021
1129.171,35.1804299,-89.9263818,ChIJIfvtv4eBf4gRJLjVGBpAzmc,OK,117640,471570088002021
2085.286,35.183951,-89.93106899999999,ChIJWQ0EIo-Bf4gR6cuqlCcQuNw,OK,196729,471570088002021
550.182,35.167095,-89.950496,ChIJecYfJgmBf4gRJh-YY67U6V8,OK,31222,471570013002000
550.182,35.167095,-89.950496,ChIJecYfJgmBf4gRJh-YY67U6V8,OK,31222,471570013002000
2248.918,35.0971,-89.9305344,ChIJRd53mZuGf4gRp0fETcD5Y3I,OK,152707,471570118002011
2486.244,35.02379430000001,-89.96377079999999,ChIJDVntamKIf4gRlF5S6rdAlgc,OK,161304,471570219004028
1321.008,35.093158,-89.93038,ChIJU1HLuoSGf4gRK5KIVLXtvbU,OK,158518,471570118002011
2486.244,35.02379430000001,-89.96377079999999,ChIJDVntamKIf4gRlF5S6rdAlgc,OK,161304,471570219004028
3068.909,35.02099699999999,-89.93544,ChIJW6hY3LmIf4gRWjIeu9tMgvU,OK,192087,471570219004028
9201.326,35.0326981,-90.07589809999999,ChIJ9S1ljalk1YcRvuG-_hbpimA,OK,776209,471579803001030
2184.145,35.1444038,-90.0168571,ChIJufYEjhR-1YcREff46W6Lons,OK,143736,471570038001016
2184.145,35.1444038,-90.0168571,ChIJufYEjhR-1YcREff46W6Lons,OK,143736,471570038001016
9201.326,35.0326981,-90.07589809999999,ChIJ9S1ljalk1YcRvuG-_hbpimA,OK,776209,471579803001030
2249.999,35.13763670000001,-90.00757159999999,ChIJl69WLQV-1YcRU3z7Tt2MyhY,OK,151607,471570038001016
9938.153,35.02753099999999,-90.082077,ChIJK66rdetk1YcRwwxI9gDREks,OK,817956,471579803001030
1330.283,35.0333519,-90.02557630000001,ChIJK8z8Ksxi1YcRt8pxxgP2SA4,OK,109183,471570225004005
1330.283,35.0333519,-90.02557630000001,ChIJK8z8Ksxi1YcRt8pxxgP2SA4,OK,109183,471570225004005
1330.378,35.033351,-90.02556199999999,ChIJY7ePKsxi1YcRIP55gZFchMw,OK,109188,471570225004005
919.099,35.0878609,-89.931612,ChIJ78kLm4aGf4gRhPZ5eF_7ojg,OK,94726,471570118003002
919.099,35.0878609,-89.931612,ChIJ78kLm4aGf4gRhPZ5eF_7ojg,OK,94726,471570118003002
995.547,35.093158,-89.93038,ChIJU1HLuoSGf4gRK5KIVLXtvbU,OK,100793,471570118003002
3127.501,35.02379430000001,-89.96377079999999,ChIJDVntamKIf4gRlF5S6rdAlgc,OK,252799,471570219004021
3127.501,35.02379430000001,-89.96377079999999,ChIJDVntamKIf4gRlF5S6rdAlgc,OK,252799,471570219004021
3710.166,35.02099699999999,-89.93544,ChIJW6hY3LmIf4gRWjIeu9tMgvU,OK,283582,471570219004021
912.07,35.0643218,-89.9923063,ChIJb3DQuo2Hf4gRC8UI6d4pa68,OK,77162,471579801001075
912.07,35.0643218,-89.9923063,ChIJb3DQuo2Hf4gRC8UI6d4pa68,OK,77162,471579801001075
2922.048,35.0841884,-89.97146650000001,ChIJX1vb4AeHf4gRloPQ2o5nDXA,OK,157569,471579801001075
2277.851,35.125222,-90.048147,ChIJ9cKdtid81YcRKs9h6RjzQzw,OK,136867,471570037001035
2277.851,35.125222,-90.048147,ChIJ9cKdtid81YcRKs9h6RjzQzw,OK,136867,471570037001035
2279.666,35.1251709,-90.0481695,ChIJybIJtCd81YcR9Otxws-5qCM,OK,136967,471570037001035
263.657,35.0333519,-90.02557630000001,ChIJK8z8Ksxi1YcRt8pxxgP2SA4,OK,26677,471570221111004
263.657,35.0333519,-90.02557630000001,ChIJK8z8Ksxi1YcRt8pxxgP2SA4,OK,26677,471570221111004
263.751,35.033351,-90.02556199999999,ChIJY7ePKsxi1YcRIP55gZFchMw,OK,26682,471570221111004
2054.371,35.02379430000001,-89.96377079999999,ChIJDVntamKIf4gRlF5S6rdAlgc,OK,144626,471570219003012
2054.371,35.02379430000001,-89.96377079999999,ChIJDVntamKIf4gRlF5S6rdAlgc,OK,144626,471570219003012
2170.884,35.02099699999999,-89.93544,ChIJW6hY3LmIf4gRWjIeu9tMgvU,OK,174204,471570219003012
3067.19,35.0614623,-89.8536277,ChIJ4TWJkTWFf4gRbkNZYfkF9Jw,OK,213360,471570213332018
3067.19,35.0614623,-89.8536277,ChIJ4TWJkTWFf4gRbkNZYfkF9Jw,OK,213360,471570213332018
3151.962,35.0512763,-89.8427476,ChIJ7VPJ3q-af4gRdxERIyaZ0gk,OK,219548,471570213332018
422.501,35.0225458,-90.0257415,ChIJnc94gMRi1YcRKYztFRuX2Yw,OK,47486,471570221113016
422.501,35.0225458,-90.0257415,ChIJnc94gMRi1YcRKYztFRuX2Yw,OK,47486,471570221113016
1008.942,35.021381,-90.020287,ChIJnVfwxMBi1YcR65EtGsZDcOY,OK,80989,471570221113016
1016.299,35.093158,-89.93038,ChIJU1HLuoSGf4gRK5KIVLXtvbU,OK,121953,471570118002013
1016.299,35.093158,-89.93038,ChIJU1HLuoSGf4gRK5KIVLXtvbU,OK,121953,471570118002013
1382.877,35.0960067,-89.93138279999999,ChIJFfDYDZuGf4gR5IbqhV7MTAo,OK,147762,471570118002013
2514.086,35.125222,-90.048147,ChIJ9cKdtid81YcRKs9h6RjzQzw,OK,146636,471570037001014
2514.086,35.125222,-90.048147,ChIJ9cKdtid81YcRKs9h6RjzQzw,OK,146636,471570037001014
2515.9,35.1251709,-90.0481695,ChIJybIJtCd81YcR9Otxws-5qCM,OK,146736,471570037001014
2807.541,35.02379430000001,-89.96377079999999,ChIJDVntamKIf4gRlF5S6rdAlgc,OK,214405,471570219004022
2807.541,35.02379430000001,-89.96377079999999,ChIJDVntamKIf4gRlF5S6rdAlgc,OK,214405,471570219004022
3390.206,35.02099699999999,-89.93544,ChIJW6hY3LmIf4gRWjIeu9tMgvU,OK,245188,471570219004022
2317.761,35.125222,-90.048147,ChIJ9cKdtid81YcRKs9h6RjzQzw,OK,145316,471570037001013
2317.761,35.125222,-90.048147,ChIJ9cKdtid81YcRKs9h6RjzQzw,OK,145316,471570037001013
2319.575,35.1251709,-90.0481695,ChIJybIJtCd81YcR9Otxws-5qCM,OK,145416,471570037001013
1352.562,35.0643218,-89.9923063,ChIJb3DQuo2Hf4gRC8UI6d4pa68,OK,104232,471570225001076
1352.562,35.0643218,-89.9923063,ChIJb3DQuo2Hf4gRC8UI6d4pa68,OK,104232,471570225001076
3298.988,35.0841884,-89.97146650000001,ChIJX1vb4AeHf4gRloPQ2o5nDXA,OK,180409,471570225001076
1116.83,35.0878609,-89.931612,ChIJ78kLm4aGf4gRhPZ5eF_7ojg,OK,118453,471570118002018
1116.83,35.0878609,-89.931612,ChIJ78kLm4aGf4gRhPZ5eF_7ojg,OK,118453,471570118002018
1193.277,35.093158,-89.93038,ChIJU1HLuoSGf4gRK5KIVLXtvbU,OK,124520,471570118002018
1081.506,35.0333519,-90.02557630000001,ChIJK8z8Ksxi1YcRt8pxxgP2SA4,OK,92413,471570220243013
1081.506,35.0333519,-90.02557630000001,ChIJK8z8Ksxi1YcRt8pxxgP2SA4,OK,92413,471570220243013
1081.601,35.033351,-90.02556199999999,ChIJY7ePKsxi1YcRIP55gZFchMw,OK,92418,471570220243013
1579.071,35.0643218,-89.9923063,ChIJb3DQuo2Hf4gRC8UI6d4pa68,OK,105347,471579801001054
1579.071,35.0643218,-89.9923063,ChIJb3DQuo2Hf4gRC8UI6d4pa68,OK,105347,471579801001054
3094.821,35.05407199999999,-90.00125899999999,ChIJIzdhk1h91YcRZT7cBcBslaM,OK,163281,471579801001054
942.505,35.0333519,-90.02557630000001,ChIJK8z8Ksxi1YcRt8pxxgP2SA4,OK,75734,471570220243016
942.505,35.0333519,-90.02557630000001,ChIJK8z8Ksxi1YcRt8pxxgP2SA4,OK,75734,471570220243016
942.599,35.033351,-90.02556199999999,ChIJY7ePKsxi1YcRIP55gZFchMw,OK,75739,471570220243016
2221.154,35.1444038,-90.0168571,ChIJufYEjhR-1YcREff46W6Lons,OK,138490,471570037001006
4915.204,35.0841884,-89.97146650000001,ChIJX1vb4AeHf4gRloPQ2o5nDXA,OK,245442,471579801001007
881.976,35.104197,-89.98335349999999,ChIJNST6hGqHf4gR0Mml4gyjQWk,OK,61640,471570068001008
881.976,35.104197,-89.98335349999999,ChIJNST6hGqHf4gR0Mml4gyjQWk,OK,61640,471570068001008
1250.117,35.107529,-89.9862127,ChIJ0WGfSUKHf4gRjDLrfGQwCV4,OK,86889,471570068001008
963.885,35.09464699999999,-89.9708677,ChIJx5uAuBqHf4gRze5MKc5WJFI,OK,86562,471570069002011
963.885,35.09464699999999,-89.9708677,ChIJx5uAuBqHf4gRze5MKc5WJFI,OK,86562,471570069002011
1181.514,35.104197,-89.98335349999999,ChIJNST6hGqHf4gR0Mml4gyjQWk,OK,98585,471570069002011
1036.387,35.104197,-89.98335349999999,ChIJNST6hGqHf4gR0Mml4gyjQWk,OK,81169,471570069002006
1036.387,35.104197,-89.98335349999999,ChIJNST6hGqHf4gR0Mml4gyjQWk,OK,81169,471570069002006
1129.054,35.09464699999999,-89.9708677,ChIJx5uAuBqHf4gRze5MKc5WJFI,OK,94248,471570069002006
796.229,35.104197,-89.98335349999999,ChIJNST6hGqHf4gR0Mml4gyjQWk,OK,44097,471570068003007
796.229,35.104197,-89.98335349999999,ChIJNST6hGqHf4gR0Mml4gyjQWk,OK,44097,471570068003007
864.122,35.09464699999999,-89.9708677,ChIJx5uAuBqHf4gRze5MKc5WJFI,OK,48941,471570068003007
699.716,35.09464699999999,-89.9708677,ChIJx5uAuBqHf4gRze5MKc5WJFI,OK,67731,471570069001003
699.716,35.09464699999999,-89.9708677,ChIJx5uAuBqHf4gRze5MKc5WJFI,OK,67731,471570069001003
1347.984,35.104197,-89.98335349999999,ChIJNST6hGqHf4gR0Mml4gyjQWk,OK,96788,471570069001003
952.912,35.09464699999999,-89.9708677,ChIJx5uAuBqHf4gRze5MKc5WJFI,OK,73112,471570069001004
952.912,35.09464699999999,-89.9708677,ChIJx5uAuBqHf4gRze5MKc5WJFI,OK,73112,471570069001004
1108.631,35.104197,-89.98335349999999,ChIJNST6hGqHf4gR0Mml4gyjQWk,OK,77357,471570069001004
1013.212,35.104197,-89.98335349999999,ChIJNST6hGqHf4gR0Mml4gyjQWk,OK,70730,471570068003004
1013.212,35.104197,-89.98335349999999,ChIJNST6hGqHf4gR0Mml4gyjQWk,OK,70730,471570068003004
1216.892,35.09464699999999,-89.9708677,ChIJx5uAuBqHf4gRze5MKc5WJFI,OK,95225,471570068003004
1223.231,35.104197,-89.98335349999999,ChIJNST6hGqHf4gR0Mml4gyjQWk,OK,95441,471570068001006
1223.231,35.104197,-89.98335349999999,ChIJNST6hGqHf4gR0Mml4gyjQWk,OK,95441,471570068001006
1556.182,35.09464699999999,-89.9708677,ChIJx5uAuBqHf4gRze5MKc5WJFI,OK,108738,471570068001006
1134.109,35.104197,-89.98335349999999,ChIJNST6hGqHf4gR0Mml4gyjQWk,OK,79792,471570068001009
1134.109,35.104197,-89.98335349999999,ChIJNST6hGqHf4gR0Mml4gyjQWk,OK,79792,471570068001009
1467.173,35.09464699999999,-89.9708677,ChIJx5uAuBqHf4gRze5MKc5WJFI,OK,92836,471570068001009
1427.758,35.09464699999999,-89.9708677,ChIJx5uAuBqHf4gRze5MKc5WJFI,OK,93357,471570068001011
1427.758,35.09464699999999,-89.9708677,ChIJx5uAuBqHf4gRze5MKc5WJFI,OK,93357,471570068001011
1653.41,35.107529,-89.9862127,ChIJ0WGfSUKHf4gRjDLrfGQwCV4,OK,122424,471570068001011
1135.033,35.104197,-89.98335349999999,ChIJNST6hGqHf4gR0Mml4gyjQWk,OK,78309,471570068003003
1135.033,35.104197,-89.98335349999999,ChIJNST6hGqHf4gR0Mml4gyjQWk,OK,78309,471570068003003
1104.057,35.09464699999999,-89.9708677,ChIJx5uAuBqHf4gRze5MKc5WJFI,OK,88726,471570068003003
1247.9,35.09464699999999,-89.9708677,ChIJx5uAuBqHf4gRze5MKc5WJFI,OK,77049,471570068001010
1247.9,35.09464699999999,-89.9708677,ChIJx5uAuBqHf4gRze5MKc5WJFI,OK,77049,471570068001010
1353.383,35.104197,-89.98335349999999,ChIJNST6hGqHf4gR0Mml4gyjQWk,OK,95578,471570068001010
788.217,35.09464699999999,-89.9708677,ChIJx5uAuBqHf4gRze5MKc5WJFI,OK,61423,471570068003010
788.217,35.09464699999999,-89.9708677,ChIJx5uAuBqHf4gRze5MKc5WJFI,OK,61423,471570068003010
1169.36,35.104197,-89.98335349999999,ChIJNST6hGqHf4gR0Mml4gyjQWk,OK,85248,471570068003010
1322.044,35.09464699999999,-89.9708677,ChIJx5uAuBqHf4gRze5MKc5WJFI,OK,80100,471570079003001
1322.044,35.09464699999999,-89.9708677,ChIJx5uAuBqHf4gRze5MKc5WJFI,OK,80100,471570079003001
1885.366,35.0904795,-89.96597299999999,ChIJHfaNmAOHf4gR1d8V2K9rfSU,OK,110212,471570079003001
1255.993,35.104197,-89.98335349999999,ChIJNST6hGqHf4gR0Mml4gyjQWk,OK,85498,471570068003002
1255.993,35.104197,-89.98335349999999,ChIJNST6hGqHf4gR0Mml4gyjQWk,OK,85498,471570068003002
1239.201,35.09464699999999,-89.9708677,ChIJx5uAuBqHf4gRze5MKc5WJFI,OK,88104,471570068003002
1018.643,35.09464699999999,-89.9708677,ChIJx5uAuBqHf4gRze5MKc5WJFI,OK,74699,471570068003000
1018.643,35.09464699999999,-89.9708677,ChIJx5uAuBqHf4gRze5MKc5WJFI,OK,74699,471570068003000
1470.795,35.104197,-89.98335349999999,ChIJNST6hGqHf4gR0Mml4gyjQWk,OK,98211,471570068003000
1115.029,35.09464699999999,-89.9708677,ChIJx5uAuBqHf4gRze5MKc5WJFI,OK,80641,471570068003001
1115.029,35.09464699999999,-89.9708677,ChIJx5uAuBqHf4gRze5MKc5WJFI,OK,80641,471570068003001
1379.715,35.104197,-89.98335349999999,ChIJNST6hGqHf4gR0Mml4gyjQWk,OK,92907,471570068003001
899.07,35.09464699999999,-89.9708677,ChIJx5uAuBqHf4gRze5MKc5WJFI,OK,57361,471570069001001
899.07,35.09464699999999,-89.9708677,ChIJx5uAuBqHf4gRze5MKc5WJFI,OK,57361,471570069001001
961.997,35.104197,-89.98335349999999,ChIJNST6hGqHf4gR0Mml4gyjQWk,OK,59761,471570069001001
587.233,35.09464699999999,-89.9708677,ChIJx5uAuBqHf4gRze5MKc5WJFI,OK,54233,471570069001009
587.233,35.09464699999999,-89.9708677,ChIJx5uAuBqHf4gRze5MKc5WJFI,OK,54233,471570069001009
1281.276,35.0904795,-89.96597299999999,ChIJHfaNmAOHf4gR1d8V2K9rfSU,OK,93755,471570069001009
580.68,35.09464699999999,-89.9708677,ChIJx5uAuBqHf4gRze5MKc5WJFI,OK,44085,471570079004005
580.68,35.09464699999999,-89.9708677,ChIJx5uAuBqHf4gRze5MKc5WJFI,OK,44085,471570079004005
1144.002,35.0904795,-89.96597299999999,ChIJHfaNmAOHf4gR1d8V2K9rfSU,OK,74197,471570079004005
525.914,35.09464699999999,-89.9708677,ChIJx5uAuBqHf4gRze5MKc5WJFI,OK,30211,471570069001002
525.914,35.09464699999999,-89.9708677,ChIJx5uAuBqHf4gRze5MKc5WJFI,OK,30211,471570069001002
1089.236,35.0904795,-89.96597299999999,ChIJHfaNmAOHf4gR1d8V2K9rfSU,OK,60323,471570069001002
317.465,35.09464699999999,-89.9708677,ChIJx5uAuBqHf4gRze5MKc5WJFI,OK,18666,471570069001006
317.465,35.09464699999999,-89.9708677,ChIJx5uAuBqHf4gRze5MKc5WJFI,OK,18666,471570069001006
880.787,35.0904795,-89.96597299999999,ChIJHfaNmAOHf4gR1d8V2K9rfSU,OK,48778,471570069001006
3288.308,35.02753099999999,-90.082077,ChIJK66rdetk1YcRwwxI9gDREks,OK,234990,471570224103000
3288.308,35.02753099999999,-90.082077,ChIJK66rdetk1YcRwwxI9gDREks,OK,234990,471570224103000
3691.893,35.0326981,-90.07589809999999,ChIJ9S1ljalk1YcRvuG-_hbpimA,OK,260252,471570224103000
2701.798,35.02753099999999,-90.082077,ChIJK66rdetk1YcRwwxI9gDREks,OK,184558,471570224101007
2701.798,35.02753099999999,-90.082077,ChIJK66rdetk1YcRwwxI9gDREks,OK,184558,471570224101007
2877.903,35.0326981,-90.07589809999999,ChIJ9S1ljalk1YcRvuG-_hbpimA,OK,191616,471570224101007
3903.962,35.0326981,-90.07589809999999,ChIJ9S1ljalk1YcRvuG-_hbpimA,OK,244749,471570224103010
3903.962,35.0326981,-90.07589809999999,ChIJ9S1ljalk1YcRvuG-_hbpimA,OK,244749,471570224103010
4283.547,35.02753099999999,-90.082077,ChIJK66rdetk1YcRwwxI9gDREks,OK,265060,471570224103010
3089.887,35.02753099999999,-90.082077,ChIJK66rdetk1YcRwwxI9gDREks,OK,205426,471570224103007
3089.887,35.02753099999999,-90.082077,ChIJK66rdetk1YcRwwxI9gDREks,OK,205426,471570224103007
3890.959,35.0326981,-90.07589809999999,ChIJ9S1ljalk1YcRvuG-_hbpimA,OK,249792,471570224103007
2618.408,35.0326981,-90.07589809999999,ChIJ9S1ljalk1YcRvuG-_hbpimA,OK,162475,471570224101003
2618.408,35.0326981,-90.07589809999999,ChIJ9S1ljalk1YcRvuG-_hbpimA,OK,162475,471570224101003
2997.993,35.02753099999999,-90.082077,ChIJK66rdetk1YcRwwxI9gDREks,OK,182786,471570224101003
3239.703,35.02753099999999,-90.082077,ChIJK66rdetk1YcRwwxI9gDREks,OK,229158,471570224103003
3239.703,35.02753099999999,-90.082077,ChIJK66rdetk1YcRwwxI9gDREks,OK,229158,471570224103003
4040.775,35.0326981,-90.07589809999999,ChIJ9S1ljalk1YcRvuG-_hbpimA,OK,273524,471570224103003
3610.229,35.02753099999999,-90.082077,ChIJK66rdetk1YcRwwxI9gDREks,OK,245028,471570224103013
3610.229,35.02753099999999,-90.082077,ChIJK66rdetk1YcRwwxI9gDREks,OK,245028,471570224103013
4176.046,34.999309,-90.118577,ChIJ9TRIjgZl1YcR3fm2jM14AHY,OK,262124,471570224103013
4061.888,35.02753099999999,-90.082077,ChIJK66rdetk1YcRwwxI9gDREks,OK,272223,471570224103008
4061.888,35.02753099999999,-90.082077,ChIJK66rdetk1YcRwwxI9gDREks,OK,272223,471570224103008
4585.807,34.999309,-90.118577,ChIJ9TRIjgZl1YcR3fm2jM14AHY,OK,280953,471570224103008
2714.271,35.1439641,-90.0517892,ChIJL-0zBZR-1YcRj7p5p1WY4-g,OK,209320,471570021001045
2714.271,35.1439641,-90.0517892,ChIJL-0zBZR-1YcRj7p5p1WY4-g,OK,209320,471570021001045
2923.188,35.1450994,-90.0538646,ChIJne6_s5V-1YcRn_LPaqiwhrk,OK,214774,471570021001045
1972.477,35.1439641,-90.0517892,ChIJL-0zBZR-1YcRj7p5p1WY4-g,OK,157715,471570021001073
1972.477,35.1439641,-90.0517892,ChIJL-0zBZR-1YcRj7p5p1WY4-g,OK,157715,471570021001073
2181.393,35.1450994,-90.0538646,ChIJne6_s5V-1YcRn_LPaqiwhrk,OK,163169,471570021001073
1934.816,35.1439641,-90.0517892,ChIJL-0zBZR-1YcRj7p5p1WY4-g,OK,144314,471570021001081
1934.816,35.1439641,-90.0517892,ChIJL-0zBZR-1YcRj7p5p1WY4-g,OK,144314,471570021001081
2143.732,35.1450994,-90.0538646,ChIJne6_s5V-1YcRn_LPaqiwhrk,OK,149768,471570021001081
2019.374,35.1439641,-90.0517892,ChIJL-0zBZR-1YcRj7p5p1WY4-g,OK,154994,471570021001074
2019.374,35.1439641,-90.0517892,ChIJL-0zBZR-1YcRj7p5p1WY4-g,OK,154994,471570021001074
2228.291,35.1450994,-90.0538646,ChIJne6_s5V-1YcRn_LPaqiwhrk,OK,160448,471570021001074
2253.505,35.1439641,-90.0517892,ChIJL-0zBZR-1YcRj7p5p1WY4-g,OK,187854,471570021001053
2253.505,35.1439641,-90.0517892,ChIJL-0zBZR-1YcRj7p5p1WY4-g,OK,187854,471570021001053
2462.421,35.1450994,-90.0538646,ChIJne6_s5V-1YcRn_LPaqiwhrk,OK,193308,471570021001053
2864.784,35.1439641,-90.0517892,ChIJL-0zBZR-1YcRj7p5p1WY4-g,OK,152733,471570113001054
2864.784,35.1439641,-90.0517892,ChIJL-0zBZR-1YcRj7p5p1WY4-g,OK,152733,471570113001054
2895.474,35.1435177,-90.0539328,ChIJ8VFg1pV-1YcRR9G8p0pZx6U,OK,153012,471570113001054
1381.744,35.1439641,-90.0517892,ChIJL-0zBZR-1YcRj7p5p1WY4-g,OK,120430,471570113001074
1381.744,35.1439641,-90.0517892,ChIJL-0zBZR-1YcRj7p5p1WY4-g,OK,120430,471570113001074
1590.66,35.1450994,-90.0538646,ChIJne6_s5V-1YcRn_LPaqiwhrk,OK,125884,471570113001074
1151.967,35.1439641,-90.0517892,ChIJL-0zBZR-1YcRj7p5p1WY4-g,OK,103942,471570113001097
1151.967,35.1439641,-90.0517892,ChIJL-0zBZR-1YcRj7p5p1WY4-g,OK,103942,471570113001097
1360.884,35.1450994,-90.0538646,ChIJne6_s5V-1YcRn_LPaqiwhrk,OK,109396,471570113001097
730.51,35.1439641,-90.0517892,ChIJL-0zBZR-1YcRj7p5p1WY4-g,OK,64562,471570114002002
730.51,35.1439641,-90.0517892,ChIJL-0zBZR-1YcRj7p5p1WY4-g,OK,64562,471570114002002
939.426,35.1450994,-90.0538646,ChIJne6_s5V-1YcRn_LPaqiwhrk,OK,70016,471570114002002
963.23,35.1439641,-90.0517892,ChIJL-0zBZR-1YcRj7p5p1WY4-g,OK,82056,471570114002001
963.23,35.1439641,-90.0517892,ChIJL-0zBZR-1YcRj7p5p1WY4-g,OK,82056,471570114002001
1172.146,35.1450994,-90.0538646,ChIJne6_s5V-1YcRn_LPaqiwhrk,OK,87510,471570114002001
1615.652,35.1439641,-90.0517892,ChIJL-0zBZR-1YcRj7p5p1WY4-g,OK,89580,471570039001004
1615.652,35.1439641,-90.0517892,ChIJL-0zBZR-1YcRj7p5p1WY4-g,OK,89580,471570039001004
1646.342,35.1435177,-90.0539328,ChIJ8VFg1pV-1YcRR9G8p0pZx6U,OK,89859,471570039001004
3128.974,35.1439641,-90.0517892,ChIJL-0zBZR-1YcRj7p5p1WY4-g,OK,238010,471570001003037
3128.974,35.1439641,-90.0517892,ChIJL-0zBZR-1YcRj7p5p1WY4-g,OK,238010,471570001003037
3337.891,35.1450994,-90.0538646,ChIJne6_s5V-1YcRn_LPaqiwhrk,OK,243464,471570001003037
2209.53,35.1439641,-90.0517892,ChIJL-0zBZR-1YcRj7p5p1WY4-g,OK,135498,471570113001077
2209.53,35.1439641,-90.0517892,ChIJL-0zBZR-1YcRj7p5p1WY4-g,OK,135498,471570113001077
2240.22,35.1435177,-90.0539328,ChIJ8VFg1pV-1YcRR9G8p0pZx6U,OK,135777,471570113001077
2074.573,35.1439641,-90.0517892,ChIJL-0zBZR-1YcRj7p5p1WY4-g,OK,130556,471570113001087
2074.573,35.1439641,-90.0517892,ChIJL-0zBZR-1YcRj7p5p1WY4-g,OK,130556,471570113001087
2105.264,35.1435177,-90.0539328,ChIJ8VFg1pV-1YcRR9G8p0pZx6U,OK,130835,471570113001087
2113.574,35.1439641,-90.0517892,ChIJL-0zBZR-1YcRj7p5p1WY4-g,OK,158246,471570021001076
2113.574,35.1439641,-90.0517892,ChIJL-0zBZR-1YcRj7p5p1WY4-g,OK,158246,471570021001076
653.444,35.1444038,-90.0168571,ChIJufYEjhR-1YcREff46W6Lons,OK,55330,471570025002032
653.444,35.1444038,-90.0168571,ChIJufYEjhR-1YcREff46W6Lons,OK,55330,471570025002032
965.608,35.1490317,-90.0140679,ChIJw3q9_xV-1YcRqrte6yBn1CI,OK,88018,471570025002032
1452.494,35.16339899999999,-89.855841,ChIJA_xfkC6Df4gRAjVZwLz1jqA,OK,107672,471570211223007
1452.494,35.16339899999999,-89.855841,ChIJA_xfkC6Df4gRAjVZwLz1jqA,OK,107672,471570211223007
1527.649,35.1623785,-89.8566175,ChIJXQHWWS6Df4gRqhH5EQ9H1j0,OK,116637,471570211223007
1723.418,35.1435177,-90.0539328,ChIJ8VFg1pV-1YcRR9G8p0pZx6U,OK,121864,471570043001072
1723.418,35.1435177,-90.0539328,ChIJ8VFg1pV-1YcRR9G8p0pZx6U,OK,121864,471570043001072
1848.247,35.1450994,-90.0538646,ChIJne6_s5V-1YcRn_LPaqiwhrk,OK,133769,471570043001072
422.29,35.1251709,-90.0481695,ChIJybIJtCd81YcR9Otxws-5qCM,OK,24365,471570050001009
422.29,35.1251709,-90.0481695,ChIJybIJtCd81YcR9Otxws-5qCM,OK,24365,471570050001009
424.105,35.125222,-90.048147,ChIJ9cKdtid81YcRKs9h6RjzQzw,OK,24466,471570050001009
2154.464,35.2064292,-89.73436359999999,ChIJP6qgZdGff4gRQoIww3TX5kM,OK,138188,471570210102061
2154.464,35.2064292,-89.73436359999999,ChIJP6qgZdGff4gRQoIww3TX5kM,OK,138188,471570210102061
4816.368,35.2044739,-89.76342459999999,ChIJ3XsJxyKef4gRTeWb3lonWsU,OK,266366,471570210102061
2179.668,35.2064292,-89.73436359999999,ChIJP6qgZdGff4gRQoIww3TX5kM,OK,133206,471570210102062
2179.668,35.2064292,-89.73436359999999,ChIJP6qgZdGff4gRQoIww3TX5kM,OK,133206,471570210102062
4841.572,35.2044739,-89.76342459999999,ChIJ3XsJxyKef4gRTeWb3lonWsU,OK,261384,471570210102062
1472.968,35.0326981,-90.07589809999999,ChIJ9S1ljalk1YcRvuG-_hbpimA,OK,96114,471570223301005
1472.968,35.0326981,-90.07589809999999,ChIJ9S1ljalk1YcRvuG-_hbpimA,OK,96114,471570223301005
2274.041,35.02753099999999,-90.082077,ChIJK66rdetk1YcRwwxI9gDREks,OK,140480,471570223301005
539.575,35.1161637,-89.9446263,ChIJ-ZiED8iGf4gR32IlfgDBKWY,OK,45125,471570074001009
539.575,35.1161637,-89.9446263,ChIJ-ZiED8iGf4gR32IlfgDBKWY,OK,45125,471570074001009
1182.026,35.108097,-89.941227,ChIJwxJT-r6Gf4gRhLDuFpyb128,OK,79849,471570074001009
2930.102,35.2337782,-89.9252472,ChIJra3pLkt_f4gRjZbqnHrruIM,OK,244861,471570205231004
2930.102,35.2337782,-89.9252472,ChIJra3pLkt_f4gRjZbqnHrruIM,OK,244861,471570205231004
6576.914,35.2158947,-89.9151158,ChIJxetq6ad4f4gRD1K1cIBWUQ4,OK,481442,471570205231004
1731.105,35.14868459999999,-89.7948203,ChIJ4w9Lr2qcf4gRHdzl9FciAFM,OK,138662,471570211251044
1731.105,35.14868459999999,-89.7948203,ChIJ4w9Lr2qcf4gRHdzl9FciAFM,OK,138662,471570211251044
2497.267,35.1546312,-89.79260459999999,ChIJ8UeuSEecf4gRniit7ubZLtM,OK,159361,471570211251044
373.403,35.1439641,-90.0517892,ChIJL-0zBZR-1YcRj7p5p1WY4-g,OK,32573,471570114002006
373.403,35.1439641,-90.0517892,ChIJL-0zBZR-1YcRj7p5p1WY4-g,OK,32573,471570114002006
634.257,35.1435177,-90.0539328,ChIJ8VFg1pV-1YcRR9G8p0pZx6U,OK,41778,471570114002006
1385.585,35.125222,-90.048147,ChIJ9cKdtid81YcRKs9h6RjzQzw,OK,118597,471570116002009
1385.585,35.125222,-90.048147,ChIJ9cKdtid81YcRKs9h6RjzQzw,OK,118597,471570116002009
1387.399,35.1251709,-90.0481695,ChIJybIJtCd81YcR9Otxws-5qCM,OK,118697,471570116002009
1748.846,35.12545849999999,-89.97454169999999,ChIJoyT3HjOHf4gRS6EdHckmff8,OK,124602,471570067004000
1748.846,35.12545849999999,-89.97454169999999,ChIJoyT3HjOHf4gRS6EdHckmff8,OK,124602,471570067004000
2368.678,35.107529,-89.9862127,ChIJ0WGfSUKHf4gRjDLrfGQwCV4,OK,154439,471570067004000
1387.944,35.125222,-90.048147,ChIJ9cKdtid81YcRKs9h6RjzQzw,OK,118880,471570116002012
1387.944,35.125222,-90.048147,ChIJ9cKdtid81YcRKs9h6RjzQzw,OK,118880,471570116002012
1389.758,35.1251709,-90.0481695,ChIJybIJtCd81YcR9Otxws-5qCM,OK,118980,471570116002012
1305.128,35.125222,-90.048147,ChIJ9cKdtid81YcRKs9h6RjzQzw,OK,108942,471570116002010
1305.128,35.125222,-90.048147,ChIJ9cKdtid81YcRKs9h6RjzQzw,OK,108942,471570116002010
1306.942,35.1251709,-90.0481695,ChIJybIJtCd81YcR9Otxws-5qCM,OK,109042,471570116002010
1497.387,35.125222,-90.048147,ChIJ9cKdtid81YcRKs9h6RjzQzw,OK,132013,471570116002017
1497.387,35.125222,-90.048147,ChIJ9cKdtid81YcRKs9h6RjzQzw,OK,132013,471570116002017
1499.201,35.1251709,-90.0481695,ChIJybIJtCd81YcR9Otxws-5qCM,OK,132113,471570116002017
3198.818,34.999309,-90.118577,ChIJ9TRIjgZl1YcR3fm2jM14AHY,OK,201014,471570224104015
3198.818,34.999309,-90.118577,ChIJ9TRIjgZl1YcR3fm2jM14AHY,OK,201014,471570224104015
3798.498,35.02753099999999,-90.082077,ChIJK66rdetk1YcRwwxI9gDREks,OK,233827,471570224104015
5329.891,35.0326981,-90.07589809999999,ChIJ9S1ljalk1YcRvuG-_hbpimA,OK,339358,471570224104016
5329.891,35.0326981,-90.07589809999999,ChIJ9S1ljalk1YcRvuG-_hbpimA,OK,339358,471570224104016
5302.24,35.00495799999999,-90.0276544,ChIJuXbrrfFi1YcR97C4vX-T9Zk,OK,348939,471570224104016
3253.992,35.1546312,-89.79260459999999,ChIJ8UeuSEecf4gRniit7ubZLtM,OK,207667,471570211351028
3253.992,35.1546312,-89.79260459999999,ChIJ8UeuSEecf4gRniit7ubZLtM,OK,207667,471570211351028
3633.879,35.14868459999999,-89.7948203,ChIJ4w9Lr2qcf4gRHdzl9FciAFM,OK,227167,471570211351028
2149.023,35.0878609,-89.931612,ChIJ78kLm4aGf4gRhPZ5eF_7ojg,OK,149466,471570097001020
3944.637,35.0757114,-89.9271675,ChIJ-d7FIHmGf4gR6Aa1VQWm0ps,OK,257722,471570097001020
3944.637,35.0757114,-89.9271675,ChIJ-d7FIHmGf4gR6Aa1VQWm0ps,OK,257722,471570097001020
3616.376,34.999309,-90.118577,ChIJ9TRIjgZl1YcR3fm2jM14AHY,OK,239513,471570224104007
4216.056,35.02753099999999,-90.082077,ChIJK66rdetk1YcRwwxI9gDREks,OK,272326,471570224104007
4216.056,35.02753099999999,-90.082077,ChIJK66rdetk1YcRwwxI9gDREks,OK,272326,471570224104007
3368.669,34.999309,-90.118577,ChIJ9TRIjgZl1YcR3fm2jM14AHY,OK,209790,471570224104004
3968.349,35.02753099999999,-90.082077,ChIJK66rdetk1YcRwwxI9gDREks,OK,242603,471570224104004
3968.349,35.02753099999999,-90.082077,ChIJK66rdetk1YcRwwxI9gDREks,OK,242603,471570224104004
2994.088,34.999309,-90.118577,ChIJ9TRIjgZl1YcR3fm2jM14AHY,OK,194505,471570224104017
2994.088,34.999309,-90.118577,ChIJ9TRIjgZl1YcR3fm2jM14AHY,OK,194505,471570224104017
1960.667,35.217526,-89.98935,ChIJKdhOoPd_f4gRbD5w-Ol3ovU,OK,143341,471570102205004
1960.667,35.217526,-89.98935,ChIJKdhOoPd_f4gRbD5w-Ol3ovU,OK,143341,471570102205004
1997.012,35.2178517,-89.9902989,ChIJT7y6Nvh_f4gR6Khps0fYRPg,OK,147702,471570102205004
574.388,35.2064292,-89.73436359999999,ChIJP6qgZdGff4gRQoIww3TX5kM,OK,25846,471570208202068
574.388,35.2064292,-89.73436359999999,ChIJP6qgZdGff4gRQoIww3TX5kM,OK,25846,471570208202068
3236.292,35.2044739,-89.76342459999999,ChIJ3XsJxyKef4gRTeWb3lonWsU,OK,154024,471570208202068
619.934,35.1060329,-90.039159,ChIJ231bcjV81YcRQ1quDeYAd6M,OK,74389,471570056001004
619.934,35.1060329,-90.039159,ChIJ231bcjV81YcRQ1quDeYAd6M,OK,74389,471570056001004
3075.879,35.098685,-90.05664899999999,ChIJ31qwBkJ81YcRk2V5pdmdhrM,OK,208997,471570056001004
664.784,35.142439,-90.006118,ChIJeUPo2Rt-1YcRdoG2a54M-d0,OK,63108,471570026001005
664.784,35.142439,-90.006118,ChIJeUPo2Rt-1YcRdoG2a54M-d0,OK,63108,471570026001005
934.332,35.1490317,-90.0140679,ChIJw3q9_xV-1YcRqrte6yBn1CI,OK,83046,471570026001005
862.341,35.2060393,-89.89459389999999,ChIJN_fdM1CCf4gRqHZ_YUZgoJo,OK,76253,471570206211016
862.341,35.2060393,-89.89459389999999,ChIJN_fdM1CCf4gRqHZ_YUZgoJo,OK,76253,471570206211016
1149.382,35.20808669999999,-89.89363879999999,ChIJa1RCwHuCf4gRSSG3nO4uWeI,OK,103764,471570206211016
1360.44,35.06591589999999,-89.94154240000002,ChIJTUcfL2qGf4gRH4x-pmmajWw,OK,112052,471579801001022
1360.44,35.06591589999999,-89.94154240000002,ChIJTUcfL2qGf4gRH4x-pmmajWw,OK,112052,471579801001022
2436.364,35.051879,-89.95322299999999,ChIJtbdkhjqGf4gRndtG1KtFnTA,OK,167738,471579801001022
1675.963,35.062945,-89.90568519999999,ChIJjxj9mL-Ff4gRoOEx9OzDyxs,OK,112857,471570108104001
1675.963,35.062945,-89.90568519999999,ChIJjxj9mL-Ff4gRoOEx9OzDyxs,OK,112857,471570108104001
1638.379,35.063996,-89.90690699999999,ChIJn51vcb-Ff4gRvoXU4r8swrw,OK,122697,471570108104001
381.49,35.0508681,-89.88111619999999,ChIJ68PUi3CFf4gRLPYGzNKUdto,OK,46360,471570217312001
381.49,35.0508681,-89.88111619999999,ChIJ68PUi3CFf4gRLPYGzNKUdto,OK,46360,471570217312001
1233.388,35.04677619999999,-89.8859339,ChIJycTJ_niFf4gR5esliSzp17E,OK,89389,471570217312001
2153.419,35.183951,-89.93106899999999,ChIJWQ0EIo-Bf4gR6cuqlCcQuNw,OK,138530,471570089003017
2153.419,35.183951,-89.93106899999999,ChIJWQ0EIo-Bf4gR6cuqlCcQuNw,OK,138530,471570089003017
2153.658,35.1839382,-89.93104869999999,ChIJrQx5Io-Bf4gRSwDAaGIf4WE,OK,138573,471570089003017
1311.605,35.0614623,-89.8536277,ChIJ4TWJkTWFf4gRbkNZYfkF9Jw,OK,111975,471570217212001
1311.605,35.0614623,-89.8536277,ChIJ4TWJkTWFf4gRbkNZYfkF9Jw,OK,111975,471570217212001
1595.044,35.050596,-89.869556,ChIJQ4vLA2iFf4gRyyCo3ihKH44,OK,123026,471570217212001
1072.963,35.0512763,-89.8427476,ChIJ7VPJ3q-af4gRdxERIyaZ0gk,OK,81171,471570217241039
1072.963,35.0512763,-89.8427476,ChIJ7VPJ3q-af4gRdxERIyaZ0gk,OK,81171,471570217241039
1318.355,35.0490562,-89.84441600000001,ChIJCUulJK6af4gR7vOP_qSrYdM,OK,86161,471570217241039
792.511,35.1161637,-89.9446263,ChIJ-ZiED8iGf4gR32IlfgDBKWY,OK,82617,471570073003018
792.511,35.1161637,-89.9446263,ChIJ-ZiED8iGf4gR32IlfgDBKWY,OK,82617,471570073003018
2203.374,35.108097,-89.941227,ChIJwxJT-r6Gf4gRhLDuFpyb128,OK,160930,471570073003018
858.421,35.1161637,-89.9446263,ChIJ-ZiED8iGf4gR32IlfgDBKWY,OK,77782,471570073003003
858.421,35.1161637,-89.9446263,ChIJ-ZiED8iGf4gR32IlfgDBKWY,OK,77782,471570073003003
2269.284,35.108097,-89.941227,ChIJwxJT-r6Gf4gRhLDuFpyb128,OK,156095,471570073003003
776.853,35.1161637,-89.9446263,ChIJ-ZiED8iGf4gR32IlfgDBKWY,OK,80738,471570073003008
776.853,35.1161637,-89.9446263,ChIJ-ZiED8iGf4gR32IlfgDBKWY,OK,80738,471570073003008
2187.716,35.108097,-89.941227,ChIJwxJT-r6Gf4gRhLDuFpyb128,OK,159051,471570073003008
2090.814,35.0515544,-89.92255089999999,ChIJG_UFGuOFf4gRyHNDzwp5is0,OK,107133,471570226001102
2090.814,35.0515544,-89.92255089999999,ChIJG_UFGuOFf4gRyHNDzwp5is0,OK,107133,471570226001102
3522.347,35.0515568,-89.90630259999999,ChIJrU8jyZKFf4gRubg1AIyELWY,OK,193303,471570226001102
2591.697,35.0374859,-89.93716700000002,ChIJESgedaeIf4gRXlLu5ht4wNo,OK,141696,471570226001052
2860.908,35.0515544,-89.92255089999999,ChIJG_UFGuOFf4gRyHNDzwp5is0,OK,151977,471570226001052
2860.908,35.0515544,-89.92255089999999,ChIJG_UFGuOFf4gRyHNDzwp5is0,OK,151977,471570226001052
2187.501,35.0515568,-89.90630259999999,ChIJrU8jyZKFf4gRubg1AIyELWY,OK,129358,471570226001048
2187.501,35.0515568,-89.90630259999999,ChIJrU8jyZKFf4gRubg1AIyELWY,OK,129358,471570226001048
3034.657,35.0374859,-89.93716700000002,ChIJESgedaeIf4gRXlLu5ht4wNo,OK,168209,471570226001048
1698.889,35.0515544,-89.92255089999999,ChIJG_UFGuOFf4gRyHNDzwp5is0,OK,93671,471570226001106
1698.889,35.0515544,-89.92255089999999,ChIJG_UFGuOFf4gRyHNDzwp5is0,OK,93671,471570226001106
3130.422,35.0515568,-89.90630259999999,ChIJrU8jyZKFf4gRubg1AIyELWY,OK,179841,471570226001106
2235.696,35.02100869999999,-89.8995317,ChIJ-f6gz22Pf4gR-rWEeLgd-68,OK,117656,471570226001100
2246.969,35.0209193,-89.8996561,ChIJxWQfy22Pf4gRlC1jxVU1A2g,OK,118281,471570226001100
2246.969,35.0209193,-89.8996561,ChIJxWQfy22Pf4gRlC1jxVU1A2g,OK,118281,471570226001100
936.639,35.0515544,-89.92255089999999,ChIJG_UFGuOFf4gRyHNDzwp5is0,OK,54546,471570226001029
936.639,35.0515544,-89.92255089999999,ChIJG_UFGuOFf4gRyHNDzwp5is0,OK,54546,471570226001029
2368.172,35.0515568,-89.90630259999999,ChIJrU8jyZKFf4gRubg1AIyELWY,OK,140716,471570226001029
520.626,35.0515568,-89.90630259999999,ChIJrU8jyZKFf4gRubg1AIyELWY,OK,36875,471570108104011
520.626,35.0515568,-89.90630259999999,ChIJrU8jyZKFf4gRubg1AIyELWY,OK,36875,471570108104011
1491.341,35.062945,-89.90568519999999,ChIJjxj9mL-Ff4gRoOEx9OzDyxs,OK,84082,471570108104011
550.084,35.0515568,-89.90630259999999,ChIJrU8jyZKFf4gRubg1AIyELWY,OK,39124,471570106301011
550.084,35.0515568,-89.90630259999999,ChIJrU8jyZKFf4gRubg1AIyELWY,OK,39124,471570106301011
1520.799,35.062945,-89.90568519999999,ChIJjxj9mL-Ff4gRoOEx9OzDyxs,OK,86331,471570106301011
2243.308,35.0225458,-90.0257415,ChIJnc94gMRi1YcRKYztFRuX2Yw,OK,149604,471570227002000
1181.752,35.1738374,-89.98954379999999,ChIJ_S0BIGOAf4gRU3Ph4W65cOQ,OK,91253,471570007001008
1181.752,35.1738374,-89.98954379999999,ChIJ_S0BIGOAf4gRU3Ph4W65cOQ,OK,91253,471570007001008
2528.361,35.17410499999999,-89.97575479999999,ChIJmfYTGFmAf4gRHGKCaD0qCtI,OK,172039,471570007001008
868.827,35.164068,-89.8770782,ChIJpUMbExuDf4gRyW4QpPURe54,OK,85732,471570211113051
868.827,35.164068,-89.8770782,ChIJpUMbExuDf4gRyW4QpPURe54,OK,85732,471570211113051
3124.204,35.16339899999999,-89.855841,ChIJA_xfkC6Df4gRAjVZwLz1jqA,OK,212210,471570211113051
1436.089,35.164068,-89.8770782,ChIJpUMbExuDf4gRyW4QpPURe54,OK,101324,471570211113042
1661.615,35.16339899999999,-89.855841,ChIJA_xfkC6Df4gRAjVZwLz1jqA,OK,103375,471570211113042
1661.615,35.16339899999999,-89.855841,ChIJA_xfkC6Df4gRAjVZwLz1jqA,OK,103375,471570211113042
1572.469,35.1738374,-89.98954379999999,ChIJ_S0BIGOAf4gRU3Ph4W65cOQ,OK,119721,471570007001011
1572.469,35.1738374,-89.98954379999999,ChIJ_S0BIGOAf4gRU3Ph4W65cOQ,OK,119721,471570007001011
2365.371,35.1507888,-89.977317,ChIJdVWrOuqAf4gR-V7s1E3qo7g,OK,155013,471570007001011
969.675,35.16339899999999,-89.855841,ChIJA_xfkC6Df4gRAjVZwLz1jqA,OK,54185,471570211113049
969.675,35.16339899999999,-89.855841,ChIJA_xfkC6Df4gRAjVZwLz1jqA,OK,54185,471570211113049
1043.058,35.1623785,-89.8566175,ChIJXQHWWS6Df4gRqhH5EQ9H1j0,OK,63044,471570211113049
3026.459,35.1439641,-90.0517892,ChIJL-0zBZR-1YcRj7p5p1WY4-g,OK,179180,471570020002020
3026.459,35.1439641,-90.0517892,ChIJL-0zBZR-1YcRj7p5p1WY4-g,OK,179180,471570020002020
3057.149,35.1435177,-90.0539328,ChIJ8VFg1pV-1YcRR9G8p0pZx6U,OK,179459,471570020002020
1849.354,35.16339899999999,-89.855841,ChIJA_xfkC6Df4gRAjVZwLz1jqA,OK,110956,471570211224000
1849.354,35.16339899999999,-89.855841,ChIJA_xfkC6Df4gRAjVZwLz1jqA,OK,110956,471570211224000
1924.509,35.1623785,-89.8566175,ChIJXQHWWS6Df4gRqhH5EQ9H1j0,OK,119921,471570211224000
2304.207,35.1546312,-89.79260459999999,ChIJ8UeuSEecf4gRniit7ubZLtM,OK,163964,471570211352005
2304.207,35.1546312,-89.79260459999999,ChIJ8UeuSEecf4gRniit7ubZLtM,OK,163964,471570211352005
2684.095,35.14868459999999,-89.7948203,ChIJ4w9Lr2qcf4gRHdzl9FciAFM,OK,183464,471570211352005
380.651,35.167095,-89.950496,ChIJecYfJgmBf4gRJh-YY67U6V8,OK,22147,471570111001048
380.651,35.167095,-89.950496,ChIJecYfJgmBf4gRJh-YY67U6V8,OK,22147,471570111001048
2349.688,35.14981359999999,-89.94918609999999,ChIJVdGBGRaBf4gRsi89Rzqn8W4,OK,140203,471570111001048
3427.177,35.1439641,-90.0517892,ChIJL-0zBZR-1YcRj7p5p1WY4-g,OK,185721,471570020002021
3427.177,35.1439641,-90.0517892,ChIJL-0zBZR-1YcRj7p5p1WY4-g,OK,185721,471570020002021
3457.867,35.1435177,-90.0539328,ChIJ8VFg1pV-1YcRR9G8p0pZx6U,OK,186000,471570020002021
3661.714,35.1439641,-90.0517892,ChIJL-0zBZR-1YcRj7p5p1WY4-g,OK,283890,471570001003060
3661.714,35.1439641,-90.0517892,ChIJL-0zBZR-1YcRj7p5p1WY4-g,OK,283890,471570001003060
3870.63,35.1450994,-90.0538646,ChIJne6_s5V-1YcRn_LPaqiwhrk,OK,289344,471570001003060
2359.779,35.1439641,-90.0517892,ChIJL-0zBZR-1YcRj7p5p1WY4-g,OK,172598,471570020002023
2359.779,35.1439641,-90.0517892,ChIJL-0zBZR-1YcRj7p5p1WY4-g,OK,172598,471570020002023
3040.795,35.1435177,-90.0539328,ChIJ8VFg1pV-1YcRR9G8p0pZx6U,OK,177497,471570020002023
2308.116,35.1490317,-90.0140679,ChIJw3q9_xV-1YcRqrte6yBn1CI,OK,130435,471570112003004
2308.116,35.1490317,-90.0140679,ChIJw3q9_xV-1YcRqrte6yBn1CI,OK,130435,471570112003004
3030.354,35.1444038,-90.0168571,ChIJufYEjhR-1YcREff46W6Lons,OK,177788,471570112003004
260.756,35.16339899999999,-89.855841,ChIJA_xfkC6Df4gRAjVZwLz1jqA,OK,28319,471570211221004
260.756,35.16339899999999,-89.855841,ChIJA_xfkC6Df4gRAjVZwLz1jqA,OK,28319,471570211221004
334.139,35.1623785,-89.8566175,ChIJXQHWWS6Df4gRqhH5EQ9H1j0,OK,37178,471570211221004
3410.111,35.1439641,-90.0517892,ChIJL-0zBZR-1YcRj7p5p1WY4-g,OK,193228,471570020002018
3410.111,35.1439641,-90.0517892,ChIJL-0zBZR-1YcRj7p5p1WY4-g,OK,193228,471570020002018
3440.801,35.1435177,-90.0539328,ChIJ8VFg1pV-1YcRR9G8p0pZx6U,OK,193507,471570020002018
3515.511,35.1439641,-90.0517892,ChIJL-0zBZR-1YcRj7p5p1WY4-g,OK,265648,471570001003058
3515.511,35.1439641,-90.0517892,ChIJL-0zBZR-1YcRj7p5p1WY4-g,OK,265648,471570001003058
3724.427,35.1450994,-90.0538646,ChIJne6_s5V-1YcRn_LPaqiwhrk,OK,271102,471570001003058
1255.29,35.14981359999999,-89.94918609999999,ChIJVdGBGRaBf4gRsi89Rzqn8W4,OK,86666,471570029002000
1255.29,35.14981359999999,-89.94918609999999,ChIJVdGBGRaBf4gRsi89Rzqn8W4,OK,86666,471570029002000
1806.493,35.1497164,-89.95515999999999,ChIJcQb6ehiBf4gR-uA54eRPNq8,OK,121966,471570029002000
3458.614,35.1439641,-90.0517892,ChIJL-0zBZR-1YcRj7p5p1WY4-g,OK,256332,471570001003051
3458.614,35.1439641,-90.0517892,ChIJL-0zBZR-1YcRj7p5p1WY4-g,OK,256332,471570001003051
3667.53,35.1450994,-90.0538646,ChIJne6_s5V-1YcRn_LPaqiwhrk,OK,261786,471570001003051
1916.252,35.1497164,-89.95515999999999,ChIJcQb6ehiBf4gR-uA54eRPNq8,OK,136076,471570029002004
1916.252,35.1497164,-89.95515999999999,ChIJcQb6ehiBf4gR-uA54eRPNq8,OK,136076,471570029002004
2223.43,35.14981359999999,-89.94918609999999,ChIJVdGBGRaBf4gRsi89Rzqn8W4,OK,144298,471570029002004
3505.412,35.1439641,-90.0517892,ChIJL-0zBZR-1YcRj7p5p1WY4-g,OK,261946,471570001003057
3505.412,35.1439641,-90.0517892,ChIJL-0zBZR-1YcRj7p5p1WY4-g,OK,261946,471570001003057
3714.328,35.1450994,-90.0538646,ChIJne6_s5V-1YcRn_LPaqiwhrk,OK,267400,471570001003057
3571.022,35.1439641,-90.0517892,ChIJL-0zBZR-1YcRj7p5p1WY4-g,OK,269818,471570001003064
3571.022,35.1439641,-90.0517892,ChIJL-0zBZR-1YcRj7p5p1WY4-g,OK,269818,471570001003064
3779.938,35.1450994,-90.0538646,ChIJne6_s5V-1YcRn_LPaqiwhrk,OK,275272,471570001003064
1398.296,35.1507888,-89.977317,ChIJdVWrOuqAf4gR-V7s1E3qo7g,OK,102485,471570009001008
1398.296,35.1507888,-89.977317,ChIJdVWrOuqAf4gR-V7s1E3qo7g,OK,102485,471570009001008
2331.005,35.17410499999999,-89.97575479999999,ChIJmfYTGFmAf4gRHGKCaD0qCtI,OK,158439,471570009001008
606.164,35.14981359999999,-89.94918609999999,ChIJVdGBGRaBf4gRsi89Rzqn8W4,OK,36367,471570029002002
606.164,35.14981359999999,-89.94918609999999,ChIJVdGBGRaBf4gRsi89Rzqn8W4,OK,36367,471570029002002
441.278,35.108097,-89.941227,ChIJwxJT-r6Gf4gRhLDuFpyb128,OK,52951,471570074001010
441.278,35.108097,-89.941227,ChIJwxJT-r6Gf4gRhLDuFpyb128,OK,52951,471570074001010
987.838,35.1161637,-89.9446263,ChIJ-ZiED8iGf4gR32IlfgDBKWY,OK,85590,471570074001010
744.334,35.1161637,-89.9446263,ChIJ-ZiED8iGf4gR32IlfgDBKWY,OK,63098,471570074001007
744.334,35.1161637,-89.9446263,ChIJ-ZiED8iGf4gR32IlfgDBKWY,OK,63098,471570074001007
1166.886,35.108097,-89.941227,ChIJwxJT-r6Gf4gRhLDuFpyb128,OK,84630,471570074001007
974.906,35.1161637,-89.9446263,ChIJ-ZiED8iGf4gR32IlfgDBKWY,OK,83363,471570070001011
974.906,35.1161637,-89.9446263,ChIJ-ZiED8iGf4gR32IlfgDBKWY,OK,83363,471570070001011
1150.716,35.108097,-89.941227,ChIJwxJT-r6Gf4gRhLDuFpyb128,OK,90093,471570070001011
262.383,35.1161637,-89.9446263,ChIJ-ZiED8iGf4gR32IlfgDBKWY,OK,24325,471570073003017
262.383,35.1161637,-89.9446263,ChIJ-ZiED8iGf4gR32IlfgDBKWY,OK,24325,471570073003017
1673.246,35.108097,-89.941227,ChIJwxJT-r6Gf4gRhLDuFpyb128,OK,102638,471570073003017
313.675,35.1161637,-89.9446263,ChIJ-ZiED8iGf4gR32IlfgDBKWY,OK,24889,471570073003016
313.675,35.1161637,-89.9446263,ChIJ-ZiED8iGf4gR32IlfgDBKWY,OK,24889,471570073003016
1395.619,35.108097,-89.941227,ChIJwxJT-r6Gf4gRhLDuFpyb128,OK,85981,471570073003016
465.091,35.1161637,-89.9446263,ChIJ-ZiED8iGf4gR32IlfgDBKWY,OK,46934,471570074001001
465.091,35.1161637,-89.9446263,ChIJ-ZiED8iGf4gR32IlfgDBKWY,OK,46934,471570074001001
1465.777,35.108097,-89.941227,ChIJwxJT-r6Gf4gRhLDuFpyb128,OK,103152,471570074001001
645.233,35.1161637,-89.9446263,ChIJ-ZiED8iGf4gR32IlfgDBKWY,OK,67286,471570074001002
645.233,35.1161637,-89.9446263,ChIJ-ZiED8iGf4gR32IlfgDBKWY,OK,67286,471570074001002
1559.807,35.108097,-89.941227,ChIJwxJT-r6Gf4gRhLDuFpyb128,OK,125181,471570074001002
831.978,35.108097,-89.941227,ChIJwxJT-r6Gf4gRhLDuFpyb128,OK,66204,471570070001010
831.978,35.108097,-89.941227,ChIJwxJT-r6Gf4gRhLDuFpyb128,OK,66204,471570070001010
894.941,35.1161637,-89.9446263,ChIJ-ZiED8iGf4gR32IlfgDBKWY,OK,73768,471570070001010
612.415,35.108097,-89.941227,ChIJwxJT-r6Gf4gRhLDuFpyb128,OK,73487,471570074001011
612.415,35.108097,-89.941227,ChIJwxJT-r6Gf4gRhLDuFpyb128,OK,73487,471570074001011
927.031,35.1161637,-89.9446263,ChIJ-ZiED8iGf4gR32IlfgDBKWY,OK,74943,471570074001011
290.097,35.108097,-89.941227,ChIJwxJT-r6Gf4gRhLDuFpyb128,OK,34811,471570074001013
290.097,35.108097,-89.941227,ChIJwxJT-r6Gf4gRhLDuFpyb128,OK,34811,471570074001013
1067.484,35.1079763,-89.9333841,ChIJqZoM4qKGf4gREaZMyPG1GBQ,OK,83701,471570074001013
1628.928,35.108097,-89.941227,ChIJwxJT-r6Gf4gRhLDuFpyb128,OK,108892,471570079002000
1628.928,35.108097,-89.941227,ChIJwxJT-r6Gf4gRhLDuFpyb128,OK,108892,471570079002000
2232.631,35.1161637,-89.9446263,ChIJ-ZiED8iGf4gR32IlfgDBKWY,OK,148928,471570079002000
1418.041,35.108097,-89.941227,ChIJwxJT-r6Gf4gRhLDuFpyb128,OK,102175,471570079001004
1418.041,35.108097,-89.941227,ChIJwxJT-r6Gf4gRhLDuFpyb128,OK,102175,471570079001004
2021.744,35.1161637,-89.9446263,ChIJ-ZiED8iGf4gR32IlfgDBKWY,OK,142211,471570079001004
1237.611,35.108097,-89.941227,ChIJwxJT-r6Gf4gRhLDuFpyb128,OK,80524,471570079001002
1237.611,35.108097,-89.941227,ChIJwxJT-r6Gf4gRhLDuFpyb128,OK,80524,471570079001002
1939.993,35.1079763,-89.9333841,ChIJqZoM4qKGf4gREaZMyPG1GBQ,OK,120414,471570079001002
358.38,35.148225,-89.89748700000001,ChIJC8t095eDf4gRGuXK3FleZyg,OK,27992,471570092002015
358.38,35.148225,-89.89748700000001,ChIJC8t095eDf4gRGuXK3FleZyg,OK,27992,471570092002015
438.926,35.1489345,-89.89838259999999,ChIJaTBvX72Df4gRiyFT0LQMnrQ,OK,32824,471570092002015
1570.42,35.148225,-89.89748700000001,ChIJC8t095eDf4gRGuXK3FleZyg,OK,96015,471570092001016
1570.42,35.148225,-89.89748700000001,ChIJC8t095eDf4gRGuXK3FleZyg,OK,96015,471570092001016
1650.965,35.1489345,-89.89838259999999,ChIJaTBvX72Df4gRiyFT0LQMnrQ,OK,100847,471570092001016
844.297,35.148225,-89.89748700000001,ChIJC8t095eDf4gRGuXK3FleZyg,OK,52955,471570092002016
844.297,35.148225,-89.89748700000001,ChIJC8t095eDf4gRGuXK3FleZyg,OK,52955,471570092002016
924.843,35.1489345,-89.89838259999999,ChIJaTBvX72Df4gRiyFT0LQMnrQ,OK,57787,471570092002016
942.236,35.148225,-89.89748700000001,ChIJC8t095eDf4gRGuXK3FleZyg,OK,68063,471570092001004
942.236,35.148225,-89.89748700000001,ChIJC8t095eDf4gRGuXK3FleZyg,OK,68063,471570092001004
1022.782,35.1489345,-89.89838259999999,ChIJaTBvX72Df4gRiyFT0LQMnrQ,OK,72895,471570092001004
380.413,35.148225,-89.89748700000001,ChIJC8t095eDf4gRGuXK3FleZyg,OK,30635,471570092002013
380.413,35.148225,-89.89748700000001,ChIJC8t095eDf4gRGuXK3FleZyg,OK,30635,471570092002013
460.959,35.1489345,-89.89838259999999,ChIJaTBvX72Df4gRiyFT0LQMnrQ,OK,35467,471570092002013
602.685,35.148225,-89.89748700000001,ChIJC8t095eDf4gRGuXK3FleZyg,OK,57307,471570092002014
602.685,35.148225,-89.89748700000001,ChIJC8t095eDf4gRGuXK3FleZyg,OK,57307,471570092002014
683.23,35.1489345,-89.89838259999999,ChIJaTBvX72Df4gRiyFT0LQMnrQ,OK,62139,471570092002014
1421.794,35.148225,-89.89748700000001,ChIJC8t095eDf4gRGuXK3FleZyg,OK,112797,471570092001009
1421.794,35.148225,-89.89748700000001,ChIJC8t095eDf4gRGuXK3FleZyg,OK,112797,471570092001009
1502.34,35.1489345,-89.89838259999999,ChIJaTBvX72Df4gRiyFT0LQMnrQ,OK,117629,471570092001009
1378.228,35.148225,-89.89748700000001,ChIJC8t095eDf4gRGuXK3FleZyg,OK,103957,471570092001005
1378.228,35.148225,-89.89748700000001,ChIJC8t095eDf4gRGuXK3FleZyg,OK,103957,471570092001005
1458.774,35.1489345,-89.89838259999999,ChIJaTBvX72Df4gRiyFT0LQMnrQ,OK,108789,471570092001005
1402.457,35.148225,-89.89748700000001,ChIJC8t095eDf4gRGuXK3FleZyg,OK,97602,471570092001008
1402.457,35.148225,-89.89748700000001,ChIJC8t095eDf4gRGuXK3FleZyg,OK,97602,471570092001008
1483.002,35.1489345,-89.89838259999999,ChIJaTBvX72Df4gRiyFT0LQMnrQ,OK,102434,471570092001008
2852.932,35.148225,-89.89748700000001,ChIJC8t095eDf4gRGuXK3FleZyg,OK,188888,471570092004024
2852.932,35.148225,-89.89748700000001,ChIJC8t095eDf4gRGuXK3FleZyg,OK,188888,471570092004024
2859.088,35.093591,-90.056624,ChIJgyVl92d81YcRhuRHHckl8Y4,OK,208205,471570056003025
2859.088,35.093591,-90.056624,ChIJgyVl92d81YcRhuRHHckl8Y4,OK,208205,471570056003025
3038.925,35.095133,-90.05542799999999,ChIJATnUo0J81YcRpbAuNwXeqRw,OK,218165,471570056003025
4177.531,35.06128,-90.05978399999999,ChIJm06f8ZV81YcRTjzAsJPcBKY,OK,208994,471570078221041
4177.531,35.06128,-90.05978399999999,ChIJm06f8ZV81YcRTjzAsJPcBKY,OK,208994,471570078221041
4177.352,35.061362,-90.05986399999999,ChIJL_Gh8ZV81YcRDlMHRKqR_IA,OK,211860,471570078221041
1147.318,35.1157645,-90.022279,ChIJwZqBNMN91YcRRpdDvj5Pcr8,OK,78857,471570116002038
1147.318,35.1157645,-90.022279,ChIJwZqBNMN91YcRRpdDvj5Pcr8,OK,78857,471570116002038
1988.888,35.1087458,-90.0211918,ChIJe6w2EsF91YcRquzVZc8M0-I,OK,127474,471570116002038
5511.495,35.093591,-90.056624,ChIJgyVl92d81YcRhuRHHckl8Y4,OK,303439,471570078221008
5511.495,35.093591,-90.056624,ChIJgyVl92d81YcRhuRHHckl8Y4,OK,303439,471570078221008
5691.331,35.095133,-90.05542799999999,ChIJATnUo0J81YcRpbAuNwXeqRw,OK,313399,471570078221008
846.711,35.1157645,-90.022279,ChIJwZqBNMN91YcRRpdDvj5Pcr8,OK,68098,471570115002015
846.711,35.1157645,-90.022279,ChIJwZqBNMN91YcRRpdDvj5Pcr8,OK,68098,471570115002015
1688.28,35.1087458,-90.0211918,ChIJe6w2EsF91YcRquzVZc8M0-I,OK,116715,471570115002015
824.322,35.1157645,-90.022279,ChIJwZqBNMN91YcRRpdDvj5Pcr8,OK,65411,471570115002016
824.322,35.1157645,-90.022279,ChIJwZqBNMN91YcRRpdDvj5Pcr8,OK,65411,471570115002016
1665.892,35.1087458,-90.0211918,ChIJe6w2EsF91YcRquzVZc8M0-I,OK,114028,471570115002016
1036.096,35.1157645,-90.022279,ChIJwZqBNMN91YcRRpdDvj5Pcr8,OK,80577,471570059001000
1036.096,35.1157645,-90.022279,ChIJwZqBNMN91YcRRpdDvj5Pcr8,OK,80577,471570059001000
1511.044,35.1087458,-90.0211918,ChIJe6w2EsF91YcRquzVZc8M0-I,OK,121822,471570059001000
1073.337,35.1157645,-90.022279,ChIJwZqBNMN91YcRRpdDvj5Pcr8,OK,91046,471570059001010
1073.337,35.1157645,-90.022279,ChIJwZqBNMN91YcRRpdDvj5Pcr8,OK,91046,471570059001010
1419.325,35.1087458,-90.0211918,ChIJe6w2EsF91YcRquzVZc8M0-I,OK,116817,471570059001010
784.895,35.1157645,-90.022279,ChIJwZqBNMN91YcRRpdDvj5Pcr8,OK,58601,471570115003009
784.895,35.1157645,-90.022279,ChIJwZqBNMN91YcRRpdDvj5Pcr8,OK,58601,471570115003009
1309.993,35.1087458,-90.0211918,ChIJe6w2EsF91YcRquzVZc8M0-I,OK,100996,471570115003009
912.713,35.1157645,-90.022279,ChIJwZqBNMN91YcRRpdDvj5Pcr8,OK,65771,471570115003010
912.713,35.1157645,-90.022279,ChIJwZqBNMN91YcRRpdDvj5Pcr8,OK,65771,471570115003010
1379.908,35.1087458,-90.0211918,ChIJe6w2EsF91YcRquzVZc8M0-I,OK,106086,471570115003010
4272.734,35.1157645,-90.022279,ChIJwZqBNMN91YcRRpdDvj5Pcr8,OK,216263,471570115004009
4272.734,35.1157645,-90.022279,ChIJwZqBNMN91YcRRpdDvj5Pcr8,OK,216263,471570115004009
4993.854,35.1087458,-90.0211918,ChIJe6w2EsF91YcRquzVZc8M0-I,OK,257653,471570115004009
947.548,35.1060329,-90.039159,ChIJ231bcjV81YcRQ1quDeYAd6M,OK,65215,471570059001016
947.548,35.1060329,-90.039159,ChIJ231bcjV81YcRQ1quDeYAd6M,OK,65215,471570059001016
1280.07,35.1087458,-90.0211918,ChIJe6w2EsF91YcRquzVZc8M0-I,OK,74960,471570059001016
1012.225,35.1087458,-90.0211918,ChIJe6w2EsF91YcRquzVZc8M0-I,OK,58536,471570115004025
1012.225,35.1087458,-90.0211918,ChIJe6w2EsF91YcRquzVZc8M0-I,OK,58536,471570115004025
1012.866,35.10874099999999,-90.021185,ChIJrVbiDcF91YcRG9TBOTpHc3I,OK,58613,471570115004025
1133.328,35.1087458,-90.0211918,ChIJe6w2EsF91YcRquzVZc8M0-I,OK,63140,471570115004024
1133.328,35.1087458,-90.0211918,ChIJe6w2EsF91YcRquzVZc8M0-I,OK,63140,471570115004024
1133.969,35.10874099999999,-90.021185,ChIJrVbiDcF91YcRG9TBOTpHc3I,OK,63217,471570115004024
1154.071,35.1087458,-90.0211918,ChIJe6w2EsF91YcRquzVZc8M0-I,OK,62821,471570115003008
1154.071,35.1087458,-90.0211918,ChIJe6w2EsF91YcRquzVZc8M0-I,OK,62821,471570115003008
1154.712,35.10874099999999,-90.021185,ChIJrVbiDcF91YcRG9TBOTpHc3I,OK,62898,471570115003008
668.672,35.1157645,-90.022279,ChIJwZqBNMN91YcRRpdDvj5Pcr8,OK,57120,471570115002007
668.672,35.1157645,-90.022279,ChIJwZqBNMN91YcRRpdDvj5Pcr8,OK,57120,471570115002007
1389.792,35.1087458,-90.0211918,ChIJe6w2EsF91YcRquzVZc8M0-I,OK,98510,471570115002007
783.156,35.1157645,-90.022279,ChIJwZqBNMN91YcRRpdDvj5Pcr8,OK,56546,471570115002004
783.156,35.1157645,-90.022279,ChIJwZqBNMN91YcRRpdDvj5Pcr8,OK,56546,471570115002004
1504.276,35.1087458,-90.0211918,ChIJe6w2EsF91YcRquzVZc8M0-I,OK,97936,471570115002004
477.183,35.1157645,-90.022279,ChIJwZqBNMN91YcRRpdDvj5Pcr8,OK,34142,471570115002008
477.183,35.1157645,-90.022279,ChIJwZqBNMN91YcRRpdDvj5Pcr8,OK,34142,471570115002008
1198.303,35.1087458,-90.0211918,ChIJe6w2EsF91YcRquzVZc8M0-I,OK,75532,471570115002008
812.675,35.1157645,-90.022279,ChIJwZqBNMN91YcRRpdDvj5Pcr8,OK,69129,471570115003013
812.675,35.1157645,-90.022279,ChIJwZqBNMN91YcRRpdDvj5Pcr8,OK,69129,471570115003013
1176.583,35.1087458,-90.0211918,ChIJe6w2EsF91YcRquzVZc8M0-I,OK,93785,471570115003013
939.905,35.1157645,-90.022279,ChIJwZqBNMN91YcRRpdDvj5Pcr8,OK,65524,471570115002006
939.905,35.1157645,-90.022279,ChIJwZqBNMN91YcRRpdDvj5Pcr8,OK,65524,471570115002006
1661.025,35.1087458,-90.0211918,ChIJe6w2EsF91YcRquzVZc8M0-I,OK,106914,471570115002006
532.958,35.1157645,-90.022279,ChIJwZqBNMN91YcRRpdDvj5Pcr8,OK,30793,471570115002003
532.958,35.1157645,-90.022279,ChIJwZqBNMN91YcRRpdDvj5Pcr8,OK,30793,471570115002003
1254.078,35.1087458,-90.0211918,ChIJe6w2EsF91YcRquzVZc8M0-I,OK,72183,471570115002003
233.17,35.1157645,-90.022279,ChIJwZqBNMN91YcRRpdDvj5Pcr8,OK,13191,471570115001004
233.17,35.1157645,-90.022279,ChIJwZqBNMN91YcRRpdDvj5Pcr8,OK,13191,471570115001004
954.29,35.1087458,-90.0211918,ChIJe6w2EsF91YcRquzVZc8M0-I,OK,54581,471570115001004
350.796,35.1157645,-90.022279,ChIJwZqBNMN91YcRRpdDvj5Pcr8,OK,32143,471570115001003
350.796,35.1157645,-90.022279,ChIJwZqBNMN91YcRRpdDvj5Pcr8,OK,32143,471570115001003
1071.916,35.1087458,-90.0211918,ChIJe6w2EsF91YcRquzVZc8M0-I,OK,73533,471570115001003
2819.057,35.14868459999999,-89.7948203,ChIJ4w9Lr2qcf4gRHdzl9FciAFM,OK,177629,471579804001053
2819.057,35.14868459999999,-89.7948203,ChIJ4w9Lr2qcf4gRHdzl9FciAFM,OK,177629,471579804001053
3585.219,35.1546312,-89.79260459999999,ChIJ8UeuSEecf4gRniit7ubZLtM,OK,198328,471579804001053
1410.207,35.125222,-90.048147,ChIJ9cKdtid81YcRKs9h6RjzQzw,OK,92985,471570045001027
1410.207,35.125222,-90.048147,ChIJ9cKdtid81YcRKs9h6RjzQzw,OK,92985,471570045001027
1412.021,35.1251709,-90.0481695,ChIJybIJtCd81YcR9Otxws-5qCM,OK,93085,471570045001027
1284.97,35.1161637,-89.9446263,ChIJ-ZiED8iGf4gR32IlfgDBKWY,OK,87824,471570073001010
1284.97,35.1161637,-89.9446263,ChIJ-ZiED8iGf4gR32IlfgDBKWY,OK,87824,471570073001010
2581.481,35.108097,-89.941227,ChIJwxJT-r6Gf4gRhLDuFpyb128,OK,161790,471570073001010
6164.309,35.1153996,-89.89414069999999,ChIJCb4NOWWEf4gR79YlPQoocW4,OK,390001,471570213111017
6871.614,35.16339899999999,-89.855841,ChIJA_xfkC6Df4gRAjVZwLz1jqA,OK,430188,471570213111017
6871.614,35.16339899999999,-89.855841,ChIJA_xfkC6Df4gRAjVZwLz1jqA,OK,430188,471570213111017
703.235,35.12545849999999,-89.97454169999999,ChIJoyT3HjOHf4gRS6EdHckmff8,OK,42190,471570066002005
703.235,35.12545849999999,-89.97454169999999,ChIJoyT3HjOHf4gRS6EdHckmff8,OK,42190,471570066002005
1234.196,35.13418100000001,-89.98599,ChIJnf1_yraAf4gR9pQmD7CXhgg,OK,70234,471570066002005
5965.655,35.14868459999999,-89.7948203,ChIJ4w9Lr2qcf4gRHdzl9FciAFM,OK,363722,471570211391030
5965.655,35.14868459999999,-89.7948203,ChIJ4w9Lr2qcf4gRHdzl9FciAFM,OK,363722,471570211391030
6731.818,35.1546312,-89.79260459999999,ChIJ8UeuSEecf4gRniit7ubZLtM,OK,384421,471570211391030
1403.464,35.1161637,-89.9446263,ChIJ-ZiED8iGf4gR32IlfgDBKWY,OK,102043,471570073001009
1403.464,35.1161637,-89.9446263,ChIJ-ZiED8iGf4gR32IlfgDBKWY,OK,102043,471570073001009
2699.976,35.108097,-89.941227,ChIJwxJT-r6Gf4gRhLDuFpyb128,OK,176009,471570073001009
4658.23,35.1153996,-89.89414069999999,ChIJCb4NOWWEf4gR79YlPQoocW4,OK,363440,471570213111018
4658.23,35.1153996,-89.89414069999999,ChIJCb4NOWWEf4gR79YlPQoocW4,OK,363440,471570213111018
8897.837,35.16339899999999,-89.855841,ChIJA_xfkC6Df4gRAjVZwLz1jqA,OK,486218,471570213111018
1219.693,35.1161637,-89.9446263,ChIJ-ZiED8iGf4gR32IlfgDBKWY,OK,90617,471570072002002
1219.693,35.1161637,-89.9446263,ChIJ-ZiED8iGf4gR32IlfgDBKWY,OK,90617,471570072002002
2516.204,35.108097,-89.941227,ChIJwxJT-r6Gf4gRhLDuFpyb128,OK,164583,471570072002002
1251.958,35.125222,-90.048147,ChIJ9cKdtid81YcRKs9h6RjzQzw,OK,87107,471570045001012
1251.958,35.125222,-90.048147,ChIJ9cKdtid81YcRKs9h6RjzQzw,OK,87107,471570045001012
1253.772,35.1251709,-90.0481695,ChIJybIJtCd81YcR9Otxws-5qCM,OK,87207,471570045001012
369.057,35.125222,-90.048147,ChIJ9cKdtid81YcRKs9h6RjzQzw,OK,19411,471570116001002
369.057,35.125222,-90.048147,ChIJ9cKdtid81YcRKs9h6RjzQzw,OK,19411,471570116001002
370.871,35.1251709,-90.0481695,ChIJybIJtCd81YcR9Otxws-5qCM,OK,19511,471570116001002
1055.92,35.12545849999999,-89.97454169999999,ChIJoyT3HjOHf4gRS6EdHckmff8,OK,63236,471570066002006
1055.92,35.12545849999999,-89.97454169999999,ChIJoyT3HjOHf4gRS6EdHckmff8,OK,63236,471570066002006
1211.596,35.13418100000001,-89.98599,ChIJnf1_yraAf4gR9pQmD7CXhgg,OK,68765,471570066002006
6204.386,35.1153996,-89.89414069999999,ChIJCb4NOWWEf4gR79YlPQoocW4,OK,390598,471570213111046
6911.691,35.16339899999999,-89.855841,ChIJA_xfkC6Df4gRAjVZwLz1jqA,OK,430785,471570213111046
6911.691,35.16339899999999,-89.855841,ChIJA_xfkC6Df4gRAjVZwLz1jqA,OK,430785,471570213111046
4435.308,35.1153996,-89.89414069999999,ChIJCb4NOWWEf4gR79YlPQoocW4,OK,336690,471570213111011
4435.308,35.1153996,-89.89414069999999,ChIJCb4NOWWEf4gR79YlPQoocW4,OK,336690,471570213111011
8674.915,35.16339899999999,-89.855841,ChIJA_xfkC6Df4gRAjVZwLz1jqA,OK,459468,471570213111011
5920.132,35.14868459999999,-89.7948203,ChIJ4w9Lr2qcf4gRHdzl9FciAFM,OK,355343,471570211392012
5920.132,35.14868459999999,-89.7948203,ChIJ4w9Lr2qcf4gRHdzl9FciAFM,OK,355343,471570211392012
6686.294,35.1546312,-89.79260459999999,ChIJ8UeuSEecf4gRniit7ubZLtM,OK,376042,471570211392012
1848.028,35.1161637,-89.9446263,ChIJ-ZiED8iGf4gR32IlfgDBKWY,OK,127653,471570073001008
1848.028,35.1161637,-89.9446263,ChIJ-ZiED8iGf4gR32IlfgDBKWY,OK,127653,471570073001008
3144.54,35.108097,-89.941227,ChIJwxJT-r6Gf4gRhLDuFpyb128,OK,201619,471570073001008
2498.503,35.1251709,-90.0481695,ChIJybIJtCd81YcR9Otxws-5qCM,OK,147055,471570043001018
2498.503,35.1251709,-90.0481695,ChIJybIJtCd81YcR9Otxws-5qCM,OK,147055,471570043001018
2500.318,35.125222,-90.048147,ChIJ9cKdtid81YcRKs9h6RjzQzw,OK,147156,471570043001018
1432.642,35.1157645,-90.022279,ChIJwZqBNMN91YcRRpdDvj5Pcr8,OK,94119,471570046001040
2153.762,35.1087458,-90.0211918,ChIJe6w2EsF91YcRquzVZc8M0-I,OK,135509,471570046001040
2153.762,35.1087458,-90.0211918,ChIJe6w2EsF91YcRquzVZc8M0-I,OK,135509,471570046001040
6440.644,35.1153996,-89.89414069999999,ChIJCb4NOWWEf4gR79YlPQoocW4,OK,432864,471570213111019
7147.949,35.16339899999999,-89.855841,ChIJA_xfkC6Df4gRAjVZwLz1jqA,OK,473051,471570213111019
7147.949,35.16339899999999,-89.855841,ChIJA_xfkC6Df4gRAjVZwLz1jqA,OK,473051,471570213111019
6269.423,35.1153996,-89.89414069999999,ChIJCb4NOWWEf4gR79YlPQoocW4,OK,402613,471570213111042
6976.728,35.16339899999999,-89.855841,ChIJA_xfkC6Df4gRAjVZwLz1jqA,OK,442800,471570213111042
6976.728,35.16339899999999,-89.855841,ChIJA_xfkC6Df4gRAjVZwLz1jqA,OK,442800,471570213111042
1831.097,35.1251709,-90.0481695,ChIJybIJtCd81YcR9Otxws-5qCM,OK,98530,471570043001078
1831.097,35.1251709,-90.0481695,ChIJybIJtCd81YcR9Otxws-5qCM,OK,98530,471570043001078
1832.911,35.125222,-90.048147,ChIJ9cKdtid81YcRKs9h6RjzQzw,OK,98631,471570043001078
1581.223,35.1251709,-90.0481695,ChIJybIJtCd81YcR9Otxws-5qCM,OK,87567,471570043001069
1581.223,35.1251709,-90.0481695,ChIJybIJtCd81YcR9Otxws-5qCM,OK,87567,471570043001069
1583.037,35.125222,-90.048147,ChIJ9cKdtid81YcRKs9h6RjzQzw,OK,87668,471570043001069
1461.346,35.1251709,-90.0481695,ChIJybIJtCd81YcR9Otxws-5qCM,OK,86741,471570043001066
3909.381,35.2051043,-89.79754849999999,ChIJpRDMlY2df4gRQqHmUo_lzmc,OK,184059,471570211125005
3909.381,35.2051043,-89.79754849999999,ChIJpRDMlY2df4gRQqHmUo_lzmc,OK,184059,471570211125005
4201.379,35.2071893,-89.79833029999999,ChIJQ0zWJIydf4gRstwjg5hObuM,OK,244572,471570211125005
450.7,35.0490562,-89.84441600000001,ChIJCUulJK6af4gR7vOP_qSrYdM,OK,39876,471570217321014
450.7,35.0490562,-89.84441600000001,ChIJCUulJK6af4gR7vOP_qSrYdM,OK,39876,471570217321014
754.323,35.049031,-89.841437,ChIJt6vl46-af4gRvoN8Yvkmx9A,OK,55166,471570217321014
2482.858,35.2044739,-89.76342459999999,ChIJ3XsJxyKef4gRTeWb3lonWsU,OK,199301,471570211421045
4173.273,35.2074362,-89.7805166,ChIJ62ATRfudf4gRPIrPAXGVsiQ,OK,330787,471570211421045
4173.273,35.2074362,-89.7805166,ChIJ62ATRfudf4gRPIrPAXGVsiQ,OK,330787,471570211421045
3389.919,35.1546312,-89.79260459999999,ChIJ8UeuSEecf4gRniit7ubZLtM,OK,204371,471570211213015
3389.919,35.1546312,-89.79260459999999,ChIJ8UeuSEecf4gRniit7ubZLtM,OK,204371,471570211213015
3560.391,35.2051043,-89.79754849999999,ChIJpRDMlY2df4gRQqHmUo_lzmc,OK,222309,471570211213015
2345.897,35.2045576,-89.81176689999999,ChIJ8ROix4Kdf4gR4Su-1OwAUMo,OK,156244,471570211122005
2345.897,35.2045576,-89.81176689999999,ChIJ8ROix4Kdf4gR4Su-1OwAUMo,OK,156244,471570211122005
2952.158,35.19067459999999,-89.8489943,ChIJ364PGjWdf4gRKbsrGLq8_XQ,OK,176754,471570211122005
3858.996,35.2044739,-89.76342459999999,ChIJ3XsJxyKef4gRTeWb3lonWsU,OK,296228,471570211412011
3858.996,35.2044739,-89.76342459999999,ChIJ3XsJxyKef4gRTeWb3lonWsU,OK,296228,471570211412011
5505.441,35.2072684,-89.7827147,ChIJKdJ2xvqdf4gRKLRUePlbOOs,OK,407823,471570211412011
3657.447,35.2044739,-89.76342459999999,ChIJ3XsJxyKef4gRTeWb3lonWsU,OK,262303,471570211422024
5237.422,35.2072684,-89.7827147,ChIJKdJ2xvqdf4gRKLRUePlbOOs,OK,346206,471570211422024
5237.422,35.2072684,-89.7827147,ChIJKdJ2xvqdf4gRKLRUePlbOOs,OK,346206,471570211422024
4293.371,35.2051043,-89.79754849999999,ChIJpRDMlY2df4gRQqHmUo_lzmc,OK,266940,471570211422021
4758.341,35.2072684,-89.7827147,ChIJKdJ2xvqdf4gRKLRUePlbOOs,OK,324362,471570211422021
4758.341,35.2072684,-89.7827147,ChIJKdJ2xvqdf4gRKLRUePlbOOs,OK,324362,471570211422021
3392.774,35.1546312,-89.79260459999999,ChIJ8UeuSEecf4gRniit7ubZLtM,OK,241044,471570211361013
3392.774,35.1546312,-89.79260459999999,ChIJ8UeuSEecf4gRniit7ubZLtM,OK,241044,471570211361013
4340.236,35.14868459999999,-89.7948203,ChIJ4w9Lr2qcf4gRHdzl9FciAFM,OK,294596,471570211361013
115.272,35.2044739,-89.76342459999999,ChIJ3XsJxyKef4gRTeWb3lonWsU,OK,7294,471570211421000
115.272,35.2044739,-89.76342459999999,ChIJ3XsJxyKef4gRTeWb3lonWsU,OK,7294,471570211421000
1805.687,35.2074362,-89.7805166,ChIJ62ATRfudf4gRPIrPAXGVsiQ,OK,138780,471570211421000
2492.079,35.093591,-90.056624,ChIJgyVl92d81YcRhuRHHckl8Y4,OK,164168,471570056003037
2492.079,35.093591,-90.056624,ChIJgyVl92d81YcRhuRHHckl8Y4,OK,164168,471570056003037
2671.916,35.095133,-90.05542799999999,ChIJATnUo0J81YcRpbAuNwXeqRw,OK,174128,471570056003037
2230.778,35.0220022,-89.82947999999999,ChIJxT9DeWuQf4gRf6HLF5uJHd0,OK,140909,471570217541000
2230.778,35.0220022,-89.82947999999999,ChIJxT9DeWuQf4gRf6HLF5uJHd0,OK,140909,471570217541000
2320.154,35.0078094,-89.83044679999999,ChIJpwHMo0eQf4gRIqmNFjWLuW4,OK,156934,471570217541000
3234.454,35.2051043,-89.79754849999999,ChIJpRDMlY2df4gRQqHmUo_lzmc,OK,178052,471570211422018
3234.454,35.2051043,-89.79754849999999,ChIJpRDMlY2df4gRQqHmUo_lzmc,OK,178052,471570211422018
3699.424,35.2072684,-89.7827147,ChIJKdJ2xvqdf4gRKLRUePlbOOs,OK,235474,471570211422018
4017.179,35.2051043,-89.79754849999999,ChIJpRDMlY2df4gRQqHmUo_lzmc,OK,252933,471570211351005
4353.505,35.1546312,-89.79260459999999,ChIJ8UeuSEecf4gRniit7ubZLtM,OK,268026,471570211351005
4353.505,35.1546312,-89.79260459999999,ChIJ8UeuSEecf4gRniit7ubZLtM,OK,268026,471570211351005
2990.53,35.1546312,-89.79260459999999,ChIJ8UeuSEecf4gRniit7ubZLtM,OK,215159,471570211353006
2990.53,35.1546312,-89.79260459999999,ChIJ8UeuSEecf4gRniit7ubZLtM,OK,215159,471570211353006
3937.991,35.14868459999999,-89.7948203,ChIJ4w9Lr2qcf4gRHdzl9FciAFM,OK,268711,471570211353006
2776.34,35.1546312,-89.79260459999999,ChIJ8UeuSEecf4gRniit7ubZLtM,OK,186710,471570211352007
2776.34,35.1546312,-89.79260459999999,ChIJ8UeuSEecf4gRniit7ubZLtM,OK,186710,471570211352007
3156.228,35.14868459999999,-89.7948203,ChIJ4w9Lr2qcf4gRHdzl9FciAFM,OK,206210,471570211352007
3962.945,35.14868459999999,-89.7948203,ChIJ4w9Lr2qcf4gRHdzl9FciAFM,OK,251286,471570211401028
3962.945,35.14868459999999,-89.7948203,ChIJ4w9Lr2qcf4gRHdzl9FciAFM,OK,251286,471570211401028
4729.107,35.1546312,-89.79260459999999,ChIJ8UeuSEecf4gRniit7ubZLtM,OK,271985,471570211401028
4714.852,35.14868459999999,-89.7948203,ChIJ4w9Lr2qcf4gRHdzl9FciAFM,OK,279789,471570211392005
4714.852,35.14868459999999,-89.7948203,ChIJ4w9Lr2qcf4gRHdzl9FciAFM,OK,279789,471570211392005
5481.015,35.1546312,-89.79260459999999,ChIJ8UeuSEecf4gRniit7ubZLtM,OK,300488,471570211392005
6227.078,35.14868459999999,-89.7948203,ChIJ4w9Lr2qcf4gRHdzl9FciAFM,OK,376614,471570211392014
6227.078,35.14868459999999,-89.7948203,ChIJ4w9Lr2qcf4gRHdzl9FciAFM,OK,376614,471570211392014
6993.24,35.1546312,-89.79260459999999,ChIJ8UeuSEecf4gRniit7ubZLtM,OK,397313,471570211392014
6110.07,35.14868459999999,-89.7948203,ChIJ4w9Lr2qcf4gRHdzl9FciAFM,OK,369017,471570211392001
6110.07,35.14868459999999,-89.7948203,ChIJ4w9Lr2qcf4gRHdzl9FciAFM,OK,369017,471570211392001
6876.232,35.1546312,-89.79260459999999,ChIJ8UeuSEecf4gRniit7ubZLtM,OK,389716,471570211392001
6479.648,35.14868459999999,-89.7948203,ChIJ4w9Lr2qcf4gRHdzl9FciAFM,OK,395724,471570211391027
6479.648,35.14868459999999,-89.7948203,ChIJ4w9Lr2qcf4gRHdzl9FciAFM,OK,395724,471570211391027
7245.81,35.1546312,-89.79260459999999,ChIJ8UeuSEecf4gRniit7ubZLtM,OK,416423,471570211391027
2198.083,35.1738374,-89.98954379999999,ChIJ_S0BIGOAf4gRU3Ph4W65cOQ,OK,183177,471570006001002
2198.083,35.1738374,-89.98954379999999,ChIJ_S0BIGOAf4gRU3Ph4W65cOQ,OK,183177,471570006001002
3544.692,35.17410499999999,-89.97575479999999,ChIJmfYTGFmAf4gRHGKCaD0qCtI,OK,263963,471570006001002
2269.876,35.095133,-90.05542799999999,ChIJATnUo0J81YcRpbAuNwXeqRw,OK,175409,471570053002009
2431.279,35.098685,-90.05664899999999,ChIJ31qwBkJ81YcRk2V5pdmdhrM,OK,184348,471570053002009
2431.279,35.098685,-90.05664899999999,ChIJ31qwBkJ81YcRk2V5pdmdhrM,OK,184348,471570053002009
2430.662,35.095133,-90.05542799999999,ChIJATnUo0J81YcRpbAuNwXeqRw,OK,206947,471570053002021
2592.065,35.098685,-90.05664899999999,ChIJ31qwBkJ81YcRk2V5pdmdhrM,OK,215886,471570053002021
2592.065,35.098685,-90.05664899999999,ChIJ31qwBkJ81YcRk2V5pdmdhrM,OK,215886,471570053002021
2110.028,35.095133,-90.05542799999999,ChIJATnUo0J81YcRpbAuNwXeqRw,OK,179722,471570053002039
2271.431,35.098685,-90.05664899999999,ChIJ31qwBkJ81YcRk2V5pdmdhrM,OK,188661,471570053002039
2271.431,35.098685,-90.05664899999999,ChIJ31qwBkJ81YcRk2V5pdmdhrM,OK,188661,471570053002039
2353.08,35.095133,-90.05542799999999,ChIJATnUo0J81YcRpbAuNwXeqRw,OK,183719,471570053002012
2514.484,35.098685,-90.05664899999999,ChIJ31qwBkJ81YcRk2V5pdmdhrM,OK,192658,471570053002012
2514.484,35.098685,-90.05664899999999,ChIJ31qwBkJ81YcRk2V5pdmdhrM,OK,192658,471570053002012
2340.725,35.095133,-90.05542799999999,ChIJATnUo0J81YcRpbAuNwXeqRw,OK,196155,471570053002026
2502.128,35.098685,-90.05664899999999,ChIJ31qwBkJ81YcRk2V5pdmdhrM,OK,205094,471570053002026
2502.128,35.098685,-90.05664899999999,ChIJ31qwBkJ81YcRk2V5pdmdhrM,OK,205094,471570053002026
2268.515,35.095133,-90.05542799999999,ChIJATnUo0J81YcRpbAuNwXeqRw,OK,187490,471570053002031
2429.918,35.098685,-90.05664899999999,ChIJ31qwBkJ81YcRk2V5pdmdhrM,OK,196429,471570053002031
2429.918,35.098685,-90.05664899999999,ChIJ31qwBkJ81YcRk2V5pdmdhrM,OK,196429,471570053002031
2156.33,35.095133,-90.05542799999999,ChIJATnUo0J81YcRpbAuNwXeqRw,OK,174030,471570053002025
2317.733,35.098685,-90.05664899999999,ChIJ31qwBkJ81YcRk2V5pdmdhrM,OK,182969,471570053002025
2317.733,35.098685,-90.05664899999999,ChIJ31qwBkJ81YcRk2V5pdmdhrM,OK,182969,471570053002025
2194.773,35.095133,-90.05542799999999,ChIJATnUo0J81YcRpbAuNwXeqRw,OK,178641,471570053002034
2356.176,35.098685,-90.05664899999999,ChIJ31qwBkJ81YcRk2V5pdmdhrM,OK,187580,471570053002034
2356.176,35.098685,-90.05664899999999,ChIJ31qwBkJ81YcRk2V5pdmdhrM,OK,187580,471570053002034
2080.764,35.095133,-90.05542799999999,ChIJATnUo0J81YcRpbAuNwXeqRw,OK,164962,471570053002030
2242.167,35.098685,-90.05664899999999,ChIJ31qwBkJ81YcRk2V5pdmdhrM,OK,173901,471570053002030
2242.167,35.098685,-90.05664899999999,ChIJ31qwBkJ81YcRk2V5pdmdhrM,OK,173901,471570053002030
2008.206,35.095133,-90.05542799999999,ChIJATnUo0J81YcRpbAuNwXeqRw,OK,156256,471570053002033
2169.609,35.098685,-90.05664899999999,ChIJ31qwBkJ81YcRk2V5pdmdhrM,OK,165195,471570053002033
2169.609,35.098685,-90.05664899999999,ChIJ31qwBkJ81YcRk2V5pdmdhrM,OK,165195,471570053002033
2143.225,35.095133,-90.05542799999999,ChIJATnUo0J81YcRpbAuNwXeqRw,OK,158537,471570053002011
2304.628,35.098685,-90.05664899999999,ChIJ31qwBkJ81YcRk2V5pdmdhrM,OK,167476,471570053002011
2304.628,35.098685,-90.05664899999999,ChIJ31qwBkJ81YcRk2V5pdmdhrM,OK,167476,471570053002011
2082.933,35.095133,-90.05542799999999,ChIJATnUo0J81YcRpbAuNwXeqRw,OK,152986,471570053002024
2244.337,35.098685,-90.05664899999999,ChIJ31qwBkJ81YcRk2V5pdmdhrM,OK,161925,471570053002024
2244.337,35.098685,-90.05664899999999,ChIJ31qwBkJ81YcRk2V5pdmdhrM,OK,161925,471570053002024
1995.45,35.095133,-90.05542799999999,ChIJATnUo0J81YcRpbAuNwXeqRw,OK,146067,471570053002029
2156.854,35.098685,-90.05664899999999,ChIJ31qwBkJ81YcRk2V5pdmdhrM,OK,155006,471570053002029
2156.854,35.098685,-90.05664899999999,ChIJ31qwBkJ81YcRk2V5pdmdhrM,OK,155006,471570053002029
1934.927,35.095133,-90.05542799999999,ChIJATnUo0J81YcRpbAuNwXeqRw,OK,147462,471570053002036
2096.33,35.098685,-90.05664899999999,ChIJ31qwBkJ81YcRk2V5pdmdhrM,OK,156401,471570053002036
2096.33,35.098685,-90.05664899999999,ChIJ31qwBkJ81YcRk2V5pdmdhrM,OK,156401,471570053002036
1277.083,35.095133,-90.05542799999999,ChIJATnUo0J81YcRpbAuNwXeqRw,OK,83996,471570055001021
1438.486,35.098685,-90.05664899999999,ChIJ31qwBkJ81YcRk2V5pdmdhrM,OK,92935,471570055001021
1438.486,35.098685,-90.05664899999999,ChIJ31qwBkJ81YcRk2V5pdmdhrM,OK,92935,471570055001021
1809.693,35.095133,-90.05542799999999,ChIJATnUo0J81YcRpbAuNwXeqRw,OK,128400,471570055001022
1971.096,35.098685,-90.05664899999999,ChIJ31qwBkJ81YcRk2V5pdmdhrM,OK,137339,471570055001022
1971.096,35.098685,-90.05664899999999,ChIJ31qwBkJ81YcRk2V5pdmdhrM,OK,137339,471570055001022
1765.028,35.095133,-90.05542799999999,ChIJATnUo0J81YcRpbAuNwXeqRw,OK,127074,471570053002047
1926.431,35.098685,-90.05664899999999,ChIJ31qwBkJ81YcRk2V5pdmdhrM,OK,136013,471570053002047
1926.431,35.098685,-90.05664899999999,ChIJ31qwBkJ81YcRk2V5pdmdhrM,OK,136013,471570053002047
2082.156,35.098685,-90.05664899999999,ChIJ31qwBkJ81YcRk2V5pdmdhrM,OK,130592,471570053001001
2082.156,35.098685,-90.05664899999999,ChIJ31qwBkJ81YcRk2V5pdmdhrM,OK,130592,471570053001001
2471.148,35.095133,-90.05542799999999,ChIJATnUo0J81YcRpbAuNwXeqRw,OK,152136,471570053001001
1908.65,35.098685,-90.05664899999999,ChIJ31qwBkJ81YcRk2V5pdmdhrM,OK,116509,471570055001016
1908.65,35.098685,-90.05664899999999,ChIJ31qwBkJ81YcRk2V5pdmdhrM,OK,116509,471570055001016
2297.642,35.095133,-90.05542799999999,ChIJATnUo0J81YcRpbAuNwXeqRw,OK,138053,471570055001016
2016.81,35.098685,-90.05664899999999,ChIJ31qwBkJ81YcRk2V5pdmdhrM,OK,122992,471570055001017
2016.81,35.098685,-90.05664899999999,ChIJ31qwBkJ81YcRk2V5pdmdhrM,OK,122992,471570055001017
2000.705,35.095133,-90.05542799999999,ChIJATnUo0J81YcRpbAuNwXeqRw,OK,133993,471570055001017
1948.442,35.098685,-90.05664899999999,ChIJ31qwBkJ81YcRk2V5pdmdhrM,OK,137890,471570055001014
1948.442,35.098685,-90.05664899999999,ChIJ31qwBkJ81YcRk2V5pdmdhrM,OK,137890,471570055001014
2337.435,35.095133,-90.05542799999999,ChIJATnUo0J81YcRpbAuNwXeqRw,OK,159434,471570055001014
599.546,35.098685,-90.05664899999999,ChIJ31qwBkJ81YcRk2V5pdmdhrM,OK,51053,471570055001008
599.546,35.098685,-90.05664899999999,ChIJ31qwBkJ81YcRk2V5pdmdhrM,OK,51053,471570055001008
947.526,35.0960067,-89.93138279999999,ChIJFfDYDZuGf4gR5IbqhV7MTAo,OK,109711,471570118002007
1063.648,35.0971,-89.9305344,ChIJRd53mZuGf4gRp0fETcD5Y3I,OK,114344,471570118002007
1063.648,35.0971,-89.9305344,ChIJRd53mZuGf4gRp0fETcD5Y3I,OK,114344,471570118002007
1288.883,35.0878609,-89.931612,ChIJ78kLm4aGf4gRhPZ5eF_7ojg,OK,139100,471570118003004
1288.883,35.0878609,-89.931612,ChIJ78kLm4aGf4gRhPZ5eF_7ojg,OK,139100,471570118003004
1365.33,35.093158,-89.93038,ChIJU1HLuoSGf4gRK5KIVLXtvbU,OK,145167,471570118003004
1405.064,35.0878609,-89.931612,ChIJ78kLm4aGf4gRhPZ5eF_7ojg,OK,98670,471570097001016
3200.678,35.0757114,-89.9271675,ChIJ-d7FIHmGf4gR6Aa1VQWm0ps,OK,206926,471570097001016
3200.678,35.0757114,-89.9271675,ChIJ-d7FIHmGf4gR6Aa1VQWm0ps,OK,206926,471570097001016
1904.646,35.0854368,-89.89541919999999,ChIJf5cc-VKEf4gRF-lYLgijYQQ,OK,129064,471570093003017
1904.646,35.0854368,-89.89541919999999,ChIJf5cc-VKEf4gRF-lYLgijYQQ,OK,129064,471570093003017
2581.412,35.093158,-89.93038,ChIJU1HLuoSGf4gRK5KIVLXtvbU,OK,171000,471570093003017
2515.737,35.0854368,-89.89541919999999,ChIJf5cc-VKEf4gRF-lYLgijYQQ,OK,144482,471570093001019
2515.737,35.0854368,-89.89541919999999,ChIJf5cc-VKEf4gRF-lYLgijYQQ,OK,144482,471570093001019
3020.679,35.1145886,-89.90089789999999,ChIJKWmlFW6Ef4gR0YNISWQMkss,OK,173617,471570093001019
3205.721,35.148225,-89.89748700000001,ChIJC8t095eDf4gRGuXK3FleZyg,OK,242175,471570092005030
3462.177,35.1503395,-89.89321,ChIJRaSiF6KDf4gRNIqqt1VnH58,OK,249252,471570092005030
3462.177,35.1503395,-89.89321,ChIJRaSiF6KDf4gRNIqqt1VnH58,OK,249252,471570092005030
3631.677,35.1153996,-89.89414069999999,ChIJCb4NOWWEf4gR79YlPQoocW4,OK,257589,471570096002008
3631.677,35.1153996,-89.89414069999999,ChIJCb4NOWWEf4gR79YlPQoocW4,OK,257589,471570096002008
4255.744,35.1503395,-89.89321,ChIJRaSiF6KDf4gRNIqqt1VnH58,OK,279336,471570096002008
6654.548,35.1153996,-89.89414069999999,ChIJCb4NOWWEf4gR79YlPQoocW4,OK,368988,471570213111023
6654.548,35.1153996,-89.89414069999999,ChIJCb4NOWWEf4gR79YlPQoocW4,OK,368988,471570213111023
10887.503,35.1503395,-89.89321,ChIJRaSiF6KDf4gRNIqqt1VnH58,OK,615647,471570213111023
2225.435,35.19067459999999,-89.8489943,ChIJ364PGjWdf4gRKbsrGLq8_XQ,OK,165032,471570211123013
2225.435,35.19067459999999,-89.8489943,ChIJ364PGjWdf4gRKbsrGLq8_XQ,OK,165032,471570211123013
3527.939,35.2045576,-89.81176689999999,ChIJ8ROix4Kdf4gR4Su-1OwAUMo,OK,253693,471570211123013
2311.455,35.19067459999999,-89.8489943,ChIJ364PGjWdf4gRKbsrGLq8_XQ,OK,175852,471570211124005
2311.455,35.19067459999999,-89.8489943,ChIJ364PGjWdf4gRKbsrGLq8_XQ,OK,175852,471570211124005
4944.318,35.16339899999999,-89.855841,ChIJA_xfkC6Df4gRAjVZwLz1jqA,OK,273566,471570211124005
880.824,35.1060329,-90.039159,ChIJ231bcjV81YcRQ1quDeYAd6M,OK,64951,471570057001045
880.824,35.1060329,-90.039159,ChIJ231bcjV81YcRQ1quDeYAd6M,OK,64951,471570057001045
2392.705,35.098685,-90.05664899999999,ChIJ31qwBkJ81YcRk2V5pdmdhrM,OK,143060,471570057001045
1427.43,35.1060329,-90.039159,ChIJ231bcjV81YcRQ1quDeYAd6M,OK,104306,471570056001016
1427.43,35.1060329,-90.039159,ChIJ231bcjV81YcRQ1quDeYAd6M,OK,104306,471570056001016
1595.653,35.095133,-90.05542799999999,ChIJATnUo0J81YcRpbAuNwXeqRw,OK,158659,471570056001016
598.904,35.1060329,-90.039159,ChIJ231bcjV81YcRQ1quDeYAd6M,OK,71864,471570057001051
598.904,35.1060329,-90.039159,ChIJ231bcjV81YcRQ1quDeYAd6M,OK,71864,471570057001051
2856.579,35.098685,-90.05664899999999,ChIJ31qwBkJ81YcRk2V5pdmdhrM,OK,193436,471570057001051
1067.299,35.1060329,-90.039159,ChIJ231bcjV81YcRQ1quDeYAd6M,OK,128070,471570075001005
1067.299,35.1060329,-90.039159,ChIJ231bcjV81YcRQ1quDeYAd6M,OK,128070,471570075001005
2211.986,35.1087458,-90.0211918,ChIJe6w2EsF91YcRquzVZc8M0-I,OK,188181,471570075001005
1034.23,35.095133,-90.05542799999999,ChIJATnUo0J81YcRpbAuNwXeqRw,OK,98995,471570056003005
1034.23,35.095133,-90.05542799999999,ChIJATnUo0J81YcRpbAuNwXeqRw,OK,98995,471570056003005
1195.633,35.098685,-90.05664899999999,ChIJ31qwBkJ81YcRk2V5pdmdhrM,OK,107934,471570056003005
3353.098,35.093591,-90.056624,ChIJgyVl92d81YcRhuRHHckl8Y4,OK,267489,471570056003055
3353.098,35.093591,-90.056624,ChIJgyVl92d81YcRhuRHHckl8Y4,OK,267489,471570056003055
3532.934,35.095133,-90.05542799999999,ChIJATnUo0J81YcRpbAuNwXeqRw,OK,277449,471570056003055
2075.66,35.2023757,-89.9218691,ChIJvw7rwByCf4gRrAscHKjp1Iw,OK,151676,471570205124010
2075.66,35.2023757,-89.9218691,ChIJvw7rwByCf4gRrAscHKjp1Iw,OK,151676,471570205124010
4191.141,35.183951,-89.93106899999999,ChIJWQ0EIo-Bf4gR6cuqlCcQuNw,OK,268161,471570205124010
2181.705,35.17410499999999,-89.97575479999999,ChIJmfYTGFmAf4gRHGKCaD0qCtI,OK,150619,471570111002010
2181.705,35.17410499999999,-89.97575479999999,ChIJmfYTGFmAf4gRHGKCaD0qCtI,OK,150619,471570111002010
2697.569,35.167095,-89.950496,ChIJecYfJgmBf4gRJh-YY67U6V8,OK,192966,471570111002010
3446.229,34.999309,-90.118577,ChIJ9TRIjgZl1YcR3fm2jM14AHY,OK,340577,471579803001025
3446.229,34.999309,-90.118577,ChIJ9TRIjgZl1YcR3fm2jM14AHY,OK,340577,471579803001025
5828.435,35.02753099999999,-90.082077,ChIJK66rdetk1YcRwwxI9gDREks,OK,472509,471579803001025
1424.779,35.167095,-89.950496,ChIJecYfJgmBf4gRJh-YY67U6V8,OK,98898,471570089003047
1424.779,35.167095,-89.950496,ChIJecYfJgmBf4gRJh-YY67U6V8,OK,98898,471570089003047
2154.569,35.183951,-89.93106899999999,ChIJWQ0EIo-Bf4gR6cuqlCcQuNw,OK,151837,471570089003047
1520.876,35.167095,-89.950496,ChIJecYfJgmBf4gRJh-YY67U6V8,OK,102642,471570111001053
1520.876,35.167095,-89.950496,ChIJecYfJgmBf4gRJh-YY67U6V8,OK,102642,471570111001053
2250.665,35.183951,-89.93106899999999,ChIJWQ0EIo-Bf4gR6cuqlCcQuNw,OK,155581,471570111001053
730.816,35.1804299,-89.9263818,ChIJIfvtv4eBf4gRJLjVGBpAzmc,OK,58947,471570088003002
730.816,35.1804299,-89.9263818,ChIJIfvtv4eBf4gRJLjVGBpAzmc,OK,58947,471570088003002
1686.93,35.183951,-89.93106899999999,ChIJWQ0EIo-Bf4gR6cuqlCcQuNw,OK,138036,471570088003002
1079.051,35.0515568,-89.90630259999999,ChIJrU8jyZKFf4gRubg1AIyELWY,OK,72192,471570106301004
1079.051,35.0515568,-89.90630259999999,ChIJrU8jyZKFf4gRubg1AIyELWY,OK,72192,471570106301004
640.928,35.2044739,-89.76342459999999,ChIJ3XsJxyKef4gRTeWb3lonWsU,OK,35495,471570208311013
640.928,35.2044739,-89.76342459999999,ChIJ3XsJxyKef4gRTeWb3lonWsU,OK,35495,471570208311013
2020.977,35.2064292,-89.73436359999999,ChIJP6qgZdGff4gRQoIww3TX5kM,OK,92682,471570208311013
3768.497,35.1546312,-89.79260459999999,ChIJ8UeuSEecf4gRniit7ubZLtM,OK,261607,471570211262006
3768.497,35.1546312,-89.79260459999999,ChIJ8UeuSEecf4gRniit7ubZLtM,OK,261607,471570211262006
4148.385,35.14868459999999,-89.7948203,ChIJ4w9Lr2qcf4gRHdzl9FciAFM,OK,281107,471570211262006
1406.104,35.16339899999999,-89.855841,ChIJA_xfkC6Df4gRAjVZwLz1jqA,OK,102865,471570211211015
1406.104,35.16339899999999,-89.855841,ChIJA_xfkC6Df4gRAjVZwLz1jqA,OK,102865,471570211211015
1481.26,35.1623785,-89.8566175,ChIJXQHWWS6Df4gRqhH5EQ9H1j0,OK,111830,471570211211015
1947.971,35.0614623,-89.8536277,ChIJ4TWJkTWFf4gRbkNZYfkF9Jw,OK,129406,471570217251002
1947.971,35.0614623,-89.8536277,ChIJ4TWJkTWFf4gRbkNZYfkF9Jw,OK,129406,471570217251002
2032.743,35.0512763,-89.8427476,ChIJ7VPJ3q-af4gRdxERIyaZ0gk,OK,135594,471570217251002
2068.191,35.0614623,-89.8536277,ChIJ4TWJkTWFf4gRbkNZYfkF9Jw,OK,128528,471570217251003
2068.191,35.0614623,-89.8536277,ChIJ4TWJkTWFf4gRbkNZYfkF9Jw,OK,128528,471570217251003
2152.963,35.0512763,-89.8427476,ChIJ7VPJ3q-af4gRdxERIyaZ0gk,OK,134716,471570217251003
1015.757,35.16339899999999,-89.855841,ChIJA_xfkC6Df4gRAjVZwLz1jqA,OK,63189,471570211211019
1015.757,35.16339899999999,-89.855841,ChIJA_xfkC6Df4gRAjVZwLz1jqA,OK,63189,471570211211019
1090.912,35.1623785,-89.8566175,ChIJXQHWWS6Df4gRqhH5EQ9H1j0,OK,72154,471570211211019
1473.098,35.0614623,-89.8536277,ChIJ4TWJkTWFf4gRbkNZYfkF9Jw,OK,139012,471570217251011
1473.098,35.0614623,-89.8536277,ChIJ4TWJkTWFf4gRbkNZYfkF9Jw,OK,139012,471570217251011
2311.249,35.0512763,-89.8427476,ChIJ7VPJ3q-af4gRdxERIyaZ0gk,OK,169012,471570217251011
1607.894,35.0614623,-89.8536277,ChIJ4TWJkTWFf4gRbkNZYfkF9Jw,OK,155187,471570217251008
1607.894,35.0614623,-89.8536277,ChIJ4TWJkTWFf4gRbkNZYfkF9Jw,OK,155187,471570217251008
2378.833,35.0512763,-89.8427476,ChIJ7VPJ3q-af4gRdxERIyaZ0gk,OK,165191,471570217251008
1606.899,35.0614623,-89.8536277,ChIJ4TWJkTWFf4gRbkNZYfkF9Jw,OK,155068,471570217251006
1606.899,35.0614623,-89.8536277,ChIJ4TWJkTWFf4gRbkNZYfkF9Jw,OK,155068,471570217251006
2401.23,35.0512763,-89.8427476,ChIJ7VPJ3q-af4gRdxERIyaZ0gk,OK,167878,471570217251006
415.725,35.0493563,-89.83813929999999,ChIJjRQNzqSaf4gRxmNqB0YAYGM,OK,44057,471570217242014
415.725,35.0493563,-89.83813929999999,ChIJjRQNzqSaf4gRxmNqB0YAYGM,OK,44057,471570217242014
737.49,35.049031,-89.841437,ChIJt6vl46-af4gRvoN8Yvkmx9A,OK,66899,471570217242014
1104.985,35.2051043,-89.79754849999999,ChIJpRDMlY2df4gRQqHmUo_lzmc,OK,83323,471570211131013
1104.985,35.2051043,-89.79754849999999,ChIJpRDMlY2df4gRQqHmUo_lzmc,OK,83323,471570211131013
1501.199,35.2045576,-89.81176689999999,ChIJ8ROix4Kdf4gR4Su-1OwAUMo,OK,104950,471570211131013
1371.625,35.2051043,-89.79754849999999,ChIJpRDMlY2df4gRQqHmUo_lzmc,OK,104437,471570211132017
1371.625,35.2051043,-89.79754849999999,ChIJpRDMlY2df4gRQqHmUo_lzmc,OK,104437,471570211132017
1767.839,35.2045576,-89.81176689999999,ChIJ8ROix4Kdf4gR4Su-1OwAUMo,OK,126064,471570211132017
1169.334,35.1507888,-89.977317,ChIJdVWrOuqAf4gR-V7s1E3qo7g,OK,77913,471570015001035
1169.334,35.1507888,-89.977317,ChIJdVWrOuqAf4gR-V7s1E3qo7g,OK,77913,471570015001035
1712.311,35.1497164,-89.95515999999999,ChIJcQb6ehiBf4gR-uA54eRPNq8,OK,112717,471570015001035
1469.507,35.2051043,-89.79754849999999,ChIJpRDMlY2df4gRQqHmUo_lzmc,OK,128068,471570211131015
1469.507,35.2051043,-89.79754849999999,ChIJpRDMlY2df4gRQqHmUo_lzmc,OK,128068,471570211131015
1865.72,35.2045576,-89.81176689999999,ChIJ8ROix4Kdf4gR4Su-1OwAUMo,OK,149695,471570211131015
1644.155,35.2051043,-89.79754849999999,ChIJpRDMlY2df4gRQqHmUo_lzmc,OK,121073,471570211131031
1644.155,35.2051043,-89.79754849999999,ChIJpRDMlY2df4gRQqHmUo_lzmc,OK,121073,471570211131031
2040.368,35.2045576,-89.81176689999999,ChIJ8ROix4Kdf4gR4Su-1OwAUMo,OK,142700,471570211131031
2246.511,35.19067459999999,-89.8489943,ChIJ364PGjWdf4gRKbsrGLq8_XQ,OK,173555,471570211111018
2246.511,35.19067459999999,-89.8489943,ChIJ364PGjWdf4gRKbsrGLq8_XQ,OK,173555,471570211111018
4103.17,35.16339899999999,-89.855841,ChIJA_xfkC6Df4gRAjVZwLz1jqA,OK,213763,471570211111018
2656.06,35.19067459999999,-89.8489943,ChIJ364PGjWdf4gRKbsrGLq8_XQ,OK,199992,471570211111019
2656.06,35.19067459999999,-89.8489943,ChIJ364PGjWdf4gRKbsrGLq8_XQ,OK,199992,471570211111019
4068.334,35.16339899999999,-89.855841,ChIJA_xfkC6Df4gRAjVZwLz1jqA,OK,223272,471570211111019
2222.772,35.2045576,-89.81176689999999,ChIJ8ROix4Kdf4gR4Su-1OwAUMo,OK,149795,471570211123008
2222.772,35.2045576,-89.81176689999999,ChIJ8ROix4Kdf4gR4Su-1OwAUMo,OK,149795,471570211123008
2980.138,35.19067459999999,-89.8489943,ChIJ364PGjWdf4gRKbsrGLq8_XQ,OK,189566,471570211123008
2136.874,35.2045576,-89.81176689999999,ChIJ8ROix4Kdf4gR4Su-1OwAUMo,OK,139488,471570211123025
2136.874,35.2045576,-89.81176689999999,ChIJ8ROix4Kdf4gR4Su-1OwAUMo,OK,139488,471570211123025
2894.24,35.19067459999999,-89.8489943,ChIJ364PGjWdf4gRKbsrGLq8_XQ,OK,179259,471570211123025
993.907,35.0543926,-90.0597009,ChIJT5TzUbl81YcRiPqNjkbj9CA,OK,59538,471570223213002
993.907,35.0543926,-90.0597009,ChIJT5TzUbl81YcRiPqNjkbj9CA,OK,59538,471570223213002
1753.46,35.06128,-90.05978399999999,ChIJm06f8ZV81YcRTjzAsJPcBKY,OK,101603,471570223213002
1160.726,35.0543926,-90.0597009,ChIJT5TzUbl81YcRiPqNjkbj9CA,OK,74614,471570223213003
1160.726,35.0543926,-90.0597009,ChIJT5TzUbl81YcRiPqNjkbj9CA,OK,74614,471570223213003
1920.278,35.06128,-90.05978399999999,ChIJm06f8ZV81YcRTjzAsJPcBKY,OK,116679,471570223213003
1703.443,35.1435177,-90.0539328,ChIJ8VFg1pV-1YcRR9G8p0pZx6U,OK,119468,471570043001033
1703.443,35.1435177,-90.0539328,ChIJ8VFg1pV-1YcRR9G8p0pZx6U,OK,119468,471570043001033
1828.272,35.1450994,-90.0538646,ChIJne6_s5V-1YcRn_LPaqiwhrk,OK,131373,471570043001033
2189.439,35.1251709,-90.0481695,ChIJybIJtCd81YcR9Otxws-5qCM,OK,150334,471570043001028
2003.52,35.0333519,-90.02557630000001,ChIJK8z8Ksxi1YcRt8pxxgP2SA4,OK,135916,471570220243008
2003.52,35.0333519,-90.02557630000001,ChIJK8z8Ksxi1YcRt8pxxgP2SA4,OK,135916,471570220243008
2003.614,35.033351,-90.02556199999999,ChIJY7ePKsxi1YcRIP55gZFchMw,OK,135921,471570220243008
746.945,35.0333519,-90.02557630000001,ChIJK8z8Ksxi1YcRt8pxxgP2SA4,OK,43701,471570220243021
746.945,35.0333519,-90.02557630000001,ChIJK8z8Ksxi1YcRt8pxxgP2SA4,OK,43701,471570220243021
747.04,35.033351,-90.02556199999999,ChIJY7ePKsxi1YcRIP55gZFchMw,OK,43706,471570220243021
1060.69,35.0333519,-90.02557630000001,ChIJK8z8Ksxi1YcRt8pxxgP2SA4,OK,89915,471570220243017
1060.69,35.0333519,-90.02557630000001,ChIJK8z8Ksxi1YcRt8pxxgP2SA4,OK,89915,471570220243017
1060.784,35.033351,-90.02556199999999,ChIJY7ePKsxi1YcRIP55gZFchMw,OK,89920,471570220243017
1228.41,35.0333519,-90.02557630000001,ChIJK8z8Ksxi1YcRt8pxxgP2SA4,OK,93152,471570220243018
1228.41,35.0333519,-90.02557630000001,ChIJK8z8Ksxi1YcRt8pxxgP2SA4,OK,93152,471570220243018
1228.504,35.033351,-90.02556199999999,ChIJY7ePKsxi1YcRIP55gZFchMw,OK,93157,471570220243018
1140.508,35.0333519,-90.02557630000001,ChIJK8z8Ksxi1YcRt8pxxgP2SA4,OK,82605,471570220243020
1140.508,35.0333519,-90.02557630000001,ChIJK8z8Ksxi1YcRt8pxxgP2SA4,OK,82605,471570220243020
1140.602,35.033351,-90.02556199999999,ChIJY7ePKsxi1YcRIP55gZFchMw,OK,82610,471570220243020
841.345,35.0333519,-90.02557630000001,ChIJK8z8Ksxi1YcRt8pxxgP2SA4,OK,50696,471570221111002
841.345,35.0333519,-90.02557630000001,ChIJK8z8Ksxi1YcRt8pxxgP2SA4,OK,50696,471570221111002
841.44,35.033351,-90.02556199999999,ChIJY7ePKsxi1YcRIP55gZFchMw,OK,50701,471570221111002
1199.91,35.033351,-90.02556199999999,ChIJY7ePKsxi1YcRIP55gZFchMw,OK,83692,471570221111016
1199.91,35.033351,-90.02556199999999,ChIJY7ePKsxi1YcRIP55gZFchMw,OK,83692,471570221111016
1200.004,35.0333519,-90.02557630000001,ChIJK8z8Ksxi1YcRt8pxxgP2SA4,OK,83697,471570221111016
239.632,35.0493563,-89.83813929999999,ChIJjRQNzqSaf4gRxmNqB0YAYGM,OK,23674,471570217242007
239.632,35.0493563,-89.83813929999999,ChIJjRQNzqSaf4gRxmNqB0YAYGM,OK,23674,471570217242007
160.171,35.049031,-89.841437,ChIJt6vl46-af4gRvoN8Yvkmx9A,OK,24451,471570217242007
1620.957,34.9907298,-89.99350899999999,ChIJaR6gqdOJf4gRbmqB7wctwt0,OK,105175,471570221301019
1620.957,34.9907298,-89.99350899999999,ChIJaR6gqdOJf4gRbmqB7wctwt0,OK,105175,471570221301019
1538.912,35.0068452,-90.00681259999999,ChIJz3G0Jpti1YcRMCYWHOflqrA,OK,107204,471570221301019
2102.116,35.054745,-90.007971,ChIJXxyyQlt91YcRhldtWgjSnSE,OK,154019,471570220241003
2102.116,35.054745,-90.007971,ChIJXxyyQlt91YcRhldtWgjSnSE,OK,154019,471570220241003
2301.975,35.033351,-90.02556199999999,ChIJY7ePKsxi1YcRIP55gZFchMw,OK,159797,471570220241003
1924.843,35.054745,-90.007971,ChIJXxyyQlt91YcRhldtWgjSnSE,OK,137552,471570220241022
1924.843,35.054745,-90.007971,ChIJXxyyQlt91YcRhldtWgjSnSE,OK,137552,471570220241022
2013.53,35.0333519,-90.02557630000001,ChIJK8z8Ksxi1YcRt8pxxgP2SA4,OK,146641,471570220241022
1628.741,35.0333519,-90.02557630000001,ChIJK8z8Ksxi1YcRt8pxxgP2SA4,OK,113515,471570220241024
1628.741,35.0333519,-90.02557630000001,ChIJK8z8Ksxi1YcRt8pxxgP2SA4,OK,113515,471570220241024
1628.835,35.033351,-90.02556199999999,ChIJY7ePKsxi1YcRIP55gZFchMw,OK,113520,471570220241024
1725.138,35.0333519,-90.02557630000001,ChIJK8z8Ksxi1YcRt8pxxgP2SA4,OK,125082,471570220241025
1725.138,35.0333519,-90.02557630000001,ChIJK8z8Ksxi1YcRt8pxxgP2SA4,OK,125082,471570220241025
1725.232,35.033351,-90.02556199999999,ChIJY7ePKsxi1YcRIP55gZFchMw,OK,125087,471570220241025
1430.511,35.054745,-90.007971,ChIJXxyyQlt91YcRhldtWgjSnSE,OK,112883,471570220241001
1430.511,35.054745,-90.007971,ChIJXxyyQlt91YcRhldtWgjSnSE,OK,112883,471570220241001
1862.359,35.05407199999999,-90.00125899999999,ChIJIzdhk1h91YcRZT7cBcBslaM,OK,128922,471570220241001
1387.801,35.054745,-90.007971,ChIJXxyyQlt91YcRhldtWgjSnSE,OK,107759,471570220241007
1387.801,35.054745,-90.007971,ChIJXxyyQlt91YcRhldtWgjSnSE,OK,107759,471570220241007
1819.649,35.05407199999999,-90.00125899999999,ChIJIzdhk1h91YcRZT7cBcBslaM,OK,123798,471570220241007
1593.624,35.054745,-90.007971,ChIJXxyyQlt91YcRhldtWgjSnSE,OK,109081,471570220241008
1593.624,35.054745,-90.007971,ChIJXxyyQlt91YcRhldtWgjSnSE,OK,109081,471570220241008
2025.472,35.05407199999999,-90.00125899999999,ChIJIzdhk1h91YcRZT7cBcBslaM,OK,125120,471570220241008
1925.522,35.054745,-90.007971,ChIJXxyyQlt91YcRhldtWgjSnSE,OK,137633,471570220241021
1925.522,35.054745,-90.007971,ChIJXxyyQlt91YcRhldtWgjSnSE,OK,137633,471570220241021
2012.851,35.0333519,-90.02557630000001,ChIJK8z8Ksxi1YcRt8pxxgP2SA4,OK,146560,471570220241021
1411.429,35.054745,-90.007971,ChIJXxyyQlt91YcRhldtWgjSnSE,OK,110594,471570220241005
1411.429,35.054745,-90.007971,ChIJXxyyQlt91YcRhldtWgjSnSE,OK,110594,471570220241005
1843.277,35.05407199999999,-90.00125899999999,ChIJIzdhk1h91YcRZT7cBcBslaM,OK,126633,471570220241005
1608.024,35.054745,-90.007971,ChIJXxyyQlt91YcRhldtWgjSnSE,OK,116899,471570220241010
1608.024,35.054745,-90.007971,ChIJXxyyQlt91YcRhldtWgjSnSE,OK,116899,471570220241010
2039.872,35.05407199999999,-90.00125899999999,ChIJIzdhk1h91YcRZT7cBcBslaM,OK,132938,471570220241010
1728.986,35.0333519,-90.02557630000001,ChIJK8z8Ksxi1YcRt8pxxgP2SA4,OK,125544,471570220241020
1728.986,35.0333519,-90.02557630000001,ChIJK8z8Ksxi1YcRt8pxxgP2SA4,OK,125544,471570220241020
1729.08,35.033351,-90.02556199999999,ChIJY7ePKsxi1YcRIP55gZFchMw,OK,125549,471570220241020
1901.623,35.054745,-90.007971,ChIJXxyyQlt91YcRhldtWgjSnSE,OK,139684,471570220241026
1901.623,35.054745,-90.007971,ChIJXxyyQlt91YcRhldtWgjSnSE,OK,139684,471570220241026
2035.242,35.0333519,-90.02557630000001,ChIJK8z8Ksxi1YcRt8pxxgP2SA4,OK,149247,471570220241026
1897.947,35.0333519,-90.02557630000001,ChIJK8z8Ksxi1YcRt8pxxgP2SA4,OK,137041,471570220241027
1898.041,35.033351,-90.02556199999999,ChIJY7ePKsxi1YcRIP55gZFchMw,OK,137046,471570220241027
1898.041,35.033351,-90.02556199999999,ChIJY7ePKsxi1YcRIP55gZFchMw,OK,137046,471570220241027
3177.186,35.02753099999999,-90.082077,ChIJK66rdetk1YcRwwxI9gDREks,OK,228394,471570224105009
3177.186,35.02753099999999,-90.082077,ChIJK66rdetk1YcRwwxI9gDREks,OK,228394,471570224105009
3978.258,35.0326981,-90.07589809999999,ChIJ9S1ljalk1YcRvuG-_hbpimA,OK,272760,471570224105009
2496.001,34.999309,-90.118577,ChIJ9TRIjgZl1YcR3fm2jM14AHY,OK,226552,471570224105025
2496.001,34.999309,-90.118577,ChIJ9TRIjgZl1YcR3fm2jM14AHY,OK,226552,471570224105025
4878.207,35.02753099999999,-90.082077,ChIJK66rdetk1YcRwwxI9gDREks,OK,358484,471570224105025
2093.159,34.999309,-90.118577,ChIJ9TRIjgZl1YcR3fm2jM14AHY,OK,154617,471570224105015
2093.159,34.999309,-90.118577,ChIJ9TRIjgZl1YcR3fm2jM14AHY,OK,154617,471570224105015
3745.137,35.02753099999999,-90.082077,ChIJK66rdetk1YcRwwxI9gDREks,OK,246109,471570224105015
2524.575,34.999309,-90.118577,ChIJ9TRIjgZl1YcR3fm2jM14AHY,OK,229980,471570224105018
2524.575,34.999309,-90.118577,ChIJ9TRIjgZl1YcR3fm2jM14AHY,OK,229980,471570224105018
4906.781,35.02753099999999,-90.082077,ChIJK66rdetk1YcRwwxI9gDREks,OK,361912,471570224105018
1155.944,34.999309,-90.118577,ChIJ9TRIjgZl1YcR3fm2jM14AHY,OK,74406,471570224104019
1155.944,34.999309,-90.118577,ChIJ9TRIjgZl1YcR3fm2jM14AHY,OK,74406,471570224104019
3806.162,35.02753099999999,-90.082077,ChIJK66rdetk1YcRwwxI9gDREks,OK,221180,471570224104019
3963.932,35.218332,-90.00299799999999,ChIJfRCGEgGA1YcRsZsWP_dycDI,OK,244343,471570099012002
3963.932,35.218332,-90.00299799999999,ChIJfRCGEgGA1YcRsZsWP_dycDI,OK,244343,471570099012002
4142.007,35.22619459999999,-90.0020167,ChIJvTh1mwiA1YcRLLqD5Uxq8Nc,OK,249340,471570099012002
3459.444,34.999309,-90.118577,ChIJ9TRIjgZl1YcR3fm2jM14AHY,OK,361438,471570224105002
3459.444,34.999309,-90.118577,ChIJ9TRIjgZl1YcR3fm2jM14AHY,OK,361438,471570224105002
3977.661,35.02753099999999,-90.082077,ChIJK66rdetk1YcRwwxI9gDREks,OK,367320,471570224105002
1636.814,35.2044739,-89.76342459999999,ChIJ3XsJxyKef4gRTeWb3lonWsU,OK,129196,471570211414018
1636.814,35.2044739,-89.76342459999999,ChIJ3XsJxyKef4gRTeWb3lonWsU,OK,129196,471570211414018
3327.229,35.2074362,-89.7805166,ChIJ62ATRfudf4gRPIrPAXGVsiQ,OK,260682,471570211414018
386.625,35.1497164,-89.95515999999999,ChIJcQb6ehiBf4gR-uA54eRPNq8,OK,33712,471570013003011
386.625,35.1497164,-89.95515999999999,ChIJcQb6ehiBf4gR-uA54eRPNq8,OK,33712,471570013003011
440.796,35.14981359999999,-89.94918609999999,ChIJVdGBGRaBf4gRsi89Rzqn8W4,OK,34733,471570013003011
422.018,34.999309,-90.118577,ChIJ9TRIjgZl1YcR3fm2jM14AHY,OK,23373,471570224104023
422.018,34.999309,-90.118577,ChIJ9TRIjgZl1YcR3fm2jM14AHY,OK,23373,471570224104023
4218.606,35.02753099999999,-90.082077,ChIJK66rdetk1YcRwwxI9gDREks,OK,233637,471570224104023
3021.42,35.02753099999999,-90.082077,ChIJK66rdetk1YcRwwxI9gDREks,OK,209703,471570224105008
3021.42,35.02753099999999,-90.082077,ChIJK66rdetk1YcRwwxI9gDREks,OK,209703,471570224105008
3822.492,35.0326981,-90.07589809999999,ChIJ9S1ljalk1YcRvuG-_hbpimA,OK,254069,471570224105008
3832.764,35.2044739,-89.76342459999999,ChIJ3XsJxyKef4gRTeWb3lonWsU,OK,267372,471570210102041
3832.764,35.2044739,-89.76342459999999,ChIJ3XsJxyKef4gRTeWb3lonWsU,OK,267372,471570210102041
5012.153,35.1581502,-89.72609419999999,ChIJL6yctRGff4gRqpalt07WxQs,OK,306427,471570210102041
4116.297,35.218332,-90.00299799999999,ChIJfRCGEgGA1YcRsZsWP_dycDI,OK,272148,471570099012003
4116.297,35.218332,-90.00299799999999,ChIJfRCGEgGA1YcRsZsWP_dycDI,OK,272148,471570099012003
4294.372,35.22619459999999,-90.0020167,ChIJvTh1mwiA1YcRLLqD5Uxq8Nc,OK,277145,471570099012003
3656.591,35.218332,-90.00299799999999,ChIJfRCGEgGA1YcRsZsWP_dycDI,OK,222216,471570099012004
3656.591,35.218332,-90.00299799999999,ChIJfRCGEgGA1YcRsZsWP_dycDI,OK,222216,471570099012004
3834.665,35.22619459999999,-90.0020167,ChIJvTh1mwiA1YcRLLqD5Uxq8Nc,OK,227213,471570099012004
657.36,35.1060329,-90.039159,ChIJ231bcjV81YcRQ1quDeYAd6M,OK,78878,471570057001052
657.36,35.1060329,-90.039159,ChIJ231bcjV81YcRQ1quDeYAd6M,OK,78878,471570057001052
2796.383,35.098685,-90.05664899999999,ChIJ31qwBkJ81YcRk2V5pdmdhrM,OK,186212,471570057001052
2963.566,35.1546312,-89.79260459999999,ChIJ8UeuSEecf4gRniit7ubZLtM,OK,166127,471570211352000
2963.566,35.1546312,-89.79260459999999,ChIJ8UeuSEecf4gRniit7ubZLtM,OK,166127,471570211352000
3343.454,35.14868459999999,-89.7948203,ChIJ4w9Lr2qcf4gRHdzl9FciAFM,OK,185627,471570211352000
3773.632,35.218332,-90.00299799999999,ChIJfRCGEgGA1YcRsZsWP_dycDI,OK,242848,471570099012001
3773.632,35.218332,-90.00299799999999,ChIJfRCGEgGA1YcRsZsWP_dycDI,OK,242848,471570099012001
3951.706,35.22619459999999,-90.0020167,ChIJvTh1mwiA1YcRLLqD5Uxq8Nc,OK,247845,471570099012001
1483.936,35.2045576,-89.81176689999999,ChIJ8ROix4Kdf4gR4Su-1OwAUMo,OK,105583,471570211131014
1483.936,35.2045576,-89.81176689999999,ChIJ8ROix4Kdf4gR4Su-1OwAUMo,OK,105583,471570211131014
2540.444,35.2051043,-89.79754849999999,ChIJpRDMlY2df4gRQqHmUo_lzmc,OK,163002,471570211131014
3905.176,35.22619459999999,-90.0020167,ChIJvTh1mwiA1YcRLLqD5Uxq8Nc,OK,262199,471570201022020
3905.176,35.22619459999999,-90.0020167,ChIJvTh1mwiA1YcRLLqD5Uxq8Nc,OK,262199,471570201022020
4715.571,35.218332,-90.00299799999999,ChIJfRCGEgGA1YcRsZsWP_dycDI,OK,309666,471570201022020
739.572,35.14981359999999,-89.94918609999999,ChIJVdGBGRaBf4gRsi89Rzqn8W4,OK,63699,471570013003012
739.572,35.14981359999999,-89.94918609999999,ChIJVdGBGRaBf4gRsi89Rzqn8W4,OK,63699,471570013003012
682.418,35.1497164,-89.95515999999999,ChIJcQb6ehiBf4gR-uA54eRPNq8,OK,69206,471570013003012
8573.251,35.22619459999999,-90.0020167,ChIJvTh1mwiA1YcRLLqD5Uxq8Nc,OK,647683,471570201022019
8573.251,35.22619459999999,-90.0020167,ChIJvTh1mwiA1YcRLLqD5Uxq8Nc,OK,647683,471570201022019
9383.646,35.218332,-90.00299799999999,ChIJfRCGEgGA1YcRsZsWP_dycDI,OK,695150,471570201022019
2752.143,35.095133,-90.05542799999999,ChIJATnUo0J81YcRpbAuNwXeqRw,OK,199333,471570053002005
2913.546,35.098685,-90.05664899999999,ChIJ31qwBkJ81YcRk2V5pdmdhrM,OK,208272,471570053002005
2913.546,35.098685,-90.05664899999999,ChIJ31qwBkJ81YcRk2V5pdmdhrM,OK,208272,471570053002005
2507.681,35.14868459999999,-89.7948203,ChIJ4w9Lr2qcf4gRHdzl9FciAFM,OK,172026,471570211402006
2507.681,35.14868459999999,-89.7948203,ChIJ4w9Lr2qcf4gRHdzl9FciAFM,OK,172026,471570211402006
3273.843,35.1546312,-89.79260459999999,ChIJ8UeuSEecf4gRniit7ubZLtM,OK,192725,471570211402006
2522.469,35.14868459999999,-89.7948203,ChIJ4w9Lr2qcf4gRHdzl9FciAFM,OK,159910,471570211402018
2522.469,35.14868459999999,-89.7948203,ChIJ4w9Lr2qcf4gRHdzl9FciAFM,OK,159910,471570211402018
3288.632,35.1546312,-89.79260459999999,ChIJ8UeuSEecf4gRniit7ubZLtM,OK,180609,471570211402018
3578.236,35.14868459999999,-89.7948203,ChIJ4w9Lr2qcf4gRHdzl9FciAFM,OK,210965,471579804001054
3578.236,35.14868459999999,-89.7948203,ChIJ4w9Lr2qcf4gRHdzl9FciAFM,OK,210965,471579804001054
4344.399,35.1546312,-89.79260459999999,ChIJ8UeuSEecf4gRniit7ubZLtM,OK,231664,471579804001054
3825.556,35.0854368,-89.89541919999999,ChIJf5cc-VKEf4gRF-lYLgijYQQ,OK,265245,471570213203008
3825.556,35.0854368,-89.89541919999999,ChIJf5cc-VKEf4gRF-lYLgijYQQ,OK,265245,471570213203008
6062.772,35.0614623,-89.8536277,ChIJ4TWJkTWFf4gRbkNZYfkF9Jw,OK,401502,471570213203008
5551.857,35.0854368,-89.89541919999999,ChIJf5cc-VKEf4gRF-lYLgijYQQ,OK,277828,471570213313014
5551.857,35.0854368,-89.89541919999999,ChIJf5cc-VKEf4gRF-lYLgijYQQ,OK,277828,471570213313014
5510.617,35.0612606,-89.88628629999999,ChIJAQ_I1gqFf4gRFrt5yQeAEps,OK,305119,471570213313014
2855.98,35.0333519,-90.02557630000001,ChIJK8z8Ksxi1YcRt8pxxgP2SA4,OK,158162,471570225002001
2855.98,35.0333519,-90.02557630000001,ChIJK8z8Ksxi1YcRt8pxxgP2SA4,OK,158162,471570225002001
2856.074,35.033351,-90.02556199999999,ChIJY7ePKsxi1YcRIP55gZFchMw,OK,158167,471570225002001
2242.435,35.0333519,-90.02557630000001,ChIJK8z8Ksxi1YcRt8pxxgP2SA4,OK,141363,471570225002012
2242.435,35.0333519,-90.02557630000001,ChIJK8z8Ksxi1YcRt8pxxgP2SA4,OK,141363,471570225002012
2242.529,35.033351,-90.02556199999999,ChIJY7ePKsxi1YcRIP55gZFchMw,OK,141368,471570225002012
538.562,35.054745,-90.007971,ChIJXxyyQlt91YcRhldtWgjSnSE,OK,53795,471570220222005
538.562,35.054745,-90.007971,ChIJXxyyQlt91YcRhldtWgjSnSE,OK,53795,471570220222005
970.41,35.05407199999999,-90.00125899999999,ChIJIzdhk1h91YcRZT7cBcBslaM,OK,69834,471570220222005
1585.719,35.0333519,-90.02557630000001,ChIJK8z8Ksxi1YcRt8pxxgP2SA4,OK,95945,471570220242000
1585.719,35.0333519,-90.02557630000001,ChIJK8z8Ksxi1YcRt8pxxgP2SA4,OK,95945,471570220242000
1585.813,35.033351,-90.02556199999999,ChIJY7ePKsxi1YcRIP55gZFchMw,OK,95950,471570220242000
1852.283,35.0333519,-90.02557630000001,ChIJK8z8Ksxi1YcRt8pxxgP2SA4,OK,130117,471570220243002
1852.283,35.0333519,-90.02557630000001,ChIJK8z8Ksxi1YcRt8pxxgP2SA4,OK,130117,471570220243002
1852.377,35.033351,-90.02556199999999,ChIJY7ePKsxi1YcRIP55gZFchMw,OK,130122,471570220243002
1213.003,35.0333519,-90.02557630000001,ChIJK8z8Ksxi1YcRt8pxxgP2SA4,OK,91304,471570220243010
1213.003,35.0333519,-90.02557630000001,ChIJK8z8Ksxi1YcRt8pxxgP2SA4,OK,91304,471570220243010
1213.098,35.033351,-90.02556199999999,ChIJY7ePKsxi1YcRIP55gZFchMw,OK,91309,471570220243010
1272.222,35.054745,-90.007971,ChIJXxyyQlt91YcRhldtWgjSnSE,OK,93734,471570220232012
1272.222,35.054745,-90.007971,ChIJXxyyQlt91YcRhldtWgjSnSE,OK,93734,471570220232012
1837.575,35.05407199999999,-90.00125899999999,ChIJIzdhk1h91YcRZT7cBcBslaM,OK,117167,471570220232012
586.705,35.05407199999999,-90.00125899999999,ChIJIzdhk1h91YcRZT7cBcBslaM,OK,41288,471570220221011
586.705,35.05407199999999,-90.00125899999999,ChIJIzdhk1h91YcRZT7cBcBslaM,OK,41288,471570220221011
1163.915,35.054745,-90.007971,ChIJXxyyQlt91YcRhldtWgjSnSE,OK,81133,471570220221011
1040.521,35.05407199999999,-90.00125899999999,ChIJIzdhk1h91YcRZT7cBcBslaM,OK,121154,471570220224014
1040.521,35.05407199999999,-90.00125899999999,ChIJIzdhk1h91YcRZT7cBcBslaM,OK,121154,471570220224014
1565.295,35.054745,-90.007971,ChIJXxyyQlt91YcRhldtWgjSnSE,OK,144842,471570220224014
1291.705,35.021384,-90.019407,ChIJk8DCu8Bi1YcRUnUQCgCMr-E,OK,104536,471570221112001
1291.705,35.021384,-90.019407,ChIJk8DCu8Bi1YcRUnUQCgCMr-E,OK,104536,471570221112001
1292.044,35.021381,-90.020287,ChIJnVfwxMBi1YcR65EtGsZDcOY,OK,104561,471570221112001
440.66,35.033351,-90.02556199999999,ChIJY7ePKsxi1YcRIP55gZFchMw,OK,45986,471570221111006
440.66,35.033351,-90.02556199999999,ChIJY7ePKsxi1YcRIP55gZFchMw,OK,45986,471570221111006
440.754,35.0333519,-90.02557630000001,ChIJK8z8Ksxi1YcRt8pxxgP2SA4,OK,45991,471570221111006
746.196,35.00495799999999,-90.0276544,ChIJuXbrrfFi1YcR97C4vX-T9Zk,OK,69033,471570221213019
746.196,35.00495799999999,-90.0276544,ChIJuXbrrfFi1YcR97C4vX-T9Zk,OK,69033,471570221213019
1884.064,35.0225458,-90.0257415,ChIJnc94gMRi1YcRKYztFRuX2Yw,OK,121130,471570221213019
4336.674,35.218332,-90.00299799999999,ChIJfRCGEgGA1YcRsZsWP_dycDI,OK,277391,471570099021021
4336.674,35.218332,-90.00299799999999,ChIJfRCGEgGA1YcRsZsWP_dycDI,OK,277391,471570099021021
4544.578,35.21475480000001,-90.00354540000001,ChIJF6XvX_9_1YcRD4jlF4jzevw,OK,289865,471570099021021
5631.467,35.218332,-90.00299799999999,ChIJfRCGEgGA1YcRsZsWP_dycDI,OK,315278,471570099021013
5631.467,35.218332,-90.00299799999999,ChIJfRCGEgGA1YcRsZsWP_dycDI,OK,315278,471570099021013
5191.946,35.21475480000001,-90.00354540000001,ChIJF6XvX_9_1YcRD4jlF4jzevw,OK,324045,471570099021013
4004.166,35.1490317,-90.0140679,ChIJw3q9_xV-1YcRqrte6yBn1CI,OK,256660,471570003001023
4004.166,35.1490317,-90.0140679,ChIJw3q9_xV-1YcRqrte6yBn1CI,OK,256660,471570003001023
4475.111,35.1439641,-90.0517892,ChIJL-0zBZR-1YcRj7p5p1WY4-g,OK,266080,471570003001023
1356.4,35.1439641,-90.0517892,ChIJL-0zBZR-1YcRj7p5p1WY4-g,OK,106322,471570113001036
1356.4,35.1439641,-90.0517892,ChIJL-0zBZR-1YcRj7p5p1WY4-g,OK,106322,471570113001036
1565.316,35.1450994,-90.0538646,ChIJne6_s5V-1YcRn_LPaqiwhrk,OK,111776,471570113001036
4353.478,35.1439641,-90.0517892,ChIJL-0zBZR-1YcRj7p5p1WY4-g,OK,310209,471570113001006
4353.478,35.1439641,-90.0517892,ChIJL-0zBZR-1YcRj7p5p1WY4-g,OK,310209,471570113001006
4384.169,35.1435177,-90.0539328,ChIJ8VFg1pV-1YcRR9G8p0pZx6U,OK,310488,471570113001006
3433.107,35.2337782,-89.9252472,ChIJra3pLkt_f4gRjZbqnHrruIM,OK,233560,471570205213014
3433.107,35.2337782,-89.9252472,ChIJra3pLkt_f4gRjZbqnHrruIM,OK,233560,471570205213014
4285.437,35.222344,-89.97682999999999,ChIJ987Br45_f4gRjwrvnFN8t7k,OK,272517,471570205213014
2881.503,35.2337782,-89.9252472,ChIJra3pLkt_f4gRjZbqnHrruIM,OK,175824,471570205243011
2881.503,35.2337782,-89.9252472,ChIJra3pLkt_f4gRjZbqnHrruIM,OK,175824,471570205243011
4778.834,35.222344,-89.97682999999999,ChIJ987Br45_f4gRjwrvnFN8t7k,OK,286721,471570205243011
10657.061,35.22619459999999,-90.0020167,ChIJvTh1mwiA1YcRLLqD5Uxq8Nc,OK,563726,471570103001016
10657.061,35.22619459999999,-90.0020167,ChIJvTh1mwiA1YcRLLqD5Uxq8Nc,OK,563726,471570103001016
11467.456,35.218332,-90.00299799999999,ChIJfRCGEgGA1YcRsZsWP_dycDI,OK,611193,471570103001016
2523.327,35.2337782,-89.9252472,ChIJra3pLkt_f4gRjZbqnHrruIM,OK,162508,471570205231013
2523.327,35.2337782,-89.9252472,ChIJra3pLkt_f4gRjZbqnHrruIM,OK,162508,471570205231013
5821.428,35.210167,-89.919383,ChIJi0gqlgaCf4gRjUvfmHxGMyw,OK,384550,471570205231013
2720.898,35.220637,-89.892425,ChIJiZ78r4Z4f4gRyy0DWRWI7n0,OK,151495,471570205313022
2720.898,35.220637,-89.892425,ChIJiZ78r4Z4f4gRyy0DWRWI7n0,OK,151495,471570205313022
2679.989,35.223866,-89.90499,ChIJJRXCRJh4f4gRcTFbl9qZzNM,OK,189622,471570205313022
2360.921,35.22619459999999,-90.0020167,ChIJvTh1mwiA1YcRLLqD5Uxq8Nc,OK,136772,471570099013003
2360.921,35.22619459999999,-90.0020167,ChIJvTh1mwiA1YcRLLqD5Uxq8Nc,OK,136772,471570099013003
3171.316,35.218332,-90.00299799999999,ChIJfRCGEgGA1YcRsZsWP_dycDI,OK,184239,471570099013003
2627.793,35.220637,-89.892425,ChIJiZ78r4Z4f4gRyy0DWRWI7n0,OK,146339,471570205323001
2627.793,35.220637,-89.892425,ChIJiZ78r4Z4f4gRyy0DWRWI7n0,OK,146339,471570205323001
2586.884,35.223866,-89.90499,ChIJJRXCRJh4f4gRcTFbl9qZzNM,OK,184466,471570205323001
2685.498,35.2337782,-89.9252472,ChIJra3pLkt_f4gRjZbqnHrruIM,OK,171316,471570205323016
2685.498,35.2337782,-89.9252472,ChIJra3pLkt_f4gRjZbqnHrruIM,OK,171316,471570205323016
3883.56,35.223866,-89.90499,ChIJJRXCRJh4f4gRcTFbl9qZzNM,OK,269149,471570205323016
1045.129,35.2337782,-89.9252472,ChIJra3pLkt_f4gRjZbqnHrruIM,OK,79601,471570205232008
1045.129,35.2337782,-89.9252472,ChIJra3pLkt_f4gRjZbqnHrruIM,OK,79601,471570205232008
4691.941,35.2158947,-89.9151158,ChIJxetq6ad4f4gRD1K1cIBWUQ4,OK,316182,471570205232008
2172.599,35.22619459999999,-90.0020167,ChIJvTh1mwiA1YcRLLqD5Uxq8Nc,OK,127087,471570099013006
2172.599,35.22619459999999,-90.0020167,ChIJvTh1mwiA1YcRLLqD5Uxq8Nc,OK,127087,471570099013006
2982.994,35.218332,-90.00299799999999,ChIJfRCGEgGA1YcRsZsWP_dycDI,OK,174554,471570099013006
1015.51,35.2337782,-89.9252472,ChIJra3pLkt_f4gRjZbqnHrruIM,OK,96374,471570205232007
1015.51,35.2337782,-89.9252472,ChIJra3pLkt_f4gRjZbqnHrruIM,OK,96374,471570205232007
4662.322,35.2158947,-89.9151158,ChIJxetq6ad4f4gRD1K1cIBWUQ4,OK,332955,471570205232007
929.109,35.2337782,-89.9252472,ChIJra3pLkt_f4gRjZbqnHrruIM,OK,86007,471570205232010
929.109,35.2337782,-89.9252472,ChIJra3pLkt_f4gRjZbqnHrruIM,OK,86007,471570205232010
4575.921,35.2158947,-89.9151158,ChIJxetq6ad4f4gRD1K1cIBWUQ4,OK,322588,471570205232010
995.607,35.2337782,-89.9252472,ChIJra3pLkt_f4gRjZbqnHrruIM,OK,93986,471570205232003
995.607,35.2337782,-89.9252472,ChIJra3pLkt_f4gRjZbqnHrruIM,OK,93986,471570205232003
4642.419,35.2158947,-89.9151158,ChIJxetq6ad4f4gRD1K1cIBWUQ4,OK,330567,471570205232003
1872.261,35.22619459999999,-90.0020167,ChIJvTh1mwiA1YcRLLqD5Uxq8Nc,OK,111643,471570099013009
1872.261,35.22619459999999,-90.0020167,ChIJvTh1mwiA1YcRLLqD5Uxq8Nc,OK,111643,471570099013009
2682.656,35.218332,-90.00299799999999,ChIJfRCGEgGA1YcRsZsWP_dycDI,OK,159110,471570099013009
1907.957,35.220637,-89.892425,ChIJiZ78r4Z4f4gRyy0DWRWI7n0,OK,106473,471570205323032
1907.957,35.220637,-89.892425,ChIJiZ78r4Z4f4gRyy0DWRWI7n0,OK,106473,471570205323032
1867.048,35.223866,-89.90499,ChIJJRXCRJh4f4gRcTFbl9qZzNM,OK,144600,471570205323032
2601.008,35.22619459999999,-90.0020167,ChIJvTh1mwiA1YcRLLqD5Uxq8Nc,OK,150490,471570099013011
2601.008,35.22619459999999,-90.0020167,ChIJvTh1mwiA1YcRLLqD5Uxq8Nc,OK,150490,471570099013011
3411.403,35.218332,-90.00299799999999,ChIJfRCGEgGA1YcRsZsWP_dycDI,OK,197957,471570099013011
3457.206,35.22619459999999,-90.0020167,ChIJvTh1mwiA1YcRLLqD5Uxq8Nc,OK,282097,471570099011001
3457.206,35.22619459999999,-90.0020167,ChIJvTh1mwiA1YcRLLqD5Uxq8Nc,OK,282097,471570099011001
4267.601,35.218332,-90.00299799999999,ChIJfRCGEgGA1YcRsZsWP_dycDI,OK,329564,471570099011001
2333.806,35.220637,-89.892425,ChIJiZ78r4Z4f4gRyy0DWRWI7n0,OK,130057,471570205323003
2333.806,35.220637,-89.892425,ChIJiZ78r4Z4f4gRyy0DWRWI7n0,OK,130057,471570205323003
2292.897,35.223866,-89.90499,ChIJJRXCRJh4f4gRcTFbl9qZzNM,OK,168184,471570205323003
2571.542,35.220637,-89.892425,ChIJiZ78r4Z4f4gRyy0DWRWI7n0,OK,239147,471570205324001
2571.542,35.220637,-89.892425,ChIJiZ78r4Z4f4gRyy0DWRWI7n0,OK,239147,471570205324001
3542.297,35.223866,-89.90499,ChIJJRXCRJh4f4gRcTFbl9qZzNM,OK,318093,471570205324001
2066.9,35.220637,-89.892425,ChIJiZ78r4Z4f4gRyy0DWRWI7n0,OK,115275,471570205323004
2066.9,35.220637,-89.892425,ChIJiZ78r4Z4f4gRyy0DWRWI7n0,OK,115275,471570205323004
2025.991,35.223866,-89.90499,ChIJJRXCRJh4f4gRcTFbl9qZzNM,OK,153402,471570205323004
2154.575,35.22619459999999,-90.0020167,ChIJvTh1mwiA1YcRLLqD5Uxq8Nc,OK,136158,471570099011016
2154.575,35.22619459999999,-90.0020167,ChIJvTh1mwiA1YcRLLqD5Uxq8Nc,OK,136158,471570099011016
2964.97,35.218332,-90.00299799999999,ChIJfRCGEgGA1YcRsZsWP_dycDI,OK,183625,471570099011016
2008.772,35.220637,-89.892425,ChIJiZ78r4Z4f4gRyy0DWRWI7n0,OK,118183,471570205323031
2008.772,35.220637,-89.892425,ChIJiZ78r4Z4f4gRyy0DWRWI7n0,OK,118183,471570205323031
1993.485,35.223866,-89.90499,ChIJJRXCRJh4f4gRcTFbl9qZzNM,OK,157107,471570205323031
1585.358,35.22619459999999,-90.0020167,ChIJvTh1mwiA1YcRLLqD5Uxq8Nc,OK,96273,471570099013008
1585.358,35.22619459999999,-90.0020167,ChIJvTh1mwiA1YcRLLqD5Uxq8Nc,OK,96273,471570099013008
2221.154,35.1444038,-90.0168571,ChIJufYEjhR-1YcREff46W6Lons,OK,138490,471570037001006
2252.72,35.13763670000001,-90.00757159999999,ChIJl69WLQV-1YcRU3z7Tt2MyhY,OK,143999,471570037001006
2529.629,35.1444038,-90.0168571,ChIJufYEjhR-1YcREff46W6Lons,OK,155117,471570037001026
2529.629,35.1444038,-90.0168571,ChIJufYEjhR-1YcREff46W6Lons,OK,155117,471570037001026
2801.591,35.1157645,-90.022279,ChIJwZqBNMN91YcRRpdDvj5Pcr8,OK,164393,471570037001026
1044.305,35.1444038,-90.0168571,ChIJufYEjhR-1YcREff46W6Lons,OK,69645,471570024002016
1044.305,35.1444038,-90.0168571,ChIJufYEjhR-1YcREff46W6Lons,OK,69645,471570024002016
1691.989,35.1490317,-90.0140679,ChIJw3q9_xV-1YcRqrte6yBn1CI,OK,103579,471570024002016
966.12,35.1444038,-90.0168571,ChIJufYEjhR-1YcREff46W6Lons,OK,65262,471570024002009
966.12,35.1444038,-90.0168571,ChIJufYEjhR-1YcREff46W6Lons,OK,65262,471570024002009
1613.804,35.1490317,-90.0140679,ChIJw3q9_xV-1YcRqrte6yBn1CI,OK,99196,471570024002009
1115.403,35.2051043,-89.79754849999999,ChIJpRDMlY2df4gRQqHmUo_lzmc,OK,64290,471570211132043
1115.403,35.2051043,-89.79754849999999,ChIJpRDMlY2df4gRQqHmUo_lzmc,OK,64290,471570211132043
1580.373,35.2072684,-89.7827147,ChIJKdJ2xvqdf4gRKLRUePlbOOs,OK,121712,471570211132043
8640.694,35.1444038,-90.0168571,ChIJufYEjhR-1YcREff46W6Lons,OK,434372,471570036002015
8640.694,35.1444038,-90.0168571,ChIJufYEjhR-1YcREff46W6Lons,OK,434372,471570036002015
8672.26,35.13763670000001,-90.00757159999999,ChIJl69WLQV-1YcRU3z7Tt2MyhY,OK,439881,471570036002015
562.446,35.1444038,-90.0168571,ChIJufYEjhR-1YcREff46W6Lons,OK,44411,471570036002002
562.446,35.1444038,-90.0168571,ChIJufYEjhR-1YcREff46W6Lons,OK,44411,471570036002002
1210.13,35.1490317,-90.0140679,ChIJw3q9_xV-1YcRqrte6yBn1CI,OK,78345,471570036002002
3722.772,35.1490317,-90.0140679,ChIJw3q9_xV-1YcRqrte6yBn1CI,OK,195648,471570038001000
3722.772,35.1490317,-90.0140679,ChIJw3q9_xV-1YcRqrte6yBn1CI,OK,195648,471570038001000
4445.01,35.1444038,-90.0168571,ChIJufYEjhR-1YcREff46W6Lons,OK,243001,471570038001000
3723.396,35.1490317,-90.0140679,ChIJw3q9_xV-1YcRqrte6yBn1CI,OK,195676,471570036002004
3723.396,35.1490317,-90.0140679,ChIJw3q9_xV-1YcRqrte6yBn1CI,OK,195676,471570036002004
4445.634,35.1444038,-90.0168571,ChIJufYEjhR-1YcREff46W6Lons,OK,243029,471570036002004
4011.372,35.1490317,-90.0140679,ChIJw3q9_xV-1YcRqrte6yBn1CI,OK,208635,471570036002005
4011.372,35.1490317,-90.0140679,ChIJw3q9_xV-1YcRqrte6yBn1CI,OK,208635,471570036002005
4733.609,35.1444038,-90.0168571,ChIJufYEjhR-1YcREff46W6Lons,OK,255988,471570036002005
8764.967,35.1444038,-90.0168571,ChIJufYEjhR-1YcREff46W6Lons,OK,440763,471570038001023
8764.967,35.1444038,-90.0168571,ChIJufYEjhR-1YcREff46W6Lons,OK,440763,471570038001023
8796.533,35.13763670000001,-90.00757159999999,ChIJl69WLQV-1YcRU3z7Tt2MyhY,OK,446272,471570038001023
1870.527,35.1444038,-90.0168571,ChIJufYEjhR-1YcREff46W6Lons,OK,111062,471570038001017
1870.527,35.1444038,-90.0168571,ChIJufYEjhR-1YcREff46W6Lons,OK,111062,471570038001017
2132.429,35.1490317,-90.0140679,ChIJw3q9_xV-1YcRqrte6yBn1CI,OK,140696,471570038001017
2092.608,35.1444038,-90.0168571,ChIJufYEjhR-1YcREff46W6Lons,OK,124691,471570037001005
2092.608,35.1444038,-90.0168571,ChIJufYEjhR-1YcREff46W6Lons,OK,124691,471570037001005
2124.174,35.13763670000001,-90.00757159999999,ChIJl69WLQV-1YcRU3z7Tt2MyhY,OK,130200,471570037001005
1399.041,35.1444038,-90.0168571,ChIJufYEjhR-1YcREff46W6Lons,JSONDecodeError,92065,471570036002007
1399.041,35.1444038,-90.0168571,ChIJufYEjhR-1YcREff46W6Lons,JSONDecodeError,92065,471570036002007
1851.185,35.1490317,-90.0140679,ChIJw3q9_xV-1YcRqrte6yBn1CI,JSONDecodeError,115171,471570036002007
2265.733,35.1444038,-90.0168571,ChIJufYEjhR-1YcREff46W6Lons,OK,135078,471570037001016
2265.733,35.1444038,-90.0168571,ChIJufYEjhR-1YcREff46W6Lons,OK,135078,471570037001016
2297.299,35.13763670000001,-90.00757159999999,ChIJl69WLQV-1YcRU3z7Tt2MyhY,OK,140587,471570037001016
2434.224,35.1157645,-90.022279,ChIJwZqBNMN91YcRRpdDvj5Pcr8,OK,143747,471570037001023
2460.835,35.1444038,-90.0168571,ChIJufYEjhR-1YcREff46W6Lons,OK,153242,471570037001023
2460.835,35.1444038,-90.0168571,ChIJufYEjhR-1YcREff46W6Lons,OK,153242,471570037001023
1702.357,35.1444038,-90.0168571,ChIJufYEjhR-1YcREff46W6Lons,OK,102489,471570038001025
1702.357,35.1444038,-90.0168571,ChIJufYEjhR-1YcREff46W6Lons,OK,102489,471570038001025
1733.923,35.13763670000001,-90.00757159999999,ChIJl69WLQV-1YcRU3z7Tt2MyhY,OK,107998,471570038001025
2459.557,35.1444038,-90.0168571,ChIJufYEjhR-1YcREff46W6Lons,OK,147565,471570037001024
2459.557,35.1444038,-90.0168571,ChIJufYEjhR-1YcREff46W6Lons,OK,147565,471570037001024
2491.123,35.13763670000001,-90.00757159999999,ChIJl69WLQV-1YcRU3z7Tt2MyhY,OK,153074,471570037001024
592.343,35.1444038,-90.0168571,ChIJufYEjhR-1YcREff46W6Lons,OK,55256,471570036002008
592.343,35.1444038,-90.0168571,ChIJufYEjhR-1YcREff46W6Lons,OK,55256,471570036002008
1236.171,35.1490317,-90.0140679,ChIJw3q9_xV-1YcRqrte6yBn1CI,OK,78761,471570036002008
4476.272,35.1490317,-90.0140679,ChIJw3q9_xV-1YcRqrte6yBn1CI,OK,229555,471570037001003
4476.272,35.1490317,-90.0140679,ChIJw3q9_xV-1YcRqrte6yBn1CI,OK,229555,471570037001003
5198.509,35.1444038,-90.0168571,ChIJufYEjhR-1YcREff46W6Lons,OK,276908,471570037001003
4632.625,35.1490317,-90.0140679,ChIJw3q9_xV-1YcRqrte6yBn1CI,OK,236591,471570037001018
5354.863,35.1444038,-90.0168571,ChIJufYEjhR-1YcREff46W6Lons,OK,283944,471570037001018
5354.863,35.1444038,-90.0168571,ChIJufYEjhR-1YcREff46W6Lons,OK,283944,471570037001018
1754.201,35.1444038,-90.0168571,ChIJufYEjhR-1YcREff46W6Lons,OK,125797,471570037001001
1754.201,35.1444038,-90.0168571,ChIJufYEjhR-1YcREff46W6Lons,OK,125797,471570037001001
1785.767,35.13763670000001,-90.00757159999999,ChIJl69WLQV-1YcRU3z7Tt2MyhY,OK,131306,471570037001001
5539.179,35.1444038,-90.0168571,ChIJufYEjhR-1YcREff46W6Lons,OK,292238,471570037001034
5539.179,35.1444038,-90.0168571,ChIJufYEjhR-1YcREff46W6Lons,OK,292238,471570037001034
6487.812,35.13763670000001,-90.00757159999999,ChIJl69WLQV-1YcRU3z7Tt2MyhY,OK,346673,471570037001034
6758.512,35.086634,-89.96355199999999,ChIJW0XU3AGHf4gRINnmxvx9m5A,OK,316023,471579801001007
6758.512,35.086634,-89.96355199999999,ChIJW0XU3AGHf4gRINnmxvx9m5A,OK,316023,471579801001007
2826.825,35.02379430000001,-89.96377079999999,ChIJDVntamKIf4gRlF5S6rdAlgc,OK,202172,471570219004020
2826.825,35.02379430000001,-89.96377079999999,ChIJDVntamKIf4gRlF5S6rdAlgc,OK,202172,471570219004020
3409.49,35.02099699999999,-89.93544,ChIJW6hY3LmIf4gRWjIeu9tMgvU,OK,232955,471570219004020
3268.254,35.015991,-89.935953,ChIJSSHzkseIf4gRnqbOP98HojY,OK,210429,471570219004016
3268.254,35.015991,-89.935953,ChIJSSHzkseIf4gRnqbOP98HojY,OK,210429,471570219004016
3333.93,35.02379430000001,-89.96377079999999,ChIJDVntamKIf4gRlF5S6rdAlgc,OK,215563,471570219004016
1691.551,35.015991,-89.935953,ChIJSSHzkseIf4gRnqbOP98HojY,OK,133662,471570219002016
1691.551,35.015991,-89.935953,ChIJSSHzkseIf4gRnqbOP98HojY,OK,133662,471570219002016
2342.309,35.02099699999999,-89.93544,ChIJW6hY3LmIf4gRWjIeu9tMgvU,OK,169701,471570219002016
1513.512,35.02099699999999,-89.93544,ChIJW6hY3LmIf4gRWjIeu9tMgvU,OK,118610,471570219003007
1513.512,35.02099699999999,-89.93544,ChIJW6hY3LmIf4gRWjIeu9tMgvU,OK,118610,471570219003007
1981.87,35.02379430000001,-89.96377079999999,ChIJDVntamKIf4gRlF5S6rdAlgc,OK,137904,471570219003007
1913.357,35.02379430000001,-89.96377079999999,ChIJDVntamKIf4gRlF5S6rdAlgc,OK,127706,471570219003008
1913.357,35.02379430000001,-89.96377079999999,ChIJDVntamKIf4gRlF5S6rdAlgc,OK,127706,471570219003008
1842.19,35.02099699999999,-89.93544,ChIJW6hY3LmIf4gRWjIeu9tMgvU,OK,134763,471570219003008
2012.886,35.02379430000001,-89.96377079999999,ChIJDVntamKIf4gRlF5S6rdAlgc,OK,139647,471570219003006
2012.886,35.02379430000001,-89.96377079999999,ChIJDVntamKIf4gRlF5S6rdAlgc,OK,139647,471570219003006
1923.976,35.02099699999999,-89.93544,ChIJW6hY3LmIf4gRWjIeu9tMgvU,OK,144577,471570219003006
2311.749,35.02379430000001,-89.96377079999999,ChIJDVntamKIf4gRlF5S6rdAlgc,OK,159537,471570219002013
2894.414,35.02099699999999,-89.93544,ChIJW6hY3LmIf4gRWjIeu9tMgvU,OK,190320,471570219002013
2894.414,35.02099699999999,-89.93544,ChIJW6hY3LmIf4gRWjIeu9tMgvU,OK,190320,471570219002013
2409.338,35.02379430000001,-89.96377079999999,ChIJDVntamKIf4gRlF5S6rdAlgc,OK,152076,471570219002009
2409.338,35.02379430000001,-89.96377079999999,ChIJDVntamKIf4gRlF5S6rdAlgc,OK,152076,471570219002009
2992.003,35.02099699999999,-89.93544,ChIJW6hY3LmIf4gRWjIeu9tMgvU,OK,182859,471570219002009
2706.927,35.02379430000001,-89.96377079999999,ChIJDVntamKIf4gRlF5S6rdAlgc,OK,206956,471570219002010
3289.592,35.02099699999999,-89.93544,ChIJW6hY3LmIf4gRWjIeu9tMgvU,OK,237739,471570219002010
3289.592,35.02099699999999,-89.93544,ChIJW6hY3LmIf4gRWjIeu9tMgvU,OK,237739,471570219002010
2054.402,35.02379430000001,-89.96377079999999,ChIJDVntamKIf4gRlF5S6rdAlgc,OK,128656,471570219003011
2054.402,35.02379430000001,-89.96377079999999,ChIJDVntamKIf4gRlF5S6rdAlgc,OK,128656,471570219003011
2637.067,35.02099699999999,-89.93544,ChIJW6hY3LmIf4gRWjIeu9tMgvU,OK,159439,471570219003011
2825.843,35.02379430000001,-89.96377079999999,ChIJDVntamKIf4gRlF5S6rdAlgc,OK,221224,471570219002006
3408.508,35.02099699999999,-89.93544,ChIJW6hY3LmIf4gRWjIeu9tMgvU,OK,252007,471570219002006
3408.508,35.02099699999999,-89.93544,ChIJW6hY3LmIf4gRWjIeu9tMgvU,OK,252007,471570219002006
661.012,35.125222,-90.048147,ChIJ9cKdtid81YcRKs9h6RjzQzw,OK,47234,471570114001064
661.012,35.125222,-90.048147,ChIJ9cKdtid81YcRKs9h6RjzQzw,OK,47234,471570114001064
662.826,35.1251709,-90.0481695,ChIJybIJtCd81YcR9Otxws-5qCM,OK,47334,471570114001064
591.273,35.125222,-90.048147,ChIJ9cKdtid81YcRKs9h6RjzQzw,OK,38866,471570114001063
591.273,35.125222,-90.048147,ChIJ9cKdtid81YcRKs9h6RjzQzw,OK,38866,471570114001063
593.087,35.1251709,-90.0481695,ChIJybIJtCd81YcR9Otxws-5qCM,OK,38966,471570114001063
619.003,35.1251709,-90.0481695,ChIJybIJtCd81YcR9Otxws-5qCM,OK,71291,471570050001020
619.003,35.1251709,-90.0481695,ChIJybIJtCd81YcR9Otxws-5qCM,OK,71291,471570050001020
620.817,35.125222,-90.048147,ChIJ9cKdtid81YcRKs9h6RjzQzw,OK,71392,471570050001020
522.279,35.1251709,-90.0481695,ChIJybIJtCd81YcR9Otxws-5qCM,OK,54482,471570050001015
522.279,35.1251709,-90.0481695,ChIJybIJtCd81YcR9Otxws-5qCM,OK,54482,471570050001015
524.093,35.125222,-90.048147,ChIJ9cKdtid81YcRKs9h6RjzQzw,OK,54583,471570050001015
46.105,35.125222,-90.048147,ChIJ9cKdtid81YcRKs9h6RjzQzw,OK,2553,471570050001005
46.105,35.125222,-90.048147,ChIJ9cKdtid81YcRKs9h6RjzQzw,OK,2553,471570050001005
47.92,35.1251709,-90.0481695,ChIJybIJtCd81YcR9Otxws-5qCM,OK,2654,471570050001005
186.018,35.1251709,-90.0481695,ChIJybIJtCd81YcR9Otxws-5qCM,OK,21703,471570050001013
186.018,35.1251709,-90.0481695,ChIJybIJtCd81YcR9Otxws-5qCM,OK,21703,471570050001013
187.833,35.125222,-90.048147,ChIJ9cKdtid81YcRKs9h6RjzQzw,OK,21804,471570050001013
405.653,35.1251709,-90.0481695,ChIJybIJtCd81YcR9Otxws-5qCM,OK,48059,471570050001014
405.653,35.1251709,-90.0481695,ChIJybIJtCd81YcR9Otxws-5qCM,OK,48059,471570050001014
407.467,35.125222,-90.048147,ChIJ9cKdtid81YcRKs9h6RjzQzw,OK,48160,471570050001014
1226.591,35.1439641,-90.0517892,ChIJL-0zBZR-1YcRj7p5p1WY4-g,OK,75179,471570114003004
1226.591,35.1439641,-90.0517892,ChIJL-0zBZR-1YcRj7p5p1WY4-g,OK,75179,471570114003004
1257.281,35.1435177,-90.0539328,ChIJ8VFg1pV-1YcRR9G8p0pZx6U,OK,75458,471570114003004
1772.219,35.1439641,-90.0517892,ChIJL-0zBZR-1YcRj7p5p1WY4-g,OK,112602,471570039001008
1772.219,35.1439641,-90.0517892,ChIJL-0zBZR-1YcRj7p5p1WY4-g,OK,112602,471570039001008
1802.91,35.1435177,-90.0539328,ChIJ8VFg1pV-1YcRR9G8p0pZx6U,OK,112881,471570039001008
2079.911,35.1444038,-90.0168571,ChIJufYEjhR-1YcREff46W6Lons,OK,145065,471570113001092
2079.911,35.1444038,-90.0168571,ChIJufYEjhR-1YcREff46W6Lons,OK,145065,471570113001092
2960.707,35.1439641,-90.0517892,ChIJL-0zBZR-1YcRj7p5p1WY4-g,OK,186943,471570113001092
2090.368,35.1444038,-90.0168571,ChIJufYEjhR-1YcREff46W6Lons,OK,145818,471570113001091
2090.368,35.1444038,-90.0168571,ChIJufYEjhR-1YcREff46W6Lons,OK,145818,471570113001091
1095.416,35.093158,-89.93038,ChIJU1HLuoSGf4gRK5KIVLXtvbU,OK,131446,471570118002012
1095.416,35.093158,-89.93038,ChIJU1HLuoSGf4gRK5KIVLXtvbU,OK,131446,471570118002012
1383.077,35.0878609,-89.931612,ChIJ78kLm4aGf4gRhPZ5eF_7ojg,OK,150403,471570118002012
1159.178,35.0878609,-89.931612,ChIJ78kLm4aGf4gRhPZ5eF_7ojg,OK,73938,471570097001014
1159.178,35.0878609,-89.931612,ChIJ78kLm4aGf4gRhPZ5eF_7ojg,OK,73938,471570097001014
2954.792,35.0757114,-89.9271675,ChIJ-d7FIHmGf4gR6Aa1VQWm0ps,OK,182194,471570097001014
999.091,35.0960067,-89.93138279999999,ChIJFfDYDZuGf4gR5IbqhV7MTAo,OK,115899,471570118002008
1115.212,35.0971,-89.9305344,ChIJRd53mZuGf4gRp0fETcD5Y3I,OK,120532,471570118002008
1115.212,35.0971,-89.9305344,ChIJRd53mZuGf4gRp0fETcD5Y3I,OK,120532,471570118002008
1288.751,35.0878609,-89.931612,ChIJ78kLm4aGf4gRhPZ5eF_7ojg,OK,139084,471570118003001
1288.751,35.0878609,-89.931612,ChIJ78kLm4aGf4gRhPZ5eF_7ojg,OK,139084,471570118003001
1365.198,35.093158,-89.93038,ChIJU1HLuoSGf4gRK5KIVLXtvbU,OK,145151,471570118003001
1259.17,35.093158,-89.93038,ChIJU1HLuoSGf4gRK5KIVLXtvbU,OK,151098,471570118002006
1259.17,35.093158,-89.93038,ChIJU1HLuoSGf4gRK5KIVLXtvbU,OK,151098,471570118002006
1321.7,35.0960067,-89.93138279999999,ChIJFfDYDZuGf4gR5IbqhV7MTAo,OK,154611,471570118002006
1335.344,35.0878609,-89.931612,ChIJ78kLm4aGf4gRhPZ5eF_7ojg,OK,95078,471570097001015
3130.958,35.0757114,-89.9271675,ChIJ-d7FIHmGf4gR6Aa1VQWm0ps,OK,203334,471570097001015
3130.958,35.0757114,-89.9271675,ChIJ-d7FIHmGf4gR6Aa1VQWm0ps,OK,203334,471570097001015
1220.678,35.0878609,-89.931612,ChIJ78kLm4aGf4gRhPZ5eF_7ojg,OK,76544,471570097001013
3016.292,35.0757114,-89.9271675,ChIJ-d7FIHmGf4gR6Aa1VQWm0ps,OK,184800,471570097001013
3016.292,35.0757114,-89.9271675,ChIJ-d7FIHmGf4gR6Aa1VQWm0ps,OK,184800,471570097001013
1125.956,35.0878609,-89.931612,ChIJ78kLm4aGf4gRhPZ5eF_7ojg,OK,103988,471570118003017
1125.956,35.0878609,-89.931612,ChIJ78kLm4aGf4gRhPZ5eF_7ojg,OK,103988,471570118003017
2132.942,35.0757114,-89.9271675,ChIJ-d7FIHmGf4gR6Aa1VQWm0ps,OK,164930,471570118003017
1273.498,35.0878609,-89.931612,ChIJ78kLm4aGf4gRhPZ5eF_7ojg,OK,121693,471570118003016
1273.498,35.0878609,-89.931612,ChIJ78kLm4aGf4gRhPZ5eF_7ojg,OK,121693,471570118003016
2280.484,35.0757114,-89.9271675,ChIJ-d7FIHmGf4gR6Aa1VQWm0ps,OK,182635,471570118003016
1102.958,35.1060329,-90.039159,ChIJ231bcjV81YcRQ1quDeYAd6M,OK,80945,471570057001055
1102.958,35.1060329,-90.039159,ChIJ231bcjV81YcRQ1quDeYAd6M,OK,80945,471570057001055
2614.839,35.098685,-90.05664899999999,ChIJ31qwBkJ81YcRk2V5pdmdhrM,OK,159054,471570057001055
427.506,35.0745932,-89.9204618,ChIJPX58KNGFf4gRLgBWAHPwusk,OK,37229,471570106101020
427.506,35.0745932,-89.9204618,ChIJPX58KNGFf4gRLgBWAHPwusk,OK,37229,471570106101020
689.678,35.0757114,-89.9271675,ChIJ-d7FIHmGf4gR6Aa1VQWm0ps,OK,58278,471570106101020
1538.235,35.0878609,-89.931612,ChIJ78kLm4aGf4gRhPZ5eF_7ojg,OK,136012,471570118003015
2552.66,35.0757114,-89.9271675,ChIJ-d7FIHmGf4gR6Aa1VQWm0ps,OK,215295,471570118003015
2552.66,35.0757114,-89.9271675,ChIJ-d7FIHmGf4gR6Aa1VQWm0ps,OK,215295,471570118003015
2756.742,35.0757114,-89.9271675,ChIJ-d7FIHmGf4gR6Aa1VQWm0ps,OK,141605,471570097001025
3350.547,35.0745932,-89.9204618,ChIJPX58KNGFf4gRLgBWAHPwusk,OK,175697,471570097001025
3350.547,35.0745932,-89.9204618,ChIJPX58KNGFf4gRLgBWAHPwusk,OK,175697,471570097001025
1499.172,35.0757114,-89.9271675,ChIJ-d7FIHmGf4gR6Aa1VQWm0ps,OK,98977,471570106102011
1499.172,35.0757114,-89.9271675,ChIJ-d7FIHmGf4gR6Aa1VQWm0ps,OK,98977,471570106102011
1687.556,35.06591589999999,-89.94154240000002,ChIJTUcfL2qGf4gRH4x-pmmajWw,OK,119922,471570106102011
1548.564,35.0757114,-89.9271675,ChIJ-d7FIHmGf4gR6Aa1VQWm0ps,OK,104904,471570105002001
1548.564,35.0757114,-89.9271675,ChIJ-d7FIHmGf4gR6Aa1VQWm0ps,OK,104904,471570105002001
1875.65,35.05905920000001,-89.9340455,ChIJM89Mbw2Gf4gRFqf4fPnKU7k,OK,130317,471570105002001
756.16,35.0757114,-89.9271675,ChIJ-d7FIHmGf4gR6Aa1VQWm0ps,OK,80293,471570106102001
756.16,35.0757114,-89.9271675,ChIJ-d7FIHmGf4gR6Aa1VQWm0ps,OK,80293,471570106102001
937.08,35.0745932,-89.9204618,ChIJPX58KNGFf4gRLgBWAHPwusk,OK,93165,471570106102001
632.622,35.0757114,-89.9271675,ChIJ-d7FIHmGf4gR6Aa1VQWm0ps,OK,74605,471570106101026
632.622,35.0757114,-89.9271675,ChIJ-d7FIHmGf4gR6Aa1VQWm0ps,OK,74605,471570106101026
1284.045,35.0745932,-89.9204618,ChIJPX58KNGFf4gRLgBWAHPwusk,OK,115611,471570106101026
930.331,35.0757114,-89.9271675,ChIJ-d7FIHmGf4gR6Aa1VQWm0ps,OK,101192,471570106102004
930.331,35.0757114,-89.9271675,ChIJ-d7FIHmGf4gR6Aa1VQWm0ps,OK,101192,471570106102004
1090.511,35.0745932,-89.9204618,ChIJPX58KNGFf4gRLgBWAHPwusk,OK,103293,471570106102004
1663.67,35.0757114,-89.9271675,ChIJ-d7FIHmGf4gR6Aa1VQWm0ps,OK,118715,471570106102003
1663.67,35.0757114,-89.9271675,ChIJ-d7FIHmGf4gR6Aa1VQWm0ps,OK,118715,471570106102003
1605.88,35.0745932,-89.9204618,ChIJPX58KNGFf4gRLgBWAHPwusk,OK,123251,471570106102003
1570.945,35.0878609,-89.931612,ChIJ78kLm4aGf4gRhPZ5eF_7ojg,OK,118575,471570097001018
2608.573,35.0757114,-89.9271675,ChIJ-d7FIHmGf4gR6Aa1VQWm0ps,OK,222005,471570097001018
2608.573,35.0757114,-89.9271675,ChIJ-d7FIHmGf4gR6Aa1VQWm0ps,OK,222005,471570097001018
1254.516,35.0745932,-89.9204618,ChIJPX58KNGFf4gRLgBWAHPwusk,OK,75269,471570106101034
1593.91,35.062945,-89.90568519999999,ChIJjxj9mL-Ff4gRoOEx9OzDyxs,OK,90664,471570106101034
1593.91,35.062945,-89.90568519999999,ChIJjxj9mL-Ff4gRoOEx9OzDyxs,OK,90664,471570106101034
570.449,35.0745932,-89.9204618,ChIJPX58KNGFf4gRLgBWAHPwusk,OK,49170,471570106102000
570.449,35.0745932,-89.9204618,ChIJPX58KNGFf4gRLgBWAHPwusk,OK,49170,471570106102000
776.782,35.0757114,-89.9271675,ChIJ-d7FIHmGf4gR6Aa1VQWm0ps,OK,82768,471570106102000
1946.467,35.0971,-89.9305344,ChIJRd53mZuGf4gRp0fETcD5Y3I,OK,120183,471570093002015
1946.467,35.0971,-89.9305344,ChIJRd53mZuGf4gRp0fETcD5Y3I,OK,120183,471570093002015
2140.398,35.0960067,-89.93138279999999,ChIJFfDYDZuGf4gR5IbqhV7MTAo,OK,134152,471570093002015
2902.386,35.0614623,-89.8536277,ChIJ4TWJkTWFf4gRbkNZYfkF9Jw,OK,193584,471570213332027
2902.386,35.0614623,-89.8536277,ChIJ4TWJkTWFf4gRbkNZYfkF9Jw,OK,193584,471570213332027
2987.158,35.0512763,-89.8427476,ChIJ7VPJ3q-af4gRdxERIyaZ0gk,OK,199772,471570213332027
2915.917,35.0614623,-89.8536277,ChIJ4TWJkTWFf4gRbkNZYfkF9Jw,OK,186440,471570213331013
3000.688,35.0512763,-89.8427476,ChIJ7VPJ3q-af4gRdxERIyaZ0gk,OK,192628,471570213331013
3000.688,35.0512763,-89.8427476,ChIJ7VPJ3q-af4gRdxERIyaZ0gk,OK,192628,471570213331013
1595.896,35.062945,-89.90568519999999,ChIJjxj9mL-Ff4gRoOEx9OzDyxs,OK,104974,471570107103011
1595.896,35.062945,-89.90568519999999,ChIJjxj9mL-Ff4gRoOEx9OzDyxs,OK,104974,471570107103011
1582.258,35.063996,-89.90690699999999,ChIJn51vcb-Ff4gRvoXU4r8swrw,OK,119124,471570107103011
2306.032,35.0614623,-89.8536277,ChIJ4TWJkTWFf4gRbkNZYfkF9Jw,OK,172367,471570217211001
2306.032,35.0614623,-89.8536277,ChIJ4TWJkTWFf4gRbkNZYfkF9Jw,OK,172367,471570217211001
3108.816,35.050596,-89.869556,ChIJQ4vLA2iFf4gRyyCo3ihKH44,OK,221172,471570217211001
4449.397,35.051879,-89.95322299999999,ChIJtbdkhjqGf4gRndtG1KtFnTA,OK,356245,471579801001041
4927.68,35.086634,-89.96355199999999,ChIJW0XU3AGHf4gRINnmxvx9m5A,OK,376287,471579801001041
4927.68,35.086634,-89.96355199999999,ChIJW0XU3AGHf4gRINnmxvx9m5A,OK,376287,471579801001041
11300.632,35.02753099999999,-90.082077,ChIJK66rdetk1YcRwwxI9gDREks,OK,953558,471579803001005
13021.059,34.999309,-90.118577,ChIJ9TRIjgZl1YcR3fm2jM14AHY,OK,1049527,471579803001005
13021.059,34.999309,-90.118577,ChIJ9TRIjgZl1YcR3fm2jM14AHY,OK,1049527,471579803001005
1744.039,35.0614623,-89.8536277,ChIJ4TWJkTWFf4gRbkNZYfkF9Jw,OK,110523,471570213311032
1744.039,35.0614623,-89.8536277,ChIJ4TWJkTWFf4gRbkNZYfkF9Jw,OK,110523,471570213311032
1828.81,35.0512763,-89.8427476,ChIJ7VPJ3q-af4gRdxERIyaZ0gk,OK,116711,471570213311032
1438.344,35.0614623,-89.8536277,ChIJ4TWJkTWFf4gRbkNZYfkF9Jw,OK,107871,471570217253006
1438.344,35.0614623,-89.8536277,ChIJ4TWJkTWFf4gRbkNZYfkF9Jw,OK,107871,471570217253006
2288.65,35.0493493,-89.855357,ChIJH2Nw4lGFf4gRq0vxk4n5iAE,OK,156365,471570217253006
4932.445,35.086634,-89.96355199999999,ChIJW0XU3AGHf4gRINnmxvx9m5A,OK,376858,471579801001038
4932.445,35.086634,-89.96355199999999,ChIJW0XU3AGHf4gRINnmxvx9m5A,OK,376858,471579801001038
5406.988,35.0904795,-89.96597299999999,ChIJHfaNmAOHf4gR1d8V2K9rfSU,OK,403139,471579801001038
2491.972,35.05407199999999,-90.00125899999999,ChIJIzdhk1h91YcRZT7cBcBslaM,OK,146788,471579801001105
2491.972,35.05407199999999,-90.00125899999999,ChIJIzdhk1h91YcRZT7cBcBslaM,OK,146788,471579801001105
2895.371,35.0643218,-89.9923063,ChIJb3DQuo2Hf4gRC8UI6d4pa68,OK,189059,471579801001105
11680.537,35.02753099999999,-90.082077,ChIJK66rdetk1YcRwwxI9gDREks,OK,938203,471579803001035
13400.964,34.999309,-90.118577,ChIJ9TRIjgZl1YcR3fm2jM14AHY,OK,1034172,471579803001035
13400.964,34.999309,-90.118577,ChIJ9TRIjgZl1YcR3fm2jM14AHY,OK,1034172,471579803001035
2521.332,35.0614623,-89.8536277,ChIJ4TWJkTWFf4gRbkNZYfkF9Jw,OK,175280,471570217211002
2686.836,35.050596,-89.869556,ChIJQ4vLA2iFf4gRyyCo3ihKH44,OK,176021,471570217211002
2686.836,35.050596,-89.869556,ChIJQ4vLA2iFf4gRyyCo3ihKH44,OK,176021,471570217211002
2674.407,35.0614623,-89.8536277,ChIJ4TWJkTWFf4gRbkNZYfkF9Jw,OK,168214,471570213332019
2759.179,35.0512763,-89.8427476,ChIJ7VPJ3q-af4gRdxERIyaZ0gk,OK,174402,471570213332019
2759.179,35.0512763,-89.8427476,ChIJ7VPJ3q-af4gRdxERIyaZ0gk,OK,174402,471570213332019
1242.126,35.0612606,-89.88628629999999,ChIJAQ_I1gqFf4gRFrt5yQeAEps,OK,85642,471570107201009
1242.126,35.0612606,-89.88628629999999,ChIJAQ_I1gqFf4gRFrt5yQeAEps,OK,85642,471570107201009
1378.07,35.0632829,-89.88727279999999,ChIJvVoQ4QqFf4gRItXZGUDZ-Hc,OK,111654,471570107201009
3250.618,35.0512763,-89.8427476,ChIJ7VPJ3q-af4gRdxERIyaZ0gk,OK,222617,471570213331011
3250.618,35.0512763,-89.8427476,ChIJ7VPJ3q-af4gRdxERIyaZ0gk,OK,222617,471570213331011
3632.81,35.049031,-89.841437,ChIJt6vl46-af4gRvoN8Yvkmx9A,OK,233659,471570213331011
11554.071,35.02753099999999,-90.082077,ChIJK66rdetk1YcRwwxI9gDREks,OK,914910,471579803001031
13274.498,34.999309,-90.118577,ChIJ9TRIjgZl1YcR3fm2jM14AHY,OK,1010879,471579803001031
13274.498,34.999309,-90.118577,ChIJ9TRIjgZl1YcR3fm2jM14AHY,OK,1010879,471579803001031
2422.581,35.0614623,-89.8536277,ChIJ4TWJkTWFf4gRbkNZYfkF9Jw,OK,150084,471570213332025
2422.581,35.0614623,-89.8536277,ChIJ4TWJkTWFf4gRbkNZYfkF9Jw,OK,150084,471570213332025
2507.352,35.0512763,-89.8427476,ChIJ7VPJ3q-af4gRdxERIyaZ0gk,OK,156272,471570213332025
3487.283,35.0493563,-89.83813929999999,ChIJjRQNzqSaf4gRxmNqB0YAYGM,OK,205902,471570213331014
3487.283,35.0493563,-89.83813929999999,ChIJjRQNzqSaf4gRxmNqB0YAYGM,OK,205902,471570213331014
3261.272,35.0512763,-89.8427476,ChIJ7VPJ3q-af4gRdxERIyaZ0gk,OK,208851,471570213331014
2279.946,35.0614623,-89.8536277,ChIJ4TWJkTWFf4gRbkNZYfkF9Jw,OK,144241,471570213342018
2279.946,35.0614623,-89.8536277,ChIJ4TWJkTWFf4gRbkNZYfkF9Jw,OK,144241,471570213342018
2364.717,35.0512763,-89.8427476,ChIJ7VPJ3q-af4gRdxERIyaZ0gk,OK,150429,471570213342018
1851.167,35.0614623,-89.8536277,ChIJ4TWJkTWFf4gRbkNZYfkF9Jw,OK,116509,471570213311033
1851.167,35.0614623,-89.8536277,ChIJ4TWJkTWFf4gRbkNZYfkF9Jw,OK,116509,471570213311033
1935.939,35.0512763,-89.8427476,ChIJ7VPJ3q-af4gRdxERIyaZ0gk,OK,122697,471570213311033
2556.913,35.0614623,-89.8536277,ChIJ4TWJkTWFf4gRbkNZYfkF9Jw,OK,159755,471570213332023
2556.913,35.0614623,-89.8536277,ChIJ4TWJkTWFf4gRbkNZYfkF9Jw,OK,159755,471570213332023
2641.684,35.0512763,-89.8427476,ChIJ7VPJ3q-af4gRdxERIyaZ0gk,OK,165943,471570213332023
4595.028,35.0512763,-89.8427476,ChIJ7VPJ3q-af4gRdxERIyaZ0gk,OK,248993,471570213311024
4595.028,35.0512763,-89.8427476,ChIJ7VPJ3q-af4gRdxERIyaZ0gk,OK,248993,471570213311024
5217.023,35.0501932,-89.8529489,ChIJJ3DCd1KFf4gRBb2DFEnzV7w,OK,276694,471570213311024
953.179,35.0745932,-89.9204618,ChIJPX58KNGFf4gRLgBWAHPwusk,OK,67079,471570106103001
953.179,35.0745932,-89.9204618,ChIJPX58KNGFf4gRLgBWAHPwusk,OK,67079,471570106103001
1911.658,35.0333519,-90.02557630000001,ChIJK8z8Ksxi1YcRt8pxxgP2SA4,OK,134417,471570220241023
1911.658,35.0333519,-90.02557630000001,ChIJK8z8Ksxi1YcRt8pxxgP2SA4,OK,134417,471570220241023
1911.753,35.033351,-90.02556199999999,ChIJY7ePKsxi1YcRIP55gZFchMw,OK,134422,471570220241023
1653.71,35.054745,-90.007971,ChIJXxyyQlt91YcRhldtWgjSnSE,OK,116291,471570220241009
1653.71,35.054745,-90.007971,ChIJXxyyQlt91YcRhldtWgjSnSE,OK,116291,471570220241009
2085.558,35.05407199999999,-90.00125899999999,ChIJIzdhk1h91YcRZT7cBcBslaM,OK,132330,471570220241009
1912.875,35.033351,-90.02556199999999,ChIJY7ePKsxi1YcRIP55gZFchMw,OK,145965,471570221111000
1912.875,35.033351,-90.02556199999999,ChIJY7ePKsxi1YcRIP55gZFchMw,OK,145965,471570221111000
1912.969,35.0333519,-90.02557630000001,ChIJK8z8Ksxi1YcRt8pxxgP2SA4,OK,145970,471570221111000
1805.519,35.14859919999999,-89.91828060000002,ChIJRflgf-eDf4gRHX_XNYKER-s,OK,140127,471570086002015
1805.519,35.14859919999999,-89.91828060000002,ChIJRflgf-eDf4gRHX_XNYKER-s,OK,140127,471570086002015
3132.884,35.1489345,-89.89838259999999,ChIJaTBvX72Df4gRiyFT0LQMnrQ,OK,217566,471570086002015
1531.513,35.0643218,-89.9923063,ChIJb3DQuo2Hf4gRC8UI6d4pa68,OK,102901,471579801001055
1531.513,35.0643218,-89.9923063,ChIJb3DQuo2Hf4gRC8UI6d4pa68,OK,102901,471579801001055
3047.263,35.05407199999999,-90.00125899999999,ChIJIzdhk1h91YcRZT7cBcBslaM,OK,160835,471579801001055
1675.89,35.14859919999999,-89.91828060000002,ChIJRflgf-eDf4gRHX_XNYKER-s,OK,124573,471570086003029
1675.89,35.14859919999999,-89.91828060000002,ChIJRflgf-eDf4gRHX_XNYKER-s,OK,124573,471570086003029
2259.578,35.1489345,-89.89838259999999,ChIJaTBvX72Df4gRiyFT0LQMnrQ,OK,152748,471570086003029
2248.018,35.14859919999999,-89.91828060000002,ChIJRflgf-eDf4gRHX_XNYKER-s,OK,159068,471570086002009
2248.018,35.14859919999999,-89.91828060000002,ChIJRflgf-eDf4gRHX_XNYKER-s,OK,159068,471570086002009
2816.413,35.1489345,-89.89838259999999,ChIJaTBvX72Df4gRiyFT0LQMnrQ,OK,183287,471570086002009
1161.539,35.1489345,-89.89838259999999,ChIJaTBvX72Df4gRiyFT0LQMnrQ,OK,68212,471570086003011
1161.539,35.1489345,-89.89838259999999,ChIJaTBvX72Df4gRiyFT0LQMnrQ,OK,68212,471570086003011
1242.085,35.148225,-89.89748700000001,ChIJC8t095eDf4gRGuXK3FleZyg,OK,73045,471570086003011
1154.747,35.1145886,-89.90089789999999,ChIJKWmlFW6Ef4gR0YNISWQMkss,OK,71627,471570085001023
1154.747,35.1145886,-89.90089789999999,ChIJKWmlFW6Ef4gR0YNISWQMkss,OK,71627,471570085001023
1972.515,35.1153996,-89.89414069999999,ChIJCb4NOWWEf4gR79YlPQoocW4,OK,127860,471570085001023
1803.008,35.1145886,-89.90089789999999,ChIJKWmlFW6Ef4gR0YNISWQMkss,OK,117941,471570085001036
1803.008,35.1145886,-89.90089789999999,ChIJKWmlFW6Ef4gR0YNISWQMkss,OK,117941,471570085001036
2620.776,35.1153996,-89.89414069999999,ChIJCb4NOWWEf4gR79YlPQoocW4,OK,174174,471570085001036
1692.697,35.109859,-89.99141100000001,ChIJs6JbpFyHf4gR9O01gG0a7fQ,OK,98619,471570063002006
1692.697,35.109859,-89.99141100000001,ChIJs6JbpFyHf4gR9O01gG0a7fQ,OK,98619,471570063002006
1991.837,35.1157645,-90.022279,ChIJwZqBNMN91YcRRpdDvj5Pcr8,OK,141948,471570063002006
1584.153,35.1157645,-90.022279,ChIJwZqBNMN91YcRRpdDvj5Pcr8,OK,101019,471570062001024
1584.153,35.1157645,-90.022279,ChIJwZqBNMN91YcRRpdDvj5Pcr8,OK,101019,471570062001024
1700.556,35.109859,-89.99141100000001,ChIJs6JbpFyHf4gR9O01gG0a7fQ,OK,102168,471570062001024
1155.316,35.109859,-89.99141100000001,ChIJs6JbpFyHf4gR9O01gG0a7fQ,OK,85665,471570064001023
1155.316,35.109859,-89.99141100000001,ChIJs6JbpFyHf4gR9O01gG0a7fQ,OK,85665,471570064001023
1957.376,35.107529,-89.9862127,ChIJ0WGfSUKHf4gRjDLrfGQwCV4,OK,136546,471570064001023
1532.269,35.109859,-89.99141100000001,ChIJs6JbpFyHf4gR9O01gG0a7fQ,OK,115973,471570063001015
1532.269,35.109859,-89.99141100000001,ChIJs6JbpFyHf4gR9O01gG0a7fQ,OK,115973,471570063001015
2334.329,35.107529,-89.9862127,ChIJ0WGfSUKHf4gRjDLrfGQwCV4,OK,166854,471570063001015
1123.155,35.109859,-89.99141100000001,ChIJs6JbpFyHf4gR9O01gG0a7fQ,OK,69995,471570063003010
1123.155,35.109859,-89.99141100000001,ChIJs6JbpFyHf4gR9O01gG0a7fQ,OK,69995,471570063003010
1925.215,35.107529,-89.9862127,ChIJ0WGfSUKHf4gRjDLrfGQwCV4,OK,120876,471570063003010
1758.659,35.1835367,-89.8717722,ChIJv1U5XuiCf4gRMlXiIrwnbJo,OK,150339,471570206101048
1758.659,35.1835367,-89.8717722,ChIJv1U5XuiCf4gRMlXiIrwnbJo,OK,150339,471570206101048
2328.532,35.164068,-89.8770782,ChIJpUMbExuDf4gRyW4QpPURe54,OK,167834,471570206101048
1152.152,35.19067459999999,-89.8489943,ChIJ364PGjWdf4gRKbsrGLq8_XQ,OK,88300,471570211112001
1152.152,35.19067459999999,-89.8489943,ChIJ364PGjWdf4gRKbsrGLq8_XQ,OK,88300,471570211112001
2520.657,35.1835367,-89.8717722,ChIJv1U5XuiCf4gRMlXiIrwnbJo,OK,180832,471570211112001
1346.753,35.19067459999999,-89.8489943,ChIJ364PGjWdf4gRKbsrGLq8_XQ,OK,99286,471570211112010
1346.753,35.19067459999999,-89.8489943,ChIJ364PGjWdf4gRKbsrGLq8_XQ,OK,99286,471570211112010
2200.162,35.1835367,-89.8717722,ChIJv1U5XuiCf4gRMlXiIrwnbJo,OK,164547,471570211112010
3495.526,35.1738374,-89.98954379999999,ChIJ_S0BIGOAf4gRU3Ph4W65cOQ,OK,209719,471570004002029
4038.779,35.1490317,-90.0140679,ChIJw3q9_xV-1YcRqrte6yBn1CI,OK,224116,471570004002029
4038.779,35.1490317,-90.0140679,ChIJw3q9_xV-1YcRqrte6yBn1CI,OK,224116,471570004002029
2468.904,35.1738374,-89.98954379999999,ChIJ_S0BIGOAf4gRU3Ph4W65cOQ,OK,161797,471570004001028
2468.904,35.1738374,-89.98954379999999,ChIJ_S0BIGOAf4gRU3Ph4W65cOQ,OK,161797,471570004001028
3577.08,35.1490317,-90.0140679,ChIJw3q9_xV-1YcRqrte6yBn1CI,OK,206220,471570004001028
2725.233,35.1490317,-90.0140679,ChIJw3q9_xV-1YcRqrte6yBn1CI,OK,176087,471570019001004
2725.233,35.1490317,-90.0140679,ChIJw3q9_xV-1YcRqrte6yBn1CI,OK,176087,471570019001004
3447.471,35.1444038,-90.0168571,ChIJufYEjhR-1YcREff46W6Lons,OK,223440,471570019001004
1883.731,35.1490317,-90.0140679,ChIJw3q9_xV-1YcRqrte6yBn1CI,OK,134300,471570112003012
1883.731,35.1490317,-90.0140679,ChIJw3q9_xV-1YcRqrte6yBn1CI,OK,134300,471570112003012
2605.969,35.1444038,-90.0168571,ChIJufYEjhR-1YcREff46W6Lons,OK,181653,471570112003012
1157.366,35.1497164,-89.95515999999999,ChIJcQb6ehiBf4gR-uA54eRPNq8,OK,71667,471570029002002
255.938,35.14981359999999,-89.94918609999999,ChIJVdGBGRaBf4gRsi89Rzqn8W4,OK,15355,471570028001000
255.938,35.14981359999999,-89.94918609999999,ChIJVdGBGRaBf4gRsi89Rzqn8W4,OK,15355,471570028001000
807.141,35.1497164,-89.95515999999999,ChIJcQb6ehiBf4gR-uA54eRPNq8,OK,50655,471570028001000
1223.721,35.167095,-89.950496,ChIJecYfJgmBf4gRJh-YY67U6V8,OK,85807,471570013001009
1223.721,35.167095,-89.950496,ChIJecYfJgmBf4gRJh-YY67U6V8,OK,85807,471570013001009
1389.578,35.14981359999999,-89.94918609999999,ChIJVdGBGRaBf4gRsi89Rzqn8W4,OK,93540,471570013001009
1107.744,35.14981359999999,-89.94918609999999,ChIJVdGBGRaBf4gRsi89Rzqn8W4,OK,66458,471570013001015
1107.744,35.14981359999999,-89.94918609999999,ChIJVdGBGRaBf4gRsi89Rzqn8W4,OK,66458,471570013001015
1544.112,35.167095,-89.950496,ChIJecYfJgmBf4gRJh-YY67U6V8,OK,91719,471570013001015
1396.103,35.167095,-89.950496,ChIJecYfJgmBf4gRJh-YY67U6V8,OK,95349,471570013001008
1396.103,35.167095,-89.950496,ChIJecYfJgmBf4gRJh-YY67U6V8,OK,95349,471570013001008
1439.481,35.14981359999999,-89.94918609999999,ChIJVdGBGRaBf4gRsi89Rzqn8W4,OK,99908,471570013001008
1872.589,35.14981359999999,-89.94918609999999,ChIJVdGBGRaBf4gRsi89Rzqn8W4,OK,112349,471570030003008
1872.589,35.14981359999999,-89.94918609999999,ChIJVdGBGRaBf4gRsi89Rzqn8W4,OK,112349,471570030003008
2017.448,35.1497164,-89.95515999999999,ChIJcQb6ehiBf4gR-uA54eRPNq8,OK,123268,471570030003008
2294.192,35.1497164,-89.95515999999999,ChIJcQb6ehiBf4gR-uA54eRPNq8,OK,158101,471570028003005
2294.192,35.1497164,-89.95515999999999,ChIJcQb6ehiBf4gR-uA54eRPNq8,OK,158101,471570028003005
2584.405,35.1507888,-89.977317,ChIJdVWrOuqAf4gR-V7s1E3qo7g,OK,172562,471570028003005
1801.707,35.1444038,-90.0168571,ChIJufYEjhR-1YcREff46W6Lons,OK,123177,471570035002005
1801.707,35.1444038,-90.0168571,ChIJufYEjhR-1YcREff46W6Lons,OK,123177,471570035002005
1833.273,35.13763670000001,-90.00757159999999,ChIJl69WLQV-1YcRU3z7Tt2MyhY,OK,128686,471570035002005
1696.909,35.1444038,-90.0168571,ChIJufYEjhR-1YcREff46W6Lons,OK,116903,471570035002002
1696.909,35.1444038,-90.0168571,ChIJufYEjhR-1YcREff46W6Lons,OK,116903,471570035002002
1728.475,35.13763670000001,-90.00757159999999,ChIJl69WLQV-1YcRU3z7Tt2MyhY,OK,122412,471570035002002
4075.074,35.1444038,-90.0168571,ChIJufYEjhR-1YcREff46W6Lons,OK,227613,471570024002000
4075.074,35.1444038,-90.0168571,ChIJufYEjhR-1YcREff46W6Lons,OK,227613,471570024002000
4722.758,35.1490317,-90.0140679,ChIJw3q9_xV-1YcRqrte6yBn1CI,OK,261547,471570024002000
1386.823,35.2064292,-89.73436359999999,ChIJP6qgZdGff4gRQoIww3TX5kM,OK,95944,471570210102013
1386.823,35.2064292,-89.73436359999999,ChIJP6qgZdGff4gRQoIww3TX5kM,OK,95944,471570210102013
2813.759,35.2044739,-89.76342459999999,ChIJ3XsJxyKef4gRTeWb3lonWsU,OK,168551,471570210102013
917.562,35.2064292,-89.73436359999999,ChIJP6qgZdGff4gRQoIww3TX5kM,OK,69067,471570210102002
917.562,35.2064292,-89.73436359999999,ChIJP6qgZdGff4gRQoIww3TX5kM,OK,69067,471570210102002
2879.114,35.2044739,-89.76342459999999,ChIJ3XsJxyKef4gRTeWb3lonWsU,OK,165730,471570210102002
997.084,35.2064292,-89.73436359999999,ChIJP6qgZdGff4gRQoIww3TX5kM,OK,78609,471570210102003
997.084,35.2064292,-89.73436359999999,ChIJP6qgZdGff4gRQoIww3TX5kM,OK,78609,471570210102003
2958.637,35.2044739,-89.76342459999999,ChIJ3XsJxyKef4gRTeWb3lonWsU,OK,175272,471570210102003
1128.612,35.2064292,-89.73436359999999,ChIJP6qgZdGff4gRQoIww3TX5kM,OK,85235,471570210102004
1128.612,35.2064292,-89.73436359999999,ChIJP6qgZdGff4gRQoIww3TX5kM,OK,85235,471570210102004
3090.165,35.2044739,-89.76342459999999,ChIJ3XsJxyKef4gRTeWb3lonWsU,OK,181898,471570210102004
1949.409,35.2064292,-89.73436359999999,ChIJP6qgZdGff4gRQoIww3TX5kM,OK,130359,471570210101139
1949.409,35.2064292,-89.73436359999999,ChIJP6qgZdGff4gRQoIww3TX5kM,OK,130359,471570210101139
4611.313,35.2044739,-89.76342459999999,ChIJ3XsJxyKef4gRTeWb3lonWsU,OK,258537,471570210101139
956.545,35.1439641,-90.0517892,ChIJL-0zBZR-1YcRj7p5p1WY4-g,OK,74557,471570039001025
956.545,35.1439641,-90.0517892,ChIJL-0zBZR-1YcRj7p5p1WY4-g,OK,74557,471570039001025
1217.399,35.1435177,-90.0539328,ChIJ8VFg1pV-1YcRR9G8p0pZx6U,OK,83762,471570039001025
1819.041,35.1435177,-90.0539328,ChIJ8VFg1pV-1YcRR9G8p0pZx6U,OK,133338,471570043001074
1819.041,35.1435177,-90.0539328,ChIJ8VFg1pV-1YcRR9G8p0pZx6U,OK,133338,471570043001074
1943.87,35.1450994,-90.0538646,ChIJne6_s5V-1YcRn_LPaqiwhrk,OK,145243,471570043001074
2411.192,35.1251709,-90.0481695,ChIJybIJtCd81YcR9Otxws-5qCM,OK,149194,471570043001024
2411.192,35.1251709,-90.0481695,ChIJybIJtCd81YcR9Otxws-5qCM,OK,149194,471570043001024
2413.006,35.125222,-90.048147,ChIJ9cKdtid81YcRKs9h6RjzQzw,OK,149295,471570043001024
249.869,35.16339899999999,-89.855841,ChIJA_xfkC6Df4gRAjVZwLz1jqA,OK,14990,471570211221008
249.869,35.16339899999999,-89.855841,ChIJA_xfkC6Df4gRAjVZwLz1jqA,OK,14990,471570211221008
323.253,35.1623785,-89.8566175,ChIJXQHWWS6Df4gRqhH5EQ9H1j0,OK,23849,471570211221008
261.09,35.16339899999999,-89.855841,ChIJA_xfkC6Df4gRAjVZwLz1jqA,OK,15664,471570211221009
261.09,35.16339899999999,-89.855841,ChIJA_xfkC6Df4gRAjVZwLz1jqA,OK,15664,471570211221009
334.474,35.1623785,-89.8566175,ChIJXQHWWS6Df4gRqhH5EQ9H1j0,OK,24523,471570211221009
771.383,35.16339899999999,-89.855841,ChIJA_xfkC6Df4gRAjVZwLz1jqA,OK,54214,471570211223002
771.383,35.16339899999999,-89.855841,ChIJA_xfkC6Df4gRAjVZwLz1jqA,OK,54214,471570211223002
846.538,35.1623785,-89.8566175,ChIJXQHWWS6Df4gRqhH5EQ9H1j0,OK,63179,471570211223002
1091.389,35.167095,-89.950496,ChIJecYfJgmBf4gRJh-YY67U6V8,OK,60677,471570111001031
1091.389,35.167095,-89.950496,ChIJecYfJgmBf4gRJh-YY67U6V8,OK,60677,471570111001031
1640.08,35.1497164,-89.95515999999999,ChIJcQb6ehiBf4gR-uA54eRPNq8,OK,117404,471570111001031
1507.899,35.1546312,-89.79260459999999,ChIJ8UeuSEecf4gRniit7ubZLtM,OK,99270,471570211261019
1507.899,35.1546312,-89.79260459999999,ChIJ8UeuSEecf4gRniit7ubZLtM,OK,99270,471570211261019
1887.787,35.14868459999999,-89.7948203,ChIJ4w9Lr2qcf4gRHdzl9FciAFM,OK,118770,471570211261019
962.792,35.167095,-89.950496,ChIJecYfJgmBf4gRJh-YY67U6V8,OK,54260,471570111001032
962.792,35.167095,-89.950496,ChIJecYfJgmBf4gRJh-YY67U6V8,OK,54260,471570111001032
1797.526,35.1497164,-89.95515999999999,ChIJcQb6ehiBf4gR-uA54eRPNq8,OK,126123,471570111001032
2179.606,35.1546312,-89.79260459999999,ChIJ8UeuSEecf4gRniit7ubZLtM,OK,127103,471570211261010
2179.606,35.1546312,-89.79260459999999,ChIJ8UeuSEecf4gRniit7ubZLtM,OK,127103,471570211261010
2559.494,35.14868459999999,-89.7948203,ChIJ4w9Lr2qcf4gRHdzl9FciAFM,OK,146603,471570211261010
1414.67,35.1546312,-89.79260459999999,ChIJ8UeuSEecf4gRniit7ubZLtM,OK,81753,471570211261038
1414.67,35.1546312,-89.79260459999999,ChIJ8UeuSEecf4gRniit7ubZLtM,OK,81753,471570211261038
1794.558,35.14868459999999,-89.7948203,ChIJ4w9Lr2qcf4gRHdzl9FciAFM,OK,101253,471570211261038
3306.725,35.1439641,-90.0517892,ChIJL-0zBZR-1YcRj7p5p1WY4-g,OK,256747,471570001003017
3306.725,35.1439641,-90.0517892,ChIJL-0zBZR-1YcRj7p5p1WY4-g,OK,256747,471570001003017
3515.642,35.1450994,-90.0538646,ChIJne6_s5V-1YcRn_LPaqiwhrk,OK,262201,471570001003017
1770.239,35.16339899999999,-89.855841,ChIJA_xfkC6Df4gRAjVZwLz1jqA,OK,145800,471570211223006
1770.239,35.16339899999999,-89.855841,ChIJA_xfkC6Df4gRAjVZwLz1jqA,OK,145800,471570211223006
1845.394,35.1623785,-89.8566175,ChIJXQHWWS6Df4gRqhH5EQ9H1j0,OK,154765,471570211223006
1878.173,35.1738374,-89.98954379999999,ChIJ_S0BIGOAf4gRU3Ph4W65cOQ,OK,123204,471570017001000
1878.173,35.1738374,-89.98954379999999,ChIJ_S0BIGOAf4gRU3Ph4W65cOQ,OK,123204,471570017001000
2573.33,35.1490317,-90.0140679,ChIJw3q9_xV-1YcRqrte6yBn1CI,OK,157672,471570017001000
1308.707,35.167095,-89.950496,ChIJecYfJgmBf4gRJh-YY67U6V8,OK,72475,471570111001059
1308.707,35.167095,-89.950496,ChIJecYfJgmBf4gRJh-YY67U6V8,OK,72475,471570111001059
1885.964,35.1497164,-89.95515999999999,ChIJcQb6ehiBf4gR-uA54eRPNq8,OK,131258,471570111001059
3875.898,35.1546312,-89.79260459999999,ChIJ8UeuSEecf4gRniit7ubZLtM,OK,240260,471570211362008
3875.898,35.1546312,-89.79260459999999,ChIJ8UeuSEecf4gRniit7ubZLtM,OK,240260,471570211362008
3902.785,35.1581502,-89.72609419999999,ChIJL6yctRGff4gRqpalt07WxQs,OK,245376,471570211362008
3039.916,35.1439641,-90.0517892,ChIJL-0zBZR-1YcRj7p5p1WY4-g,OK,227459,471570001003045
3039.916,35.1439641,-90.0517892,ChIJL-0zBZR-1YcRj7p5p1WY4-g,OK,227459,471570001003045
3248.832,35.1450994,-90.0538646,ChIJne6_s5V-1YcRn_LPaqiwhrk,OK,232913,471570001003045
3040.193,35.1439641,-90.0517892,ChIJL-0zBZR-1YcRj7p5p1WY4-g,OK,227509,471570001003046
3040.193,35.1439641,-90.0517892,ChIJL-0zBZR-1YcRj7p5p1WY4-g,OK,227509,471570001003046
3249.109,35.1450994,-90.0538646,ChIJne6_s5V-1YcRn_LPaqiwhrk,OK,232963,471570001003046
2173.969,35.1804299,-89.9263818,ChIJIfvtv4eBf4gRJLjVGBpAzmc,OK,136655,471570087003004
2173.969,35.1804299,-89.9263818,ChIJIfvtv4eBf4gRJLjVGBpAzmc,OK,136655,471570087003004
2354.719,35.14859919999999,-89.91828060000002,ChIJRflgf-eDf4gRHX_XNYKER-s,OK,148602,471570087003004
2180.468,35.1804299,-89.9263818,ChIJIfvtv4eBf4gRJLjVGBpAzmc,OK,137435,471570087003005
2180.468,35.1804299,-89.9263818,ChIJIfvtv4eBf4gRJLjVGBpAzmc,OK,137435,471570087003005
2347.343,35.14859919999999,-89.91828060000002,ChIJRflgf-eDf4gRHX_XNYKER-s,OK,147717,471570087003005
3036.125,35.1439641,-90.0517892,ChIJL-0zBZR-1YcRj7p5p1WY4-g,OK,227308,471570001003023
3036.125,35.1439641,-90.0517892,ChIJL-0zBZR-1YcRj7p5p1WY4-g,OK,227308,471570001003023
3245.041,35.1450994,-90.0538646,ChIJne6_s5V-1YcRn_LPaqiwhrk,OK,232762,471570001003023
3511.525,35.1439641,-90.0517892,ChIJL-0zBZR-1YcRj7p5p1WY4-g,OK,202469,471570020001012
3704.342,35.1490317,-90.0140679,ChIJw3q9_xV-1YcRqrte6yBn1CI,OK,211953,471570020001012
3704.342,35.1490317,-90.0140679,ChIJw3q9_xV-1YcRqrte6yBn1CI,OK,211953,471570020001012
1488.118,35.1546312,-89.79260459999999,ChIJ8UeuSEecf4gRniit7ubZLtM,OK,96897,471570211353026
1488.118,35.1546312,-89.79260459999999,ChIJ8UeuSEecf4gRniit7ubZLtM,OK,96897,471570211353026
1868.005,35.14868459999999,-89.7948203,ChIJ4w9Lr2qcf4gRHdzl9FciAFM,OK,116397,471570211353026
1168.905,35.167095,-89.950496,ChIJecYfJgmBf4gRJh-YY67U6V8,OK,64732,471570111001034
1168.905,35.167095,-89.950496,ChIJecYfJgmBf4gRJh-YY67U6V8,OK,64732,471570111001034
1746.161,35.1497164,-89.95515999999999,ChIJcQb6ehiBf4gR-uA54eRPNq8,OK,123515,471570111001034
1510.017,35.1546312,-89.79260459999999,ChIJ8UeuSEecf4gRniit7ubZLtM,OK,101830,471570211261042
1510.017,35.1546312,-89.79260459999999,ChIJ8UeuSEecf4gRniit7ubZLtM,OK,101830,471570211261042
1889.904,35.14868459999999,-89.7948203,ChIJ4w9Lr2qcf4gRHdzl9FciAFM,OK,121330,471570211261042
2090.525,35.1738374,-89.98954379999999,ChIJ_S0BIGOAf4gRU3Ph4W65cOQ,OK,138441,471570017001002
988.539,35.095133,-90.05542799999999,ChIJATnUo0J81YcRpbAuNwXeqRw,OK,72597,471570055001008
1841.873,35.095133,-90.05542799999999,ChIJATnUo0J81YcRpbAuNwXeqRw,OK,124499,471570055001019
1841.873,35.095133,-90.05542799999999,ChIJATnUo0J81YcRpbAuNwXeqRw,OK,124499,471570055001019
2176.808,35.098685,-90.05664899999999,ChIJ31qwBkJ81YcRk2V5pdmdhrM,OK,132626,471570055001019
1738.721,35.095133,-90.05542799999999,ChIJATnUo0J81YcRpbAuNwXeqRw,OK,118321,471570055001020
1738.721,35.095133,-90.05542799999999,ChIJATnUo0J81YcRpbAuNwXeqRw,OK,118321,471570055001020
1900.124,35.098685,-90.05664899999999,ChIJ31qwBkJ81YcRk2V5pdmdhrM,OK,127260,471570055001020
911.278,35.095133,-90.05542799999999,ChIJATnUo0J81YcRpbAuNwXeqRw,OK,63718,471570055001023
1072.681,35.098685,-90.05664899999999,ChIJ31qwBkJ81YcRk2V5pdmdhrM,OK,72657,471570055001023
1072.681,35.098685,-90.05664899999999,ChIJ31qwBkJ81YcRk2V5pdmdhrM,OK,72657,471570055001023
910.237,35.095133,-90.05542799999999,ChIJATnUo0J81YcRpbAuNwXeqRw,OK,66097,471570055002009
1071.64,35.098685,-90.05664899999999,ChIJ31qwBkJ81YcRk2V5pdmdhrM,OK,75036,471570055002009
1071.64,35.098685,-90.05664899999999,ChIJ31qwBkJ81YcRk2V5pdmdhrM,OK,75036,471570055002009
3559.189,35.1546312,-89.79260459999999,ChIJ8UeuSEecf4gRniit7ubZLtM,OK,225533,471570211351036
3559.189,35.1546312,-89.79260459999999,ChIJ8UeuSEecf4gRniit7ubZLtM,OK,225533,471570211351036
3939.076,35.14868459999999,-89.7948203,ChIJ4w9Lr2qcf4gRHdzl9FciAFM,OK,245033,471570211351036
2830.518,35.093591,-90.056624,ChIJgyVl92d81YcRhuRHHckl8Y4,OK,166210,471570053003013
2830.518,35.093591,-90.056624,ChIJgyVl92d81YcRhuRHHckl8Y4,OK,166210,471570053003013
3010.355,35.095133,-90.05542799999999,ChIJATnUo0J81YcRpbAuNwXeqRw,OK,176170,471570053003013
3667.059,35.093591,-90.056624,ChIJgyVl92d81YcRhuRHHckl8Y4,OK,193363,471570053003015
3667.059,35.093591,-90.056624,ChIJgyVl92d81YcRhuRHHckl8Y4,OK,193363,471570053003015
3846.896,35.095133,-90.05542799999999,ChIJATnUo0J81YcRpbAuNwXeqRw,OK,203323,471570053003015
5227.41,35.098685,-90.05664899999999,ChIJ31qwBkJ81YcRk2V5pdmdhrM,OK,278406,471570053003060
5616.403,35.095133,-90.05542799999999,ChIJATnUo0J81YcRpbAuNwXeqRw,OK,299950,471570053003060
5616.403,35.095133,-90.05542799999999,ChIJATnUo0J81YcRpbAuNwXeqRw,OK,299950,471570053003060
3683.809,35.093591,-90.056624,ChIJgyVl92d81YcRhuRHHckl8Y4,OK,195842,471570053003016
3683.809,35.093591,-90.056624,ChIJgyVl92d81YcRhuRHHckl8Y4,OK,195842,471570053003016
3863.646,35.095133,-90.05542799999999,ChIJATnUo0J81YcRpbAuNwXeqRw,OK,205802,471570053003016
2209.624,35.095133,-90.05542799999999,ChIJATnUo0J81YcRpbAuNwXeqRw,OK,195104,471570053003027
2371.028,35.098685,-90.05664899999999,ChIJ31qwBkJ81YcRk2V5pdmdhrM,OK,204043,471570053003027
2371.028,35.098685,-90.05664899999999,ChIJ31qwBkJ81YcRk2V5pdmdhrM,OK,204043,471570053003027
2287.343,35.095133,-90.05542799999999,ChIJATnUo0J81YcRpbAuNwXeqRw,OK,200699,471570053003028
2448.746,35.098685,-90.05664899999999,ChIJ31qwBkJ81YcRk2V5pdmdhrM,OK,209638,471570053003028
2448.746,35.098685,-90.05664899999999,ChIJ31qwBkJ81YcRk2V5pdmdhrM,OK,209638,471570053003028
2368.713,35.095133,-90.05542799999999,ChIJATnUo0J81YcRpbAuNwXeqRw,OK,216145,471570053003029
2989.49,35.093591,-90.056624,ChIJgyVl92d81YcRhuRHHckl8Y4,OK,218726,471570053003029
2989.49,35.093591,-90.056624,ChIJgyVl92d81YcRhuRHHckl8Y4,OK,218726,471570053003029
2293.826,35.095133,-90.05542799999999,ChIJATnUo0J81YcRpbAuNwXeqRw,OK,207160,471570053003030
2908.136,35.093591,-90.056624,ChIJgyVl92d81YcRhuRHHckl8Y4,OK,208964,471570053003030
2908.136,35.093591,-90.056624,ChIJgyVl92d81YcRhuRHHckl8Y4,OK,208964,471570053003030
1972.95,35.095133,-90.05542799999999,ChIJATnUo0J81YcRpbAuNwXeqRw,OK,168654,471570053003024
2134.353,35.098685,-90.05664899999999,ChIJ31qwBkJ81YcRk2V5pdmdhrM,OK,177593,471570053003024
2134.353,35.098685,-90.05664899999999,ChIJ31qwBkJ81YcRk2V5pdmdhrM,OK,177593,471570053003024
1496.836,35.095133,-90.05542799999999,ChIJATnUo0J81YcRpbAuNwXeqRw,OK,114234,471570053003021
1658.24,35.098685,-90.05664899999999,ChIJ31qwBkJ81YcRk2V5pdmdhrM,OK,123173,471570053003021
1658.24,35.098685,-90.05664899999999,ChIJ31qwBkJ81YcRk2V5pdmdhrM,OK,123173,471570053003021
2206.872,35.095133,-90.05542799999999,ChIJATnUo0J81YcRpbAuNwXeqRw,OK,196725,471570053003031
2822.19,35.093591,-90.056624,ChIJgyVl92d81YcRhuRHHckl8Y4,OK,198651,471570053003031
2822.19,35.093591,-90.056624,ChIJgyVl92d81YcRhuRHHckl8Y4,OK,198651,471570053003031
2696.611,35.093591,-90.056624,ChIJgyVl92d81YcRhuRHHckl8Y4,OK,156392,471570053003049
2696.611,35.093591,-90.056624,ChIJgyVl92d81YcRhuRHHckl8Y4,OK,156392,471570053003049
2876.448,35.095133,-90.05542799999999,ChIJATnUo0J81YcRpbAuNwXeqRw,OK,166352,471570053003049
2362.745,35.093591,-90.056624,ChIJgyVl92d81YcRhuRHHckl8Y4,OK,138146,471570053003035
2362.745,35.093591,-90.056624,ChIJgyVl92d81YcRhuRHHckl8Y4,OK,138146,471570053003035
2542.582,35.095133,-90.05542799999999,ChIJATnUo0J81YcRpbAuNwXeqRw,OK,148106,471570053003035
2330.82,35.093591,-90.056624,ChIJgyVl92d81YcRhuRHHckl8Y4,OK,156752,471570053003055
2330.82,35.093591,-90.056624,ChIJgyVl92d81YcRhuRHHckl8Y4,OK,156752,471570053003055
2510.656,35.095133,-90.05542799999999,ChIJATnUo0J81YcRpbAuNwXeqRw,OK,166712,471570053003055
2200.494,35.093591,-90.056624,ChIJgyVl92d81YcRhuRHHckl8Y4,OK,141261,471570053003037
2200.494,35.093591,-90.056624,ChIJgyVl92d81YcRhuRHHckl8Y4,OK,141261,471570053003037
2380.33,35.095133,-90.05542799999999,ChIJATnUo0J81YcRpbAuNwXeqRw,OK,151221,471570053003037
980.683,35.142439,-90.006118,ChIJeUPo2Rt-1YcRdoG2a54M-d0,OK,60501,471570016001041
980.683,35.142439,-90.006118,ChIJeUPo2Rt-1YcRdoG2a54M-d0,OK,60501,471570016001041
1129.479,35.13774119999999,-89.99713,ChIJtwtohKiAf4gRFxkNLUf9PgA,OK,72920,471570016001041
1461.346,35.1251709,-90.0481695,ChIJybIJtCd81YcR9Otxws-5qCM,OK,86741,471570043001066
1463.161,35.125222,-90.048147,ChIJ9cKdtid81YcRKs9h6RjzQzw,OK,86842,471570043001066
1059.107,35.1251709,-90.0481695,ChIJybIJtCd81YcR9Otxws-5qCM,OK,59644,471570117001015
1059.107,35.1251709,-90.0481695,ChIJybIJtCd81YcR9Otxws-5qCM,OK,59644,471570117001015
1060.921,35.125222,-90.048147,ChIJ9cKdtid81YcRKs9h6RjzQzw,OK,59745,471570117001015
1322.781,35.1251709,-90.0481695,ChIJybIJtCd81YcR9Otxws-5qCM,OK,73254,471570043001070
1322.781,35.1251709,-90.0481695,ChIJybIJtCd81YcR9Otxws-5qCM,OK,73254,471570043001070
1324.596,35.125222,-90.048147,ChIJ9cKdtid81YcRKs9h6RjzQzw,OK,73355,471570043001070
4184.915,35.1153996,-89.89414069999999,ChIJCb4NOWWEf4gR79YlPQoocW4,OK,306643,471570213111009
4184.915,35.1153996,-89.89414069999999,ChIJCb4NOWWEf4gR79YlPQoocW4,OK,306643,471570213111009
4763.691,35.1145886,-89.90089789999999,ChIJKWmlFW6Ef4gR0YNISWQMkss,OK,334196,471570213111009
6359.793,35.1153996,-89.89414069999999,ChIJCb4NOWWEf4gR79YlPQoocW4,OK,413457,471570213111043
7067.098,35.16339899999999,-89.855841,ChIJA_xfkC6Df4gRAjVZwLz1jqA,OK,453644,471570213111043
7067.098,35.16339899999999,-89.855841,ChIJA_xfkC6Df4gRAjVZwLz1jqA,OK,453644,471570213111043
2471.103,35.1161637,-89.9446263,ChIJ-ZiED8iGf4gR32IlfgDBKWY,OK,163405,471570073001005
2471.103,35.1161637,-89.9446263,ChIJ-ZiED8iGf4gR32IlfgDBKWY,OK,163405,471570073001005
3494.75,35.1079763,-89.9333841,ChIJqZoM4qKGf4gREaZMyPG1GBQ,OK,218754,471570073001005
2084.532,35.1251709,-90.0481695,ChIJybIJtCd81YcR9Otxws-5qCM,OK,110776,471570117001028
2084.532,35.1251709,-90.0481695,ChIJybIJtCd81YcR9Otxws-5qCM,OK,110776,471570117001028
2086.347,35.125222,-90.048147,ChIJ9cKdtid81YcRKs9h6RjzQzw,OK,110877,471570117001028
2763.076,35.1145886,-89.90089789999999,ChIJKWmlFW6Ef4gR0YNISWQMkss,OK,199245,471570085001007
2763.076,35.1145886,-89.90089789999999,ChIJKWmlFW6Ef4gR0YNISWQMkss,OK,199245,471570085001007
3162.726,35.1075089,-89.9318387,ChIJVboYU6KGf4gRHfEHUi8Izac,OK,220872,471570085001007
2796.049,35.1251709,-90.0481695,ChIJybIJtCd81YcR9Otxws-5qCM,OK,186338,471570117001030
2796.049,35.1251709,-90.0481695,ChIJybIJtCd81YcR9Otxws-5qCM,OK,186338,471570117001030
2797.863,35.125222,-90.048147,ChIJ9cKdtid81YcRKs9h6RjzQzw,OK,186439,471570117001030
727.744,35.125222,-90.048147,ChIJ9cKdtid81YcRKs9h6RjzQzw,OK,43487,471570116002007
727.744,35.125222,-90.048147,ChIJ9cKdtid81YcRKs9h6RjzQzw,OK,43487,471570116002007
729.558,35.1251709,-90.0481695,ChIJybIJtCd81YcR9Otxws-5qCM,OK,43587,471570116002007
661.827,35.125222,-90.048147,ChIJ9cKdtid81YcRKs9h6RjzQzw,OK,36650,471570116002003
661.827,35.125222,-90.048147,ChIJ9cKdtid81YcRKs9h6RjzQzw,OK,36650,471570116002003
663.641,35.1251709,-90.0481695,ChIJybIJtCd81YcR9Otxws-5qCM,OK,36750,471570116002003
4349.765,35.1153996,-89.89414069999999,ChIJCb4NOWWEf4gR79YlPQoocW4,OK,326425,471570213111010
4349.765,35.1153996,-89.89414069999999,ChIJCb4NOWWEf4gR79YlPQoocW4,OK,326425,471570213111010
8589.372,35.16339899999999,-89.855841,ChIJA_xfkC6Df4gRAjVZwLz1jqA,OK,449203,471570213111010
1176.42,35.12545849999999,-89.97454169999999,ChIJoyT3HjOHf4gRS6EdHckmff8,OK,69291,471570066002021
1176.42,35.12545849999999,-89.97454169999999,ChIJoyT3HjOHf4gRS6EdHckmff8,OK,69291,471570066002021
1332.097,35.13418100000001,-89.98599,ChIJnf1_yraAf4gR9pQmD7CXhgg,OK,74820,471570066002021
299.185,35.1251709,-90.0481695,ChIJybIJtCd81YcR9Otxws-5qCM,OK,19150,471570050001008
299.185,35.1251709,-90.0481695,ChIJybIJtCd81YcR9Otxws-5qCM,OK,19150,471570050001008
300.999,35.125222,-90.048147,ChIJ9cKdtid81YcRKs9h6RjzQzw,OK,19251,471570050001008
6484.759,35.1153996,-89.89414069999999,ChIJCb4NOWWEf4gR79YlPQoocW4,OK,440804,471570213111045
7192.064,35.16339899999999,-89.855841,ChIJA_xfkC6Df4gRAjVZwLz1jqA,OK,480991,471570213111045
7192.064,35.16339899999999,-89.855841,ChIJA_xfkC6Df4gRAjVZwLz1jqA,OK,480991,471570213111045
4270.84,35.1153996,-89.89414069999999,ChIJCb4NOWWEf4gR79YlPQoocW4,OK,316954,471570213111015
4270.84,35.1153996,-89.89414069999999,ChIJCb4NOWWEf4gR79YlPQoocW4,OK,316954,471570213111015
4849.616,35.1145886,-89.90089789999999,ChIJKWmlFW6Ef4gR0YNISWQMkss,OK,344507,471570213111015
6391.095,35.1145886,-89.90089789999999,ChIJKWmlFW6Ef4gR0YNISWQMkss,OK,348861,471570096001000
6361.129,35.1153996,-89.89414069999999,ChIJCb4NOWWEf4gR79YlPQoocW4,OK,354234,471570096001000
6361.129,35.1153996,-89.89414069999999,ChIJCb4NOWWEf4gR79YlPQoocW4,OK,354234,471570096001000
1228.655,35.12545849999999,-89.97454169999999,ChIJoyT3HjOHf4gRS6EdHckmff8,OK,72993,471570066002022
1228.655,35.12545849999999,-89.97454169999999,ChIJoyT3HjOHf4gRS6EdHckmff8,OK,72993,471570066002022
1384.332,35.13418100000001,-89.98599,ChIJnf1_yraAf4gR9pQmD7CXhgg,OK,78522,471570066002022
1922.913,35.1161637,-89.9446263,ChIJ-ZiED8iGf4gR32IlfgDBKWY,OK,131366,471570073001017
1922.913,35.1161637,-89.9446263,ChIJ-ZiED8iGf4gR32IlfgDBKWY,OK,131366,471570073001017
3138.48,35.1075089,-89.9318387,ChIJVboYU6KGf4gRHfEHUi8Izac,OK,198223,471570073001017
2299.149,35.1161637,-89.9446263,ChIJ-ZiED8iGf4gR32IlfgDBKWY,OK,167528,471570073001002
2299.149,35.1161637,-89.9446263,ChIJ-ZiED8iGf4gR32IlfgDBKWY,OK,167528,471570073001002
3301.339,35.1075089,-89.9318387,ChIJVboYU6KGf4gRHfEHUi8Izac,OK,221583,471570073001002
261.694,35.1251709,-90.0481695,ChIJybIJtCd81YcR9Otxws-5qCM,OK,19840,471570050001007
261.694,35.1251709,-90.0481695,ChIJybIJtCd81YcR9Otxws-5qCM,OK,19840,471570050001007
263.508,35.125222,-90.048147,ChIJ9cKdtid81YcRKs9h6RjzQzw,OK,19941,471570050001007
223.75,35.1251709,-90.0481695,ChIJybIJtCd81YcR9Otxws-5qCM,OK,18660,471570050001006
223.75,35.1251709,-90.0481695,ChIJybIJtCd81YcR9Otxws-5qCM,OK,18660,471570050001006
225.564,35.125222,-90.048147,ChIJ9cKdtid81YcRKs9h6RjzQzw,OK,18761,471570050001006
2445.844,35.1075089,-89.9318387,ChIJVboYU6KGf4gRHfEHUi8Izac,OK,146740,471570073001001
2445.844,35.1075089,-89.9318387,ChIJVboYU6KGf4gRHfEHUi8Izac,OK,146740,471570073001001
2403.992,35.1161637,-89.9446263,ChIJ-ZiED8iGf4gR32IlfgDBKWY,OK,150300,471570073001001
1236.936,35.062945,-89.90568519999999,ChIJjxj9mL-Ff4gRoOEx9OzDyxs,OK,74156,471570106301004
1115.572,35.1804299,-89.9263818,ChIJIfvtv4eBf4gRJLjVGBpAzmc,OK,103941,471570088003014
1115.572,35.1804299,-89.9263818,ChIJIfvtv4eBf4gRJLjVGBpAzmc,OK,103941,471570088003014
1916.809,35.183951,-89.93106899999999,ChIJWQ0EIo-Bf4gR6cuqlCcQuNw,OK,171619,471570088003014
1363.723,35.0854368,-89.89541919999999,ChIJf5cc-VKEf4gRF-lYLgijYQQ,OK,91894,471570093003021
1363.723,35.0854368,-89.89541919999999,ChIJf5cc-VKEf4gRF-lYLgijYQQ,OK,91894,471570093003021
3082.894,35.0745932,-89.9204618,ChIJPX58KNGFf4gRLgBWAHPwusk,OK,188787,471570093003021
3934.659,35.0745932,-89.9204618,ChIJPX58KNGFf4gRLgBWAHPwusk,OK,201981,471570107101006
6617.971,35.0854368,-89.89541919999999,ChIJf5cc-VKEf4gRF-lYLgijYQQ,OK,315979,471570107101006
6617.971,35.0854368,-89.89541919999999,ChIJf5cc-VKEf4gRF-lYLgijYQQ,OK,315979,471570107101006
2283.453,35.02379430000001,-89.96377079999999,ChIJDVntamKIf4gRlF5S6rdAlgc,OK,152479,471570110103005
2283.453,35.02379430000001,-89.96377079999999,ChIJDVntamKIf4gRlF5S6rdAlgc,OK,152479,471570110103005
2866.118,35.02099699999999,-89.93544,ChIJW6hY3LmIf4gRWjIeu9tMgvU,OK,183262,471570110103005
1481.478,35.05905920000001,-89.9340455,ChIJM89Mbw2Gf4gRFqf4fPnKU7k,OK,102885,471570105002002
1481.478,35.05905920000001,-89.9340455,ChIJM89Mbw2Gf4gRFqf4fPnKU7k,OK,102885,471570105002002
1733.861,35.0757114,-89.9271675,ChIJ-d7FIHmGf4gR6Aa1VQWm0ps,OK,107270,471570105002002
2117.995,35.051879,-89.95322299999999,ChIJtbdkhjqGf4gRndtG1KtFnTA,OK,179604,471570110201013
2117.995,35.051879,-89.95322299999999,ChIJtbdkhjqGf4gRndtG1KtFnTA,OK,179604,471570110201013
2187.534,35.0374859,-89.93716700000002,ChIJESgedaeIf4gRXlLu5ht4wNo,OK,189684,471570110201013
1363.219,35.02099699999999,-89.93544,ChIJW6hY3LmIf4gRWjIeu9tMgvU,OK,91578,471570219001005
1363.219,35.02099699999999,-89.93544,ChIJW6hY3LmIf4gRWjIeu9tMgvU,OK,91578,471570219001005
1750.265,35.015991,-89.935953,ChIJSSHzkseIf4gRnqbOP98HojY,OK,113012,471570219001005
1011.771,35.0854368,-89.89541919999999,ChIJf5cc-VKEf4gRF-lYLgijYQQ,OK,60857,471570095002018
1011.771,35.0854368,-89.89541919999999,ChIJf5cc-VKEf4gRF-lYLgijYQQ,OK,60857,471570095002018
3180.743,35.1145886,-89.90089789999999,ChIJKWmlFW6Ef4gR0YNISWQMkss,OK,193184,471570095002018
1855.819,35.0854368,-89.89541919999999,ChIJf5cc-VKEf4gRF-lYLgijYQQ,OK,131762,471570095004029
1855.819,35.0854368,-89.89541919999999,ChIJf5cc-VKEf4gRF-lYLgijYQQ,OK,131762,471570095004029
5112.92,35.0612606,-89.88628629999999,ChIJAQ_I1gqFf4gRFrt5yQeAEps,OK,322611,471570095004029
3335.963,35.1145886,-89.90089789999999,ChIJKWmlFW6Ef4gR0YNISWQMkss,OK,213152,471570096004009
3335.963,35.1145886,-89.90089789999999,ChIJKWmlFW6Ef4gR0YNISWQMkss,OK,213152,471570096004009
3305.997,35.1153996,-89.89414069999999,ChIJCb4NOWWEf4gR79YlPQoocW4,OK,218525,471570096004009
2685.934,35.1145886,-89.90089789999999,ChIJKWmlFW6Ef4gR0YNISWQMkss,OK,163494,471570096004040
2685.934,35.1145886,-89.90089789999999,ChIJKWmlFW6Ef4gR0YNISWQMkss,OK,163494,471570096004040
2655.968,35.1153996,-89.89414069999999,ChIJCb4NOWWEf4gR79YlPQoocW4,OK,168867,471570096004040
4020.772,35.1145886,-89.90089789999999,ChIJKWmlFW6Ef4gR0YNISWQMkss,OK,261090,471570213204004
4810.271,35.0854368,-89.89541919999999,ChIJf5cc-VKEf4gRF-lYLgijYQQ,OK,264809,471570213204004
4810.271,35.0854368,-89.89541919999999,ChIJf5cc-VKEf4gRF-lYLgijYQQ,OK,264809,471570213204004
6384.178,35.093591,-90.056624,ChIJgyVl92d81YcRhuRHHckl8Y4,OK,342706,471570056003019
6384.178,35.093591,-90.056624,ChIJgyVl92d81YcRhuRHHckl8Y4,OK,342706,471570056003019
6564.015,35.095133,-90.05542799999999,ChIJATnUo0J81YcRpbAuNwXeqRw,OK,352666,471570056003019
2109.46,35.093591,-90.056624,ChIJgyVl92d81YcRhuRHHckl8Y4,OK,130139,471570056003028
2109.46,35.093591,-90.056624,ChIJgyVl92d81YcRhuRHHckl8Y4,OK,130139,471570056003028
2289.297,35.095133,-90.05542799999999,ChIJATnUo0J81YcRpbAuNwXeqRw,OK,140099,471570056003028
2181.814,35.1087458,-90.0211918,ChIJe6w2EsF91YcRquzVZc8M0-I,OK,151597,471570078102022
2181.814,35.1087458,-90.0211918,ChIJe6w2EsF91YcRquzVZc8M0-I,OK,151597,471570078102022
2182.455,35.10874099999999,-90.021185,ChIJrVbiDcF91YcRG9TBOTpHc3I,OK,151674,471570078102022
2614.675,35.093591,-90.056624,ChIJgyVl92d81YcRhuRHHckl8Y4,OK,178879,471570056003018
2614.675,35.093591,-90.056624,ChIJgyVl92d81YcRhuRHHckl8Y4,OK,178879,471570056003018
2794.512,35.095133,-90.05542799999999,ChIJATnUo0J81YcRpbAuNwXeqRw,OK,188839,471570056003018
1163.706,35.1157645,-90.022279,ChIJwZqBNMN91YcRRpdDvj5Pcr8,OK,93175,471570116002020
1163.706,35.1157645,-90.022279,ChIJwZqBNMN91YcRRpdDvj5Pcr8,OK,93175,471570116002020
2005.276,35.1087458,-90.0211918,ChIJe6w2EsF91YcRquzVZc8M0-I,OK,141792,471570116002020
462.39,35.1157645,-90.022279,ChIJwZqBNMN91YcRRpdDvj5Pcr8,OK,44789,471570115002010
462.39,35.1157645,-90.022279,ChIJwZqBNMN91YcRRpdDvj5Pcr8,OK,44789,471570115002010
1303.96,35.1087458,-90.0211918,ChIJe6w2EsF91YcRquzVZc8M0-I,OK,93406,471570115002010
763.319,35.1087458,-90.0211918,ChIJe6w2EsF91YcRquzVZc8M0-I,OK,55290,471570115004002
763.319,35.1087458,-90.0211918,ChIJe6w2EsF91YcRquzVZc8M0-I,OK,55290,471570115004002
763.961,35.10874099999999,-90.021185,ChIJrVbiDcF91YcRG9TBOTpHc3I,OK,55367,471570115004002
1631.818,35.0757114,-89.9271675,ChIJ-d7FIHmGf4gR6Aa1VQWm0ps,OK,107795,471570106103001
1664.028,35.0614623,-89.8536277,ChIJ4TWJkTWFf4gRbkNZYfkF9Jw,OK,106146,471570213311031
1664.028,35.0614623,-89.8536277,ChIJ4TWJkTWFf4gRbkNZYfkF9Jw,OK,106146,471570213311031
1748.8,35.0512763,-89.8427476,ChIJ7VPJ3q-af4gRdxERIyaZ0gk,OK,112334,471570213311031
2353.76,35.0614623,-89.8536277,ChIJ4TWJkTWFf4gRbkNZYfkF9Jw,OK,149585,471570213342019
2353.76,35.0614623,-89.8536277,ChIJ4TWJkTWFf4gRbkNZYfkF9Jw,OK,149585,471570213342019
2438.532,35.0512763,-89.8427476,ChIJ7VPJ3q-af4gRdxERIyaZ0gk,OK,155773,471570213342019
1795.622,35.0614623,-89.8536277,ChIJ4TWJkTWFf4gRbkNZYfkF9Jw,OK,112803,471570213342024
1795.622,35.0614623,-89.8536277,ChIJ4TWJkTWFf4gRbkNZYfkF9Jw,OK,112803,471570213342024
1880.393,35.0512763,-89.8427476,ChIJ7VPJ3q-af4gRdxERIyaZ0gk,OK,118991,471570213342024
2637.045,35.04577219999999,-89.82821469999999,ChIJL-jEaJmaf4gREtYdkYi2nAs,OK,158225,471570213331018
2637.045,35.04577219999999,-89.82821469999999,ChIJL-jEaJmaf4gREtYdkYi2nAs,OK,158225,471570213331018
2822.549,35.05113000000001,-89.815021,ChIJAdLMX4iaf4gRUenKpoiyrBc,OK,172617,471570213331018
2144.776,35.0614623,-89.8536277,ChIJ4TWJkTWFf4gRbkNZYfkF9Jw,OK,141090,471570217251007
2144.776,35.0614623,-89.8536277,ChIJ4TWJkTWFf4gRbkNZYfkF9Jw,OK,141090,471570217251007
2229.548,35.0512763,-89.8427476,ChIJ7VPJ3q-af4gRdxERIyaZ0gk,OK,147278,471570217251007
316.885,35.0643218,-89.9923063,ChIJb3DQuo2Hf4gRC8UI6d4pa68,OK,42908,471570225001069
316.885,35.0643218,-89.9923063,ChIJb3DQuo2Hf4gRC8UI6d4pa68,OK,42908,471570225001069
2562.718,35.05407199999999,-90.00125899999999,ChIJIzdhk1h91YcRZT7cBcBslaM,OK,168497,471570225001069
2089.369,35.05113000000001,-89.815021,ChIJAdLMX4iaf4gRUenKpoiyrBc,OK,161303,471570213341002
2089.369,35.05113000000001,-89.815021,ChIJAdLMX4iaf4gRUenKpoiyrBc,OK,161303,471570213341002
2303.511,35.048632,-89.814048,ChIJqY7T64eaf4gRoqZRK7sz4Co,OK,173579,471570213341002
3402.875,35.06128,-90.05978399999999,ChIJm06f8ZV81YcRTjzAsJPcBKY,OK,241442,471570225001034
3402.875,35.06128,-90.05978399999999,ChIJm06f8ZV81YcRTjzAsJPcBKY,OK,241442,471570225001034
3402.696,35.061362,-90.05986399999999,ChIJL_Gh8ZV81YcRDlMHRKqR_IA,OK,244308,471570225001034
1200.263,35.062945,-89.90568519999999,ChIJjxj9mL-Ff4gRoOEx9OzDyxs,OK,71919,471570106302006
1200.263,35.062945,-89.90568519999999,ChIJjxj9mL-Ff4gRoOEx9OzDyxs,OK,71919,471570106302006
944.647,35.063996,-89.90690699999999,ChIJn51vcb-Ff4gRvoXU4r8swrw,OK,79112,471570106302006
2460.76,35.054745,-90.007971,ChIJXxyyQlt91YcRhldtWgjSnSE,OK,219624,471570225001067
2304.041,35.05407199999999,-90.00125899999999,ChIJIzdhk1h91YcRZT7cBcBslaM,OK,221726,471570225001067
2304.041,35.05407199999999,-90.00125899999999,ChIJIzdhk1h91YcRZT7cBcBslaM,OK,221726,471570225001067
1969.155,35.0614623,-89.8536277,ChIJ4TWJkTWFf4gRbkNZYfkF9Jw,OK,124589,471570217102011
1969.155,35.0614623,-89.8536277,ChIJ4TWJkTWFf4gRbkNZYfkF9Jw,OK,124589,471570217102011
2134.659,35.050596,-89.869556,ChIJQ4vLA2iFf4gRyyCo3ihKH44,OK,125330,471570217102011
1503.67,35.054745,-90.007971,ChIJXxyyQlt91YcRhldtWgjSnSE,OK,97495,471570225001091
1503.67,35.054745,-90.007971,ChIJXxyyQlt91YcRhldtWgjSnSE,OK,97495,471570225001091
1935.518,35.05407199999999,-90.00125899999999,ChIJIzdhk1h91YcRZT7cBcBslaM,OK,113534,471570225001091
499.21,35.0643218,-89.9923063,ChIJb3DQuo2Hf4gRC8UI6d4pa68,OK,47577,471570225001077
499.21,35.0643218,-89.9923063,ChIJb3DQuo2Hf4gRC8UI6d4pa68,OK,47577,471570225001077
2397.443,35.05407199999999,-90.00125899999999,ChIJIzdhk1h91YcRZT7cBcBslaM,OK,132770,471570225001077
2189.439,35.1251709,-90.0481695,ChIJybIJtCd81YcR9Otxws-5qCM,OK,150334,471570043001028
2191.253,35.125222,-90.048147,ChIJ9cKdtid81YcRKs9h6RjzQzw,OK,150435,471570043001028
3894.063,35.1546312,-89.79260459999999,ChIJ8UeuSEecf4gRniit7ubZLtM,OK,276675,471570211262002
3894.063,35.1546312,-89.79260459999999,ChIJ8UeuSEecf4gRniit7ubZLtM,OK,276675,471570211262002
4273.951,35.14868459999999,-89.7948203,ChIJ4w9Lr2qcf4gRHdzl9FciAFM,OK,296175,471570211262002
2491.639,35.1546312,-89.79260459999999,ChIJ8UeuSEecf4gRniit7ubZLtM,OK,165338,471570211262018
2491.639,35.1546312,-89.79260459999999,ChIJ8UeuSEecf4gRniit7ubZLtM,OK,165338,471570211262018
2871.527,35.14868459999999,-89.7948203,ChIJ4w9Lr2qcf4gRHdzl9FciAFM,OK,184838,471570211262018
2327.069,35.1546312,-89.79260459999999,ChIJ8UeuSEecf4gRniit7ubZLtM,OK,145590,471570211262008
2327.069,35.1546312,-89.79260459999999,ChIJ8UeuSEecf4gRniit7ubZLtM,OK,145590,471570211262008
2706.957,35.14868459999999,-89.7948203,ChIJ4w9Lr2qcf4gRHdzl9FciAFM,OK,165090,471570211262008
3971.961,35.1546312,-89.79260459999999,ChIJ8UeuSEecf4gRniit7ubZLtM,OK,274464,471570211362026
3971.961,35.1546312,-89.79260459999999,ChIJ8UeuSEecf4gRniit7ubZLtM,OK,274464,471570211362026
4919.423,35.14868459999999,-89.7948203,ChIJ4w9Lr2qcf4gRHdzl9FciAFM,OK,328016,471570211362026
2448.731,35.1546312,-89.79260459999999,ChIJ8UeuSEecf4gRniit7ubZLtM,OK,148402,471570211252004
2448.731,35.1546312,-89.79260459999999,ChIJ8UeuSEecf4gRniit7ubZLtM,OK,148402,471570211252004
2828.618,35.14868459999999,-89.7948203,ChIJ4w9Lr2qcf4gRHdzl9FciAFM,OK,167902,471570211252004
1264.086,35.2045576,-89.81176689999999,ChIJ8ROix4Kdf4gR4Su-1OwAUMo,OK,74772,471570211131024
1264.086,35.2045576,-89.81176689999999,ChIJ8ROix4Kdf4gR4Su-1OwAUMo,OK,74772,471570211131024
2320.594,35.2051043,-89.79754849999999,ChIJpRDMlY2df4gRQqHmUo_lzmc,OK,132191,471570211131024
4895.594,35.1546312,-89.79260459999999,ChIJ8UeuSEecf4gRniit7ubZLtM,OK,313283,471570211351006
4895.594,35.1546312,-89.79260459999999,ChIJ8UeuSEecf4gRniit7ubZLtM,OK,313283,471570211351006
5024.238,35.2072684,-89.7827147,ChIJKdJ2xvqdf4gRKLRUePlbOOs,OK,355612,471570211351006
4958.309,35.1546312,-89.79260459999999,ChIJ8UeuSEecf4gRniit7ubZLtM,OK,320809,471570211351008
4958.309,35.1546312,-89.79260459999999,ChIJ8UeuSEecf4gRniit7ubZLtM,OK,320809,471570211351008
5086.953,35.2072684,-89.7827147,ChIJKdJ2xvqdf4gRKLRUePlbOOs,OK,363138,471570211351008
3129.04,35.1546312,-89.79260459999999,ChIJ8UeuSEecf4gRniit7ubZLtM,OK,241977,471570211353009
3129.04,35.1546312,-89.79260459999999,ChIJ8UeuSEecf4gRniit7ubZLtM,OK,241977,471570211353009
4076.502,35.14868459999999,-89.7948203,ChIJ4w9Lr2qcf4gRHdzl9FciAFM,OK,295529,471570211353009
3436.795,35.1546312,-89.79260459999999,ChIJ8UeuSEecf4gRniit7ubZLtM,OK,246915,471570211353002
3436.795,35.1546312,-89.79260459999999,ChIJ8UeuSEecf4gRniit7ubZLtM,OK,246915,471570211353002
3675.578,35.14868459999999,-89.7948203,ChIJ4w9Lr2qcf4gRHdzl9FciAFM,OK,268530,471570211353002
3225.212,35.1546312,-89.79260459999999,ChIJ8UeuSEecf4gRniit7ubZLtM,OK,237774,471570211353003
3225.212,35.1546312,-89.79260459999999,ChIJ8UeuSEecf4gRniit7ubZLtM,OK,237774,471570211353003
4172.674,35.14868459999999,-89.7948203,ChIJ4w9Lr2qcf4gRHdzl9FciAFM,OK,291326,471570211353003
3226.704,35.1546312,-89.79260459999999,ChIJ8UeuSEecf4gRniit7ubZLtM,OK,237952,471570211353020
3226.704,35.1546312,-89.79260459999999,ChIJ8UeuSEecf4gRniit7ubZLtM,OK,237952,471570211353020
4174.166,35.14868459999999,-89.7948203,ChIJ4w9Lr2qcf4gRHdzl9FciAFM,OK,291504,471570211353020
3100.096,35.1546312,-89.79260459999999,ChIJ8UeuSEecf4gRniit7ubZLtM,OK,222760,471570211353022
3100.096,35.1546312,-89.79260459999999,ChIJ8UeuSEecf4gRniit7ubZLtM,OK,222760,471570211353022
4047.558,35.14868459999999,-89.7948203,ChIJ4w9Lr2qcf4gRHdzl9FciAFM,OK,276312,471570211353022
3329.157,35.1546312,-89.79260459999999,ChIJ8UeuSEecf4gRniit7ubZLtM,OK,237225,471570211361014
3329.157,35.1546312,-89.79260459999999,ChIJ8UeuSEecf4gRniit7ubZLtM,OK,237225,471570211361014
4318.575,35.14868459999999,-89.7948203,ChIJ4w9Lr2qcf4gRHdzl9FciAFM,OK,258403,471570211361014
3487.236,35.1546312,-89.79260459999999,ChIJ8UeuSEecf4gRniit7ubZLtM,OK,216049,471570211213012
3487.236,35.1546312,-89.79260459999999,ChIJ8UeuSEecf4gRniit7ubZLtM,OK,216049,471570211213012
3544.544,35.2051043,-89.79754849999999,ChIJpRDMlY2df4gRQqHmUo_lzmc,OK,220408,471570211213012
3672.695,35.2051043,-89.79754849999999,ChIJpRDMlY2df4gRQqHmUo_lzmc,OK,235784,471570211213008
3672.695,35.2051043,-89.79754849999999,ChIJpRDMlY2df4gRQqHmUo_lzmc,OK,235784,471570211213008
3964.693,35.2071893,-89.79833029999999,ChIJQ0zWJIydf4gRstwjg5hObuM,OK,296297,471570211213008
2772.337,35.1153996,-89.89414069999999,ChIJCb4NOWWEf4gR79YlPQoocW4,OK,191438,471570092004024
2355.822,35.148225,-89.89748700000001,ChIJC8t095eDf4gRGuXK3FleZyg,OK,149924,471570092004019
2355.822,35.148225,-89.89748700000001,ChIJC8t095eDf4gRGuXK3FleZyg,OK,149924,471570092004019
2436.368,35.1489345,-89.89838259999999,ChIJaTBvX72Df4gRiyFT0LQMnrQ,OK,154756,471570092004019
1710.234,35.148225,-89.89748700000001,ChIJC8t095eDf4gRGuXK3FleZyg,OK,114352,471570092004018
1710.234,35.148225,-89.89748700000001,ChIJC8t095eDf4gRGuXK3FleZyg,OK,114352,471570092004018
1790.78,35.1489345,-89.89838259999999,ChIJaTBvX72Df4gRiyFT0LQMnrQ,OK,119184,471570092004018
2075.847,35.1153996,-89.89414069999999,ChIJCb4NOWWEf4gR79YlPQoocW4,OK,179382,471570085002011
2075.847,35.1153996,-89.89414069999999,ChIJCb4NOWWEf4gR79YlPQoocW4,OK,179382,471570085002011
2540.12,35.1145886,-89.90089789999999,ChIJKWmlFW6Ef4gR0YNISWQMkss,OK,192562,471570085002011
1323.16,35.1145886,-89.90089789999999,ChIJKWmlFW6Ef4gR0YNISWQMkss,OK,146344,471570085002010
1323.16,35.1145886,-89.90089789999999,ChIJKWmlFW6Ef4gR0YNISWQMkss,OK,146344,471570085002010
1830.539,35.1153996,-89.89414069999999,ChIJCb4NOWWEf4gR79YlPQoocW4,OK,172244,471570085002010
1540.169,35.1153996,-89.89414069999999,ChIJCb4NOWWEf4gR79YlPQoocW4,OK,115101,471570085002013
1540.169,35.1153996,-89.89414069999999,ChIJCb4NOWWEf4gR79YlPQoocW4,OK,115101,471570085002013
2118.945,35.1145886,-89.90089789999999,ChIJKWmlFW6Ef4gR0YNISWQMkss,OK,142654,471570085002013
1636.777,35.1153996,-89.89414069999999,ChIJCb4NOWWEf4gR79YlPQoocW4,OK,116004,471570085002012
1636.777,35.1153996,-89.89414069999999,ChIJCb4NOWWEf4gR79YlPQoocW4,OK,116004,471570085002012
2215.553,35.1145886,-89.90089789999999,ChIJKWmlFW6Ef4gR0YNISWQMkss,OK,143557,471570085002012
2160.181,35.148225,-89.89748700000001,ChIJC8t095eDf4gRGuXK3FleZyg,OK,129600,471570096003004
2266.86,35.1153996,-89.89414069999999,ChIJCb4NOWWEf4gR79YlPQoocW4,OK,145520,471570096003004
2266.86,35.1153996,-89.89414069999999,ChIJCb4NOWWEf4gR79YlPQoocW4,OK,145520,471570096003004
1549.816,35.1153996,-89.89414069999999,ChIJCb4NOWWEf4gR79YlPQoocW4,OK,109047,471570085002015
1549.816,35.1153996,-89.89414069999999,ChIJCb4NOWWEf4gR79YlPQoocW4,OK,109047,471570085002015
2128.592,35.1145886,-89.90089789999999,ChIJKWmlFW6Ef4gR0YNISWQMkss,OK,136600,471570085002015
1881.856,35.1153996,-89.89414069999999,ChIJCb4NOWWEf4gR79YlPQoocW4,OK,140841,471570092004020
1881.856,35.1153996,-89.89414069999999,ChIJCb4NOWWEf4gR79YlPQoocW4,OK,140841,471570092004020
2354.675,35.148225,-89.89748700000001,ChIJC8t095eDf4gRGuXK3FleZyg,OK,141269,471570092004020
2517.183,35.1153996,-89.89414069999999,ChIJCb4NOWWEf4gR79YlPQoocW4,OK,176870,471570096003021
2517.183,35.1153996,-89.89414069999999,ChIJCb4NOWWEf4gR79YlPQoocW4,OK,176870,471570096003021
2940.804,35.148225,-89.89748700000001,ChIJC8t095eDf4gRGuXK3FleZyg,OK,191640,471570096003021
1716.36,35.1153996,-89.89414069999999,ChIJCb4NOWWEf4gR79YlPQoocW4,OK,129502,471570096003002
1716.36,35.1153996,-89.89414069999999,ChIJCb4NOWWEf4gR79YlPQoocW4,OK,129502,471570096003002
2295.136,35.1145886,-89.90089789999999,ChIJKWmlFW6Ef4gR0YNISWQMkss,OK,157055,471570096003002
745.783,35.1153996,-89.89414069999999,ChIJCb4NOWWEf4gR79YlPQoocW4,OK,62972,471570096003010
745.783,35.1153996,-89.89414069999999,ChIJCb4NOWWEf4gR79YlPQoocW4,OK,62972,471570096003010
1324.559,35.1145886,-89.90089789999999,ChIJKWmlFW6Ef4gR0YNISWQMkss,OK,90525,471570096003010
776.097,35.1153996,-89.89414069999999,ChIJCb4NOWWEf4gR79YlPQoocW4,OK,56079,471570096003009
776.097,35.1153996,-89.89414069999999,ChIJCb4NOWWEf4gR79YlPQoocW4,OK,56079,471570096003009
1354.873,35.1145886,-89.90089789999999,ChIJKWmlFW6Ef4gR0YNISWQMkss,OK,83632,471570096003009
1079.597,35.1153996,-89.89414069999999,ChIJCb4NOWWEf4gR79YlPQoocW4,OK,74289,471570096003008
1079.597,35.1153996,-89.89414069999999,ChIJCb4NOWWEf4gR79YlPQoocW4,OK,74289,471570096003008
1658.373,35.1145886,-89.90089789999999,ChIJKWmlFW6Ef4gR0YNISWQMkss,OK,101842,471570096003008
1062.706,35.1153996,-89.89414069999999,ChIJCb4NOWWEf4gR79YlPQoocW4,OK,80107,471570085002018
1062.706,35.1153996,-89.89414069999999,ChIJCb4NOWWEf4gR79YlPQoocW4,OK,80107,471570085002018
1641.483,35.1145886,-89.90089789999999,ChIJKWmlFW6Ef4gR0YNISWQMkss,OK,107660,471570085002018
1704.481,35.1503395,-89.89321,ChIJRaSiF6KDf4gRNIqqt1VnH58,OK,123154,471570092002008
1704.481,35.1503395,-89.89321,ChIJRaSiF6KDf4gRNIqqt1VnH58,OK,123154,471570092002008
2202.978,35.1489345,-89.89838259999999,ChIJaTBvX72Df4gRiyFT0LQMnrQ,OK,150841,471570092002008
1268.854,35.148225,-89.89748700000001,ChIJC8t095eDf4gRGuXK3FleZyg,OK,88759,471570092001002
1268.854,35.148225,-89.89748700000001,ChIJC8t095eDf4gRGuXK3FleZyg,OK,88759,471570092001002
1349.4,35.1489345,-89.89838259999999,ChIJaTBvX72Df4gRiyFT0LQMnrQ,OK,93591,471570092001002
1636.276,35.1503395,-89.89321,ChIJRaSiF6KDf4gRNIqqt1VnH58,OK,114970,471570092002019
1636.276,35.1503395,-89.89321,ChIJRaSiF6KDf4gRNIqqt1VnH58,OK,114970,471570092002019
1688.816,35.148225,-89.89748700000001,ChIJC8t095eDf4gRGuXK3FleZyg,OK,139153,471570092002019
1717.539,35.1503395,-89.89321,ChIJRaSiF6KDf4gRNIqqt1VnH58,OK,124722,471570092002018
1717.539,35.1503395,-89.89321,ChIJRaSiF6KDf4gRNIqqt1VnH58,OK,124722,471570092002018
1588.249,35.148225,-89.89748700000001,ChIJC8t095eDf4gRGuXK3FleZyg,OK,127085,471570092002018
1466.406,35.148225,-89.89748700000001,ChIJC8t095eDf4gRGuXK3FleZyg,OK,112466,471570092002021
1466.406,35.148225,-89.89748700000001,ChIJC8t095eDf4gRGuXK3FleZyg,OK,112466,471570092002021
1546.952,35.1489345,-89.89838259999999,ChIJaTBvX72Df4gRiyFT0LQMnrQ,OK,117298,471570092002021
2574.321,35.0841884,-89.97146650000001,ChIJX1vb4AeHf4gRloPQ2o5nDXA,OK,136933,471579801001053
2574.321,35.0841884,-89.97146650000001,ChIJX1vb4AeHf4gRloPQ2o5nDXA,OK,136933,471579801001053
2226.499,35.0643218,-89.9923063,ChIJb3DQuo2Hf4gRC8UI6d4pa68,OK,137790,471579801001053
475.548,35.13774119999999,-89.99713,ChIJtwtohKiAf4gRFxkNLUf9PgA,OK,57062,471570032002006
475.548,35.13774119999999,-89.99713,ChIJtwtohKiAf4gRFxkNLUf9PgA,OK,57062,471570032002006
1198.149,35.142439,-90.006118,ChIJeUPo2Rt-1YcRdoG2a54M-d0,OK,88097,471570032002006
172.079,35.2044739,-89.76342459999999,ChIJ3XsJxyKef4gRTeWb3lonWsU,OK,16742,471570208312013
172.079,35.2044739,-89.76342459999999,ChIJ3XsJxyKef4gRTeWb3lonWsU,OK,16742,471570208312013
1759.377,35.2074362,-89.7805166,ChIJ62ATRfudf4gRPIrPAXGVsiQ,OK,142881,471570208312013
12.872,35.2044739,-89.76342459999999,ChIJ3XsJxyKef4gRTeWb3lonWsU,OK,712,471570208312016
12.872,35.2044739,-89.76342459999999,ChIJ3XsJxyKef4gRTeWb3lonWsU,OK,712,471570208312016
1824.179,35.2074362,-89.7805166,ChIJ62ATRfudf4gRPIrPAXGVsiQ,OK,138893,471570208312016
534.364,35.2044739,-89.76342459999999,ChIJ3XsJxyKef4gRTeWb3lonWsU,OK,32321,471570211421002
534.364,35.2044739,-89.76342459999999,ChIJ3XsJxyKef4gRTeWb3lonWsU,OK,32321,471570211421002
1485.013,35.2074362,-89.7805166,ChIJ62ATRfudf4gRPIrPAXGVsiQ,OK,120109,471570211421002
3155.303,34.999309,-90.118577,ChIJ9TRIjgZl1YcR3fm2jM14AHY,OK,184186,471570224104003
3754.983,35.02753099999999,-90.082077,ChIJK66rdetk1YcRwwxI9gDREks,OK,216999,471570224104003
3754.983,35.02753099999999,-90.082077,ChIJK66rdetk1YcRwwxI9gDREks,OK,216999,471570224104003
2970.445,35.051879,-89.95322299999999,ChIJtbdkhjqGf4gRndtG1KtFnTA,OK,178774,471579801001040
3448.728,35.086634,-89.96355199999999,ChIJW0XU3AGHf4gRINnmxvx9m5A,OK,198816,471579801001040
3448.728,35.086634,-89.96355199999999,ChIJW0XU3AGHf4gRINnmxvx9m5A,OK,198816,471579801001040
3008.518,35.051879,-89.95322299999999,ChIJtbdkhjqGf4gRndtG1KtFnTA,OK,183343,471579801001029
3486.801,35.086634,-89.96355199999999,ChIJW0XU3AGHf4gRINnmxvx9m5A,OK,203385,471579801001029
3486.801,35.086634,-89.96355199999999,ChIJW0XU3AGHf4gRINnmxvx9m5A,OK,203385,471579801001029
4066.103,35.14868459999999,-89.7948203,ChIJ4w9Lr2qcf4gRHdzl9FciAFM,OK,327272,471579804001056
4066.103,35.14868459999999,-89.7948203,ChIJ4w9Lr2qcf4gRHdzl9FciAFM,OK,327272,471579804001056
4832.266,35.1546312,-89.79260459999999,ChIJ8UeuSEecf4gRniit7ubZLtM,OK,347971,471579804001056
5225.88,35.1153996,-89.89414069999999,ChIJCb4NOWWEf4gR79YlPQoocW4,OK,346593,471570213111004
7782.009,35.16339899999999,-89.855841,ChIJA_xfkC6Df4gRAjVZwLz1jqA,OK,389388,471570213111004
7782.009,35.16339899999999,-89.855841,ChIJA_xfkC6Df4gRAjVZwLz1jqA,OK,389388,471570213111004
1886.92,35.1913738,-89.8964247,ChIJwQffFF2Cf4gRzaR3rfvt3f4,OK,163320,471570206101020
1886.92,35.1913738,-89.8964247,ChIJwQffFF2Cf4gRzaR3rfvt3f4,OK,163320,471570206101020
2170.316,35.192778,-89.895242,ChIJ2ehTh2eCf4gR95JHzr6OIMA,OK,177616,471570206101020
70.481,35.04677619999999,-89.8859339,ChIJycTJ_niFf4gR5esliSzp17E,OK,3903,471570217312009
70.481,35.04677619999999,-89.8859339,ChIJycTJ_niFf4gR5esliSzp17E,OK,3903,471570217312009
669.433,35.0531879,-89.8855975,ChIJy5TuWnaFf4gRzUE1FqfjCIk,OK,45427,471570217312009
2786.779,35.2051043,-89.79754849999999,ChIJpRDMlY2df4gRQqHmUo_lzmc,OK,161030,471570211212007
2786.779,35.2051043,-89.79754849999999,ChIJpRDMlY2df4gRQqHmUo_lzmc,OK,161030,471570211212007
3078.777,35.2071893,-89.79833029999999,ChIJQ0zWJIydf4gRstwjg5hObuM,OK,221543,471570211212007
2257.124,35.1913738,-89.8964247,ChIJwQffFF2Cf4gRzaR3rfvt3f4,OK,129035,471570206101035
2257.124,35.1913738,-89.8964247,ChIJwQffFF2Cf4gRzaR3rfvt3f4,OK,129035,471570206101035
2398.458,35.164068,-89.8770782,ChIJpUMbExuDf4gRyW4QpPURe54,OK,143327,471570206101035
2107.052,35.051879,-89.95322299999999,ChIJtbdkhjqGf4gRndtG1KtFnTA,OK,116694,471579801001057
2107.052,35.051879,-89.95322299999999,ChIJtbdkhjqGf4gRndtG1KtFnTA,OK,116694,471579801001057
3867.18,35.05407199999999,-90.00125899999999,ChIJIzdhk1h91YcRZT7cBcBslaM,OK,211823,471579801001057
1961.779,35.05113000000001,-89.815021,ChIJAdLMX4iaf4gRUenKpoiyrBc,OK,152117,471570213341007
1961.779,35.05113000000001,-89.815021,ChIJAdLMX4iaf4gRUenKpoiyrBc,OK,152117,471570213341007
2175.921,35.048632,-89.814048,ChIJqY7T64eaf4gRoqZRK7sz4Co,OK,164393,471570213341007
1540.776,35.0333519,-90.02557630000001,ChIJK8z8Ksxi1YcRt8pxxgP2SA4,OK,102959,471570220241019
1540.776,35.0333519,-90.02557630000001,ChIJK8z8Ksxi1YcRt8pxxgP2SA4,OK,102959,471570220241019
1540.87,35.033351,-90.02556199999999,ChIJY7ePKsxi1YcRIP55gZFchMw,OK,102964,471570220241019
1447.129,35.0333519,-90.02557630000001,ChIJK8z8Ksxi1YcRt8pxxgP2SA4,OK,96345,471570220241018
1447.129,35.0333519,-90.02557630000001,ChIJK8z8Ksxi1YcRt8pxxgP2SA4,OK,96345,471570220241018
1447.223,35.033351,-90.02556199999999,ChIJY7ePKsxi1YcRIP55gZFchMw,OK,96350,471570220241018
2026.243,35.054745,-90.007971,ChIJXxyyQlt91YcRhldtWgjSnSE,OK,148960,471570220241015
2026.243,35.054745,-90.007971,ChIJXxyyQlt91YcRhldtWgjSnSE,OK,148960,471570220241015
2112.875,35.0333519,-90.02557630000001,ChIJK8z8Ksxi1YcRt8pxxgP2SA4,OK,162833,471570220241015
1670.969,35.0333519,-90.02557630000001,ChIJK8z8Ksxi1YcRt8pxxgP2SA4,OK,109806,471570221124001
1670.969,35.0333519,-90.02557630000001,ChIJK8z8Ksxi1YcRt8pxxgP2SA4,OK,109806,471570221124001
1671.063,35.033351,-90.02556199999999,ChIJY7ePKsxi1YcRIP55gZFchMw,OK,109811,471570221124001
1714.178,35.033351,-90.02556199999999,ChIJY7ePKsxi1YcRIP55gZFchMw,OK,122122,471570221124003
1760.654,35.021384,-90.019407,ChIJk8DCu8Bi1YcRUnUQCgCMr-E,OK,132168,471570221124003
1760.654,35.021384,-90.019407,ChIJk8DCu8Bi1YcRUnUQCgCMr-E,OK,132168,471570221124003
1776.154,35.033351,-90.02556199999999,ChIJY7ePKsxi1YcRIP55gZFchMw,OK,129559,471570221124004
1822.629,35.021384,-90.019407,ChIJk8DCu8Bi1YcRUnUQCgCMr-E,OK,139605,471570221124004
1822.629,35.021384,-90.019407,ChIJk8DCu8Bi1YcRUnUQCgCMr-E,OK,139605,471570221124004
3246.463,35.14859919999999,-89.91828060000002,ChIJRflgf-eDf4gRHX_XNYKER-s,OK,213283,471570086002023
3246.463,35.14859919999999,-89.91828060000002,ChIJRflgf-eDf4gRHX_XNYKER-s,OK,213283,471570086002023
3554.697,35.1075089,-89.9318387,ChIJVboYU6KGf4gRHfEHUi8Izac,OK,229573,471570086002023
1656.156,35.14859919999999,-89.91828060000002,ChIJRflgf-eDf4gRHX_XNYKER-s,OK,137342,471570086001033
1656.156,35.14859919999999,-89.91828060000002,ChIJRflgf-eDf4gRHX_XNYKER-s,OK,137342,471570086001033
2983.52,35.1489345,-89.89838259999999,ChIJaTBvX72Df4gRiyFT0LQMnrQ,OK,214781,471570086001033
1946.404,35.14859919999999,-89.91828060000002,ChIJRflgf-eDf4gRHX_XNYKER-s,OK,157033,471570086002014
1946.404,35.14859919999999,-89.91828060000002,ChIJRflgf-eDf4gRHX_XNYKER-s,OK,157033,471570086002014
3273.768,35.1489345,-89.89838259999999,ChIJaTBvX72Df4gRiyFT0LQMnrQ,OK,234472,471570086002014
3283.754,35.14859919999999,-89.91828060000002,ChIJRflgf-eDf4gRHX_XNYKER-s,OK,216964,471570029005017
3283.754,35.14859919999999,-89.91828060000002,ChIJRflgf-eDf4gRHX_XNYKER-s,OK,216964,471570029005017
3553.984,35.1161637,-89.9446263,ChIJ-ZiED8iGf4gR32IlfgDBKWY,OK,240269,471570029005017
3360.538,35.1075089,-89.9318387,ChIJVboYU6KGf4gRHfEHUi8Izac,OK,229089,471570085001004
3085.688,35.14859919999999,-89.91828060000002,ChIJRflgf-eDf4gRHX_XNYKER-s,OK,232810,471570085001004
3085.688,35.14859919999999,-89.91828060000002,ChIJRflgf-eDf4gRHX_XNYKER-s,OK,232810,471570085001004
2881.505,35.14859919999999,-89.91828060000002,ChIJRflgf-eDf4gRHX_XNYKER-s,OK,183881,471570086002029
2881.505,35.14859919999999,-89.91828060000002,ChIJRflgf-eDf4gRHX_XNYKER-s,OK,183881,471570086002029
3584.168,35.1079763,-89.9333841,ChIJqZoM4qKGf4gREaZMyPG1GBQ,OK,219918,471570086002029
1157.597,35.14859919999999,-89.91828060000002,ChIJRflgf-eDf4gRHX_XNYKER-s,OK,84786,471570086003022
1157.597,35.14859919999999,-89.91828060000002,ChIJRflgf-eDf4gRHX_XNYKER-s,OK,84786,471570086003022
1998.198,35.1489345,-89.89838259999999,ChIJaTBvX72Df4gRiyFT0LQMnrQ,OK,147278,471570086003022
1275.397,35.14859919999999,-89.91828060000002,ChIJRflgf-eDf4gRHX_XNYKER-s,OK,91652,471570086003027
1275.397,35.14859919999999,-89.91828060000002,ChIJRflgf-eDf4gRHX_XNYKER-s,OK,91652,471570086003027
2144.217,35.1489345,-89.89838259999999,ChIJaTBvX72Df4gRiyFT0LQMnrQ,OK,155841,471570086003027
1663.508,35.14859919999999,-89.91828060000002,ChIJRflgf-eDf4gRHX_XNYKER-s,OK,123086,471570086001031
1663.508,35.14859919999999,-89.91828060000002,ChIJRflgf-eDf4gRHX_XNYKER-s,OK,123086,471570086001031
2990.872,35.1489345,-89.89838259999999,ChIJaTBvX72Df4gRiyFT0LQMnrQ,OK,200525,471570086001031
3145.073,35.1075089,-89.9318387,ChIJVboYU6KGf4gRHfEHUi8Izac,OK,218754,471570085001005
3145.073,35.1075089,-89.9318387,ChIJVboYU6KGf4gRHfEHUi8Izac,OK,218754,471570085001005
3286.98,35.1079763,-89.9333841,ChIJqZoM4qKGf4gREaZMyPG1GBQ,OK,227269,471570085001005
2127.071,35.1161637,-89.9446263,ChIJ-ZiED8iGf4gR32IlfgDBKWY,OK,146880,471570073001016
2127.071,35.1161637,-89.9446263,ChIJ-ZiED8iGf4gR32IlfgDBKWY,OK,146880,471570073001016
3129.26,35.1075089,-89.9318387,ChIJVboYU6KGf4gRHfEHUi8Izac,OK,200935,471570073001016
2670.444,35.1075089,-89.9318387,ChIJVboYU6KGf4gRHfEHUi8Izac,OK,172585,471570073003000
2670.444,35.1075089,-89.9318387,ChIJVboYU6KGf4gRHfEHUi8Izac,OK,172585,471570073003000
2591.693,35.1161637,-89.9446263,ChIJ-ZiED8iGf4gR32IlfgDBKWY,OK,173932,471570073003000
2664.569,35.1075089,-89.9318387,ChIJVboYU6KGf4gRHfEHUi8Izac,OK,172308,471570085001009
2664.569,35.1075089,-89.9318387,ChIJVboYU6KGf4gRHfEHUi8Izac,OK,172308,471570085001009
2806.476,35.1079763,-89.9333841,ChIJqZoM4qKGf4gREaZMyPG1GBQ,OK,180823,471570085001009
2635.134,35.1145886,-89.90089789999999,ChIJKWmlFW6Ef4gR0YNISWQMkss,OK,183893,471570085001006
2635.134,35.1145886,-89.90089789999999,ChIJKWmlFW6Ef4gR0YNISWQMkss,OK,183893,471570085001006
3034.784,35.1075089,-89.9318387,ChIJVboYU6KGf4gRHfEHUi8Izac,OK,205520,471570085001006
2243.308,35.0225458,-90.0257415,ChIJnc94gMRi1YcRKYztFRuX2Yw,OK,149604,471570227002000
3443.182,35.03203000000001,-90.025994,ChIJr7k5Z85i1YcR_daVhG2vNFM,OK,232108,471570227002000
1295.365,35.0225458,-90.0257415,ChIJnc94gMRi1YcRKYztFRuX2Yw,OK,83368,471570221213003
1295.365,35.0225458,-90.0257415,ChIJnc94gMRi1YcRKYztFRuX2Yw,OK,83368,471570221213003
1651.894,35.021381,-90.020287,ChIJnVfwxMBi1YcR65EtGsZDcOY,OK,103854,471570221213003
1223.935,35.0333519,-90.02557630000001,ChIJK8z8Ksxi1YcRt8pxxgP2SA4,OK,88550,471570221111009
1223.935,35.0333519,-90.02557630000001,ChIJK8z8Ksxi1YcRt8pxxgP2SA4,OK,88550,471570221111009
1224.029,35.033351,-90.02556199999999,ChIJY7ePKsxi1YcRIP55gZFchMw,OK,88555,471570221111009
1799.14,35.0333519,-90.02557630000001,ChIJK8z8Ksxi1YcRt8pxxgP2SA4,OK,129850,471570221111015
1799.14,35.0333519,-90.02557630000001,ChIJK8z8Ksxi1YcRt8pxxgP2SA4,OK,129850,471570221111015
1799.234,35.033351,-90.02556199999999,ChIJY7ePKsxi1YcRIP55gZFchMw,OK,129855,471570221111015
1368.526,35.021381,-90.020287,ChIJnVfwxMBi1YcR65EtGsZDcOY,OK,99593,471570221124010
1368.526,35.021381,-90.020287,ChIJnVfwxMBi1YcR65EtGsZDcOY,OK,99593,471570221124010
1368.865,35.021384,-90.019407,ChIJk8DCu8Bi1YcRUnUQCgCMr-E,OK,99618,471570221124010
2598.66,35.1087458,-90.0211918,ChIJe6w2EsF91YcRquzVZc8M0-I,OK,157734,471570078221000
2598.66,35.1087458,-90.0211918,ChIJe6w2EsF91YcRquzVZc8M0-I,OK,157734,471570078221000
2599.301,35.10874099999999,-90.021185,ChIJrVbiDcF91YcRG9TBOTpHc3I,OK,157811,471570078221000
658.633,35.054745,-90.007971,ChIJXxyyQlt91YcRhldtWgjSnSE,OK,61100,471570220223000
658.633,35.054745,-90.007971,ChIJXxyyQlt91YcRhldtWgjSnSE,OK,61100,471570220223000
1090.482,35.05407199999999,-90.00125899999999,ChIJIzdhk1h91YcRZT7cBcBslaM,OK,77139,471570220223000
675.515,35.05407199999999,-90.00125899999999,ChIJIzdhk1h91YcRZT7cBcBslaM,OK,77356,471570220223015
675.515,35.05407199999999,-90.00125899999999,ChIJIzdhk1h91YcRZT7cBcBslaM,OK,77356,471570220223015
819.923,35.054745,-90.007971,ChIJXxyyQlt91YcRhldtWgjSnSE,OK,80454,471570220223015
714.488,35.054745,-90.007971,ChIJXxyyQlt91YcRhldtWgjSnSE,OK,67802,471570220223018
714.488,35.054745,-90.007971,ChIJXxyyQlt91YcRhldtWgjSnSE,OK,67802,471570220223018
668.764,35.05407199999999,-90.00125899999999,ChIJIzdhk1h91YcRZT7cBcBslaM,OK,76546,471570220223018
690.09,35.05407199999999,-90.00125899999999,ChIJIzdhk1h91YcRZT7cBcBslaM,OK,79105,471570220223022
690.09,35.05407199999999,-90.00125899999999,ChIJIzdhk1h91YcRZT7cBcBslaM,OK,79105,471570220223022
1170.376,35.054745,-90.007971,ChIJXxyyQlt91YcRhldtWgjSnSE,OK,104211,471570220223022
2277.845,35.0543926,-90.0597009,ChIJT5TzUbl81YcRiPqNjkbj9CA,OK,141631,471570225001098
2277.845,35.0543926,-90.0597009,ChIJT5TzUbl81YcRiPqNjkbj9CA,OK,141631,471570225001098
2602.342,35.06128,-90.05978399999999,ChIJm06f8ZV81YcRTjzAsJPcBKY,OK,172026,471570225001098
601.084,35.109859,-89.99141100000001,ChIJs6JbpFyHf4gR9O01gG0a7fQ,OK,35628,471570064001008
601.084,35.109859,-89.99141100000001,ChIJs6JbpFyHf4gR9O01gG0a7fQ,OK,35628,471570064001008
1403.144,35.107529,-89.9862127,ChIJ0WGfSUKHf4gRjDLrfGQwCV4,OK,86509,471570064001008
792.49,35.107529,-89.9862127,ChIJ0WGfSUKHf4gRjDLrfGQwCV4,OK,77523,471570067002003
792.49,35.107529,-89.9862127,ChIJ0WGfSUKHf4gRjDLrfGQwCV4,OK,77523,471570067002003
1233.508,35.104197,-89.98335349999999,ChIJNST6hGqHf4gR0Mml4gyjQWk,OK,97082,471570067002003
1940.025,35.12545849999999,-89.97454169999999,ChIJoyT3HjOHf4gRS6EdHckmff8,OK,135935,471570067003006
1940.025,35.12545849999999,-89.97454169999999,ChIJoyT3HjOHf4gRS6EdHckmff8,OK,135935,471570067003006
2079.157,35.107529,-89.9862127,ChIJ0WGfSUKHf4gRjDLrfGQwCV4,OK,145890,471570067003006
1559.014,35.12545849999999,-89.97454169999999,ChIJoyT3HjOHf4gRS6EdHckmff8,OK,104480,471570067003000
1559.014,35.12545849999999,-89.97454169999999,ChIJoyT3HjOHf4gRS6EdHckmff8,OK,104480,471570067003000
2348.382,35.107529,-89.9862127,ChIJ0WGfSUKHf4gRjDLrfGQwCV4,OK,144956,471570067003000
1295.618,35.12545849999999,-89.97454169999999,ChIJoyT3HjOHf4gRS6EdHckmff8,OK,88678,471570067003001
1295.618,35.12545849999999,-89.97454169999999,ChIJoyT3HjOHf4gRS6EdHckmff8,OK,88678,471570067003001
2168.098,35.107529,-89.9862127,ChIJ0WGfSUKHf4gRjDLrfGQwCV4,OK,153727,471570067003001
2283.531,35.0225458,-90.0257415,ChIJnc94gMRi1YcRKYztFRuX2Yw,OK,151643,471570223221012
2283.531,35.0225458,-90.0257415,ChIJnc94gMRi1YcRKYztFRuX2Yw,OK,151643,471570223221012
3485.271,35.0333519,-90.02557630000001,ChIJK8z8Ksxi1YcRt8pxxgP2SA4,OK,218196,471570223221012
443.812,35.09464699999999,-89.9708677,ChIJx5uAuBqHf4gRze5MKc5WJFI,OK,41416,471570069001005
443.812,35.09464699999999,-89.9708677,ChIJx5uAuBqHf4gRze5MKc5WJFI,OK,41416,471570069001005
1007.134,35.0904795,-89.96597299999999,ChIJHfaNmAOHf4gR1d8V2K9rfSU,OK,71528,471570069001005
157.051,35.09464699999999,-89.9708677,ChIJx5uAuBqHf4gRze5MKc5WJFI,OK,11307,471570069001007
157.051,35.09464699999999,-89.9708677,ChIJx5uAuBqHf4gRze5MKc5WJFI,OK,11307,471570069001007
851.095,35.0904795,-89.96597299999999,ChIJHfaNmAOHf4gR1d8V2K9rfSU,OK,50830,471570069001007
1219.809,35.12545849999999,-89.97454169999999,ChIJoyT3HjOHf4gRS6EdHckmff8,OK,103284,471570071002011
1219.809,35.12545849999999,-89.97454169999999,ChIJoyT3HjOHf4gRS6EdHckmff8,OK,103284,471570071002011
2687.922,35.107529,-89.9862127,ChIJ0WGfSUKHf4gRjDLrfGQwCV4,OK,179685,471570071002011
1356.769,35.12545849999999,-89.97454169999999,ChIJoyT3HjOHf4gRS6EdHckmff8,OK,119717,471570071002009
1356.769,35.12545849999999,-89.97454169999999,ChIJoyT3HjOHf4gRS6EdHckmff8,OK,119717,471570071002009
2714.495,35.107529,-89.9862127,ChIJ0WGfSUKHf4gRjDLrfGQwCV4,OK,180628,471570071002009
3798.141,35.1439641,-90.0517892,ChIJL-0zBZR-1YcRj7p5p1WY4-g,OK,279736,471570001003018
3798.141,35.1439641,-90.0517892,ChIJL-0zBZR-1YcRj7p5p1WY4-g,OK,279736,471570001003018
4007.057,35.1450994,-90.0538646,ChIJne6_s5V-1YcRn_LPaqiwhrk,OK,285190,471570001003018
1762.894,35.12545849999999,-89.97454169999999,ChIJoyT3HjOHf4gRS6EdHckmff8,OK,117391,471570067004001
1762.894,35.12545849999999,-89.97454169999999,ChIJoyT3HjOHf4gRS6EdHckmff8,OK,117391,471570067004001
2257.816,35.107529,-89.9862127,ChIJ0WGfSUKHf4gRjDLrfGQwCV4,OK,140204,471570067004001
1925.228,35.12545849999999,-89.97454169999999,ChIJoyT3HjOHf4gRS6EdHckmff8,OK,135173,471570067004002
1925.228,35.12545849999999,-89.97454169999999,ChIJoyT3HjOHf4gRS6EdHckmff8,OK,135173,471570067004002
2172.767,35.107529,-89.9862127,ChIJ0WGfSUKHf4gRjDLrfGQwCV4,OK,146049,471570067004002
1937.699,35.09464699999999,-89.9708677,ChIJx5uAuBqHf4gRze5MKc5WJFI,OK,127026,471570067003010
2417.631,35.104197,-89.98335349999999,ChIJNST6hGqHf4gR0Mml4gyjQWk,OK,152199,471570067003010
2417.631,35.104197,-89.98335349999999,ChIJNST6hGqHf4gR0Mml4gyjQWk,OK,152199,471570067003010
1790.82,35.12545849999999,-89.97454169999999,ChIJoyT3HjOHf4gRS6EdHckmff8,OK,118367,471570070003000
1790.82,35.12545849999999,-89.97454169999999,ChIJoyT3HjOHf4gRS6EdHckmff8,OK,118367,471570070003000
2048.392,35.1161637,-89.9446263,ChIJ-ZiED8iGf4gR32IlfgDBKWY,OK,128967,471570070003000
1868.468,35.12545849999999,-89.97454169999999,ChIJoyT3HjOHf4gRS6EdHckmff8,OK,124991,471570067004005
1868.468,35.12545849999999,-89.97454169999999,ChIJoyT3HjOHf4gRS6EdHckmff8,OK,124991,471570067004005
2324.477,35.09464699999999,-89.9708677,ChIJx5uAuBqHf4gRze5MKc5WJFI,OK,142190,471570067004005
1898.121,35.12545849999999,-89.97454169999999,ChIJoyT3HjOHf4gRS6EdHckmff8,OK,130678,471570067004004
1898.121,35.12545849999999,-89.97454169999999,ChIJoyT3HjOHf4gRS6EdHckmff8,OK,130678,471570067004004
2354.129,35.09464699999999,-89.9708677,ChIJx5uAuBqHf4gRze5MKc5WJFI,OK,147877,471570067004004
1851.064,35.09464699999999,-89.9708677,ChIJx5uAuBqHf4gRze5MKc5WJFI,OK,111840,471570067004007
2017.418,35.12545849999999,-89.97454169999999,ChIJoyT3HjOHf4gRS6EdHckmff8,OK,131982,471570067004007
2017.418,35.12545849999999,-89.97454169999999,ChIJoyT3HjOHf4gRS6EdHckmff8,OK,131982,471570067004007
1895.469,35.09464699999999,-89.9708677,ChIJx5uAuBqHf4gRze5MKc5WJFI,OK,117780,471570067004006
2021.316,35.12545849999999,-89.97454169999999,ChIJoyT3HjOHf4gRS6EdHckmff8,OK,137789,471570067004006
2021.316,35.12545849999999,-89.97454169999999,ChIJoyT3HjOHf4gRS6EdHckmff8,OK,137789,471570067004006
1607.97,35.107529,-89.9862127,ChIJ0WGfSUKHf4gRjDLrfGQwCV4,OK,108112,471570067003023
1721.95,35.09464699999999,-89.9708677,ChIJx5uAuBqHf4gRze5MKc5WJFI,OK,111670,471570067003023
1721.95,35.09464699999999,-89.9708677,ChIJx5uAuBqHf4gRze5MKc5WJFI,OK,111670,471570067003023
1643.865,35.09464699999999,-89.9708677,ChIJx5uAuBqHf4gRze5MKc5WJFI,OK,99409,471570067004013
1643.865,35.09464699999999,-89.9708677,ChIJx5uAuBqHf4gRze5MKc5WJFI,OK,99409,471570067004013
1682.779,35.107529,-89.9862127,ChIJ0WGfSUKHf4gRjDLrfGQwCV4,OK,105023,471570067004013
1910.742,35.09464699999999,-89.9708677,ChIJx5uAuBqHf4gRze5MKc5WJFI,OK,123791,471570067004008
2041.6,35.12545849999999,-89.97454169999999,ChIJoyT3HjOHf4gRS6EdHckmff8,OK,140223,471570067004008
2041.6,35.12545849999999,-89.97454169999999,ChIJoyT3HjOHf4gRS6EdHckmff8,OK,140223,471570067004008
1711.297,35.09464699999999,-89.9708677,ChIJx5uAuBqHf4gRze5MKc5WJFI,OK,110975,471570067004012
1711.297,35.09464699999999,-89.9708677,ChIJx5uAuBqHf4gRze5MKc5WJFI,OK,110975,471570067004012
2191.229,35.104197,-89.98335349999999,ChIJNST6hGqHf4gR0Mml4gyjQWk,OK,136148,471570067004012
2166.657,35.09464699999999,-89.9708677,ChIJx5uAuBqHf4gRze5MKc5WJFI,OK,144371,471570067004009
2166.657,35.09464699999999,-89.9708677,ChIJx5uAuBqHf4gRze5MKc5WJFI,OK,144371,471570067004009
2155.049,35.12545849999999,-89.97454169999999,ChIJoyT3HjOHf4gRS6EdHckmff8,OK,153836,471570067004009
2322.49,35.1450994,-90.0538646,ChIJne6_s5V-1YcRn_LPaqiwhrk,OK,163700,471570021001076
2653.512,35.1439641,-90.0517892,ChIJL-0zBZR-1YcRj7p5p1WY4-g,OK,198535,471570021001048
2653.512,35.1439641,-90.0517892,ChIJL-0zBZR-1YcRj7p5p1WY4-g,OK,198535,471570021001048
2862.428,35.1450994,-90.0538646,ChIJne6_s5V-1YcRn_LPaqiwhrk,OK,203989,471570021001048
2321.997,35.1439641,-90.0517892,ChIJL-0zBZR-1YcRj7p5p1WY4-g,OK,170122,471570021001055
2321.997,35.1439641,-90.0517892,ChIJL-0zBZR-1YcRj7p5p1WY4-g,OK,170122,471570021001055
2530.914,35.1450994,-90.0538646,ChIJne6_s5V-1YcRn_LPaqiwhrk,OK,175576,471570021001055
2800.08,35.1439641,-90.0517892,ChIJL-0zBZR-1YcRj7p5p1WY4-g,OK,151582,471570020002022
2800.08,35.1439641,-90.0517892,ChIJL-0zBZR-1YcRj7p5p1WY4-g,OK,151582,471570020002022
2830.771,35.1435177,-90.0539328,ChIJ8VFg1pV-1YcRR9G8p0pZx6U,OK,151861,471570020002022
2721.385,35.1439641,-90.0517892,ChIJL-0zBZR-1YcRj7p5p1WY4-g,OK,146633,471570113001004
2721.385,35.1439641,-90.0517892,ChIJL-0zBZR-1YcRj7p5p1WY4-g,OK,146633,471570113001004
2752.076,35.1435177,-90.0539328,ChIJ8VFg1pV-1YcRR9G8p0pZx6U,OK,146912,471570113001004
3319.795,35.1439641,-90.0517892,ChIJL-0zBZR-1YcRj7p5p1WY4-g,OK,185097,471570020002005
3319.795,35.1439641,-90.0517892,ChIJL-0zBZR-1YcRj7p5p1WY4-g,OK,185097,471570020002005
3512.612,35.1490317,-90.0140679,ChIJw3q9_xV-1YcRqrte6yBn1CI,OK,194581,471570020002005
2777.884,35.1490317,-90.0140679,ChIJw3q9_xV-1YcRqrte6yBn1CI,OK,152828,471570113001002
3052.253,35.1439641,-90.0517892,ChIJL-0zBZR-1YcRj7p5p1WY4-g,OK,164956,471570113001002
3052.253,35.1439641,-90.0517892,ChIJL-0zBZR-1YcRj7p5p1WY4-g,OK,164956,471570113001002
3107.15,35.1439641,-90.0517892,ChIJL-0zBZR-1YcRj7p5p1WY4-g,OK,179920,471570020002013
3107.15,35.1439641,-90.0517892,ChIJL-0zBZR-1YcRj7p5p1WY4-g,OK,179920,471570020002013
3119.057,35.1450994,-90.0538646,ChIJne6_s5V-1YcRn_LPaqiwhrk,OK,188217,471570020002013
2804.88,35.1439641,-90.0517892,ChIJL-0zBZR-1YcRj7p5p1WY4-g,OK,150732,471570113001003
2804.88,35.1439641,-90.0517892,ChIJL-0zBZR-1YcRj7p5p1WY4-g,OK,150732,471570113001003
2835.57,35.1435177,-90.0539328,ChIJ8VFg1pV-1YcRR9G8p0pZx6U,OK,151011,471570113001003
2869.552,35.1439641,-90.0517892,ChIJL-0zBZR-1YcRj7p5p1WY4-g,OK,154058,471570113001027
2869.552,35.1439641,-90.0517892,ChIJL-0zBZR-1YcRj7p5p1WY4-g,OK,154058,471570113001027
2881.458,35.1450994,-90.0538646,ChIJne6_s5V-1YcRn_LPaqiwhrk,OK,162355,471570113001027
2575.427,35.1490317,-90.0140679,ChIJw3q9_xV-1YcRqrte6yBn1CI,OK,140242,471570113001028
2575.427,35.1490317,-90.0140679,ChIJw3q9_xV-1YcRqrte6yBn1CI,OK,140242,471570113001028
3131.02,35.1439641,-90.0517892,ChIJL-0zBZR-1YcRj7p5p1WY4-g,OK,169246,471570113001028
2536.885,35.1439641,-90.0517892,ChIJL-0zBZR-1YcRj7p5p1WY4-g,OK,136952,471570113001059
2536.885,35.1439641,-90.0517892,ChIJL-0zBZR-1YcRj7p5p1WY4-g,OK,136952,471570113001059
2567.575,35.1435177,-90.0539328,ChIJ8VFg1pV-1YcRR9G8p0pZx6U,OK,137231,471570113001059
2315.529,35.1450994,-90.0538646,ChIJne6_s5V-1YcRn_LPaqiwhrk,OK,122910,471570113001063
2315.529,35.1450994,-90.0538646,ChIJne6_s5V-1YcRn_LPaqiwhrk,OK,122910,471570113001063
2535.068,35.1435177,-90.0539328,ChIJ8VFg1pV-1YcRR9G8p0pZx6U,OK,131665,471570113001063
2183.918,35.1450994,-90.0538646,ChIJne6_s5V-1YcRn_LPaqiwhrk,OK,116142,471570113001078
2183.918,35.1450994,-90.0538646,ChIJne6_s5V-1YcRn_LPaqiwhrk,OK,116142,471570113001078
2403.456,35.1435177,-90.0539328,ChIJ8VFg1pV-1YcRR9G8p0pZx6U,OK,124897,471570113001078
2333.609,35.1439641,-90.0517892,ChIJL-0zBZR-1YcRj7p5p1WY4-g,OK,139639,471570113001088
2333.609,35.1439641,-90.0517892,ChIJL-0zBZR-1YcRj7p5p1WY4-g,OK,139639,471570113001088
2364.3,35.1435177,-90.0539328,ChIJ8VFg1pV-1YcRR9G8p0pZx6U,OK,139918,471570113001088
2417.508,35.1439641,-90.0517892,ChIJL-0zBZR-1YcRj7p5p1WY4-g,OK,145679,471570113001094
2417.508,35.1439641,-90.0517892,ChIJL-0zBZR-1YcRj7p5p1WY4-g,OK,145679,471570113001094
2448.198,35.1435177,-90.0539328,ChIJ8VFg1pV-1YcRR9G8p0pZx6U,OK,145958,471570113001094
2271.429,35.1444038,-90.0168571,ChIJufYEjhR-1YcREff46W6Lons,OK,157843,471570113001080
2271.429,35.1444038,-90.0168571,ChIJufYEjhR-1YcREff46W6Lons,OK,157843,471570113001080
2813,35.1439641,-90.0517892,ChIJL-0zBZR-1YcRj7p5p1WY4-g,OK,188968,471570113001080
278.357,35.1157645,-90.022279,ChIJwZqBNMN91YcRRpdDvj5Pcr8,OK,22705,471570115003001
278.357,35.1157645,-90.022279,ChIJwZqBNMN91YcRRpdDvj5Pcr8,OK,22705,471570115003001
1119.927,35.1087458,-90.0211918,ChIJe6w2EsF91YcRquzVZc8M0-I,OK,71322,471570115003001
337.445,35.1157645,-90.022279,ChIJwZqBNMN91YcRRpdDvj5Pcr8,OK,24483,471570115003005
337.445,35.1157645,-90.022279,ChIJwZqBNMN91YcRRpdDvj5Pcr8,OK,24483,471570115003005
1179.015,35.1087458,-90.0211918,ChIJe6w2EsF91YcRquzVZc8M0-I,OK,73100,471570115003005
362.44,35.1157645,-90.022279,ChIJwZqBNMN91YcRRpdDvj5Pcr8,OK,33665,471570115003004
362.44,35.1157645,-90.022279,ChIJwZqBNMN91YcRRpdDvj5Pcr8,OK,33665,471570115003004
805.683,35.1087458,-90.0211918,ChIJe6w2EsF91YcRquzVZc8M0-I,OK,64092,471570115003004
4291.598,35.1157645,-90.022279,ChIJwZqBNMN91YcRRpdDvj5Pcr8,OK,215859,471570115004007
5012.718,35.1087458,-90.0211918,ChIJe6w2EsF91YcRquzVZc8M0-I,OK,257249,471570115004007
5012.718,35.1087458,-90.0211918,ChIJe6w2EsF91YcRquzVZc8M0-I,OK,257249,471570115004007
654.255,35.1087458,-90.0211918,ChIJe6w2EsF91YcRquzVZc8M0-I,OK,37960,471570115004019
654.255,35.1087458,-90.0211918,ChIJe6w2EsF91YcRquzVZc8M0-I,OK,37960,471570115004019
654.896,35.10874099999999,-90.021185,ChIJrVbiDcF91YcRG9TBOTpHc3I,OK,38037,471570115004019
538.948,35.1087458,-90.0211918,ChIJe6w2EsF91YcRquzVZc8M0-I,OK,31575,471570115004012
538.948,35.1087458,-90.0211918,ChIJe6w2EsF91YcRquzVZc8M0-I,OK,31575,471570115004012
539.589,35.10874099999999,-90.021185,ChIJrVbiDcF91YcRG9TBOTpHc3I,OK,31652,471570115004012
544.85,35.1157645,-90.022279,ChIJwZqBNMN91YcRRpdDvj5Pcr8,OK,49371,471570115003012
544.85,35.1157645,-90.022279,ChIJwZqBNMN91YcRRpdDvj5Pcr8,OK,49371,471570115003012
828.728,35.1087458,-90.0211918,ChIJe6w2EsF91YcRquzVZc8M0-I,OK,61950,471570115003012
232.468,35.1157645,-90.022279,ChIJwZqBNMN91YcRRpdDvj5Pcr8,OK,24255,471570115003003
232.468,35.1157645,-90.022279,ChIJwZqBNMN91YcRRpdDvj5Pcr8,OK,24255,471570115003003
807.984,35.1087458,-90.0211918,ChIJe6w2EsF91YcRquzVZc8M0-I,OK,66593,471570115003003
301.7,35.1087458,-90.0211918,ChIJe6w2EsF91YcRquzVZc8M0-I,OK,18439,471570115004013
301.7,35.1087458,-90.0211918,ChIJe6w2EsF91YcRquzVZc8M0-I,OK,18439,471570115004013
302.341,35.10874099999999,-90.021185,ChIJrVbiDcF91YcRG9TBOTpHc3I,OK,18516,471570115004013
614.048,35.1087458,-90.0211918,ChIJe6w2EsF91YcRquzVZc8M0-I,OK,45895,471570115004015
614.048,35.1087458,-90.0211918,ChIJe6w2EsF91YcRquzVZc8M0-I,OK,45895,471570115004015
614.69,35.10874099999999,-90.021185,ChIJrVbiDcF91YcRG9TBOTpHc3I,OK,45972,471570115004015
422.249,35.1157645,-90.022279,ChIJwZqBNMN91YcRRpdDvj5Pcr8,OK,23662,471570115003011
419.322,35.1087458,-90.0211918,ChIJe6w2EsF91YcRquzVZc8M0-I,OK,24954,471570115003011
419.322,35.1087458,-90.0211918,ChIJe6w2EsF91YcRquzVZc8M0-I,OK,24954,471570115003011
414.232,35.1087458,-90.0211918,ChIJe6w2EsF91YcRquzVZc8M0-I,OK,31835,471570115004001
414.232,35.1087458,-90.0211918,ChIJe6w2EsF91YcRquzVZc8M0-I,OK,31835,471570115004001
414.873,35.10874099999999,-90.021185,ChIJrVbiDcF91YcRG9TBOTpHc3I,OK,31912,471570115004001
460.537,35.1087458,-90.0211918,ChIJe6w2EsF91YcRquzVZc8M0-I,OK,37391,471570115004033
460.537,35.1087458,-90.0211918,ChIJe6w2EsF91YcRquzVZc8M0-I,OK,37391,471570115004033
461.178,35.10874099999999,-90.021185,ChIJrVbiDcF91YcRG9TBOTpHc3I,OK,37468,471570115004033
340.126,35.1087458,-90.0211918,ChIJe6w2EsF91YcRquzVZc8M0-I,OK,32218,471570115004031
340.126,35.1087458,-90.0211918,ChIJe6w2EsF91YcRquzVZc8M0-I,OK,32218,471570115004031
340.767,35.10874099999999,-90.021185,ChIJrVbiDcF91YcRG9TBOTpHc3I,OK,32295,471570115004031
822.292,35.1060329,-90.039159,ChIJ231bcjV81YcRQ1quDeYAd6M,OK,66936,471570057002002
822.292,35.1060329,-90.039159,ChIJ231bcjV81YcRQ1quDeYAd6M,OK,66936,471570057002002
1245.432,35.1087458,-90.0211918,ChIJe6w2EsF91YcRquzVZc8M0-I,OK,92735,471570057002002
1017.265,35.1060329,-90.039159,ChIJ231bcjV81YcRQ1quDeYAd6M,OK,85850,471570057002000
1017.265,35.1060329,-90.039159,ChIJ231bcjV81YcRQ1quDeYAd6M,OK,85850,471570057002000
1304.975,35.1087458,-90.0211918,ChIJe6w2EsF91YcRquzVZc8M0-I,OK,99879,471570057002000
975.108,35.1060329,-90.039159,ChIJ231bcjV81YcRQ1quDeYAd6M,OK,80791,471570057002001
975.108,35.1060329,-90.039159,ChIJ231bcjV81YcRQ1quDeYAd6M,OK,80791,471570057002001
1262.818,35.1087458,-90.0211918,ChIJe6w2EsF91YcRquzVZc8M0-I,OK,94820,471570057002001
2010.123,35.1444038,-90.0168571,ChIJufYEjhR-1YcREff46W6Lons,OK,142276,471570113001081
2010.123,35.1444038,-90.0168571,ChIJufYEjhR-1YcREff46W6Lons,OK,142276,471570113001081
2657.807,35.1490317,-90.0140679,ChIJw3q9_xV-1YcRqrte6yBn1CI,OK,176210,471570113001081
2301.043,35.1444038,-90.0168571,ChIJufYEjhR-1YcREff46W6Lons,OK,168563,471570113001084
2301.043,35.1444038,-90.0168571,ChIJufYEjhR-1YcREff46W6Lons,OK,168563,471570113001084
3109.493,35.1490317,-90.0140679,ChIJw3q9_xV-1YcRqrte6yBn1CI,OK,187259,471570113001084
1171.44,35.14868459999999,-89.7948203,ChIJ4w9Lr2qcf4gRHdzl9FciAFM,OK,127432,471570211373019
1171.44,35.14868459999999,-89.7948203,ChIJ4w9Lr2qcf4gRHdzl9FciAFM,OK,127432,471570211373019
2270.9,35.1546312,-89.79260459999999,ChIJ8UeuSEecf4gRniit7ubZLtM,OK,188123,471570211373019
2147.647,35.17410499999999,-89.97575479999999,ChIJmfYTGFmAf4gRHGKCaD0qCtI,OK,145851,471570111001005
2147.647,35.17410499999999,-89.97575479999999,ChIJmfYTGFmAf4gRHGKCaD0qCtI,OK,145851,471570111001005
3832.608,35.167095,-89.950496,ChIJecYfJgmBf4gRJh-YY67U6V8,OK,240610,471570111001005
2237.48,35.167095,-89.950496,ChIJecYfJgmBf4gRJh-YY67U6V8,OK,150378,471570111001030
2237.48,35.167095,-89.950496,ChIJecYfJgmBf4gRJh-YY67U6V8,OK,150378,471570111001030
2814.736,35.1497164,-89.95515999999999,ChIJcQb6ehiBf4gR-uA54eRPNq8,OK,209161,471570111001030
875.055,35.1507888,-89.977317,ChIJdVWrOuqAf4gR-V7s1E3qo7g,OK,74336,471570016001010
875.055,35.1507888,-89.977317,ChIJdVWrOuqAf4gR-V7s1E3qo7g,OK,74336,471570016001010
2882.065,35.13779299999999,-89.99118349999999,ChIJUQlZ-K-Af4gRkRKK62-ap5w,OK,193799,471570016001010
584.211,35.1507888,-89.977317,ChIJdVWrOuqAf4gR-V7s1E3qo7g,OK,35049,471570015001024
584.211,35.1507888,-89.977317,ChIJdVWrOuqAf4gR-V7s1E3qo7g,OK,35049,471570015001024
1505.96,35.1497164,-89.95515999999999,ChIJcQb6ehiBf4gR-uA54eRPNq8,OK,92579,471570015001024
655.375,35.1507888,-89.977317,ChIJdVWrOuqAf4gR-V7s1E3qo7g,OK,45725,471570027002000
655.375,35.1507888,-89.977317,ChIJdVWrOuqAf4gR-V7s1E3qo7g,OK,45725,471570027002000
2749.736,35.13418100000001,-89.98599,ChIJnf1_yraAf4gR9pQmD7CXhgg,OK,160818,471570027002000
549.307,35.1507888,-89.977317,ChIJdVWrOuqAf4gR-V7s1E3qo7g,OK,36503,471570027002006
549.307,35.1507888,-89.977317,ChIJdVWrOuqAf4gR-V7s1E3qo7g,OK,36503,471570027002006
2280.333,35.13418100000001,-89.98599,ChIJnf1_yraAf4gR9pQmD7CXhgg,OK,137784,471570027002006
490.318,35.12545849999999,-89.97454169999999,ChIJoyT3HjOHf4gRS6EdHckmff8,OK,37652,471570067001001
490.318,35.12545849999999,-89.97454169999999,ChIJoyT3HjOHf4gRS6EdHckmff8,OK,37652,471570067001001
2148.949,35.13418100000001,-89.98599,ChIJnf1_yraAf4gR9pQmD7CXhgg,OK,147836,471570067001001
1731.615,35.098685,-90.05664899999999,ChIJ31qwBkJ81YcRk2V5pdmdhrM,OK,126065,471570117001129
1731.615,35.098685,-90.05664899999999,ChIJ31qwBkJ81YcRk2V5pdmdhrM,OK,126065,471570117001129
2120.608,35.095133,-90.05542799999999,ChIJATnUo0J81YcRpbAuNwXeqRw,OK,147609,471570117001129
393.078,35.1060329,-90.039159,ChIJ231bcjV81YcRQ1quDeYAd6M,OK,31592,471570059003031
393.078,35.1060329,-90.039159,ChIJ231bcjV81YcRQ1quDeYAd6M,OK,31592,471570059003031
2197.711,35.098685,-90.05664899999999,ChIJ31qwBkJ81YcRk2V5pdmdhrM,OK,127263,471570059003031
1177.255,35.1060329,-90.039159,ChIJ231bcjV81YcRQ1quDeYAd6M,OK,87347,471570057001018
1177.255,35.1060329,-90.039159,ChIJ231bcjV81YcRQ1quDeYAd6M,OK,87347,471570057001018
1703.84,35.098685,-90.05664899999999,ChIJ31qwBkJ81YcRk2V5pdmdhrM,OK,106344,471570057001018
2579.762,35.04577219999999,-89.82821469999999,ChIJL-jEaJmaf4gREtYdkYi2nAs,OK,205986,471570217441015
2579.762,35.04577219999999,-89.82821469999999,ChIJL-jEaJmaf4gREtYdkYi2nAs,OK,205986,471570217441015
2558.377,35.048632,-89.814048,ChIJqY7T64eaf4gRoqZRK7sz4Co,OK,211702,471570217441015
2389.359,35.1546312,-89.79260459999999,ChIJ8UeuSEecf4gRniit7ubZLtM,OK,175628,471570211374014
2389.359,35.1546312,-89.79260459999999,ChIJ8UeuSEecf4gRniit7ubZLtM,OK,175628,471570211374014
2172.42,35.14868459999999,-89.7948203,ChIJ4w9Lr2qcf4gRHdzl9FciAFM,OK,182679,471570211374014
4454.987,35.14868459999999,-89.7948203,ChIJ4w9Lr2qcf4gRHdzl9FciAFM,OK,278467,471570211401002
4454.987,35.14868459999999,-89.7948203,ChIJ4w9Lr2qcf4gRHdzl9FciAFM,OK,278467,471570211401002
5221.149,35.1546312,-89.79260459999999,ChIJ8UeuSEecf4gRniit7ubZLtM,OK,299166,471570211401002
2637.56,35.14868459999999,-89.7948203,ChIJ4w9Lr2qcf4gRHdzl9FciAFM,OK,199953,471570211371003
2637.56,35.14868459999999,-89.7948203,ChIJ4w9Lr2qcf4gRHdzl9FciAFM,OK,199953,471570211371003
3059.806,35.1546312,-89.79260459999999,ChIJ8UeuSEecf4gRniit7ubZLtM,OK,216419,471570211371003
4929.337,35.14868459999999,-89.7948203,ChIJ4w9Lr2qcf4gRHdzl9FciAFM,OK,335388,471570211401044
4929.337,35.14868459999999,-89.7948203,ChIJ4w9Lr2qcf4gRHdzl9FciAFM,OK,335388,471570211401044
5695.499,35.1546312,-89.79260459999999,ChIJ8UeuSEecf4gRniit7ubZLtM,OK,356087,471570211401044
2484.362,35.1546312,-89.79260459999999,ChIJ8UeuSEecf4gRniit7ubZLtM,OK,158426,471570211261048
2484.362,35.1546312,-89.79260459999999,ChIJ8UeuSEecf4gRniit7ubZLtM,OK,158426,471570211261048
2864.249,35.14868459999999,-89.7948203,ChIJ4w9Lr2qcf4gRHdzl9FciAFM,OK,177926,471570211261048
2828.069,35.1546312,-89.79260459999999,ChIJ8UeuSEecf4gRniit7ubZLtM,OK,197755,471570211374017
2828.069,35.1546312,-89.79260459999999,ChIJ8UeuSEecf4gRniit7ubZLtM,OK,197755,471570211374017
2611.13,35.14868459999999,-89.7948203,ChIJ4w9Lr2qcf4gRHdzl9FciAFM,OK,204806,471570211374017
2319.106,35.1546312,-89.79260459999999,ChIJ8UeuSEecf4gRniit7ubZLtM,OK,190588,471570211374018
2319.106,35.1546312,-89.79260459999999,ChIJ8UeuSEecf4gRniit7ubZLtM,OK,190588,471570211374018
2102.167,35.14868459999999,-89.7948203,ChIJ4w9Lr2qcf4gRHdzl9FciAFM,OK,197639,471570211374018
1657.101,35.05905920000001,-89.9340455,ChIJM89Mbw2Gf4gRFqf4fPnKU7k,OK,131497,471570106202000
1657.101,35.05905920000001,-89.9340455,ChIJM89Mbw2Gf4gRFqf4fPnKU7k,OK,131497,471570106202000
1706.835,35.06591589999999,-89.94154240000002,ChIJTUcfL2qGf4gRH4x-pmmajWw,OK,136421,471570106202000
1192.523,35.0515544,-89.92255089999999,ChIJG_UFGuOFf4gRyHNDzwp5is0,OK,93308,471570106303004
1192.523,35.0515544,-89.92255089999999,ChIJG_UFGuOFf4gRyHNDzwp5is0,OK,93308,471570106303004
1991.071,35.0515568,-89.90630259999999,ChIJrU8jyZKFf4gRubg1AIyELWY,OK,150820,471570106303004
562.514,35.0515544,-89.92255089999999,ChIJG_UFGuOFf4gRyHNDzwp5is0,OK,31152,471570106303007
562.514,35.0515544,-89.92255089999999,ChIJG_UFGuOFf4gRyHNDzwp5is0,OK,31152,471570106303007
975.346,35.0515568,-89.90630259999999,ChIJrU8jyZKFf4gRubg1AIyELWY,OK,60906,471570106303007
3307.427,35.1546312,-89.79260459999999,ChIJ8UeuSEecf4gRniit7ubZLtM,OK,195551,471570211351023
3307.427,35.1546312,-89.79260459999999,ChIJ8UeuSEecf4gRniit7ubZLtM,OK,195551,471570211351023
3842.947,35.2051043,-89.79754849999999,ChIJpRDMlY2df4gRQqHmUo_lzmc,OK,225292,471570211351023
2126.346,35.1546312,-89.79260459999999,ChIJ8UeuSEecf4gRniit7ubZLtM,OK,126966,471570211374000
2126.346,35.1546312,-89.79260459999999,ChIJ8UeuSEecf4gRniit7ubZLtM,OK,126966,471570211374000
3073.808,35.14868459999999,-89.7948203,ChIJ4w9Lr2qcf4gRHdzl9FciAFM,OK,180518,471570211374000
618.394,35.14868459999999,-89.7948203,ChIJ4w9Lr2qcf4gRHdzl9FciAFM,OK,74204,471570211373026
618.394,35.14868459999999,-89.7948203,ChIJ4w9Lr2qcf4gRHdzl9FciAFM,OK,74204,471570211373026
1717.855,35.1546312,-89.79260459999999,ChIJ8UeuSEecf4gRniit7ubZLtM,OK,134895,471570211373026
2891.359,35.093591,-90.056624,ChIJgyVl92d81YcRhuRHHckl8Y4,OK,212078,471570056003042
2891.359,35.093591,-90.056624,ChIJgyVl92d81YcRhuRHHckl8Y4,OK,212078,471570056003042
3071.196,35.095133,-90.05542799999999,ChIJATnUo0J81YcRpbAuNwXeqRw,OK,222038,471570056003042
865.349,35.16339899999999,-89.855841,ChIJA_xfkC6Df4gRAjVZwLz1jqA,OK,82453,471570212001002
865.349,35.16339899999999,-89.855841,ChIJA_xfkC6Df4gRAjVZwLz1jqA,OK,82453,471570212001002
938.732,35.1623785,-89.8566175,ChIJXQHWWS6Df4gRqhH5EQ9H1j0,OK,91312,471570212001002
2349.449,35.1490317,-90.0140679,ChIJw3q9_xV-1YcRqrte6yBn1CI,OK,153109,471570112002004
2349.449,35.1490317,-90.0140679,ChIJw3q9_xV-1YcRqrte6yBn1CI,OK,153109,471570112002004
3071.687,35.1444038,-90.0168571,ChIJufYEjhR-1YcREff46W6Lons,OK,200462,471570112002004
1629.78,35.1490317,-90.0140679,ChIJw3q9_xV-1YcRqrte6yBn1CI,OK,103826,471570112003019
1629.78,35.1490317,-90.0140679,ChIJw3q9_xV-1YcRqrte6yBn1CI,OK,103826,471570112003019
2352.018,35.1444038,-90.0168571,ChIJufYEjhR-1YcREff46W6Lons,OK,151179,471570112003019
1743.824,35.1490317,-90.0140679,ChIJw3q9_xV-1YcRqrte6yBn1CI,OK,115063,471570017002006
1743.824,35.1490317,-90.0140679,ChIJw3q9_xV-1YcRqrte6yBn1CI,OK,115063,471570017002006
2466.062,35.1444038,-90.0168571,ChIJufYEjhR-1YcREff46W6Lons,OK,162416,471570017002006
1840.103,35.1490317,-90.0140679,ChIJw3q9_xV-1YcRqrte6yBn1CI,OK,106367,471570112003016
1840.103,35.1490317,-90.0140679,ChIJw3q9_xV-1YcRqrte6yBn1CI,OK,106367,471570112003016
2562.341,35.1444038,-90.0168571,ChIJufYEjhR-1YcREff46W6Lons,OK,153720,471570112003016
1758.746,35.1490317,-90.0140679,ChIJw3q9_xV-1YcRqrte6yBn1CI,OK,114496,471570112003010
1758.746,35.1490317,-90.0140679,ChIJw3q9_xV-1YcRqrte6yBn1CI,OK,114496,471570112003010
2480.983,35.1444038,-90.0168571,ChIJufYEjhR-1YcREff46W6Lons,OK,161849,471570112003010
541.521,35.1490317,-90.0140679,ChIJw3q9_xV-1YcRqrte6yBn1CI,OK,57272,471570025002025
541.521,35.1490317,-90.0140679,ChIJw3q9_xV-1YcRqrte6yBn1CI,OK,57272,471570025002025
752.718,35.1444038,-90.0168571,ChIJufYEjhR-1YcREff46W6Lons,OK,77064,471570025002025
1095.724,35.021384,-90.019407,ChIJk8DCu8Bi1YcRUnUQCgCMr-E,OK,101743,471570221112004
1095.724,35.021384,-90.019407,ChIJk8DCu8Bi1YcRUnUQCgCMr-E,OK,101743,471570221112004
1096.063,35.021381,-90.020287,ChIJnVfwxMBi1YcR65EtGsZDcOY,OK,101768,471570221112004
1193.043,35.021381,-90.020287,ChIJnVfwxMBi1YcR65EtGsZDcOY,OK,97588,471570221124014
1193.043,35.021381,-90.020287,ChIJnVfwxMBi1YcR65EtGsZDcOY,OK,97588,471570221124014
1193.382,35.021384,-90.019407,ChIJk8DCu8Bi1YcRUnUQCgCMr-E,OK,97613,471570221124014
1401.983,35.0068452,-90.00681259999999,ChIJz3G0Jpti1YcRMCYWHOflqrA,OK,104990,471570221212000
1401.983,35.0068452,-90.00681259999999,ChIJz3G0Jpti1YcRMCYWHOflqrA,OK,104990,471570221212000
2162.073,35.021381,-90.020287,ChIJnVfwxMBi1YcR65EtGsZDcOY,OK,145953,471570221212000
574.004,35.218332,-90.00299799999999,ChIJfRCGEgGA1YcRsZsWP_dycDI,OK,50261,471570101105001
574.004,35.218332,-90.00299799999999,ChIJfRCGEgGA1YcRsZsWP_dycDI,OK,50261,471570101105001
781.909,35.21475480000001,-90.00354540000001,ChIJF6XvX_9_1YcRD4jlF4jzevw,OK,62735,471570101105001
354.42,35.21475480000001,-90.00354540000001,ChIJF6XvX_9_1YcRD4jlF4jzevw,OK,35609,471570101201007
354.42,35.21475480000001,-90.00354540000001,ChIJF6XvX_9_1YcRD4jlF4jzevw,OK,35609,471570101201007
752.909,35.218332,-90.00299799999999,ChIJfRCGEgGA1YcRsZsWP_dycDI,OK,59518,471570101201007
620.657,35.2166323,-89.9945206,ChIJ4fSgw_h_f4gRx0hAJfGjdzA,OK,63170,471570102203004
620.657,35.2166323,-89.9945206,ChIJ4fSgw_h_f4gRx0hAJfGjdzA,OK,63170,471570102203004
701.633,35.217526,-89.98935,ChIJKdhOoPd_f4gRbD5w-Ol3ovU,OK,70522,471570102203004
1262.095,35.2166323,-89.9945206,ChIJ4fSgw_h_f4gRx0hAJfGjdzA,OK,75721,471570101202008
1262.095,35.2166323,-89.9945206,ChIJ4fSgw_h_f4gRx0hAJfGjdzA,OK,75721,471570101202008
1756.308,35.2178517,-89.9902989,ChIJT7y6Nvh_f4gR6Khps0fYRPg,OK,110045,471570101202008
2150.49,35.0971,-89.9305344,ChIJRd53mZuGf4gRp0fETcD5Y3I,OK,137739,471570093003005
2150.49,35.0971,-89.9305344,ChIJRd53mZuGf4gRp0fETcD5Y3I,OK,137739,471570093003005
2344.421,35.0960067,-89.93138279999999,ChIJFfDYDZuGf4gR5IbqhV7MTAo,OK,151708,471570093003005
2010.312,35.0878609,-89.931612,ChIJ78kLm4aGf4gRhPZ5eF_7ojg,OK,140115,471570093003013
2605.535,35.093158,-89.93038,ChIJU1HLuoSGf4gRK5KIVLXtvbU,OK,177307,471570093003013
2605.535,35.093158,-89.93038,ChIJU1HLuoSGf4gRK5KIVLXtvbU,OK,177307,471570093003013
2082.854,35.0971,-89.9305344,ChIJRd53mZuGf4gRp0fETcD5Y3I,OK,136550,471570093002013
2082.854,35.0971,-89.9305344,ChIJRd53mZuGf4gRp0fETcD5Y3I,OK,136550,471570093002013
2276.785,35.0960067,-89.93138279999999,ChIJFfDYDZuGf4gR5IbqhV7MTAo,OK,150519,471570093002013
1995.835,35.0878609,-89.931612,ChIJ78kLm4aGf4gRhPZ5eF_7ojg,OK,138378,471570093003008
1995.835,35.0878609,-89.931612,ChIJ78kLm4aGf4gRhPZ5eF_7ojg,OK,138378,471570093003008
2591.059,35.093158,-89.93038,ChIJU1HLuoSGf4gRK5KIVLXtvbU,OK,175570,471570093003008
2213.82,35.0971,-89.9305344,ChIJRd53mZuGf4gRp0fETcD5Y3I,OK,139543,471570093003004
2213.82,35.0971,-89.9305344,ChIJRd53mZuGf4gRp0fETcD5Y3I,OK,139543,471570093003004
2407.751,35.0960067,-89.93138279999999,ChIJFfDYDZuGf4gR5IbqhV7MTAo,OK,153512,471570093003004
2173.728,35.0854368,-89.89541919999999,ChIJf5cc-VKEf4gRF-lYLgijYQQ,OK,127630,471570093002019
2173.728,35.0854368,-89.89541919999999,ChIJf5cc-VKEf4gRF-lYLgijYQQ,OK,127630,471570093002019
2279.697,35.0971,-89.9305344,ChIJRd53mZuGf4gRp0fETcD5Y3I,OK,136775,471570093002019
2342.687,35.0854368,-89.89541919999999,ChIJf5cc-VKEf4gRF-lYLgijYQQ,OK,158058,471570093003003
2342.687,35.0854368,-89.89541919999999,ChIJf5cc-VKEf4gRF-lYLgijYQQ,OK,158058,471570093003003
2418.421,35.0971,-89.9305344,ChIJRd53mZuGf4gRp0fETcD5Y3I,OK,164095,471570093003003
2341.921,35.0971,-89.9305344,ChIJRd53mZuGf4gRp0fETcD5Y3I,OK,154915,471570093003010
2341.921,35.0971,-89.9305344,ChIJRd53mZuGf4gRp0fETcD5Y3I,OK,154915,471570093003010
2535.853,35.0960067,-89.93138279999999,ChIJFfDYDZuGf4gR5IbqhV7MTAo,OK,168884,471570093003010
2312.468,35.0854368,-89.89541919999999,ChIJf5cc-VKEf4gRF-lYLgijYQQ,OK,154432,471570093003009
2312.468,35.0854368,-89.89541919999999,ChIJf5cc-VKEf4gRF-lYLgijYQQ,OK,154432,471570093003009
1711.766,35.093158,-89.93038,ChIJU1HLuoSGf4gRK5KIVLXtvbU,OK,205405,471570093003009
2008.638,35.0878609,-89.931612,ChIJ78kLm4aGf4gRhPZ5eF_7ojg,OK,139914,471570093003023
3675.896,35.0745932,-89.9204618,ChIJPX58KNGFf4gRLgBWAHPwusk,OK,232206,471570093003023
3675.896,35.0745932,-89.9204618,ChIJPX58KNGFf4gRLgBWAHPwusk,OK,232206,471570093003023
1652.205,35.0878609,-89.931612,ChIJ78kLm4aGf4gRhPZ5eF_7ojg,OK,101735,471570097001019
3447.819,35.0757114,-89.9271675,ChIJ-d7FIHmGf4gR6Aa1VQWm0ps,OK,209991,471570097001019
3447.819,35.0757114,-89.9271675,ChIJ-d7FIHmGf4gR6Aa1VQWm0ps,OK,209991,471570097001019
1434.914,35.0878609,-89.931612,ChIJ78kLm4aGf4gRhPZ5eF_7ojg,OK,97445,471570097001012
3230.528,35.0757114,-89.9271675,ChIJ-d7FIHmGf4gR6Aa1VQWm0ps,OK,205701,471570097001012
3230.528,35.0757114,-89.9271675,ChIJ-d7FIHmGf4gR6Aa1VQWm0ps,OK,205701,471570097001012
1971.85,35.0878609,-89.931612,ChIJ78kLm4aGf4gRhPZ5eF_7ojg,OK,128205,471570097001010
3767.463,35.0757114,-89.9271675,ChIJ-d7FIHmGf4gR6Aa1VQWm0ps,OK,236461,471570097001010
3767.463,35.0757114,-89.9271675,ChIJ-d7FIHmGf4gR6Aa1VQWm0ps,OK,236461,471570097001010
1935.658,35.0878609,-89.931612,ChIJ78kLm4aGf4gRhPZ5eF_7ojg,OK,127745,471570097002012
3573.286,35.0745932,-89.9204618,ChIJPX58KNGFf4gRLgBWAHPwusk,OK,219894,471570097002012
3573.286,35.0745932,-89.9204618,ChIJPX58KNGFf4gRLgBWAHPwusk,OK,219894,471570097002012
1316.581,35.12545849999999,-89.97454169999999,ChIJoyT3HjOHf4gRS6EdHckmff8,OK,76498,471570066002043
1316.581,35.12545849999999,-89.97454169999999,ChIJoyT3HjOHf4gRS6EdHckmff8,OK,76498,471570066002043
1472.257,35.13418100000001,-89.98599,ChIJnf1_yraAf4gR9pQmD7CXhgg,OK,82027,471570066002043
5499.576,35.1153996,-89.89414069999999,ChIJCb4NOWWEf4gR79YlPQoocW4,OK,396915,471570213112002
7271.21,35.16339899999999,-89.855841,ChIJA_xfkC6Df4gRAjVZwLz1jqA,OK,450696,471570213112002
7271.21,35.16339899999999,-89.855841,ChIJA_xfkC6Df4gRAjVZwLz1jqA,OK,450696,471570213112002
1853.403,35.1161637,-89.9446263,ChIJ-ZiED8iGf4gR32IlfgDBKWY,OK,122064,471570072001005
1853.403,35.1161637,-89.9446263,ChIJ-ZiED8iGf4gR32IlfgDBKWY,OK,122064,471570072001005
2099.88,35.12545849999999,-89.97454169999999,ChIJoyT3HjOHf4gRS6EdHckmff8,OK,130781,471570072001005
927.956,35.1161637,-89.9446263,ChIJ-ZiED8iGf4gR32IlfgDBKWY,OK,79298,471570073002003
927.956,35.1161637,-89.9446263,ChIJ-ZiED8iGf4gR32IlfgDBKWY,OK,79298,471570073002003
2224.468,35.108097,-89.941227,ChIJwxJT-r6Gf4gRhLDuFpyb128,OK,153264,471570073002003
1719.527,35.125222,-90.048147,ChIJ9cKdtid81YcRKs9h6RjzQzw,OK,114325,471570116002016
1719.527,35.125222,-90.048147,ChIJ9cKdtid81YcRKs9h6RjzQzw,OK,114325,471570116002016
1721.341,35.1251709,-90.0481695,ChIJybIJtCd81YcR9Otxws-5qCM,OK,114425,471570116002016
1879.609,35.1157645,-90.022279,ChIJwZqBNMN91YcRRpdDvj5Pcr8,OK,146840,471570116002014
1879.609,35.1157645,-90.022279,ChIJwZqBNMN91YcRRpdDvj5Pcr8,OK,146840,471570116002014
2033.245,35.125222,-90.048147,ChIJ9cKdtid81YcRKs9h6RjzQzw,OK,151970,471570116002014
1423.635,35.12545849999999,-89.97454169999999,ChIJoyT3HjOHf4gRS6EdHckmff8,OK,81800,471570066002042
1423.635,35.12545849999999,-89.97454169999999,ChIJoyT3HjOHf4gRS6EdHckmff8,OK,81800,471570066002042
1579.311,35.13418100000001,-89.98599,ChIJnf1_yraAf4gR9pQmD7CXhgg,OK,87329,471570066002042
1494.418,35.1161637,-89.9446263,ChIJ-ZiED8iGf4gR32IlfgDBKWY,OK,100721,471570073003007
1494.418,35.1161637,-89.9446263,ChIJ-ZiED8iGf4gR32IlfgDBKWY,OK,100721,471570073003007
2790.929,35.108097,-89.941227,ChIJwxJT-r6Gf4gRhLDuFpyb128,OK,174687,471570073003007
5473.135,35.1153996,-89.89414069999999,ChIJCb4NOWWEf4gR79YlPQoocW4,OK,413716,471570213112009
7519.784,35.16339899999999,-89.855841,ChIJA_xfkC6Df4gRAjVZwLz1jqA,OK,485448,471570213112009
7519.784,35.16339899999999,-89.855841,ChIJA_xfkC6Df4gRAjVZwLz1jqA,OK,485448,471570213112009
1394.608,35.1161637,-89.9446263,ChIJ-ZiED8iGf4gR32IlfgDBKWY,OK,95340,471570073002000
1394.608,35.1161637,-89.9446263,ChIJ-ZiED8iGf4gR32IlfgDBKWY,OK,95340,471570073002000
2691.12,35.108097,-89.941227,ChIJwxJT-r6Gf4gRhLDuFpyb128,OK,169306,471570073002000
1439.661,35.1145886,-89.90089789999999,ChIJKWmlFW6Ef4gR0YNISWQMkss,OK,137296,471570085002006
1439.661,35.1145886,-89.90089789999999,ChIJKWmlFW6Ef4gR0YNISWQMkss,OK,137296,471570085002006
2257.429,35.1153996,-89.89414069999999,ChIJCb4NOWWEf4gR79YlPQoocW4,OK,193529,471570085002006
3593.768,35.02753099999999,-90.082077,ChIJK66rdetk1YcRwwxI9gDREks,OK,227318,471570224104017
4048.001,35.21475480000001,-90.00354540000001,ChIJF6XvX_9_1YcRD4jlF4jzevw,OK,246093,471570101205006
4048.001,35.21475480000001,-90.00354540000001,ChIJF6XvX_9_1YcRD4jlF4jzevw,OK,246093,471570101205006
4521.201,35.218332,-90.00299799999999,ChIJfRCGEgGA1YcRsZsWP_dycDI,OK,261347,471570101205006
3403.475,35.1546312,-89.79260459999999,ChIJ8UeuSEecf4gRniit7ubZLtM,OK,223067,471570211351038
3403.475,35.1546312,-89.79260459999999,ChIJ8UeuSEecf4gRniit7ubZLtM,OK,223067,471570211351038
3783.363,35.14868459999999,-89.7948203,ChIJ4w9Lr2qcf4gRHdzl9FciAFM,OK,242567,471570211351038
2953.424,35.2337782,-89.9252472,ChIJra3pLkt_f4gRjZbqnHrruIM,OK,250668,471570205231003
2953.424,35.2337782,-89.9252472,ChIJra3pLkt_f4gRjZbqnHrruIM,OK,250668,471570205231003
6600.236,35.2158947,-89.9151158,ChIJxetq6ad4f4gRD1K1cIBWUQ4,OK,487249,471570205231003
2413.588,35.2064292,-89.73436359999999,ChIJP6qgZdGff4gRQoIww3TX5kM,OK,154044,471570210102058
2413.588,35.2064292,-89.73436359999999,ChIJP6qgZdGff4gRQoIww3TX5kM,OK,154044,471570210102058
4247.936,35.1581502,-89.72609419999999,ChIJL6yctRGff4gRqpalt07WxQs,OK,276574,471570210102058
3206.953,35.1546312,-89.79260459999999,ChIJ8UeuSEecf4gRniit7ubZLtM,OK,199200,471570211351026
3206.953,35.1546312,-89.79260459999999,ChIJ8UeuSEecf4gRniit7ubZLtM,OK,199200,471570211351026
3586.841,35.14868459999999,-89.7948203,ChIJ4w9Lr2qcf4gRHdzl9FciAFM,OK,218700,471570211351026
3194.825,35.1546312,-89.79260459999999,ChIJ8UeuSEecf4gRniit7ubZLtM,OK,197884,471570211351019
3194.825,35.1546312,-89.79260459999999,ChIJ8UeuSEecf4gRniit7ubZLtM,OK,197884,471570211351019
3574.712,35.14868459999999,-89.7948203,ChIJ4w9Lr2qcf4gRHdzl9FciAFM,OK,217384,471570211351019
2395.753,35.218332,-90.00299799999999,ChIJfRCGEgGA1YcRsZsWP_dycDI,OK,143740,471570099013008
1722.062,35.22619459999999,-90.0020167,ChIJvTh1mwiA1YcRLLqD5Uxq8Nc,OK,104086,471570099013010
1722.062,35.22619459999999,-90.0020167,ChIJvTh1mwiA1YcRLLqD5Uxq8Nc,OK,104086,471570099013010
2532.457,35.218332,-90.00299799999999,ChIJfRCGEgGA1YcRsZsWP_dycDI,OK,151553,471570099013010
2248.054,35.220637,-89.892425,ChIJiZ78r4Z4f4gRyy0DWRWI7n0,OK,150334,471570205324004
2248.054,35.220637,-89.892425,ChIJiZ78r4Z4f4gRyy0DWRWI7n0,OK,150334,471570205324004
2232.768,35.223866,-89.90499,ChIJJRXCRJh4f4gRcTFbl9qZzNM,OK,189258,471570205324004
2420.68,35.22619459999999,-90.0020167,ChIJvTh1mwiA1YcRLLqD5Uxq8Nc,OK,141216,471570099013015
2420.68,35.22619459999999,-90.0020167,ChIJvTh1mwiA1YcRLLqD5Uxq8Nc,OK,141216,471570099013015
3231.075,35.218332,-90.00299799999999,ChIJfRCGEgGA1YcRsZsWP_dycDI,OK,188683,471570099013015
1723.233,35.220637,-89.892425,ChIJiZ78r4Z4f4gRyy0DWRWI7n0,OK,115962,471570205324010
1723.233,35.220637,-89.892425,ChIJiZ78r4Z4f4gRyy0DWRWI7n0,OK,115962,471570205324010
2139.204,35.223866,-89.90499,ChIJJRXCRJh4f4gRcTFbl9qZzNM,OK,180216,471570205324010
1935.472,35.220637,-89.892425,ChIJiZ78r4Z4f4gRyy0DWRWI7n0,OK,107554,471570205323002
1935.472,35.220637,-89.892425,ChIJiZ78r4Z4f4gRyy0DWRWI7n0,OK,107554,471570205323002
1671.049,35.223866,-89.90499,ChIJJRXCRJh4f4gRcTFbl9qZzNM,OK,134188,471570205323002
3544.908,35.22619459999999,-90.0020167,ChIJvTh1mwiA1YcRLLqD5Uxq8Nc,OK,226230,471570099013027
3544.908,35.22619459999999,-90.0020167,ChIJvTh1mwiA1YcRLLqD5Uxq8Nc,OK,226230,471570099013027
3972.219,35.218332,-90.00299799999999,ChIJfRCGEgGA1YcRsZsWP_dycDI,OK,255819,471570099013027
1686.817,35.0078094,-89.83044679999999,ChIJpwHMo0eQf4gRIqmNFjWLuW4,OK,129521,471570217542013
1686.817,35.0078094,-89.83044679999999,ChIJpwHMo0eQf4gRIqmNFjWLuW4,OK,129521,471570217542013
3423.738,35.0220022,-89.82947999999999,ChIJxT9DeWuQf4gRf6HLF5uJHd0,OK,244031,471570217542013
3890.996,35.218332,-90.00299799999999,ChIJfRCGEgGA1YcRsZsWP_dycDI,OK,267315,471570099012008
3890.996,35.218332,-90.00299799999999,ChIJfRCGEgGA1YcRsZsWP_dycDI,OK,267315,471570099012008
4098.9,35.21475480000001,-90.00354540000001,ChIJF6XvX_9_1YcRD4jlF4jzevw,OK,279789,471570099012008
3788.4,35.218332,-90.00299799999999,ChIJfRCGEgGA1YcRsZsWP_dycDI,OK,255003,471570099012006
3788.4,35.218332,-90.00299799999999,ChIJfRCGEgGA1YcRsZsWP_dycDI,OK,255003,471570099012006
3996.304,35.21475480000001,-90.00354540000001,ChIJF6XvX_9_1YcRD4jlF4jzevw,OK,267477,471570099012006
3394.139,35.05113000000001,-89.815021,ChIJAdLMX4iaf4gRUenKpoiyrBc,OK,243961,471570217451018
3568.06,35.048632,-89.814048,ChIJqY7T64eaf4gRoqZRK7sz4Co,OK,256381,471570217451018
3568.06,35.048632,-89.814048,ChIJqY7T64eaf4gRoqZRK7sz4Co,OK,256381,471570217451018
4728.792,35.218332,-90.00299799999999,ChIJfRCGEgGA1YcRsZsWP_dycDI,OK,308250,471570099011010
4728.792,35.218332,-90.00299799999999,ChIJfRCGEgGA1YcRsZsWP_dycDI,OK,308250,471570099011010
4906.866,35.22619459999999,-90.0020167,ChIJvTh1mwiA1YcRLLqD5Uxq8Nc,OK,313247,471570099011010
2035.024,35.14981359999999,-89.94918609999999,ChIJVdGBGRaBf4gRsi89Rzqn8W4,OK,122090,471570013002000
532.561,35.167095,-89.950496,ChIJecYfJgmBf4gRJh-YY67U6V8,OK,30165,471570011002015
532.561,35.167095,-89.950496,ChIJecYfJgmBf4gRJh-YY67U6V8,OK,30165,471570011002015
2052.644,35.14981359999999,-89.94918609999999,ChIJVdGBGRaBf4gRsi89Rzqn8W4,OK,123147,471570011002015
744.31,35.1497164,-89.95515999999999,ChIJcQb6ehiBf4gR-uA54eRPNq8,OK,59185,471570013003006
744.31,35.1497164,-89.95515999999999,ChIJcQb6ehiBf4gR-uA54eRPNq8,OK,59185,471570013003006
1221.21,35.14981359999999,-89.94918609999999,ChIJVdGBGRaBf4gRsi89Rzqn8W4,OK,85568,471570013003006
419.757,35.14981359999999,-89.94918609999999,ChIJVdGBGRaBf4gRsi89Rzqn8W4,OK,25184,471570028001002
419.757,35.14981359999999,-89.94918609999999,ChIJVdGBGRaBf4gRsi89Rzqn8W4,OK,25184,471570028001002
375.14,35.1497164,-89.95515999999999,ChIJcQb6ehiBf4gR-uA54eRPNq8,OK,32715,471570028001002
839.057,35.14981359999999,-89.94918609999999,ChIJVdGBGRaBf4gRsi89Rzqn8W4,OK,59468,471570013004005
839.057,35.14981359999999,-89.94918609999999,ChIJVdGBGRaBf4gRsi89Rzqn8W4,OK,59468,471570013004005
1390.26,35.1497164,-89.95515999999999,ChIJcQb6ehiBf4gR-uA54eRPNq8,OK,94768,471570013004005
1052.722,35.0515568,-89.90630259999999,ChIJrU8jyZKFf4gRubg1AIyELWY,OK,87983,471570106303001
1052.722,35.0515568,-89.90630259999999,ChIJrU8jyZKFf4gRubg1AIyELWY,OK,87983,471570106303001
1657.355,35.0515544,-89.92255089999999,ChIJG_UFGuOFf4gRyHNDzwp5is0,OK,114579,471570106303001
8425.338,35.1444038,-90.0168571,ChIJufYEjhR-1YcREff46W6Lons,OK,423297,471570037001002
8425.338,35.1444038,-90.0168571,ChIJufYEjhR-1YcREff46W6Lons,OK,423297,471570037001002
8456.905,35.13763670000001,-90.00757159999999,ChIJl69WLQV-1YcRU3z7Tt2MyhY,OK,428806,471570037001002
8066.409,35.1444038,-90.0168571,ChIJufYEjhR-1YcREff46W6Lons,OK,404838,471570037001033
8066.409,35.1444038,-90.0168571,ChIJufYEjhR-1YcREff46W6Lons,OK,404838,471570037001033
8097.975,35.13763670000001,-90.00757159999999,ChIJl69WLQV-1YcRU3z7Tt2MyhY,OK,410347,471570037001033
1538.233,35.1444038,-90.0168571,ChIJufYEjhR-1YcREff46W6Lons,OK,101106,471570036002033
1538.233,35.1444038,-90.0168571,ChIJufYEjhR-1YcREff46W6Lons,OK,101106,471570036002033
1569.799,35.13763670000001,-90.00757159999999,ChIJl69WLQV-1YcRU3z7Tt2MyhY,OK,106615,471570036002033
2023.786,35.125222,-90.048147,ChIJ9cKdtid81YcRKs9h6RjzQzw,OK,117949,471570046001019
2023.786,35.125222,-90.048147,ChIJ9cKdtid81YcRKs9h6RjzQzw,OK,117949,471570046001019
2025.6,35.1251709,-90.0481695,ChIJybIJtCd81YcR9Otxws-5qCM,OK,118049,471570046001019
1649.789,35.125222,-90.048147,ChIJ9cKdtid81YcRKs9h6RjzQzw,OK,98742,471570046001022
1649.789,35.125222,-90.048147,ChIJ9cKdtid81YcRKs9h6RjzQzw,OK,98742,471570046001022
1651.603,35.1251709,-90.0481695,ChIJybIJtCd81YcR9Otxws-5qCM,OK,98842,471570046001022
1795.775,35.125222,-90.048147,ChIJ9cKdtid81YcRKs9h6RjzQzw,OK,122144,471570046001020
1795.775,35.125222,-90.048147,ChIJ9cKdtid81YcRKs9h6RjzQzw,OK,122144,471570046001020
1797.589,35.1251709,-90.0481695,ChIJybIJtCd81YcR9Otxws-5qCM,OK,122244,471570046001020
1576.926,35.1251709,-90.0481695,ChIJybIJtCd81YcR9Otxws-5qCM,OK,110710,471570058001005
1578.74,35.125222,-90.048147,ChIJ9cKdtid81YcRKs9h6RjzQzw,OK,110811,471570058001005
1766.956,35.1251709,-90.0481695,ChIJybIJtCd81YcR9Otxws-5qCM,OK,133159,471570058001006
1766.956,35.1251709,-90.0481695,ChIJybIJtCd81YcR9Otxws-5qCM,OK,133159,471570058001006
1768.77,35.125222,-90.048147,ChIJ9cKdtid81YcRKs9h6RjzQzw,OK,133260,471570058001006
1215.444,35.125222,-90.048147,ChIJ9cKdtid81YcRKs9h6RjzQzw,OK,138794,471570058001000
1215.444,35.125222,-90.048147,ChIJ9cKdtid81YcRKs9h6RjzQzw,OK,138794,471570058001000
1217.258,35.1251709,-90.0481695,ChIJybIJtCd81YcR9Otxws-5qCM,OK,138894,471570058001000
2046.201,35.098685,-90.05664899999999,ChIJ31qwBkJ81YcRk2V5pdmdhrM,OK,142490,471570058002003
2046.201,35.098685,-90.05664899999999,ChIJ31qwBkJ81YcRk2V5pdmdhrM,OK,142490,471570058002003
2051.326,35.1251709,-90.0481695,ChIJybIJtCd81YcR9Otxws-5qCM,OK,149500,471570058002003
2971.164,35.1439641,-90.0517892,ChIJL-0zBZR-1YcRj7p5p1WY4-g,OK,187696,471570113001091
1114.898,35.1439641,-90.0517892,ChIJL-0zBZR-1YcRj7p5p1WY4-g,OK,63904,471570114003014
1114.898,35.1439641,-90.0517892,ChIJL-0zBZR-1YcRj7p5p1WY4-g,OK,63904,471570114003014
1145.589,35.1435177,-90.0539328,ChIJ8VFg1pV-1YcRR9G8p0pZx6U,OK,64183,471570114003014
1393.169,35.1439641,-90.0517892,ChIJL-0zBZR-1YcRj7p5p1WY4-g,OK,79032,471570114003027
1393.169,35.1439641,-90.0517892,ChIJL-0zBZR-1YcRj7p5p1WY4-g,OK,79032,471570114003027
1661.291,35.125222,-90.048147,ChIJ9cKdtid81YcRKs9h6RjzQzw,OK,87058,471570114003027
2090.525,35.1738374,-89.98954379999999,ChIJ_S0BIGOAf4gRU3Ph4W65cOQ,OK,138441,471570017001002
2357.154,35.1490317,-90.0140679,ChIJw3q9_xV-1YcRqrte6yBn1CI,OK,145467,471570017001002
1097.789,35.16339899999999,-89.855841,ChIJA_xfkC6Df4gRAjVZwLz1jqA,OK,118549,471570212001011
1097.789,35.16339899999999,-89.855841,ChIJA_xfkC6Df4gRAjVZwLz1jqA,OK,118549,471570212001011
1171.173,35.1623785,-89.8566175,ChIJXQHWWS6Df4gRqhH5EQ9H1j0,OK,127408,471570212001011
940.976,35.1060329,-90.039159,ChIJ231bcjV81YcRQ1quDeYAd6M,OK,77664,471570057001047
940.976,35.1060329,-90.039159,ChIJ231bcjV81YcRQ1quDeYAd6M,OK,77664,471570057001047
2452.856,35.098685,-90.05664899999999,ChIJ31qwBkJ81YcRk2V5pdmdhrM,OK,155773,471570057001047
1254.942,35.21475480000001,-90.00354540000001,ChIJF6XvX_9_1YcRD4jlF4jzevw,OK,82938,471570101202015
1254.942,35.21475480000001,-90.00354540000001,ChIJF6XvX_9_1YcRD4jlF4jzevw,OK,82938,471570101202015
1653.431,35.218332,-90.00299799999999,ChIJfRCGEgGA1YcRsZsWP_dycDI,OK,106847,471570101202015
66.226,35.1450994,-90.0538646,ChIJne6_s5V-1YcRn_LPaqiwhrk,OK,8389,471570042001053
66.226,35.1450994,-90.0538646,ChIJne6_s5V-1YcRn_LPaqiwhrk,OK,8389,471570042001053
226.917,35.1435177,-90.0539328,ChIJ8VFg1pV-1YcRR9G8p0pZx6U,OK,13613,471570042001053
3348.49,35.1546312,-89.79260459999999,ChIJ8UeuSEecf4gRniit7ubZLtM,OK,212470,471570211351009
3348.49,35.1546312,-89.79260459999999,ChIJ8UeuSEecf4gRniit7ubZLtM,OK,212470,471570211351009
3728.378,35.14868459999999,-89.7948203,ChIJ4w9Lr2qcf4gRHdzl9FciAFM,OK,231970,471570211351009
2666.31,35.16339899999999,-89.855841,ChIJA_xfkC6Df4gRAjVZwLz1jqA,OK,186055,471570211113024
2666.31,35.16339899999999,-89.855841,ChIJA_xfkC6Df4gRAjVZwLz1jqA,OK,186055,471570211113024
2739.693,35.1623785,-89.8566175,ChIJXQHWWS6Df4gRqhH5EQ9H1j0,OK,194914,471570211113024
1363.694,35.1087458,-90.0211918,ChIJe6w2EsF91YcRquzVZc8M0-I,OK,74813,471570115004028
1363.694,35.1087458,-90.0211918,ChIJe6w2EsF91YcRquzVZc8M0-I,OK,74813,471570115004028
1364.336,35.10874099999999,-90.021185,ChIJrVbiDcF91YcRG9TBOTpHc3I,OK,74890,471570115004028
3594.222,35.2051043,-89.79754849999999,ChIJpRDMlY2df4gRQqHmUo_lzmc,OK,226369,471570211213006
3594.222,35.2051043,-89.79754849999999,ChIJpRDMlY2df4gRQqHmUo_lzmc,OK,226369,471570211213006
3886.22,35.2071893,-89.79833029999999,ChIJQ0zWJIydf4gRstwjg5hObuM,OK,286882,471570211213006
780.94,35.0515568,-89.90630259999999,ChIJrU8jyZKFf4gRubg1AIyELWY,OK,63341,471570106301008
1988.709,35.1738374,-89.98954379999999,ChIJ_S0BIGOAf4gRU3Ph4W65cOQ,OK,131218,471570017001001
1811.515,35.098685,-90.05664899999999,ChIJ31qwBkJ81YcRk2V5pdmdhrM,OK,114329,471570058002006
780.94,35.0515568,-89.90630259999999,ChIJrU8jyZKFf4gRubg1AIyELWY,OK,63341,471570106301008
1988.709,35.1738374,-89.98954379999999,ChIJ_S0BIGOAf4gRU3Ph4W65cOQ,OK,131218,471570017001001
1811.515,35.098685,-90.05664899999999,ChIJ31qwBkJ81YcRk2V5pdmdhrM,OK,114329,471570058002006
1999.884,35.062945,-89.90568519999999,ChIJjxj9mL-Ff4gRoOEx9OzDyxs,OK,137065,471570106301008
2462.892,35.1490317,-90.0140679,ChIJw3q9_xV-1YcRqrte6yBn1CI,OK,151263,471570017001001
1964.969,35.1251709,-90.0481695,ChIJybIJtCd81YcR9Otxws-5qCM,OK,140143,471570058002006
338.862,35.1738374,-89.98954379999999,ChIJ_S0BIGOAf4gRU3Ph4W65cOQ,OK,23128,471570007002002
338.862,35.1738374,-89.98954379999999,ChIJ_S0BIGOAf4gRU3Ph4W65cOQ,OK,23128,471570007002002
1685.471,35.17410499999999,-89.97575479999999,ChIJmfYTGFmAf4gRHGKCaD0qCtI,OK,103914,471570007002002
4269.486,35.218332,-90.00299799999999,ChIJfRCGEgGA1YcRsZsWP_dycDI,OK,298432,471570099012007
4269.486,35.218332,-90.00299799999999,ChIJfRCGEgGA1YcRsZsWP_dycDI,OK,298432,471570099012007
4477.391,35.21475480000001,-90.00354540000001,ChIJF6XvX_9_1YcRD4jlF4jzevw,OK,310906,471570099012007
6585.951,35.14868459999999,-89.7948203,ChIJ4w9Lr2qcf4gRHdzl9FciAFM,OK,422732,471570211392002
6585.951,35.14868459999999,-89.7948203,ChIJ4w9Lr2qcf4gRHdzl9FciAFM,OK,422732,471570211392002
7352.114,35.1546312,-89.79260459999999,ChIJ8UeuSEecf4gRniit7ubZLtM,OK,443431,471570211392002
2694.547,35.222344,-89.97682999999999,ChIJ987Br45_f4gRjwrvnFN8t7k,OK,171410,471570100001006
2694.547,35.222344,-89.97682999999999,ChIJ987Br45_f4gRjwrvnFN8t7k,OK,171410,471570100001006
2696.4,35.2227028,-89.97692290000001,ChIJ987Br45_f4gRMoYIhCny13Q,OK,183602,471570100001006
1551.614,35.125222,-90.048147,ChIJ9cKdtid81YcRKs9h6RjzQzw,OK,103271,471570046001053
1551.614,35.125222,-90.048147,ChIJ9cKdtid81YcRKs9h6RjzQzw,OK,103271,471570046001053
1553.428,35.1251709,-90.0481695,ChIJybIJtCd81YcR9Otxws-5qCM,OK,103371,471570046001053
992.64,35.14981359999999,-89.94918609999999,ChIJVdGBGRaBf4gRsi89Rzqn8W4,OK,69582,471570013004003
992.64,35.14981359999999,-89.94918609999999,ChIJVdGBGRaBf4gRsi89Rzqn8W4,OK,69582,471570013004003
1339.547,35.1439641,-90.0517892,ChIJL-0zBZR-1YcRj7p5p1WY4-g,OK,75815,471570114003028
1225.767,35.1497164,-89.95515999999999,ChIJcQb6ehiBf4gR-uA54eRPNq8,OK,93676,471570013004003
1339.547,35.1439641,-90.0517892,ChIJL-0zBZR-1YcRj7p5p1WY4-g,OK,75815,471570114003028
1370.238,35.1435177,-90.0539328,ChIJ8VFg1pV-1YcRR9G8p0pZx6U,OK,76094,471570114003028
4739.464,35.1251709,-90.0481695,ChIJybIJtCd81YcR9Otxws-5qCM,OK,226886,471570043001022
4739.464,35.1251709,-90.0481695,ChIJybIJtCd81YcR9Otxws-5qCM,OK,226886,471570043001022
4741.278,35.125222,-90.048147,ChIJ9cKdtid81YcRKs9h6RjzQzw,OK,226987,471570043001022
1812.773,35.148225,-89.89748700000001,ChIJC8t095eDf4gRGuXK3FleZyg,OK,120195,471570086002017
1812.773,35.148225,-89.89748700000001,ChIJC8t095eDf4gRGuXK3FleZyg,OK,120195,471570086002017
1893.319,35.1489345,-89.89838259999999,ChIJaTBvX72Df4gRiyFT0LQMnrQ,OK,125027,471570086002017
1172.327,35.1087458,-90.0211918,ChIJe6w2EsF91YcRquzVZc8M0-I,OK,74519,471570115004030
1172.327,35.1087458,-90.0211918,ChIJe6w2EsF91YcRquzVZc8M0-I,OK,74519,471570115004030
1172.969,35.10874099999999,-90.021185,ChIJrVbiDcF91YcRG9TBOTpHc3I,OK,74596,471570115004030
2081.282,35.12545849999999,-89.97454169999999,ChIJoyT3HjOHf4gRS6EdHckmff8,OK,145343,471570070003006
2081.282,35.12545849999999,-89.97454169999999,ChIJoyT3HjOHf4gRS6EdHckmff8,OK,145343,471570070003006
2313.463,35.09464699999999,-89.9708677,ChIJx5uAuBqHf4gRze5MKc5WJFI,OK,161987,471570070003006
2131.643,35.12545849999999,-89.97454169999999,ChIJoyT3HjOHf4gRS6EdHckmff8,OK,148894,471570070003005
2131.643,35.12545849999999,-89.97454169999999,ChIJoyT3HjOHf4gRS6EdHckmff8,OK,148894,471570070003005
2587.651,35.09464699999999,-89.9708677,ChIJx5uAuBqHf4gRze5MKc5WJFI,OK,166093,471570070003005
7367.309,35.0614623,-89.8536277,ChIJ4TWJkTWFf4gRbkNZYfkF9Jw,OK,476562,471570213121013
7367.309,35.0614623,-89.8536277,ChIJ4TWJkTWFf4gRbkNZYfkF9Jw,OK,476562,471570213121013
7452.08,35.0512763,-89.8427476,ChIJ7VPJ3q-af4gRdxERIyaZ0gk,OK,482750,471570213121013
6358.267,35.0614623,-89.8536277,ChIJ4TWJkTWFf4gRbkNZYfkF9Jw,OK,407314,471570213122009
6358.267,35.0614623,-89.8536277,ChIJ4TWJkTWFf4gRbkNZYfkF9Jw,OK,407314,471570213122009
6443.038,35.0512763,-89.8427476,ChIJ7VPJ3q-af4gRdxERIyaZ0gk,OK,413502,471570213122009
643.864,35.02100869999999,-89.8995317,ChIJ-f6gz22Pf4gR-rWEeLgd-68,OK,57919,471570226001155
643.864,35.02100869999999,-89.8995317,ChIJ-f6gz22Pf4gR-rWEeLgd-68,OK,57919,471570226001155
655.136,35.0209193,-89.8996561,ChIJxWQfy22Pf4gRlC1jxVU1A2g,OK,58544,471570226001155
6012.701,35.0614623,-89.8536277,ChIJ4TWJkTWFf4gRbkNZYfkF9Jw,OK,383424,471570213201019
6012.701,35.0614623,-89.8536277,ChIJ4TWJkTWFf4gRbkNZYfkF9Jw,OK,383424,471570213201019
6097.472,35.0512763,-89.8427476,ChIJ7VPJ3q-af4gRdxERIyaZ0gk,OK,389612,471570213201019
5830.705,35.0614623,-89.8536277,ChIJ4TWJkTWFf4gRbkNZYfkF9Jw,OK,357993,471570213113024
5830.705,35.0614623,-89.8536277,ChIJ4TWJkTWFf4gRbkNZYfkF9Jw,OK,357993,471570213113024
5915.477,35.0512763,-89.8427476,ChIJ7VPJ3q-af4gRdxERIyaZ0gk,OK,364181,471570213113024
5525.86,35.0614623,-89.8536277,ChIJ4TWJkTWFf4gRbkNZYfkF9Jw,OK,336525,471570213201000
5525.86,35.0614623,-89.8536277,ChIJ4TWJkTWFf4gRbkNZYfkF9Jw,OK,336525,471570213201000
5610.632,35.0512763,-89.8427476,ChIJ7VPJ3q-af4gRdxERIyaZ0gk,OK,342713,471570213201000
2121.491,35.0614623,-89.8536277,ChIJ4TWJkTWFf4gRbkNZYfkF9Jw,OK,135985,471570213311021
2121.491,35.0614623,-89.8536277,ChIJ4TWJkTWFf4gRbkNZYfkF9Jw,OK,135985,471570213311021
2206.262,35.0512763,-89.8427476,ChIJ7VPJ3q-af4gRdxERIyaZ0gk,OK,142173,471570213311021
1799.43,35.1087458,-90.0211918,ChIJe6w2EsF91YcRquzVZc8M0-I,OK,119079,471570078102027
1799.43,35.1087458,-90.0211918,ChIJe6w2EsF91YcRquzVZc8M0-I,OK,119079,471570078102027
1800.071,35.10874099999999,-90.021185,ChIJrVbiDcF91YcRG9TBOTpHc3I,OK,119156,471570078102027
4741.19,35.0614623,-89.8536277,ChIJ4TWJkTWFf4gRbkNZYfkF9Jw,OK,304044,471570213202016
4741.19,35.0614623,-89.8536277,ChIJ4TWJkTWFf4gRbkNZYfkF9Jw,OK,304044,471570213202016
4825.961,35.0512763,-89.8427476,ChIJ7VPJ3q-af4gRdxERIyaZ0gk,OK,310232,471570213202016
4488.147,35.0614623,-89.8536277,ChIJ4TWJkTWFf4gRbkNZYfkF9Jw,OK,289185,471570213202017
4488.147,35.0614623,-89.8536277,ChIJ4TWJkTWFf4gRbkNZYfkF9Jw,OK,289185,471570213202017
4572.919,35.0512763,-89.8427476,ChIJ7VPJ3q-af4gRdxERIyaZ0gk,OK,295373,471570213202017
3584.205,35.0614623,-89.8536277,ChIJ4TWJkTWFf4gRbkNZYfkF9Jw,OK,234209,471570213311011
3584.205,35.0614623,-89.8536277,ChIJ4TWJkTWFf4gRbkNZYfkF9Jw,OK,234209,471570213311011
3668.976,35.0512763,-89.8427476,ChIJ7VPJ3q-af4gRdxERIyaZ0gk,OK,240397,471570213311011
3993.695,35.0614623,-89.8536277,ChIJ4TWJkTWFf4gRbkNZYfkF9Jw,OK,244599,471570213201027
3993.695,35.0614623,-89.8536277,ChIJ4TWJkTWFf4gRbkNZYfkF9Jw,OK,244599,471570213201027
4078.467,35.0512763,-89.8427476,ChIJ7VPJ3q-af4gRdxERIyaZ0gk,OK,250787,471570213201027
4780.856,35.0614623,-89.8536277,ChIJ4TWJkTWFf4gRbkNZYfkF9Jw,OK,322517,471570213202015
4780.856,35.0614623,-89.8536277,ChIJ4TWJkTWFf4gRbkNZYfkF9Jw,OK,322517,471570213202015
4865.628,35.0512763,-89.8427476,ChIJ7VPJ3q-af4gRdxERIyaZ0gk,OK,328705,471570213202015
2523.419,35.0614623,-89.8536277,ChIJ4TWJkTWFf4gRbkNZYfkF9Jw,OK,171628,471570213332014
2523.419,35.0614623,-89.8536277,ChIJ4TWJkTWFf4gRbkNZYfkF9Jw,OK,171628,471570213332014
2608.191,35.0512763,-89.8427476,ChIJ7VPJ3q-af4gRdxERIyaZ0gk,OK,177816,471570213332014
2701.62,35.0614623,-89.8536277,ChIJ4TWJkTWFf4gRbkNZYfkF9Jw,OK,180088,471570213332006
2701.62,35.0614623,-89.8536277,ChIJ4TWJkTWFf4gRbkNZYfkF9Jw,OK,180088,471570213332006
2786.391,35.0512763,-89.8427476,ChIJ7VPJ3q-af4gRdxERIyaZ0gk,OK,186276,471570213332006
4264.146,35.0614623,-89.8536277,ChIJ4TWJkTWFf4gRbkNZYfkF9Jw,OK,264000,471570213311001
4264.146,35.0614623,-89.8536277,ChIJ4TWJkTWFf4gRbkNZYfkF9Jw,OK,264000,471570213311001
4348.918,35.0512763,-89.8427476,ChIJ7VPJ3q-af4gRdxERIyaZ0gk,OK,270188,471570213311001
3551.189,35.0614623,-89.8536277,ChIJ4TWJkTWFf4gRbkNZYfkF9Jw,OK,239208,471570213311012
3551.189,35.0614623,-89.8536277,ChIJ4TWJkTWFf4gRbkNZYfkF9Jw,OK,239208,471570213311012
3635.961,35.0512763,-89.8427476,ChIJ7VPJ3q-af4gRdxERIyaZ0gk,OK,245396,471570213311012
2923.979,35.0614623,-89.8536277,ChIJ4TWJkTWFf4gRbkNZYfkF9Jw,OK,219694,471570213332013
2923.979,35.0614623,-89.8536277,ChIJ4TWJkTWFf4gRbkNZYfkF9Jw,OK,219694,471570213332013
3008.75,35.0512763,-89.8427476,ChIJ7VPJ3q-af4gRdxERIyaZ0gk,OK,225882,471570213332013
4211.662,35.0614623,-89.8536277,ChIJ4TWJkTWFf4gRbkNZYfkF9Jw,OK,257676,471570213201025
4211.662,35.0614623,-89.8536277,ChIJ4TWJkTWFf4gRbkNZYfkF9Jw,OK,257676,471570213201025
4296.434,35.0512763,-89.8427476,ChIJ7VPJ3q-af4gRdxERIyaZ0gk,OK,263864,471570213201025
5803.427,35.0614623,-89.8536277,ChIJ4TWJkTWFf4gRbkNZYfkF9Jw,OK,358312,471570213201017
5803.427,35.0614623,-89.8536277,ChIJ4TWJkTWFf4gRbkNZYfkF9Jw,OK,358312,471570213201017
5888.198,35.0512763,-89.8427476,ChIJ7VPJ3q-af4gRdxERIyaZ0gk,OK,364500,471570213201017
5075.744,35.0614623,-89.8536277,ChIJ4TWJkTWFf4gRbkNZYfkF9Jw,OK,329784,471570213201003
5075.744,35.0614623,-89.8536277,ChIJ4TWJkTWFf4gRbkNZYfkF9Jw,OK,329784,471570213201003
5160.516,35.0512763,-89.8427476,ChIJ7VPJ3q-af4gRdxERIyaZ0gk,OK,335972,471570213201003
4545.134,35.0493563,-89.83813929999999,ChIJjRQNzqSaf4gRxmNqB0YAYGM,OK,337987,471570213331008
3616.097,35.2051043,-89.79754849999999,ChIJpRDMlY2df4gRQqHmUo_lzmc,OK,228994,471570211213001
3616.097,35.2051043,-89.79754849999999,ChIJpRDMlY2df4gRQqHmUo_lzmc,OK,228994,471570211213001
1556.945,35.1546312,-89.79260459999999,ChIJ8UeuSEecf4gRniit7ubZLtM,OK,138878,471570211374048
1556.945,35.1546312,-89.79260459999999,ChIJ8UeuSEecf4gRniit7ubZLtM,OK,138878,471570211374048
3908.095,35.2071893,-89.79833029999999,ChIJQ0zWJIydf4gRstwjg5hObuM,OK,289507,471570211213001
1902.752,35.14868459999999,-89.7948203,ChIJ4w9Lr2qcf4gRHdzl9FciAFM,OK,183183,471570211374048
190.456,35.1439641,-90.0517892,ChIJL-0zBZR-1YcRj7p5p1WY4-g,OK,29174,471570042001048
190.456,35.1439641,-90.0517892,ChIJL-0zBZR-1YcRj7p5p1WY4-g,OK,29174,471570042001048
398.724,35.1450994,-90.0538646,ChIJne6_s5V-1YcRn_LPaqiwhrk,OK,31967,471570042001048
3899.924,35.0614623,-89.8536277,ChIJ4TWJkTWFf4gRbkNZYfkF9Jw,OK,246091,471570213332003
3899.924,35.0614623,-89.8536277,ChIJ4TWJkTWFf4gRbkNZYfkF9Jw,OK,246091,471570213332003
3984.696,35.0512763,-89.8427476,ChIJ7VPJ3q-af4gRdxERIyaZ0gk,OK,252279,471570213332003
1158.82,35.1913738,-89.8964247,ChIJwQffFF2Cf4gRzaR3rfvt3f4,OK,80332,471570206101012
1158.82,35.1913738,-89.8964247,ChIJwQffFF2Cf4gRzaR3rfvt3f4,OK,80332,471570206101012
1442.216,35.192778,-89.895242,ChIJ2ehTh2eCf4gR95JHzr6OIMA,OK,94628,471570206101012
1920.483,35.0512763,-89.8427476,ChIJ7VPJ3q-af4gRdxERIyaZ0gk,OK,152820,471570217241023
1920.483,35.0512763,-89.8427476,ChIJ7VPJ3q-af4gRdxERIyaZ0gk,OK,152820,471570217241023
2302.675,35.049031,-89.841437,ChIJt6vl46-af4gRvoN8Yvkmx9A,OK,163862,471570217241023
2734.806,35.2337782,-89.9252472,ChIJra3pLkt_f4gRjZbqnHrruIM,OK,221426,471570205231007
2734.806,35.2337782,-89.9252472,ChIJra3pLkt_f4gRjZbqnHrruIM,OK,221426,471570205231007
6381.618,35.2158947,-89.9151158,ChIJxetq6ad4f4gRD1K1cIBWUQ4,OK,458007,471570205231007
1255.356,35.054745,-90.007971,ChIJXxyyQlt91YcRhldtWgjSnSE,OK,107649,471570220224015
1255.356,35.054745,-90.007971,ChIJXxyyQlt91YcRhldtWgjSnSE,OK,107649,471570220224015
958.361,35.05407199999999,-90.00125899999999,ChIJIzdhk1h91YcRZT7cBcBslaM,OK,111294,471570220224015
3833.746,35.2337782,-89.9252472,ChIJra3pLkt_f4gRjZbqnHrruIM,OK,241476,471570205231006
3833.746,35.2337782,-89.9252472,ChIJra3pLkt_f4gRjZbqnHrruIM,OK,241476,471570205231006
7480.558,35.2158947,-89.9151158,ChIJxetq6ad4f4gRD1K1cIBWUQ4,OK,478057,471570205231006
367.092,35.0643218,-89.9923063,ChIJb3DQuo2Hf4gRC8UI6d4pa68,OK,48932,471570225001068
367.092,35.0643218,-89.9923063,ChIJb3DQuo2Hf4gRC8UI6d4pa68,OK,48932,471570225001068
1977.84,35.05407199999999,-90.00125899999999,ChIJIzdhk1h91YcRZT7cBcBslaM,OK,170228,471570225001068
7703.546,35.14868459999999,-89.7948203,ChIJ4w9Lr2qcf4gRHdzl9FciAFM,OK,531951,471570211391000
7703.546,35.14868459999999,-89.7948203,ChIJ4w9Lr2qcf4gRHdzl9FciAFM,OK,531951,471570211391000
8469.708,35.1546312,-89.79260459999999,ChIJ8UeuSEecf4gRniit7ubZLtM,OK,552650,471570211391000
2673.488,35.2044739,-89.76342459999999,ChIJ3XsJxyKef4gRTeWb3lonWsU,OK,198004,471570211412002
2673.488,35.2044739,-89.76342459999999,ChIJ3XsJxyKef4gRTeWb3lonWsU,OK,198004,471570211412002
4363.903,35.2074362,-89.7805166,ChIJ62ATRfudf4gRPIrPAXGVsiQ,OK,329490,471570211412002
1363.544,35.1913738,-89.8964247,ChIJwQffFF2Cf4gRzaR3rfvt3f4,OK,104898,471570206101009
1363.544,35.1913738,-89.8964247,ChIJwQffFF2Cf4gRzaR3rfvt3f4,OK,104898,471570206101009
1646.94,35.192778,-89.895242,ChIJ2ehTh2eCf4gR95JHzr6OIMA,OK,119194,471570206101009
2809.708,35.2044739,-89.76342459999999,ChIJ3XsJxyKef4gRTeWb3lonWsU,OK,229826,471570211413005
2809.708,35.2044739,-89.76342459999999,ChIJ3XsJxyKef4gRTeWb3lonWsU,OK,229826,471570211413005
4500.124,35.2074362,-89.7805166,ChIJ62ATRfudf4gRPIrPAXGVsiQ,OK,361312,471570211413005
1579.689,35.09464699999999,-89.9708677,ChIJx5uAuBqHf4gRze5MKc5WJFI,OK,118988,471570079005004
1579.689,35.09464699999999,-89.9708677,ChIJx5uAuBqHf4gRze5MKc5WJFI,OK,118988,471570079005004
1879.25,35.086634,-89.96355199999999,ChIJW0XU3AGHf4gRINnmxvx9m5A,OK,135612,471570079005004
4104.213,35.1087458,-90.0211918,ChIJe6w2EsF91YcRquzVZc8M0-I,OK,203302,471570078221007
4104.855,35.10874099999999,-90.021185,ChIJrVbiDcF91YcRG9TBOTpHc3I,OK,203379,471570078221007
4104.855,35.10874099999999,-90.021185,ChIJrVbiDcF91YcRG9TBOTpHc3I,OK,203379,471570078221007
3504.849,35.02138900000001,-89.996898,ChIJz3MQkR6If4gRIBgmNH-BQcg,OK,217189,471570221122003
3504.849,35.02138900000001,-89.996898,ChIJz3MQkR6If4gRIBgmNH-BQcg,OK,217189,471570221122003
3526.396,35.05407199999999,-90.00125899999999,ChIJIzdhk1h91YcRZT7cBcBslaM,OK,226316,471570221122003
3980.006,35.1087458,-90.0211918,ChIJe6w2EsF91YcRquzVZc8M0-I,OK,195850,471570078221006
3980.006,35.1087458,-90.0211918,ChIJe6w2EsF91YcRquzVZc8M0-I,OK,195850,471570078221006
3980.647,35.10874099999999,-90.021185,ChIJrVbiDcF91YcRG9TBOTpHc3I,OK,195927,471570078221006
2088.934,35.02138900000001,-89.996898,ChIJz3MQkR6If4gRIBgmNH-BQcg,OK,148881,471570221123003
2088.934,35.02138900000001,-89.996898,ChIJz3MQkR6If4gRIBgmNH-BQcg,OK,148881,471570221123003
2286.062,35.021381,-90.020287,ChIJnVfwxMBi1YcR65EtGsZDcOY,OK,160541,471570221123003
4984.534,35.17410499999999,-89.97575479999999,ChIJmfYTGFmAf4gRHGKCaD0qCtI,OK,268452,471570102206018
4984.534,35.17410499999999,-89.97575479999999,ChIJmfYTGFmAf4gRHGKCaD0qCtI,OK,268452,471570102206018
6318.948,35.222344,-89.97682999999999,ChIJ987Br45_f4gRjwrvnFN8t7k,OK,358674,471570102206018
2623.754,35.02138900000001,-89.996898,ChIJz3MQkR6If4gRIBgmNH-BQcg,OK,155697,471570221121005
2623.754,35.02138900000001,-89.996898,ChIJz3MQkR6If4gRIBgmNH-BQcg,OK,155697,471570221121005
3282.043,35.05407199999999,-90.00125899999999,ChIJIzdhk1h91YcRZT7cBcBslaM,OK,192155,471570221121005
5461.666,35.17410499999999,-89.97575479999999,ChIJmfYTGFmAf4gRHGKCaD0qCtI,OK,292989,471570102206020
5461.666,35.17410499999999,-89.97575479999999,ChIJmfYTGFmAf4gRHGKCaD0qCtI,OK,292989,471570102206020
6700.09,35.1738374,-89.98954379999999,ChIJ_S0BIGOAf4gRU3Ph4W65cOQ,OK,367285,471570102206020
2367.526,35.2044739,-89.76342459999999,ChIJ3XsJxyKef4gRTeWb3lonWsU,OK,184239,471570211413002
1527.609,35.12545849999999,-89.97454169999999,ChIJoyT3HjOHf4gRS6EdHckmff8,OK,93854,471570066002023
1527.609,35.12545849999999,-89.97454169999999,ChIJoyT3HjOHf4gRS6EdHckmff8,OK,93854,471570066002023
1683.285,35.13418100000001,-89.98599,ChIJnf1_yraAf4gR9pQmD7CXhgg,OK,99383,471570066002023
5898.871,35.1153996,-89.89414069999999,ChIJCb4NOWWEf4gR79YlPQoocW4,OK,420224,471570213112001
7670.505,35.16339899999999,-89.855841,ChIJA_xfkC6Df4gRAjVZwLz1jqA,OK,474005,471570213112001
7670.505,35.16339899999999,-89.855841,ChIJA_xfkC6Df4gRAjVZwLz1jqA,OK,474005,471570213112001
1515.768,35.107529,-89.9862127,ChIJ0WGfSUKHf4gRjDLrfGQwCV4,OK,86083,471570066001002
1531.598,35.12545849999999,-89.97454169999999,ChIJoyT3HjOHf4gRS6EdHckmff8,OK,87621,471570066001002
1531.598,35.12545849999999,-89.97454169999999,ChIJoyT3HjOHf4gRS6EdHckmff8,OK,87621,471570066001002
1155.826,35.125222,-90.048147,ChIJ9cKdtid81YcRKs9h6RjzQzw,OK,84501,471570116002030
1155.826,35.125222,-90.048147,ChIJ9cKdtid81YcRKs9h6RjzQzw,OK,84501,471570116002030
1157.64,35.1251709,-90.0481695,ChIJybIJtCd81YcR9Otxws-5qCM,OK,84601,471570116002030
4505.683,35.14868459999999,-89.7948203,ChIJ4w9Lr2qcf4gRHdzl9FciAFM,OK,323422,471570211401017
4505.683,35.14868459999999,-89.7948203,ChIJ4w9Lr2qcf4gRHdzl9FciAFM,OK,323422,471570211401017
5271.845,35.1546312,-89.79260459999999,ChIJ8UeuSEecf4gRniit7ubZLtM,OK,344121,471570211401017
2971.581,35.1251709,-90.0481695,ChIJybIJtCd81YcR9Otxws-5qCM,OK,207400,471570117001044
2971.581,35.1251709,-90.0481695,ChIJybIJtCd81YcR9Otxws-5qCM,OK,207400,471570117001044
2973.395,35.125222,-90.048147,ChIJ9cKdtid81YcRKs9h6RjzQzw,OK,207501,471570117001044
4182.965,35.14868459999999,-89.7948203,ChIJ4w9Lr2qcf4gRHdzl9FciAFM,OK,284696,471570211401018
4182.965,35.14868459999999,-89.7948203,ChIJ4w9Lr2qcf4gRHdzl9FciAFM,OK,284696,471570211401018
4949.127,35.1546312,-89.79260459999999,ChIJ8UeuSEecf4gRniit7ubZLtM,OK,305395,471570211401018
939.694,35.1153996,-89.89414069999999,ChIJCb4NOWWEf4gR79YlPQoocW4,OK,87648,471570096003016
939.694,35.1153996,-89.89414069999999,ChIJCb4NOWWEf4gR79YlPQoocW4,OK,87648,471570096003016
1518.47,35.1145886,-89.90089789999999,ChIJKWmlFW6Ef4gR0YNISWQMkss,OK,115201,471570096003016
5948.922,35.1153996,-89.89414069999999,ChIJCb4NOWWEf4gR79YlPQoocW4,OK,432697,471570213112010
7720.556,35.16339899999999,-89.855841,ChIJA_xfkC6Df4gRAjVZwLz1jqA,OK,486478,471570213112010
7720.556,35.16339899999999,-89.855841,ChIJA_xfkC6Df4gRAjVZwLz1jqA,OK,486478,471570213112010
884.539,35.1157645,-90.022279,ChIJwZqBNMN91YcRRpdDvj5Pcr8,OK,68712,471570115002001
884.539,35.1157645,-90.022279,ChIJwZqBNMN91YcRRpdDvj5Pcr8,OK,68712,471570115002001
1605.659,35.1087458,-90.0211918,ChIJe6w2EsF91YcRquzVZc8M0-I,OK,110102,471570115002001
7832.948,35.14868459999999,-89.7948203,ChIJ4w9Lr2qcf4gRHdzl9FciAFM,OK,450240,471570213121002
8343.11,35.16339899999999,-89.855841,ChIJA_xfkC6Df4gRAjVZwLz1jqA,OK,510058,471570213121002
8343.11,35.16339899999999,-89.855841,ChIJA_xfkC6Df4gRAjVZwLz1jqA,OK,510058,471570213121002
3707.683,35.1251709,-90.0481695,ChIJybIJtCd81YcR9Otxws-5qCM,OK,228522,471570117001040
3707.683,35.1251709,-90.0481695,ChIJybIJtCd81YcR9Otxws-5qCM,OK,228522,471570117001040
3709.498,35.125222,-90.048147,ChIJ9cKdtid81YcRKs9h6RjzQzw,OK,228623,471570117001040
717.4,35.125222,-90.048147,ChIJ9cKdtid81YcRKs9h6RjzQzw,OK,79033,471570050002009
717.4,35.125222,-90.048147,ChIJ9cKdtid81YcRKs9h6RjzQzw,OK,79033,471570050002009
719.214,35.1251709,-90.0481695,ChIJybIJtCd81YcR9Otxws-5qCM,OK,79133,471570050002009
1124.063,35.107529,-89.9862127,ChIJ0WGfSUKHf4gRjDLrfGQwCV4,OK,65940,471570066001019
1124.063,35.107529,-89.9862127,ChIJ0WGfSUKHf4gRjDLrfGQwCV4,OK,65940,471570066001019
1438.059,35.109859,-89.99141100000001,ChIJs6JbpFyHf4gR9O01gG0a7fQ,OK,75990,471570066001019
4586.374,35.1153996,-89.89414069999999,ChIJCb4NOWWEf4gR79YlPQoocW4,OK,334414,471570213111031
4586.374,35.1153996,-89.89414069999999,ChIJCb4NOWWEf4gR79YlPQoocW4,OK,334414,471570213111031
5165.15,35.1145886,-89.90089789999999,ChIJKWmlFW6Ef4gR0YNISWQMkss,OK,361967,471570213111031
754.373,35.125222,-90.048147,ChIJ9cKdtid81YcRKs9h6RjzQzw,OK,83469,471570050002008
754.373,35.125222,-90.048147,ChIJ9cKdtid81YcRKs9h6RjzQzw,OK,83469,471570050002008
756.187,35.1251709,-90.0481695,ChIJybIJtCd81YcR9Otxws-5qCM,OK,83569,471570050002008
2368.856,35.1145886,-89.90089789999999,ChIJKWmlFW6Ef4gR0YNISWQMkss,OK,165179,471570085001011
2500.08,35.1075089,-89.9318387,ChIJVboYU6KGf4gRHfEHUi8Izac,OK,192116,471570085001011
2500.08,35.1075089,-89.9318387,ChIJVboYU6KGf4gRHfEHUi8Izac,OK,192116,471570085001011
7582.655,35.1153996,-89.89414069999999,ChIJCb4NOWWEf4gR79YlPQoocW4,OK,518379,471570213112022
8995.56,35.16339899999999,-89.855841,ChIJA_xfkC6Df4gRAjVZwLz1jqA,OK,577884,471570213112022
8995.56,35.16339899999999,-89.855841,ChIJA_xfkC6Df4gRAjVZwLz1jqA,OK,577884,471570213112022
1149.248,35.1157645,-90.022279,ChIJwZqBNMN91YcRRpdDvj5Pcr8,OK,84087,471570062001014
1149.248,35.1157645,-90.022279,ChIJwZqBNMN91YcRRpdDvj5Pcr8,OK,84087,471570062001014
1870.368,35.1087458,-90.0211918,ChIJe6w2EsF91YcRquzVZc8M0-I,OK,125477,471570062001014
6888.028,35.14868459999999,-89.7948203,ChIJ4w9Lr2qcf4gRHdzl9FciAFM,OK,425132,471570211392003
6888.028,35.14868459999999,-89.7948203,ChIJ4w9Lr2qcf4gRHdzl9FciAFM,OK,425132,471570211392003
7654.19,35.1546312,-89.79260459999999,ChIJ8UeuSEecf4gRniit7ubZLtM,OK,445831,471570211392003
1656.494,35.1251709,-90.0481695,ChIJybIJtCd81YcR9Otxws-5qCM,OK,111829,471570116002023
1511.889,35.1157645,-90.022279,ChIJwZqBNMN91YcRRpdDvj5Pcr8,OK,122603,471570116002023
1511.889,35.1157645,-90.022279,ChIJwZqBNMN91YcRRpdDvj5Pcr8,OK,122603,471570116002023
1489.406,35.125222,-90.048147,ChIJ9cKdtid81YcRKs9h6RjzQzw,OK,96658,471570116001031
1489.406,35.125222,-90.048147,ChIJ9cKdtid81YcRKs9h6RjzQzw,OK,96658,471570116001031
1491.22,35.1251709,-90.0481695,ChIJybIJtCd81YcR9Otxws-5qCM,OK,96758,471570116001031
1370.163,35.125222,-90.048147,ChIJ9cKdtid81YcRKs9h6RjzQzw,OK,79355,471570116001041
1045.762,35.1087458,-90.0211918,ChIJe6w2EsF91YcRquzVZc8M0-I,OK,76463,471570115004029
1045.762,35.1087458,-90.0211918,ChIJe6w2EsF91YcRquzVZc8M0-I,OK,76463,471570115004029
1046.404,35.10874099999999,-90.021185,ChIJrVbiDcF91YcRG9TBOTpHc3I,OK,76540,471570115004029
1200.168,35.1087458,-90.0211918,ChIJe6w2EsF91YcRquzVZc8M0-I,OK,66404,471570115004027
1200.168,35.1087458,-90.0211918,ChIJe6w2EsF91YcRquzVZc8M0-I,OK,66404,471570115004027
1200.809,35.10874099999999,-90.021185,ChIJrVbiDcF91YcRG9TBOTpHc3I,OK,66481,471570115004027
1900.084,35.2337782,-89.9252472,ChIJra3pLkt_f4gRjZbqnHrruIM,OK,148506,471570205322005
1900.084,35.2337782,-89.9252472,ChIJra3pLkt_f4gRjZbqnHrruIM,OK,148506,471570205322005
2522.963,35.2158947,-89.9151158,ChIJxetq6ad4f4gRD1K1cIBWUQ4,OK,192057,471570205322005
1884.44,35.2337782,-89.9252472,ChIJra3pLkt_f4gRjZbqnHrruIM,OK,146628,471570205322006
1884.44,35.2337782,-89.9252472,ChIJra3pLkt_f4gRjZbqnHrruIM,OK,146628,471570205322006
2507.319,35.2158947,-89.9151158,ChIJxetq6ad4f4gRD1K1cIBWUQ4,OK,190179,471570205322006
2004.844,35.2337782,-89.9252472,ChIJra3pLkt_f4gRjZbqnHrruIM,OK,161077,471570205322011
2004.844,35.2337782,-89.9252472,ChIJra3pLkt_f4gRjZbqnHrruIM,OK,161077,471570205322011
2215.438,35.2158947,-89.9151158,ChIJxetq6ad4f4gRD1K1cIBWUQ4,OK,180333,471570205322011
2036.344,35.2337782,-89.9252472,ChIJra3pLkt_f4gRjZbqnHrruIM,OK,131829,471570205322010
2192.182,35.2158947,-89.9151158,ChIJxetq6ad4f4gRD1K1cIBWUQ4,OK,146837,471570205322010
2192.182,35.2158947,-89.9151158,ChIJxetq6ad4f4gRD1K1cIBWUQ4,OK,146837,471570205322010
1667.252,35.2158947,-89.9151158,ChIJxetq6ad4f4gRD1K1cIBWUQ4,OK,108629,471570205413005
1667.252,35.2158947,-89.9151158,ChIJxetq6ad4f4gRD1K1cIBWUQ4,OK,108629,471570205413005
2337.515,35.2337782,-89.9252472,ChIJra3pLkt_f4gRjZbqnHrruIM,OK,143186,471570205413005
1857.032,35.2158947,-89.9151158,ChIJxetq6ad4f4gRD1K1cIBWUQ4,OK,120015,471570205413006
1857.032,35.2158947,-89.9151158,ChIJxetq6ad4f4gRD1K1cIBWUQ4,OK,120015,471570205413006
2147.741,35.2337782,-89.9252472,ChIJra3pLkt_f4gRjZbqnHrruIM,OK,131800,471570205413006
1453.029,35.2158947,-89.9151158,ChIJxetq6ad4f4gRD1K1cIBWUQ4,OK,156362,471570205413014
1453.029,35.2158947,-89.9151158,ChIJxetq6ad4f4gRD1K1cIBWUQ4,OK,156362,471570205413014
1450.182,35.210167,-89.919383,ChIJi0gqlgaCf4gRjUvfmHxGMyw,OK,161942,471570205413014
1623.316,35.210167,-89.919383,ChIJi0gqlgaCf4gRjUvfmHxGMyw,OK,142023,471570205413016
1623.316,35.210167,-89.919383,ChIJi0gqlgaCf4gRjUvfmHxGMyw,OK,142023,471570205413016
1352.478,35.2158947,-89.9151158,ChIJxetq6ad4f4gRD1K1cIBWUQ4,OK,144295,471570205413016
1598,35.2158947,-89.9151158,ChIJxetq6ad4f4gRD1K1cIBWUQ4,OK,113835,471570205413003
1598,35.2158947,-89.9151158,ChIJxetq6ad4f4gRD1K1cIBWUQ4,OK,113835,471570205413003
1789.915,35.223866,-89.90499,ChIJJRXCRJh4f4gRcTFbl9qZzNM,OK,137451,471570205413003
1008.134,35.2158947,-89.9151158,ChIJxetq6ad4f4gRD1K1cIBWUQ4,OK,102976,471570205413017
1008.134,35.2158947,-89.9151158,ChIJxetq6ad4f4gRD1K1cIBWUQ4,OK,102976,471570205413017
1005.287,35.210167,-89.919383,ChIJi0gqlgaCf4gRjUvfmHxGMyw,OK,108556,471570205413017
1135.339,35.223866,-89.90499,ChIJJRXCRJh4f4gRcTFbl9qZzNM,OK,130877,471570205412007
1135.339,35.223866,-89.90499,ChIJJRXCRJh4f4gRcTFbl9qZzNM,OK,130877,471570205412007
1997.209,35.2158947,-89.9151158,ChIJxetq6ad4f4gRD1K1cIBWUQ4,OK,157820,471570205412007
577.096,35.210167,-89.919383,ChIJi0gqlgaCf4gRjUvfmHxGMyw,OK,71347,471570205413021
577.096,35.210167,-89.919383,ChIJi0gqlgaCf4gRjUvfmHxGMyw,OK,71347,471570205413021
658.637,35.2158947,-89.9151158,ChIJxetq6ad4f4gRD1K1cIBWUQ4,OK,77836,471570205413021
1302.7,35.2023757,-89.9218691,ChIJvw7rwByCf4gRrAscHKjp1Iw,OK,111773,471570205121017
1302.7,35.2023757,-89.9218691,ChIJvw7rwByCf4gRrAscHKjp1Iw,OK,111773,471570205121017
1972.742,35.210167,-89.919383,ChIJi0gqlgaCf4gRjUvfmHxGMyw,OK,152798,471570205121017
929.569,35.210167,-89.919383,ChIJi0gqlgaCf4gRjUvfmHxGMyw,OK,91332,471570205122004
929.569,35.210167,-89.919383,ChIJi0gqlgaCf4gRjUvfmHxGMyw,OK,91332,471570205122004
1140.318,35.2023757,-89.9218691,ChIJvw7rwByCf4gRrAscHKjp1Iw,OK,96655,471570205122004
655.549,35.210167,-89.919383,ChIJi0gqlgaCf4gRjUvfmHxGMyw,OK,66441,471570205122014
655.549,35.210167,-89.919383,ChIJi0gqlgaCf4gRjUvfmHxGMyw,OK,66441,471570205122014
1004.26,35.2158947,-89.9151158,ChIJxetq6ad4f4gRD1K1cIBWUQ4,OK,80980,471570205122014
275.776,35.210167,-89.919383,ChIJi0gqlgaCf4gRjUvfmHxGMyw,OK,33092,471570205412035
275.776,35.210167,-89.919383,ChIJi0gqlgaCf4gRjUvfmHxGMyw,OK,33092,471570205412035
1145.911,35.2158947,-89.9151158,ChIJxetq6ad4f4gRD1K1cIBWUQ4,OK,86054,471570205412035
300.048,35.210167,-89.919383,ChIJi0gqlgaCf4gRjUvfmHxGMyw,OK,21390,471570205412026
300.048,35.210167,-89.919383,ChIJi0gqlgaCf4gRjUvfmHxGMyw,OK,21390,471570205412026
570.093,35.2158947,-89.9151158,ChIJxetq6ad4f4gRD1K1cIBWUQ4,OK,31573,471570205412026
319.667,35.2023757,-89.9218691,ChIJvw7rwByCf4gRrAscHKjp1Iw,OK,38359,471570205421008
319.667,35.2023757,-89.9218691,ChIJvw7rwByCf4gRrAscHKjp1Iw,OK,38359,471570205421008
753.675,35.210167,-89.919383,ChIJi0gqlgaCf4gRjUvfmHxGMyw,OK,90439,471570205421008
258.547,35.210167,-89.919383,ChIJi0gqlgaCf4gRjUvfmHxGMyw,OK,31024,471570205412034
258.547,35.210167,-89.919383,ChIJi0gqlgaCf4gRjUvfmHxGMyw,OK,31024,471570205412034
1128.682,35.2158947,-89.9151158,ChIJxetq6ad4f4gRD1K1cIBWUQ4,OK,83986,471570205412034
452.864,35.2023757,-89.9218691,ChIJvw7rwByCf4gRrAscHKjp1Iw,OK,54343,471570205421009
452.864,35.2023757,-89.9218691,ChIJvw7rwByCf4gRrAscHKjp1Iw,OK,54343,471570205421009
750.211,35.210167,-89.919383,ChIJi0gqlgaCf4gRjUvfmHxGMyw,OK,90024,471570205421009
1363.258,35.1942326,-89.8965709,ChIJD7pM72eCf4gRg19OPcAuyDw,OK,87008,471570205424006
1363.258,35.1942326,-89.8965709,ChIJD7pM72eCf4gRg19OPcAuyDw,OK,87008,471570205424006
1758.897,35.1913738,-89.8964247,ChIJwQffFF2Cf4gRzaR3rfvt3f4,OK,111170,471570205424006
586.96,35.2023757,-89.9218691,ChIJvw7rwByCf4gRrAscHKjp1Iw,OK,70432,471570205421014
2300.587,35.125222,-90.048147,ChIJ9cKdtid81YcRKs9h6RjzQzw,OK,140153,471570046001029
2300.587,35.125222,-90.048147,ChIJ9cKdtid81YcRKs9h6RjzQzw,OK,140153,471570046001029
2302.401,35.1251709,-90.0481695,ChIJybIJtCd81YcR9Otxws-5qCM,OK,140253,471570046001029
1758.042,35.125222,-90.048147,ChIJ9cKdtid81YcRKs9h6RjzQzw,OK,117616,471570046001027
1758.042,35.125222,-90.048147,ChIJ9cKdtid81YcRKs9h6RjzQzw,OK,117616,471570046001027
1759.856,35.1251709,-90.0481695,ChIJybIJtCd81YcR9Otxws-5qCM,OK,117716,471570046001027
2443.645,35.125222,-90.048147,ChIJ9cKdtid81YcRKs9h6RjzQzw,OK,140393,471570037001027
2594.332,35.1157645,-90.022279,ChIJwZqBNMN91YcRRpdDvj5Pcr8,OK,149016,471570037001027
2594.332,35.1157645,-90.022279,ChIJwZqBNMN91YcRRpdDvj5Pcr8,OK,149016,471570037001027
2119.944,35.125222,-90.048147,ChIJ9cKdtid81YcRKs9h6RjzQzw,OK,121578,471570046001009
2513.275,35.1157645,-90.022279,ChIJwZqBNMN91YcRRpdDvj5Pcr8,OK,143637,471570046001009
2513.275,35.1157645,-90.022279,ChIJwZqBNMN91YcRRpdDvj5Pcr8,OK,143637,471570046001009
2018.711,35.125222,-90.048147,ChIJ9cKdtid81YcRKs9h6RjzQzw,OK,111792,471570046001018
2485.113,35.1157645,-90.022279,ChIJwZqBNMN91YcRRpdDvj5Pcr8,OK,137897,471570046001018
2485.113,35.1157645,-90.022279,ChIJwZqBNMN91YcRRpdDvj5Pcr8,OK,137897,471570046001018
1811.188,35.1157645,-90.022279,ChIJwZqBNMN91YcRRpdDvj5Pcr8,OK,146725,471570046001051
1811.188,35.1157645,-90.022279,ChIJwZqBNMN91YcRRpdDvj5Pcr8,OK,146725,471570046001051
2532.308,35.1087458,-90.0211918,ChIJe6w2EsF91YcRquzVZc8M0-I,OK,188115,471570046001051
2116.371,35.217526,-89.98935,ChIJKdhOoPd_f4gRbD5w-Ol3ovU,OK,162025,471570102205001
2116.371,35.217526,-89.98935,ChIJKdhOoPd_f4gRbD5w-Ol3ovU,OK,162025,471570102205001
2257.001,35.222344,-89.97682999999999,ChIJ987Br45_f4gRjwrvnFN8t7k,OK,162190,471570102205001
1802.969,35.222344,-89.97682999999999,ChIJ987Br45_f4gRjwrvnFN8t7k,OK,145633,471570102202014
2465.98,35.217526,-89.98935,ChIJKdhOoPd_f4gRbD5w-Ol3ovU,OK,190375,471570102202014
2465.98,35.217526,-89.98935,ChIJKdhOoPd_f4gRbD5w-Ol3ovU,OK,190375,471570102202014
2228.7,35.21475480000001,-90.00354540000001,ChIJF6XvX_9_1YcRD4jlF4jzevw,OK,143563,471570101202022
2228.7,35.21475480000001,-90.00354540000001,ChIJF6XvX_9_1YcRD4jlF4jzevw,OK,143563,471570101202022
2627.189,35.218332,-90.00299799999999,ChIJfRCGEgGA1YcRsZsWP_dycDI,OK,167472,471570101202022
2020.32,35.2166323,-89.9945206,ChIJ4fSgw_h_f4gRx0hAJfGjdzA,OK,147336,471570102204002
2189.17,35.217526,-89.98935,ChIJKdhOoPd_f4gRbD5w-Ol3ovU,OK,166545,471570102204002
2189.17,35.217526,-89.98935,ChIJKdhOoPd_f4gRbD5w-Ol3ovU,OK,166545,471570102204002
2831.042,35.217526,-89.98935,ChIJKdhOoPd_f4gRbD5w-Ol3ovU,OK,198638,471570102204020
2831.042,35.217526,-89.98935,ChIJKdhOoPd_f4gRbD5w-Ol3ovU,OK,198638,471570102204020
3781.51,35.17410499999999,-89.97575479999999,ChIJmfYTGFmAf4gRHGKCaD0qCtI,OK,226877,471570102204020
2606.618,35.17410499999999,-89.97575479999999,ChIJmfYTGFmAf4gRHGKCaD0qCtI,OK,154057,471570102204021
2606.618,35.17410499999999,-89.97575479999999,ChIJmfYTGFmAf4gRHGKCaD0qCtI,OK,154057,471570102204021
3845.042,35.1738374,-89.98954379999999,ChIJ_S0BIGOAf4gRU3Ph4W65cOQ,OK,228353,471570102204021
2153.733,35.217526,-89.98935,ChIJKdhOoPd_f4gRbD5w-Ol3ovU,OK,162292,471570102204001
2153.733,35.217526,-89.98935,ChIJKdhOoPd_f4gRbD5w-Ol3ovU,OK,162292,471570102204001
2190.078,35.2178517,-89.9902989,ChIJT7y6Nvh_f4gR6Khps0fYRPg,OK,166653,471570102204001
2401.474,35.21475480000001,-90.00354540000001,ChIJF6XvX_9_1YcRD4jlF4jzevw,OK,144080,471570102204015
2401.474,35.21475480000001,-90.00354540000001,ChIJF6XvX_9_1YcRD4jlF4jzevw,OK,144080,471570102204015
2593.6,35.2166323,-89.9945206,ChIJ4fSgw_h_f4gRx0hAJfGjdzA,OK,155607,471570102204015
2440.7,35.21475480000001,-90.00354540000001,ChIJF6XvX_9_1YcRD4jlF4jzevw,OK,146433,471570102204016
2440.7,35.21475480000001,-90.00354540000001,ChIJF6XvX_9_1YcRD4jlF4jzevw,OK,146433,471570102204016
2632.826,35.2166323,-89.9945206,ChIJ4fSgw_h_f4gRx0hAJfGjdzA,OK,157960,471570102204016
2728.787,35.21475480000001,-90.00354540000001,ChIJF6XvX_9_1YcRD4jlF4jzevw,OK,163717,471570102204007
2728.787,35.21475480000001,-90.00354540000001,ChIJF6XvX_9_1YcRD4jlF4jzevw,OK,163717,471570102204007
2920.913,35.2166323,-89.9945206,ChIJ4fSgw_h_f4gRx0hAJfGjdzA,OK,175244,471570102204007
2776.033,35.21475480000001,-90.00354540000001,ChIJF6XvX_9_1YcRD4jlF4jzevw,OK,170642,471570102204008
2776.033,35.21475480000001,-90.00354540000001,ChIJF6XvX_9_1YcRD4jlF4jzevw,OK,170642,471570102204008
2602.497,35.2166323,-89.9945206,ChIJ4fSgw_h_f4gRx0hAJfGjdzA,OK,178069,471570102204008
3377.852,35.21475480000001,-90.00354540000001,ChIJF6XvX_9_1YcRD4jlF4jzevw,OK,200334,471570102204023
3377.852,35.21475480000001,-90.00354540000001,ChIJF6XvX_9_1YcRD4jlF4jzevw,OK,200334,471570102204023
3755.956,35.1738374,-89.98954379999999,ChIJ_S0BIGOAf4gRU3Ph4W65cOQ,OK,223027,471570102204023
3498.266,35.1439641,-90.0517892,ChIJL-0zBZR-1YcRj7p5p1WY4-g,OK,261089,471570001003028
3498.266,35.1439641,-90.0517892,ChIJL-0zBZR-1YcRj7p5p1WY4-g,OK,261089,471570001003028
3707.182,35.1450994,-90.0538646,ChIJne6_s5V-1YcRn_LPaqiwhrk,OK,266543,471570001003028
2198.083,35.1738374,-89.98954379999999,ChIJ_S0BIGOAf4gRU3Ph4W65cOQ,OK,183177,471570006001007
2198.083,35.1738374,-89.98954379999999,ChIJ_S0BIGOAf4gRU3Ph4W65cOQ,OK,183177,471570006001007
3544.692,35.17410499999999,-89.97575479999999,ChIJmfYTGFmAf4gRHGKCaD0qCtI,OK,263963,471570006001007
2212.812,35.17410499999999,-89.97575479999999,ChIJmfYTGFmAf4gRHGKCaD0qCtI,OK,130401,471570102204025
2212.812,35.17410499999999,-89.97575479999999,ChIJmfYTGFmAf4gRHGKCaD0qCtI,OK,130401,471570102204025
3451.235,35.1738374,-89.98954379999999,ChIJ_S0BIGOAf4gRU3Ph4W65cOQ,OK,204697,471570102204025
1595.034,35.1738374,-89.98954379999999,ChIJ_S0BIGOAf4gRU3Ph4W65cOQ,OK,115363,471570007002004
1595.034,35.1738374,-89.98954379999999,ChIJ_S0BIGOAf4gRU3Ph4W65cOQ,OK,115363,471570007002004
2941.643,35.17410499999999,-89.97575479999999,ChIJmfYTGFmAf4gRHGKCaD0qCtI,OK,196149,471570007002004
2188.215,35.1738374,-89.98954379999999,ChIJ_S0BIGOAf4gRU3Ph4W65cOQ,OK,140697,471570006001012
2132.143,35.1738374,-89.98954379999999,ChIJ_S0BIGOAf4gRU3Ph4W65cOQ,OK,126968,471570017001013
2132.143,35.1738374,-89.98954379999999,ChIJ_S0BIGOAf4gRU3Ph4W65cOQ,OK,126968,471570017001013
2321.733,35.1490317,-90.0140679,ChIJw3q9_xV-1YcRqrte6yBn1CI,OK,133459,471570017001013
2016.181,35.1490317,-90.0140679,ChIJw3q9_xV-1YcRqrte6yBn1CI,OK,115421,471570112003007
2016.181,35.1490317,-90.0140679,ChIJw3q9_xV-1YcRqrte6yBn1CI,OK,115421,471570112003007
2738.419,35.1444038,-90.0168571,ChIJufYEjhR-1YcREff46W6Lons,OK,162774,471570112003007
1769.253,35.1738374,-89.98954379999999,ChIJ_S0BIGOAf4gRU3Ph4W65cOQ,OK,106149,471570016002005
1769.253,35.1738374,-89.98954379999999,ChIJ_S0BIGOAf4gRU3Ph4W65cOQ,OK,106149,471570016002005
2805.404,35.1507888,-89.977317,ChIJdVWrOuqAf4gR-V7s1E3qo7g,OK,157745,471570016002005
1973.012,35.1490317,-90.0140679,ChIJw3q9_xV-1YcRqrte6yBn1CI,OK,120287,471570017001008
1973.012,35.1490317,-90.0140679,ChIJw3q9_xV-1YcRqrte6yBn1CI,OK,120287,471570017001008
2670.904,35.1738374,-89.98954379999999,ChIJ_S0BIGOAf4gRU3Ph4W65cOQ,OK,162945,471570017001008
1158.391,35.16339899999999,-89.855841,ChIJA_xfkC6Df4gRAjVZwLz1jqA,OK,117613,471570212001015
1158.391,35.16339899999999,-89.855841,ChIJA_xfkC6Df4gRAjVZwLz1jqA,OK,117613,471570212001015
1231.774,35.1623785,-89.8566175,ChIJXQHWWS6Df4gRqhH5EQ9H1j0,OK,126472,471570212001015
1884.928,35.1738374,-89.98954379999999,ChIJ_S0BIGOAf4gRU3Ph4W65cOQ,OK,123774,471570016002004
1884.928,35.1738374,-89.98954379999999,ChIJ_S0BIGOAf4gRU3Ph4W65cOQ,OK,123774,471570016002004
2695.576,35.1507888,-89.977317,ChIJdVWrOuqAf4gR-V7s1E3qo7g,OK,161265,471570016002004
1827.186,35.1507888,-89.977317,ChIJdVWrOuqAf4gR-V7s1E3qo7g,OK,115143,471570009003016
1827.186,35.1507888,-89.977317,ChIJdVWrOuqAf4gR-V7s1E3qo7g,OK,115143,471570009003016
2295.329,35.1738374,-89.98954379999999,ChIJ_S0BIGOAf4gRU3Ph4W65cOQ,OK,165970,471570009003016
1873.855,35.1490317,-90.0140679,ChIJw3q9_xV-1YcRqrte6yBn1CI,OK,116655,471570017001007
1873.855,35.1490317,-90.0140679,ChIJw3q9_xV-1YcRqrte6yBn1CI,OK,116655,471570017001007
2827.59,35.1738374,-89.98954379999999,ChIJ_S0BIGOAf4gRU3Ph4W65cOQ,OK,173481,471570017001007
2982.815,35.1439641,-90.0517892,ChIJL-0zBZR-1YcRj7p5p1WY4-g,OK,219029,471570001003047
2982.815,35.1439641,-90.0517892,ChIJL-0zBZR-1YcRj7p5p1WY4-g,OK,219029,471570001003047
3191.731,35.1450994,-90.0538646,ChIJne6_s5V-1YcRn_LPaqiwhrk,OK,224483,471570001003047
1116.451,35.16339899999999,-89.855841,ChIJA_xfkC6Df4gRAjVZwLz1jqA,OK,116784,471570212001013
1116.451,35.16339899999999,-89.855841,ChIJA_xfkC6Df4gRAjVZwLz1jqA,OK,116784,471570212001013
1189.835,35.1623785,-89.8566175,ChIJXQHWWS6Df4gRqhH5EQ9H1j0,OK,125643,471570212001013
1784.181,35.1490317,-90.0140679,ChIJw3q9_xV-1YcRqrte6yBn1CI,OK,113263,471570017002014
1784.181,35.1490317,-90.0140679,ChIJw3q9_xV-1YcRqrte6yBn1CI,OK,113263,471570017002014
2506.419,35.1444038,-90.0168571,ChIJufYEjhR-1YcREff46W6Lons,OK,160616,471570017002014
1930.025,35.1546312,-89.79260459999999,ChIJ8UeuSEecf4gRniit7ubZLtM,OK,116484,471570211262001
1930.025,35.1546312,-89.79260459999999,ChIJ8UeuSEecf4gRniit7ubZLtM,OK,116484,471570211262001
2309.913,35.14868459999999,-89.7948203,ChIJ4w9Lr2qcf4gRHdzl9FciAFM,OK,135984,471570211262001
1893.49,35.1507888,-89.977317,ChIJdVWrOuqAf4gR-V7s1E3qo7g,OK,116385,471570007001023
1893.49,35.1507888,-89.977317,ChIJdVWrOuqAf4gR-V7s1E3qo7g,OK,116385,471570007001023
1981.939,35.1738374,-89.98954379999999,ChIJ_S0BIGOAf4gRU3Ph4W65cOQ,OK,142863,471570007001023
1696.257,35.1490317,-90.0140679,ChIJw3q9_xV-1YcRqrte6yBn1CI,OK,109802,471570017002013
1696.257,35.1490317,-90.0140679,ChIJw3q9_xV-1YcRqrte6yBn1CI,OK,109802,471570017002013
2418.495,35.1444038,-90.0168571,ChIJufYEjhR-1YcREff46W6Lons,OK,157155,471570017002013
1354.059,35.1546312,-89.79260459999999,ChIJ8UeuSEecf4gRniit7ubZLtM,OK,83118,471570211261046
1354.059,35.1546312,-89.79260459999999,ChIJ8UeuSEecf4gRniit7ubZLtM,OK,83118,471570211261046
1733.947,35.14868459999999,-89.7948203,ChIJ4w9Lr2qcf4gRHdzl9FciAFM,OK,102618,471570211261046
1709.346,35.1507888,-89.977317,ChIJdVWrOuqAf4gR-V7s1E3qo7g,OK,96324,471570007001025
1709.346,35.1507888,-89.977317,ChIJdVWrOuqAf4gR-V7s1E3qo7g,OK,96324,471570007001025
2083.9,35.1738374,-89.98954379999999,ChIJ_S0BIGOAf4gRU3Ph4W65cOQ,OK,141105,471570007001025
1562.732,35.167095,-89.950496,ChIJecYfJgmBf4gRJh-YY67U6V8,OK,86543,471570111001058
1917.579,35.1507888,-89.977317,ChIJdVWrOuqAf4gR-V7s1E3qo7g,OK,110192,471570111001058
1917.579,35.1507888,-89.977317,ChIJdVWrOuqAf4gR-V7s1E3qo7g,OK,110192,471570111001058
1466.895,35.1490317,-90.0140679,ChIJw3q9_xV-1YcRqrte6yBn1CI,OK,86119,471570017002017
1466.895,35.1490317,-90.0140679,ChIJw3q9_xV-1YcRqrte6yBn1CI,OK,86119,471570017002017
2189.133,35.1444038,-90.0168571,ChIJufYEjhR-1YcREff46W6Lons,OK,133472,471570017002017
1418.587,35.1507888,-89.977317,ChIJdVWrOuqAf4gR-V7s1E3qo7g,OK,89122,471570009003015
1418.587,35.1507888,-89.977317,ChIJdVWrOuqAf4gR-V7s1E3qo7g,OK,89122,471570009003015
2446.345,35.17410499999999,-89.97575479999999,ChIJmfYTGFmAf4gRHGKCaD0qCtI,OK,152675,471570009003015
2041.853,35.167095,-89.950496,ChIJecYfJgmBf4gRJh-YY67U6V8,OK,116169,471570111001056
2041.853,35.167095,-89.950496,ChIJecYfJgmBf4gRJh-YY67U6V8,OK,116169,471570111001056
2142.925,35.17410499999999,-89.97575479999999,ChIJmfYTGFmAf4gRHGKCaD0qCtI,OK,128571,471570111001056
5086.307,35.1439641,-90.0517892,ChIJL-0zBZR-1YcRj7p5p1WY4-g,OK,404855,471570001001022
5086.307,35.1439641,-90.0517892,ChIJL-0zBZR-1YcRj7p5p1WY4-g,OK,404855,471570001001022
5295.223,35.1450994,-90.0538646,ChIJne6_s5V-1YcRn_LPaqiwhrk,OK,410309,471570001001022
1837.185,35.16339899999999,-89.855841,ChIJA_xfkC6Df4gRAjVZwLz1jqA,OK,199071,471570212001016
1910.569,35.1623785,-89.8566175,ChIJXQHWWS6Df4gRqhH5EQ9H1j0,OK,207930,471570212001016
1910.569,35.1623785,-89.8566175,ChIJXQHWWS6Df4gRqhH5EQ9H1j0,OK,207930,471570212001016
3318.536,35.1439641,-90.0517892,ChIJL-0zBZR-1YcRj7p5p1WY4-g,OK,185796,471570020002017
3318.536,35.1439641,-90.0517892,ChIJL-0zBZR-1YcRj7p5p1WY4-g,OK,185796,471570020002017
4426.058,35.218332,-90.00299799999999,ChIJfRCGEgGA1YcRsZsWP_dycDI,OK,309749,471570099011011
4426.058,35.218332,-90.00299799999999,ChIJfRCGEgGA1YcRsZsWP_dycDI,OK,309749,471570099011011
4633.963,35.21475480000001,-90.00354540000001,ChIJF6XvX_9_1YcRD4jlF4jzevw,OK,322223,471570099011011
2849.128,35.22619459999999,-90.0020167,ChIJvTh1mwiA1YcRLLqD5Uxq8Nc,OK,186165,471570099011004
2849.128,35.22619459999999,-90.0020167,ChIJvTh1mwiA1YcRLLqD5Uxq8Nc,OK,186165,471570099011004
3659.523,35.218332,-90.00299799999999,ChIJfRCGEgGA1YcRsZsWP_dycDI,OK,233632,471570099011004
2273.703,35.22619459999999,-90.0020167,ChIJvTh1mwiA1YcRLLqD5Uxq8Nc,OK,136127,471570099011002
2273.703,35.22619459999999,-90.0020167,ChIJvTh1mwiA1YcRLLqD5Uxq8Nc,OK,136127,471570099011002
3084.098,35.218332,-90.00299799999999,ChIJfRCGEgGA1YcRsZsWP_dycDI,OK,183594,471570099011002
2327.226,35.22619459999999,-90.0020167,ChIJvTh1mwiA1YcRLLqD5Uxq8Nc,OK,135494,471570099011003
2327.226,35.22619459999999,-90.0020167,ChIJvTh1mwiA1YcRLLqD5Uxq8Nc,OK,135494,471570099011003
3137.621,35.218332,-90.00299799999999,ChIJfRCGEgGA1YcRsZsWP_dycDI,OK,182961,471570099011003
2932.159,35.22619459999999,-90.0020167,ChIJvTh1mwiA1YcRLLqD5Uxq8Nc,OK,202764,471570099011015
2932.159,35.22619459999999,-90.0020167,ChIJvTh1mwiA1YcRLLqD5Uxq8Nc,OK,202764,471570099011015
3742.554,35.218332,-90.00299799999999,ChIJfRCGEgGA1YcRsZsWP_dycDI,OK,250231,471570099011015
2482.486,35.22619459999999,-90.0020167,ChIJvTh1mwiA1YcRLLqD5Uxq8Nc,OK,162779,471570099013021
2482.486,35.22619459999999,-90.0020167,ChIJvTh1mwiA1YcRLLqD5Uxq8Nc,OK,162779,471570099013021
3292.881,35.218332,-90.00299799999999,ChIJfRCGEgGA1YcRsZsWP_dycDI,OK,210246,471570099013021
3277.039,35.22619459999999,-90.0020167,ChIJvTh1mwiA1YcRLLqD5Uxq8Nc,OK,201765,471570099011019
3277.039,35.22619459999999,-90.0020167,ChIJvTh1mwiA1YcRLLqD5Uxq8Nc,OK,201765,471570099011019
3764.736,35.218332,-90.00299799999999,ChIJfRCGEgGA1YcRsZsWP_dycDI,OK,241781,471570099011019
3349.856,35.22619459999999,-90.0020167,ChIJvTh1mwiA1YcRLLqD5Uxq8Nc,OK,192307,471570099011020
3349.856,35.22619459999999,-90.0020167,ChIJvTh1mwiA1YcRLLqD5Uxq8Nc,OK,192307,471570099011020
3777.166,35.218332,-90.00299799999999,ChIJfRCGEgGA1YcRsZsWP_dycDI,OK,221896,471570099011020
3282.008,35.218332,-90.00299799999999,ChIJfRCGEgGA1YcRsZsWP_dycDI,OK,196912,471570099012005
3282.008,35.218332,-90.00299799999999,ChIJfRCGEgGA1YcRsZsWP_dycDI,OK,196912,471570099012005
3489.913,35.21475480000001,-90.00354540000001,ChIJF6XvX_9_1YcRD4jlF4jzevw,OK,209386,471570099012005
3401.09,35.22619459999999,-90.0020167,ChIJvTh1mwiA1YcRLLqD5Uxq8Nc,OK,195996,471570099011021
3401.09,35.22619459999999,-90.0020167,ChIJvTh1mwiA1YcRLLqD5Uxq8Nc,OK,195996,471570099011021
3618.659,35.218332,-90.00299799999999,ChIJfRCGEgGA1YcRsZsWP_dycDI,OK,219485,471570099011021
1668.082,35.218332,-90.00299799999999,ChIJfRCGEgGA1YcRsZsWP_dycDI,OK,125783,471570101103008
1668.082,35.218332,-90.00299799999999,ChIJfRCGEgGA1YcRsZsWP_dycDI,OK,125783,471570101103008
1875.987,35.21475480000001,-90.00354540000001,ChIJF6XvX_9_1YcRD4jlF4jzevw,OK,138257,471570101103008
2363.642,35.19067459999999,-89.8489943,ChIJ364PGjWdf4gRKbsrGLq8_XQ,OK,142500,471570211123004
2363.642,35.19067459999999,-89.8489943,ChIJ364PGjWdf4gRKbsrGLq8_XQ,OK,142500,471570211123004
3112.007,35.2045576,-89.81176689999999,ChIJ8ROix4Kdf4gR4Su-1OwAUMo,OK,205169,471570211123004
1042.859,35.22619459999999,-90.0020167,ChIJvTh1mwiA1YcRLLqD5Uxq8Nc,OK,67929,471570100005004
1042.859,35.22619459999999,-90.0020167,ChIJvTh1mwiA1YcRLLqD5Uxq8Nc,OK,67929,471570100005004
1853.254,35.218332,-90.00299799999999,ChIJfRCGEgGA1YcRsZsWP_dycDI,OK,115396,471570100005004
893.68,35.222344,-89.97682999999999,ChIJ987Br45_f4gRjwrvnFN8t7k,OK,53618,471570102201000
893.68,35.222344,-89.97682999999999,ChIJ987Br45_f4gRjwrvnFN8t7k,OK,53618,471570102201000
1294.546,35.2227028,-89.97692290000001,ChIJ987Br45_f4gRMoYIhCny13Q,OK,89750,471570102201000
1986.631,35.22619459999999,-90.0020167,ChIJvTh1mwiA1YcRLLqD5Uxq8Nc,OK,122737,471570099013001
1986.631,35.22619459999999,-90.0020167,ChIJvTh1mwiA1YcRLLqD5Uxq8Nc,OK,122737,471570099013001
2797.026,35.218332,-90.00299799999999,ChIJfRCGEgGA1YcRsZsWP_dycDI,OK,170204,471570099013001
2200.511,35.22619459999999,-90.0020167,ChIJvTh1mwiA1YcRLLqD5Uxq8Nc,OK,141046,471570099013004
2200.511,35.22619459999999,-90.0020167,ChIJvTh1mwiA1YcRLLqD5Uxq8Nc,OK,141046,471570099013004
3010.906,35.218332,-90.00299799999999,ChIJfRCGEgGA1YcRsZsWP_dycDI,OK,188513,471570099013004
2299.677,35.22619459999999,-90.0020167,ChIJvTh1mwiA1YcRLLqD5Uxq8Nc,OK,152945,471570099013005
2299.677,35.22619459999999,-90.0020167,ChIJvTh1mwiA1YcRLLqD5Uxq8Nc,OK,152945,471570099013005
3110.072,35.218332,-90.00299799999999,ChIJfRCGEgGA1YcRsZsWP_dycDI,OK,200412,471570099013005
3269.816,35.22619459999999,-90.0020167,ChIJvTh1mwiA1YcRLLqD5Uxq8Nc,OK,183684,471570099013031
3269.816,35.22619459999999,-90.0020167,ChIJvTh1mwiA1YcRLLqD5Uxq8Nc,OK,183684,471570099013031
3418.993,35.218332,-90.00299799999999,ChIJfRCGEgGA1YcRsZsWP_dycDI,OK,198969,471570099013031
2632.009,35.22619459999999,-90.0020167,ChIJvTh1mwiA1YcRLLqD5Uxq8Nc,OK,180720,471570099013020
2632.009,35.22619459999999,-90.0020167,ChIJvTh1mwiA1YcRLLqD5Uxq8Nc,OK,180720,471570099013020
3442.404,35.218332,-90.00299799999999,ChIJfRCGEgGA1YcRsZsWP_dycDI,OK,228187,471570099013020
2345.948,35.22619459999999,-90.0020167,ChIJvTh1mwiA1YcRLLqD5Uxq8Nc,OK,146394,471570099013026
2345.948,35.22619459999999,-90.0020167,ChIJvTh1mwiA1YcRLLqD5Uxq8Nc,OK,146394,471570099013026
3156.343,35.218332,-90.00299799999999,ChIJfRCGEgGA1YcRsZsWP_dycDI,OK,193861,471570099013026
2701.558,35.22619459999999,-90.0020167,ChIJvTh1mwiA1YcRLLqD5Uxq8Nc,OK,189065,471570099013029
2701.558,35.22619459999999,-90.0020167,ChIJvTh1mwiA1YcRLLqD5Uxq8Nc,OK,189065,471570099013029
3511.953,35.218332,-90.00299799999999,ChIJfRCGEgGA1YcRsZsWP_dycDI,OK,236532,471570099013029
1289.726,35.22619459999999,-90.0020167,ChIJvTh1mwiA1YcRLLqD5Uxq8Nc,OK,100266,471570100005008
1289.726,35.22619459999999,-90.0020167,ChIJvTh1mwiA1YcRLLqD5Uxq8Nc,OK,100266,471570100005008
1386.717,35.148225,-89.89748700000001,ChIJC8t095eDf4gRGuXK3FleZyg,OK,102903,471570092002020
1386.717,35.148225,-89.89748700000001,ChIJC8t095eDf4gRGuXK3FleZyg,OK,102903,471570092002020
1467.263,35.1489345,-89.89838259999999,ChIJaTBvX72Df4gRiyFT0LQMnrQ,OK,107735,471570092002020
1390.294,35.148225,-89.89748700000001,ChIJC8t095eDf4gRGuXK3FleZyg,OK,103331,471570092001001
1390.294,35.148225,-89.89748700000001,ChIJC8t095eDf4gRGuXK3FleZyg,OK,103331,471570092001001
1470.84,35.1489345,-89.89838259999999,ChIJaTBvX72Df4gRiyFT0LQMnrQ,OK,108163,471570092001001
1440.944,35.1503395,-89.89321,ChIJRaSiF6KDf4gRNIqqt1VnH58,OK,88674,471570092003047
1440.944,35.1503395,-89.89321,ChIJRaSiF6KDf4gRNIqqt1VnH58,OK,88674,471570092003047
1939.441,35.1489345,-89.89838259999999,ChIJaTBvX72Df4gRiyFT0LQMnrQ,OK,116361,471570092003047
1530.381,35.1503395,-89.89321,ChIJRaSiF6KDf4gRNIqqt1VnH58,OK,109222,471570092003037
1530.381,35.1503395,-89.89321,ChIJRaSiF6KDf4gRNIqqt1VnH58,OK,109222,471570092003037
1540.225,35.156962,-89.88851749999999,ChIJaVmJmQmDf4gR3ZGZP7kcoeo,OK,118697,471570092003037
1585.615,35.1503395,-89.89321,ChIJRaSiF6KDf4gRNIqqt1VnH58,OK,115849,471570092003035
1585.615,35.1503395,-89.89321,ChIJRaSiF6KDf4gRNIqqt1VnH58,OK,115849,471570092003035
1595.459,35.156962,-89.88851749999999,ChIJaVmJmQmDf4gR3ZGZP7kcoeo,OK,125324,471570092003035
1466.227,35.148225,-89.89748700000001,ChIJC8t095eDf4gRGuXK3FleZyg,OK,112443,471570092001000
1466.227,35.148225,-89.89748700000001,ChIJC8t095eDf4gRGuXK3FleZyg,OK,112443,471570092001000
1546.772,35.1489345,-89.89838259999999,ChIJaTBvX72Df4gRiyFT0LQMnrQ,OK,117275,471570092001000
1878.246,35.148225,-89.89748700000001,ChIJC8t095eDf4gRGuXK3FleZyg,OK,133160,471570092001010
1878.246,35.148225,-89.89748700000001,ChIJC8t095eDf4gRGuXK3FleZyg,OK,133160,471570092001010
1958.792,35.1489345,-89.89838259999999,ChIJaTBvX72Df4gRiyFT0LQMnrQ,OK,137992,471570092001010
2295.22,35.148225,-89.89748700000001,ChIJC8t095eDf4gRGuXK3FleZyg,OK,162791,471570092004015
2295.22,35.148225,-89.89748700000001,ChIJC8t095eDf4gRGuXK3FleZyg,OK,162791,471570092004015
2375.766,35.1489345,-89.89838259999999,ChIJaTBvX72Df4gRiyFT0LQMnrQ,OK,167623,471570092004015
2306.677,35.148225,-89.89748700000001,ChIJC8t095eDf4gRGuXK3FleZyg,OK,160026,471570092001011
2306.677,35.148225,-89.89748700000001,ChIJC8t095eDf4gRGuXK3FleZyg,OK,160026,471570092001011
2387.223,35.1489345,-89.89838259999999,ChIJaTBvX72Df4gRiyFT0LQMnrQ,OK,164858,471570092001011
2219.369,35.148225,-89.89748700000001,ChIJC8t095eDf4gRGuXK3FleZyg,OK,156043,471570092004005
2219.369,35.148225,-89.89748700000001,ChIJC8t095eDf4gRGuXK3FleZyg,OK,156043,471570092004005
2299.915,35.1489345,-89.89838259999999,ChIJaTBvX72Df4gRiyFT0LQMnrQ,OK,160875,471570092004005
2089.488,35.148225,-89.89748700000001,ChIJC8t095eDf4gRGuXK3FleZyg,OK,149362,471570092001012
2089.488,35.148225,-89.89748700000001,ChIJC8t095eDf4gRGuXK3FleZyg,OK,149362,471570092001012
2170.033,35.1489345,-89.89838259999999,ChIJaTBvX72Df4gRiyFT0LQMnrQ,OK,154194,471570092001012
1993.475,35.148225,-89.89748700000001,ChIJC8t095eDf4gRGuXK3FleZyg,OK,130133,471570092001015
1993.475,35.148225,-89.89748700000001,ChIJC8t095eDf4gRGuXK3FleZyg,OK,130133,471570092001015
2074.02,35.1489345,-89.89838259999999,ChIJaTBvX72Df4gRiyFT0LQMnrQ,OK,134965,471570092001015
2741.417,35.148225,-89.89748700000001,ChIJC8t095eDf4gRGuXK3FleZyg,OK,187835,471570092004011
2741.417,35.148225,-89.89748700000001,ChIJC8t095eDf4gRGuXK3FleZyg,OK,187835,471570092004011
2821.963,35.1489345,-89.89838259999999,ChIJaTBvX72Df4gRiyFT0LQMnrQ,OK,192667,471570092004011
1730.098,35.148225,-89.89748700000001,ChIJC8t095eDf4gRGuXK3FleZyg,OK,125123,471570092003040
1730.098,35.148225,-89.89748700000001,ChIJC8t095eDf4gRGuXK3FleZyg,OK,125123,471570092003040
1843.905,35.1503395,-89.89321,ChIJRaSiF6KDf4gRNIqqt1VnH58,OK,129039,471570092003040
2077.382,35.148225,-89.89748700000001,ChIJC8t095eDf4gRGuXK3FleZyg,OK,139545,471570092004004
2077.382,35.148225,-89.89748700000001,ChIJC8t095eDf4gRGuXK3FleZyg,OK,139545,471570092004004
2157.928,35.1489345,-89.89838259999999,ChIJaTBvX72Df4gRiyFT0LQMnrQ,OK,144377,471570092004004
2263.61,35.148225,-89.89748700000001,ChIJC8t095eDf4gRGuXK3FleZyg,OK,168327,471570092004001
2263.61,35.148225,-89.89748700000001,ChIJC8t095eDf4gRGuXK3FleZyg,OK,168327,471570092004001
2344.155,35.1489345,-89.89838259999999,ChIJaTBvX72Df4gRiyFT0LQMnrQ,OK,173159,471570092004001
2189.892,35.148225,-89.89748700000001,ChIJC8t095eDf4gRGuXK3FleZyg,OK,151033,471570092003043
2189.892,35.148225,-89.89748700000001,ChIJC8t095eDf4gRGuXK3FleZyg,OK,151033,471570092003043
2446.348,35.1503395,-89.89321,ChIJRaSiF6KDf4gRNIqqt1VnH58,OK,158110,471570092003043
2173.89,35.148225,-89.89748700000001,ChIJC8t095eDf4gRGuXK3FleZyg,OK,157561,471570092004003
2173.89,35.148225,-89.89748700000001,ChIJC8t095eDf4gRGuXK3FleZyg,OK,157561,471570092004003
2254.435,35.1489345,-89.89838259999999,ChIJaTBvX72Df4gRiyFT0LQMnrQ,OK,162393,471570092004003
2412.025,35.148225,-89.89748700000001,ChIJC8t095eDf4gRGuXK3FleZyg,OK,160377,471570092004014
2412.025,35.148225,-89.89748700000001,ChIJC8t095eDf4gRGuXK3FleZyg,OK,160377,471570092004014
2492.57,35.1489345,-89.89838259999999,ChIJaTBvX72Df4gRiyFT0LQMnrQ,OK,165209,471570092004014
2422.462,35.148225,-89.89748700000001,ChIJC8t095eDf4gRGuXK3FleZyg,OK,180414,471570092004002
2422.462,35.148225,-89.89748700000001,ChIJC8t095eDf4gRGuXK3FleZyg,OK,180414,471570092004002
2503.008,35.1489345,-89.89838259999999,ChIJaTBvX72Df4gRiyFT0LQMnrQ,OK,185246,471570092004002
3166.99,35.148225,-89.89748700000001,ChIJC8t095eDf4gRGuXK3FleZyg,OK,238903,471570092004013
3166.99,35.148225,-89.89748700000001,ChIJC8t095eDf4gRGuXK3FleZyg,OK,238903,471570092004013
3423.446,35.1503395,-89.89321,ChIJRaSiF6KDf4gRNIqqt1VnH58,OK,245980,471570092004013
2338.477,35.148225,-89.89748700000001,ChIJC8t095eDf4gRGuXK3FleZyg,OK,167982,471570092004022
2338.477,35.148225,-89.89748700000001,ChIJC8t095eDf4gRGuXK3FleZyg,OK,167982,471570092004022
2419.023,35.1489345,-89.89838259999999,ChIJaTBvX72Df4gRiyFT0LQMnrQ,OK,172814,471570092004022
841.265,35.0515568,-89.90630259999999,ChIJrU8jyZKFf4gRubg1AIyELWY,OK,54633,471570226001006
841.265,35.0515568,-89.90630259999999,ChIJrU8jyZKFf4gRubg1AIyELWY,OK,54633,471570226001006
1811.98,35.062945,-89.90568519999999,ChIJjxj9mL-Ff4gRoOEx9OzDyxs,OK,101840,471570226001006
1027.106,35.02099699999999,-89.93544,ChIJW6hY3LmIf4gRWjIeu9tMgvU,OK,56884,471570226001161
1027.106,35.02099699999999,-89.93544,ChIJW6hY3LmIf4gRWjIeu9tMgvU,OK,56884,471570226001161
1677.864,35.015991,-89.935953,ChIJSSHzkseIf4gRnqbOP98HojY,OK,92923,471570226001161
3524.915,35.02753099999999,-90.082077,ChIJK66rdetk1YcRwwxI9gDREks,OK,270121,471570224105004
3524.915,35.02753099999999,-90.082077,ChIJK66rdetk1YcRwwxI9gDREks,OK,270121,471570224105004
3414.748,34.999309,-90.118577,ChIJ9TRIjgZl1YcR3fm2jM14AHY,OK,313204,471570224105004
5114.629,35.0326981,-90.07589809999999,ChIJ9S1ljalk1YcRvuG-_hbpimA,OK,346372,471570224104005
5114.629,35.0326981,-90.07589809999999,ChIJ9S1ljalk1YcRvuG-_hbpimA,OK,346372,471570224104005
5494.214,35.02753099999999,-90.082077,ChIJK66rdetk1YcRwwxI9gDREks,OK,366683,471570224104005
1965.078,35.02753099999999,-90.082077,ChIJK66rdetk1YcRwwxI9gDREks,OK,140251,471570224102010
1965.078,35.02753099999999,-90.082077,ChIJK66rdetk1YcRwwxI9gDREks,OK,140251,471570224102010
2766.15,35.0326981,-90.07589809999999,ChIJ9S1ljalk1YcRvuG-_hbpimA,OK,184617,471570224102010
3514.001,35.02753099999999,-90.082077,ChIJK66rdetk1YcRwwxI9gDREks,OK,233482,471570224103005
3514.001,35.02753099999999,-90.082077,ChIJK66rdetk1YcRwwxI9gDREks,OK,233482,471570224103005
4315.073,35.0326981,-90.07589809999999,ChIJ9S1ljalk1YcRvuG-_hbpimA,OK,277848,471570224103005
2534.637,35.02753099999999,-90.082077,ChIJK66rdetk1YcRwwxI9gDREks,OK,154165,471570224101010
2534.637,35.02753099999999,-90.082077,ChIJK66rdetk1YcRwwxI9gDREks,OK,154165,471570224101010
3335.709,35.0326981,-90.07589809999999,ChIJ9S1ljalk1YcRvuG-_hbpimA,OK,198531,471570224101010
3167.669,35.0326981,-90.07589809999999,ChIJ9S1ljalk1YcRvuG-_hbpimA,OK,214037,471570224101009
3167.669,35.0326981,-90.07589809999999,ChIJ9S1ljalk1YcRvuG-_hbpimA,OK,214037,471570224101009
3547.253,35.02753099999999,-90.082077,ChIJK66rdetk1YcRwwxI9gDREks,OK,234348,471570224101009
1726.402,35.1439641,-90.0517892,ChIJL-0zBZR-1YcRj7p5p1WY4-g,OK,95275,471570113001096
1726.402,35.1439641,-90.0517892,ChIJL-0zBZR-1YcRj7p5p1WY4-g,OK,95275,471570113001096
1757.093,35.1435177,-90.0539328,ChIJ8VFg1pV-1YcRR9G8p0pZx6U,OK,95554,471570113001096
2369.18,35.1439641,-90.0517892,ChIJL-0zBZR-1YcRj7p5p1WY4-g,OK,188917,471570021001049
2369.18,35.1439641,-90.0517892,ChIJL-0zBZR-1YcRj7p5p1WY4-g,OK,188917,471570021001049
2578.096,35.1450994,-90.0538646,ChIJne6_s5V-1YcRn_LPaqiwhrk,OK,194371,471570021001049
3513.506,35.1439641,-90.0517892,ChIJL-0zBZR-1YcRj7p5p1WY4-g,OK,205267,471570113001098
3513.506,35.1439641,-90.0517892,ChIJL-0zBZR-1YcRj7p5p1WY4-g,OK,205267,471570113001098
3544.196,35.1435177,-90.0539328,ChIJ8VFg1pV-1YcRR9G8p0pZx6U,OK,205546,471570113001098
2129.744,35.1444038,-90.0168571,ChIJufYEjhR-1YcREff46W6Lons,OK,140842,471570113001089
2129.744,35.1444038,-90.0168571,ChIJufYEjhR-1YcREff46W6Lons,OK,140842,471570113001089
2671.315,35.1439641,-90.0517892,ChIJL-0zBZR-1YcRj7p5p1WY4-g,OK,171967,471570113001089
208.165,35.1435177,-90.0539328,ChIJ8VFg1pV-1YcRR9G8p0pZx6U,OK,18282,471570042001059
208.165,35.1435177,-90.0539328,ChIJ8VFg1pV-1YcRR9G8p0pZx6U,OK,18282,471570042001059
332.994,35.1450994,-90.0538646,ChIJne6_s5V-1YcRn_LPaqiwhrk,OK,30187,471570042001059
312.939,35.1435177,-90.0539328,ChIJ8VFg1pV-1YcRR9G8p0pZx6U,OK,24137,471570042002016
312.939,35.1435177,-90.0539328,ChIJ8VFg1pV-1YcRR9G8p0pZx6U,OK,24137,471570042002016
437.768,35.1450994,-90.0538646,ChIJne6_s5V-1YcRn_LPaqiwhrk,OK,36042,471570042002016
1108.826,35.1435177,-90.0539328,ChIJ8VFg1pV-1YcRR9G8p0pZx6U,OK,78394,471570042002071
1108.826,35.1435177,-90.0539328,ChIJ8VFg1pV-1YcRR9G8p0pZx6U,OK,78394,471570042002071
1207.501,35.1439641,-90.0517892,ChIJL-0zBZR-1YcRj7p5p1WY4-g,OK,81815,471570042002071
644.4,35.1435177,-90.0539328,ChIJ8VFg1pV-1YcRR9G8p0pZx6U,OK,45340,471570042002034
644.4,35.1435177,-90.0539328,ChIJ8VFg1pV-1YcRR9G8p0pZx6U,OK,45340,471570042002034
678.545,35.1439641,-90.0517892,ChIJL-0zBZR-1YcRj7p5p1WY4-g,OK,47285,471570042002034
971.426,35.1439641,-90.0517892,ChIJL-0zBZR-1YcRj7p5p1WY4-g,OK,57120,471570042002048
971.426,35.1439641,-90.0517892,ChIJL-0zBZR-1YcRj7p5p1WY4-g,OK,57120,471570042002048
1002.116,35.1435177,-90.0539328,ChIJ8VFg1pV-1YcRR9G8p0pZx6U,OK,57399,471570042002048
186.703,35.1450994,-90.0538646,ChIJne6_s5V-1YcRn_LPaqiwhrk,OK,16705,471570042001051
186.703,35.1450994,-90.0538646,ChIJne6_s5V-1YcRn_LPaqiwhrk,OK,16705,471570042001051
406.242,35.1435177,-90.0539328,ChIJ8VFg1pV-1YcRR9G8p0pZx6U,OK,25460,471570042001051
1807.493,35.1087458,-90.0211918,ChIJe6w2EsF91YcRquzVZc8M0-I,OK,114931,471570078102009
1807.493,35.1087458,-90.0211918,ChIJe6w2EsF91YcRquzVZc8M0-I,OK,114931,471570078102009
1808.135,35.10874099999999,-90.021185,ChIJrVbiDcF91YcRG9TBOTpHc3I,OK,115008,471570078102009
4326.973,35.1087458,-90.0211918,ChIJe6w2EsF91YcRquzVZc8M0-I,OK,268492,471570078221017
4327.615,35.10874099999999,-90.021185,ChIJrVbiDcF91YcRG9TBOTpHc3I,OK,268569,471570078221017
4327.615,35.10874099999999,-90.021185,ChIJrVbiDcF91YcRG9TBOTpHc3I,OK,268569,471570078221017
3802.684,35.1087458,-90.0211918,ChIJe6w2EsF91YcRquzVZc8M0-I,OK,220365,471570078221029
3802.684,35.1087458,-90.0211918,ChIJe6w2EsF91YcRquzVZc8M0-I,OK,220365,471570078221029
3803.326,35.10874099999999,-90.021185,ChIJrVbiDcF91YcRG9TBOTpHc3I,OK,220442,471570078221029
4411.287,35.054745,-90.007971,ChIJXxyyQlt91YcRhldtWgjSnSE,OK,295381,471570078221040
4411.287,35.054745,-90.007971,ChIJXxyyQlt91YcRhldtWgjSnSE,OK,295381,471570078221040
5173.892,35.05407199999999,-90.00125899999999,ChIJIzdhk1h91YcRZT7cBcBslaM,OK,312065,471570078221040
2104.147,35.1087458,-90.0211918,ChIJe6w2EsF91YcRquzVZc8M0-I,OK,126115,471570078102059
2104.147,35.1087458,-90.0211918,ChIJe6w2EsF91YcRquzVZc8M0-I,OK,126115,471570078102059
1509.019,35.098685,-90.05664899999999,ChIJ31qwBkJ81YcRk2V5pdmdhrM,OK,91563,471570058002004
1509.019,35.098685,-90.05664899999999,ChIJ31qwBkJ81YcRk2V5pdmdhrM,OK,91563,471570058002004
1455.3,35.1060329,-90.039159,ChIJ231bcjV81YcRQ1quDeYAd6M,OK,100934,471570058002004
2181.665,35.0225458,-90.0257415,ChIJnc94gMRi1YcRKYztFRuX2Yw,OK,139419,471570227003001
2181.665,35.0225458,-90.0257415,ChIJnc94gMRi1YcRKYztFRuX2Yw,OK,139419,471570227003001
3381.538,35.03203000000001,-90.025994,ChIJr7k5Z85i1YcR_daVhG2vNFM,OK,221923,471570227003001
1713.273,35.1060329,-90.039159,ChIJ231bcjV81YcRQ1quDeYAd6M,OK,124881,471570058002002
1713.273,35.1060329,-90.039159,ChIJ231bcjV81YcRQ1quDeYAd6M,OK,124881,471570058002002
1889.053,35.1251709,-90.0481695,ChIJybIJtCd81YcR9Otxws-5qCM,OK,130314,471570058002002
788.421,35.05905920000001,-89.9340455,ChIJM89Mbw2Gf4gRFqf4fPnKU7k,OK,71647,471570106203027
788.421,35.05905920000001,-89.9340455,ChIJM89Mbw2Gf4gRFqf4fPnKU7k,OK,71647,471570106203027
1505.192,35.0515544,-89.92255089999999,ChIJG_UFGuOFf4gRyHNDzwp5is0,OK,108294,471570106203027
2010.11,35.125222,-90.048147,ChIJ9cKdtid81YcRKs9h6RjzQzw,OK,111672,471570046001010
1623.188,35.098685,-90.05664899999999,ChIJ31qwBkJ81YcRk2V5pdmdhrM,OK,100728,471570058002005
2648.237,35.1157645,-90.022279,ChIJwZqBNMN91YcRRpdDvj5Pcr8,OK,147287,471570046001010
1623.188,35.098685,-90.05664899999999,ChIJ31qwBkJ81YcRk2V5pdmdhrM,OK,100728,471570058002005
2648.237,35.1157645,-90.022279,ChIJwZqBNMN91YcRRpdDvj5Pcr8,OK,147287,471570046001010
1569.469,35.1060329,-90.039159,ChIJ231bcjV81YcRQ1quDeYAd6M,OK,110099,471570058002005
2407.885,35.1087458,-90.0211918,ChIJe6w2EsF91YcRquzVZc8M0-I,OK,119241,471570046001049
2407.885,35.1087458,-90.0211918,ChIJe6w2EsF91YcRquzVZc8M0-I,OK,119241,471570046001049
2408.526,35.10874099999999,-90.021185,ChIJrVbiDcF91YcRG9TBOTpHc3I,OK,119318,471570046001049
1455.472,35.1060329,-90.039159,ChIJ231bcjV81YcRQ1quDeYAd6M,OK,120732,471570058002001
1455.472,35.1060329,-90.039159,ChIJ231bcjV81YcRQ1quDeYAd6M,OK,120732,471570058002001
2151.126,35.1251709,-90.0481695,ChIJybIJtCd81YcR9Otxws-5qCM,OK,154479,471570058002001
1003.314,35.1497164,-89.95515999999999,ChIJcQb6ehiBf4gR-uA54eRPNq8,OK,69012,471570014001029
1788.666,35.125222,-90.048147,ChIJ9cKdtid81YcRKs9h6RjzQzw,OK,115407,471570046001013
1003.314,35.1497164,-89.95515999999999,ChIJcQb6ehiBf4gR-uA54eRPNq8,OK,69012,471570014001029
1788.666,35.125222,-90.048147,ChIJ9cKdtid81YcRKs9h6RjzQzw,OK,115407,471570046001013
1306.519,35.1507888,-89.977317,ChIJdVWrOuqAf4gR-V7s1E3qo7g,OK,84975,471570014001029
1790.48,35.1251709,-90.0481695,ChIJybIJtCd81YcR9Otxws-5qCM,OK,115507,471570046001013
1459.271,35.125222,-90.048147,ChIJ9cKdtid81YcRKs9h6RjzQzw,OK,93042,471570116001028
1459.271,35.125222,-90.048147,ChIJ9cKdtid81YcRKs9h6RjzQzw,OK,93042,471570116001028
1145.292,35.1060329,-90.039159,ChIJ231bcjV81YcRQ1quDeYAd6M,OK,83990,471570059003014
1461.085,35.1251709,-90.0481695,ChIJybIJtCd81YcR9Otxws-5qCM,OK,93142,471570116001028
1145.292,35.1060329,-90.039159,ChIJ231bcjV81YcRQ1quDeYAd6M,OK,83990,471570059003014
1796.263,35.125222,-90.048147,ChIJ9cKdtid81YcRKs9h6RjzQzw,OK,149375,471570059003014
1931.377,35.125222,-90.048147,ChIJ9cKdtid81YcRKs9h6RjzQzw,OK,148841,471570046001028
1931.377,35.125222,-90.048147,ChIJ9cKdtid81YcRKs9h6RjzQzw,OK,148841,471570046001028
1933.191,35.1251709,-90.0481695,ChIJybIJtCd81YcR9Otxws-5qCM,OK,148941,471570046001028
944.042,35.1497164,-89.95515999999999,ChIJcQb6ehiBf4gR-uA54eRPNq8,OK,76931,471570014001023
944.042,35.1497164,-89.95515999999999,ChIJcQb6ehiBf4gR-uA54eRPNq8,OK,76931,471570014001023
1420.942,35.14981359999999,-89.94918609999999,ChIJVdGBGRaBf4gRsi89Rzqn8W4,OK,103314,471570014001023
916.952,35.17410499999999,-89.97575479999999,ChIJmfYTGFmAf4gRHGKCaD0qCtI,OK,94725,471570008001006
916.952,35.17410499999999,-89.97575479999999,ChIJmfYTGFmAf4gRHGKCaD0qCtI,OK,94725,471570008001006
2155.376,35.1738374,-89.98954379999999,ChIJ_S0BIGOAf4gRU3Ph4W65cOQ,OK,169021,471570008001006
1363.409,35.1497164,-89.95515999999999,ChIJcQb6ehiBf4gR-uA54eRPNq8,OK,112420,471570014001006
1363.409,35.1497164,-89.95515999999999,ChIJcQb6ehiBf4gR-uA54eRPNq8,OK,112420,471570014001006
1557.815,35.167095,-89.950496,ChIJecYfJgmBf4gRJh-YY67U6V8,OK,116633,471570014001006
1109.566,35.125222,-90.048147,ChIJ9cKdtid81YcRKs9h6RjzQzw,OK,102370,471570116001033
1109.566,35.125222,-90.048147,ChIJ9cKdtid81YcRKs9h6RjzQzw,OK,102370,471570116001033
1111.38,35.1251709,-90.0481695,ChIJybIJtCd81YcR9Otxws-5qCM,OK,102470,471570116001033
1240.072,35.167095,-89.950496,ChIJecYfJgmBf4gRJh-YY67U6V8,OK,103928,471570013002004
1240.072,35.167095,-89.950496,ChIJecYfJgmBf4gRJh-YY67U6V8,OK,103928,471570013002004
1758.136,35.1497164,-89.95515999999999,ChIJcQb6ehiBf4gR-uA54eRPNq8,OK,142290,471570013002004
1137.816,35.1060329,-90.039159,ChIJ231bcjV81YcRQ1quDeYAd6M,OK,83453,471570059003006
1137.816,35.1060329,-90.039159,ChIJ231bcjV81YcRQ1quDeYAd6M,OK,83453,471570059003006
1811.731,35.125222,-90.048147,ChIJ9cKdtid81YcRKs9h6RjzQzw,OK,150488,471570059003006
1460.964,35.167095,-89.950496,ChIJecYfJgmBf4gRJh-YY67U6V8,OK,105011,471570014001007
1460.964,35.167095,-89.950496,ChIJecYfJgmBf4gRJh-YY67U6V8,OK,105011,471570014001007
1410.691,35.1497164,-89.95515999999999,ChIJcQb6ehiBf4gR-uA54eRPNq8,OK,112800,471570014001007
2086.644,35.098685,-90.05664899999999,ChIJ31qwBkJ81YcRk2V5pdmdhrM,OK,168666,471570117001112
2086.644,35.098685,-90.05664899999999,ChIJ31qwBkJ81YcRk2V5pdmdhrM,OK,168666,471570117001112
2398.191,35.1251709,-90.0481695,ChIJybIJtCd81YcR9Otxws-5qCM,OK,187200,471570117001112
1278.334,35.1497164,-89.95515999999999,ChIJcQb6ehiBf4gR-uA54eRPNq8,OK,107165,471570014001002
1278.334,35.1497164,-89.95515999999999,ChIJcQb6ehiBf4gR-uA54eRPNq8,OK,107165,471570014001002
1700.161,35.1507888,-89.977317,ChIJdVWrOuqAf4gR-V7s1E3qo7g,OK,131862,471570014001002
1952.12,35.098685,-90.05664899999999,ChIJ31qwBkJ81YcRk2V5pdmdhrM,OK,140488,471570117001125
1952.12,35.098685,-90.05664899999999,ChIJ31qwBkJ81YcRk2V5pdmdhrM,OK,140488,471570117001125
744.61,35.1738374,-89.98954379999999,ChIJ_S0BIGOAf4gRU3Ph4W65cOQ,OK,63050,471570007002013
744.61,35.1738374,-89.98954379999999,ChIJ_S0BIGOAf4gRU3Ph4W65cOQ,OK,63050,471570007002013
2091.219,35.17410499999999,-89.97575479999999,ChIJmfYTGFmAf4gRHGKCaD0qCtI,OK,143836,471570007002013
1453.848,35.1738374,-89.98954379999999,ChIJ_S0BIGOAf4gRU3Ph4W65cOQ,OK,135329,471570007001000
1453.848,35.1738374,-89.98954379999999,ChIJ_S0BIGOAf4gRU3Ph4W65cOQ,OK,135329,471570007001000
1988.626,35.17410499999999,-89.97575479999999,ChIJmfYTGFmAf4gRHGKCaD0qCtI,OK,157469,471570007001000
800.175,35.1738374,-89.98954379999999,ChIJ_S0BIGOAf4gRU3Ph4W65cOQ,OK,64602,471570007002014
800.175,35.1738374,-89.98954379999999,ChIJ_S0BIGOAf4gRU3Ph4W65cOQ,OK,64602,471570007002014
2146.784,35.17410499999999,-89.97575479999999,ChIJmfYTGFmAf4gRHGKCaD0qCtI,OK,145388,471570007002014
1392.048,35.1738374,-89.98954379999999,ChIJ_S0BIGOAf4gRU3Ph4W65cOQ,OK,87167,471570007001006
1392.048,35.1738374,-89.98954379999999,ChIJ_S0BIGOAf4gRU3Ph4W65cOQ,OK,87167,471570007001006
2738.657,35.17410499999999,-89.97575479999999,ChIJmfYTGFmAf4gRHGKCaD0qCtI,OK,167953,471570007001006
1819.996,35.1738374,-89.98954379999999,ChIJ_S0BIGOAf4gRU3Ph4W65cOQ,OK,126488,471570016002009
1819.996,35.1738374,-89.98954379999999,ChIJ_S0BIGOAf4gRU3Ph4W65cOQ,OK,126488,471570016002009
2367.106,35.1507888,-89.977317,ChIJdVWrOuqAf4gR-V7s1E3qo7g,OK,132751,471570016002009
1428.574,35.1738374,-89.98954379999999,ChIJ_S0BIGOAf4gRU3Ph4W65cOQ,OK,101580,471570016002001
1428.574,35.1738374,-89.98954379999999,ChIJ_S0BIGOAf4gRU3Ph4W65cOQ,OK,101580,471570016002001
2364.673,35.1507888,-89.977317,ChIJdVWrOuqAf4gR-V7s1E3qo7g,OK,135849,471570016002001
1519.48,35.1738374,-89.98954379999999,ChIJ_S0BIGOAf4gRU3Ph4W65cOQ,OK,108125,471570007001014
1519.48,35.1738374,-89.98954379999999,ChIJ_S0BIGOAf4gRU3Ph4W65cOQ,OK,108125,471570007001014
2312.677,35.1507888,-89.977317,ChIJdVWrOuqAf4gR-V7s1E3qo7g,OK,142736,471570007001014
1813.013,35.1738374,-89.98954379999999,ChIJ_S0BIGOAf4gRU3Ph4W65cOQ,OK,137394,471570007001021
1813.013,35.1738374,-89.98954379999999,ChIJ_S0BIGOAf4gRU3Ph4W65cOQ,OK,137394,471570007001021
2358.125,35.1507888,-89.977317,ChIJdVWrOuqAf4gR-V7s1E3qo7g,OK,154143,471570007001021
652.566,35.1738374,-89.98954379999999,ChIJ_S0BIGOAf4gRU3Ph4W65cOQ,OK,62610,471570007002017
652.566,35.1738374,-89.98954379999999,ChIJ_S0BIGOAf4gRU3Ph4W65cOQ,OK,62610,471570007002017
1250.279,35.17410499999999,-89.97575479999999,ChIJmfYTGFmAf4gRHGKCaD0qCtI,OK,87334,471570007002017
831.335,35.1738374,-89.98954379999999,ChIJ_S0BIGOAf4gRU3Ph4W65cOQ,OK,84061,471570007002016
831.335,35.1738374,-89.98954379999999,ChIJ_S0BIGOAf4gRU3Ph4W65cOQ,OK,84061,471570007002016
1428.572,35.17410499999999,-89.97575479999999,ChIJmfYTGFmAf4gRHGKCaD0qCtI,OK,100290,471570007002016
129.639,35.139426,-90.00714049999999,ChIJC-6kIBt-1YcRA1cskDtjsVc,OK,15556,471570034002002
129.639,35.139426,-90.00714049999999,ChIJC-6kIBt-1YcRA1cskDtjsVc,OK,15556,471570034002002
331.902,35.13763670000001,-90.00757159999999,ChIJl69WLQV-1YcRU3z7Tt2MyhY,OK,39825,471570034002002
1364.039,35.1738374,-89.98954379999999,ChIJ_S0BIGOAf4gRU3Ph4W65cOQ,OK,95762,471570007001002
1364.039,35.1738374,-89.98954379999999,ChIJ_S0BIGOAf4gRU3Ph4W65cOQ,OK,95762,471570007001002
1604.088,35.17410499999999,-89.97575479999999,ChIJmfYTGFmAf4gRHGKCaD0qCtI,OK,110162,471570007001002
1402.885,35.1738374,-89.98954379999999,ChIJ_S0BIGOAf4gRU3Ph4W65cOQ,OK,117787,471570007001009
1402.885,35.1738374,-89.98954379999999,ChIJ_S0BIGOAf4gRU3Ph4W65cOQ,OK,117787,471570007001009
2614.505,35.1507888,-89.977317,ChIJdVWrOuqAf4gR-V7s1E3qo7g,OK,184907,471570007001009
1290.876,35.1738374,-89.98954379999999,ChIJ_S0BIGOAf4gRU3Ph4W65cOQ,OK,107768,471570007001015
1290.876,35.1738374,-89.98954379999999,ChIJ_S0BIGOAf4gRU3Ph4W65cOQ,OK,107768,471570007001015
2676.75,35.1507888,-89.977317,ChIJdVWrOuqAf4gR-V7s1E3qo7g,OK,184605,471570007001015
1744.92,35.1738374,-89.98954379999999,ChIJ_S0BIGOAf4gRU3Ph4W65cOQ,OK,124593,471570007001012
1744.92,35.1738374,-89.98954379999999,ChIJ_S0BIGOAf4gRU3Ph4W65cOQ,OK,124593,471570007001012
1984.969,35.17410499999999,-89.97575479999999,ChIJmfYTGFmAf4gRHGKCaD0qCtI,OK,138993,471570007001012
1516.31,35.1738374,-89.98954379999999,ChIJ_S0BIGOAf4gRU3Ph4W65cOQ,OK,107896,471570016002000
1516.31,35.1738374,-89.98954379999999,ChIJ_S0BIGOAf4gRU3Ph4W65cOQ,OK,107896,471570016002000
2315.847,35.1507888,-89.977317,ChIJdVWrOuqAf4gR-V7s1E3qo7g,OK,142964,471570016002000
1838.365,35.1738374,-89.98954379999999,ChIJ_S0BIGOAf4gRU3Ph4W65cOQ,OK,131276,471570007001010
1838.365,35.1738374,-89.98954379999999,ChIJ_S0BIGOAf4gRU3Ph4W65cOQ,OK,131276,471570007001010
2209.376,35.1507888,-89.977317,ChIJdVWrOuqAf4gR-V7s1E3qo7g,OK,140863,471570007001010
2006.68,35.1507888,-89.977317,ChIJdVWrOuqAf4gR-V7s1E3qo7g,OK,120705,471570007001020
2006.68,35.1507888,-89.977317,ChIJdVWrOuqAf4gR-V7s1E3qo7g,OK,120705,471570007001020
1825.453,35.1738374,-89.98954379999999,ChIJ_S0BIGOAf4gRU3Ph4W65cOQ,OK,130155,471570007001020
1803.016,35.1507888,-89.977317,ChIJdVWrOuqAf4gR-V7s1E3qo7g,OK,112242,471570007001026
1803.016,35.1507888,-89.977317,ChIJdVWrOuqAf4gR-V7s1E3qo7g,OK,112242,471570007001026
2271.159,35.1738374,-89.98954379999999,ChIJ_S0BIGOAf4gRU3Ph4W65cOQ,OK,163069,471570007001026
1780.983,35.1507888,-89.977317,ChIJdVWrOuqAf4gR-V7s1E3qo7g,OK,104081,471570016001017
1780.983,35.1507888,-89.977317,ChIJdVWrOuqAf4gR-V7s1E3qo7g,OK,104081,471570016001017
2156.541,35.1738374,-89.98954379999999,ChIJ_S0BIGOAf4gRU3Ph4W65cOQ,OK,153351,471570016001017
1575.801,35.1507888,-89.977317,ChIJdVWrOuqAf4gR-V7s1E3qo7g,OK,88928,471570007001028
1575.801,35.1507888,-89.977317,ChIJdVWrOuqAf4gR-V7s1E3qo7g,OK,88928,471570007001028
2217.445,35.1738374,-89.98954379999999,ChIJ_S0BIGOAf4gRU3Ph4W65cOQ,OK,148500,471570007001028
1899.328,35.1507888,-89.977317,ChIJdVWrOuqAf4gR-V7s1E3qo7g,OK,121476,471570016001003
1899.328,35.1507888,-89.977317,ChIJdVWrOuqAf4gR-V7s1E3qo7g,OK,121476,471570016001003
2346.758,35.1738374,-89.98954379999999,ChIJ_S0BIGOAf4gRU3Ph4W65cOQ,OK,170293,471570016001003
2251.111,35.22619459999999,-90.0020167,ChIJvTh1mwiA1YcRLLqD5Uxq8Nc,OK,132496,471570099013028
2251.111,35.22619459999999,-90.0020167,ChIJvTh1mwiA1YcRLLqD5Uxq8Nc,OK,132496,471570099013028
3061.506,35.218332,-90.00299799999999,ChIJfRCGEgGA1YcRsZsWP_dycDI,OK,179963,471570099013028
1352.612,35.220637,-89.892425,ChIJiZ78r4Z4f4gRyy0DWRWI7n0,OK,117032,471570205324008
1352.612,35.220637,-89.892425,ChIJiZ78r4Z4f4gRyy0DWRWI7n0,OK,117032,471570205324008
1574.233,35.223866,-89.90499,ChIJJRXCRJh4f4gRcTFbl9qZzNM,OK,185115,471570205324008
1516.311,35.223866,-89.90499,ChIJJRXCRJh4f4gRcTFbl9qZzNM,OK,157122,471570205323012
1516.311,35.223866,-89.90499,ChIJJRXCRJh4f4gRcTFbl9qZzNM,OK,157122,471570205323012
2526.053,35.2158947,-89.9151158,ChIJxetq6ad4f4gRD1K1cIBWUQ4,OK,164276,471570205323012
262.378,35.22619459999999,-90.0020167,ChIJvTh1mwiA1YcRLLqD5Uxq8Nc,OK,24694,471570100005007
262.378,35.22619459999999,-90.0020167,ChIJvTh1mwiA1YcRLLqD5Uxq8Nc,OK,24694,471570100005007
1072.773,35.218332,-90.00299799999999,ChIJfRCGEgGA1YcRsZsWP_dycDI,OK,72161,471570100005007
2275.531,35.220637,-89.892425,ChIJiZ78r4Z4f4gRyy0DWRWI7n0,OK,150732,471570205324009
2275.531,35.220637,-89.892425,ChIJiZ78r4Z4f4gRyy0DWRWI7n0,OK,150732,471570205324009
1512.256,35.223866,-89.90499,ChIJJRXCRJh4f4gRcTFbl9qZzNM,OK,155582,471570205324009
1158.223,35.220637,-89.892425,ChIJiZ78r4Z4f4gRyy0DWRWI7n0,OK,69551,471570205324007
1158.223,35.220637,-89.892425,ChIJiZ78r4Z4f4gRyy0DWRWI7n0,OK,69551,471570205324007
2128.978,35.223866,-89.90499,ChIJJRXCRJh4f4gRcTFbl9qZzNM,OK,148497,471570205324007
1054.191,35.220637,-89.892425,ChIJiZ78r4Z4f4gRyy0DWRWI7n0,OK,61564,471570205324016
1054.191,35.220637,-89.892425,ChIJiZ78r4Z4f4gRyy0DWRWI7n0,OK,61564,471570205324016
2024.946,35.223866,-89.90499,ChIJJRXCRJh4f4gRcTFbl9qZzNM,OK,140510,471570205324016
3575.512,35.22619459999999,-90.0020167,ChIJvTh1mwiA1YcRLLqD5Uxq8Nc,OK,200731,471570099013018
3575.512,35.22619459999999,-90.0020167,ChIJvTh1mwiA1YcRLLqD5Uxq8Nc,OK,200731,471570099013018
4214.061,35.218332,-90.00299799999999,ChIJfRCGEgGA1YcRsZsWP_dycDI,OK,239857,471570099013018
3237.213,35.22619459999999,-90.0020167,ChIJvTh1mwiA1YcRLLqD5Uxq8Nc,OK,183333,471570099013024
3237.213,35.22619459999999,-90.0020167,ChIJvTh1mwiA1YcRLLqD5Uxq8Nc,OK,183333,471570099013024
3875.762,35.218332,-90.00299799999999,ChIJfRCGEgGA1YcRsZsWP_dycDI,OK,222459,471570099013024
3164.847,35.22619459999999,-90.0020167,ChIJvTh1mwiA1YcRLLqD5Uxq8Nc,OK,179612,471570099013025
3164.847,35.22619459999999,-90.0020167,ChIJvTh1mwiA1YcRLLqD5Uxq8Nc,OK,179612,471570099013025
3803.396,35.218332,-90.00299799999999,ChIJfRCGEgGA1YcRsZsWP_dycDI,OK,218738,471570099013025
842.876,35.2337782,-89.9252472,ChIJra3pLkt_f4gRjZbqnHrruIM,OK,53513,471570205322004
842.876,35.2337782,-89.9252472,ChIJra3pLkt_f4gRjZbqnHrruIM,OK,53513,471570205322004
2553.292,35.210167,-89.919383,ChIJi0gqlgaCf4gRjUvfmHxGMyw,OK,180297,471570205322004
1242.584,35.22619459999999,-90.0020167,ChIJvTh1mwiA1YcRLLqD5Uxq8Nc,OK,87800,471570100005018
1242.584,35.22619459999999,-90.0020167,ChIJvTh1mwiA1YcRLLqD5Uxq8Nc,OK,87800,471570100005018
1775.833,35.218332,-90.00299799999999,ChIJfRCGEgGA1YcRsZsWP_dycDI,OK,118639,471570100005018
3193.522,35.22619459999999,-90.0020167,ChIJvTh1mwiA1YcRLLqD5Uxq8Nc,OK,179760,471570099013030
3193.522,35.22619459999999,-90.0020167,ChIJvTh1mwiA1YcRLLqD5Uxq8Nc,OK,179760,471570099013030
3620.833,35.218332,-90.00299799999999,ChIJfRCGEgGA1YcRsZsWP_dycDI,OK,209349,471570099013030
26.743,35.2337782,-89.9252472,ChIJra3pLkt_f4gRjZbqnHrruIM,OK,3209,471570205321009
26.743,35.2337782,-89.9252472,ChIJra3pLkt_f4gRjZbqnHrruIM,OK,3209,471570205321009
3771.622,35.2158947,-89.9151158,ChIJxetq6ad4f4gRD1K1cIBWUQ4,OK,251558,471570205321009
545.789,35.220637,-89.892425,ChIJiZ78r4Z4f4gRyy0DWRWI7n0,OK,39322,471570205324012
545.789,35.220637,-89.892425,ChIJiZ78r4Z4f4gRyy0DWRWI7n0,OK,39322,471570205324012
1516.544,35.223866,-89.90499,ChIJJRXCRJh4f4gRcTFbl9qZzNM,OK,118268,471570205324012
437.345,35.220637,-89.892425,ChIJiZ78r4Z4f4gRyy0DWRWI7n0,OK,32388,471570205324018
437.345,35.220637,-89.892425,ChIJiZ78r4Z4f4gRyy0DWRWI7n0,OK,32388,471570205324018
1408.101,35.223866,-89.90499,ChIJJRXCRJh4f4gRcTFbl9qZzNM,OK,111334,471570205324018
3164.748,35.2337782,-89.9252472,ChIJra3pLkt_f4gRjZbqnHrruIM,OK,210471,471570205241007
3164.748,35.2337782,-89.9252472,ChIJra3pLkt_f4gRjZbqnHrruIM,OK,210471,471570205241007
3344.617,35.210167,-89.919383,ChIJi0gqlgaCf4gRjUvfmHxGMyw,OK,245429,471570205241007
667.692,35.220637,-89.892425,ChIJiZ78r4Z4f4gRyy0DWRWI7n0,OK,82741,471570205324017
667.692,35.220637,-89.892425,ChIJiZ78r4Z4f4gRyy0DWRWI7n0,OK,82741,471570205324017
1366.319,35.223866,-89.90499,ChIJJRXCRJh4f4gRcTFbl9qZzNM,OK,145361,471570205324017
2829.634,35.218332,-90.00299799999999,ChIJfRCGEgGA1YcRsZsWP_dycDI,OK,168660,471570099013043
2829.634,35.218332,-90.00299799999999,ChIJfRCGEgGA1YcRsZsWP_dycDI,OK,168660,471570099013043
3037.539,35.21475480000001,-90.00354540000001,ChIJF6XvX_9_1YcRD4jlF4jzevw,OK,181134,471570099013043
3376.174,35.222344,-89.97682999999999,ChIJ987Br45_f4gRjwrvnFN8t7k,OK,251652,471570205212011
3376.174,35.222344,-89.97682999999999,ChIJ987Br45_f4gRjwrvnFN8t7k,OK,251652,471570205212011
3777.041,35.2227028,-89.97692290000001,ChIJ987Br45_f4gRMoYIhCny13Q,OK,287784,471570205212011
2592.53,35.222344,-89.97682999999999,ChIJ987Br45_f4gRjwrvnFN8t7k,OK,158948,471570205111000
2592.53,35.222344,-89.97682999999999,ChIJ987Br45_f4gRjwrvnFN8t7k,OK,158948,471570205111000
2993.396,35.2227028,-89.97692290000001,ChIJ987Br45_f4gRMoYIhCny13Q,OK,195080,471570205111000
1382.609,35.222344,-89.97682999999999,ChIJ987Br45_f4gRjwrvnFN8t7k,OK,82953,471570205212013
1382.609,35.222344,-89.97682999999999,ChIJ987Br45_f4gRjwrvnFN8t7k,OK,82953,471570205212013
1783.475,35.2227028,-89.97692290000001,ChIJ987Br45_f4gRMoYIhCny13Q,OK,119085,471570205212013
1008.077,35.2158947,-89.9151158,ChIJxetq6ad4f4gRD1K1cIBWUQ4,OK,56416,471570205413000
1008.077,35.2158947,-89.9151158,ChIJxetq6ad4f4gRD1K1cIBWUQ4,OK,56416,471570205413000
3578.744,35.0326981,-90.07589809999999,ChIJ9S1ljalk1YcRvuG-_hbpimA,OK,241175,471570222103010
3578.744,35.0326981,-90.07589809999999,ChIJ9S1ljalk1YcRvuG-_hbpimA,OK,241175,471570222103010
4315.57,35.02753099999999,-90.082077,ChIJK66rdetk1YcRwwxI9gDREks,OK,282922,471570222103010
3500.027,35.1087458,-90.0211918,ChIJe6w2EsF91YcRquzVZc8M0-I,OK,229949,471570078211013
3500.027,35.1087458,-90.0211918,ChIJe6w2EsF91YcRquzVZc8M0-I,OK,229949,471570078211013
3500.669,35.10874099999999,-90.021185,ChIJrVbiDcF91YcRG9TBOTpHc3I,OK,230026,471570078211013
2288.145,35.1546312,-89.79260459999999,ChIJ8UeuSEecf4gRniit7ubZLtM,OK,140919,471570211252012
2288.145,35.1546312,-89.79260459999999,ChIJ8UeuSEecf4gRniit7ubZLtM,OK,140919,471570211252012
2668.033,35.14868459999999,-89.7948203,ChIJ4w9Lr2qcf4gRHdzl9FciAFM,OK,160419,471570211252012
1269.498,35.1145886,-89.90089789999999,ChIJKWmlFW6Ef4gR0YNISWQMkss,OK,97833,471570094001011
1269.498,35.1145886,-89.90089789999999,ChIJKWmlFW6Ef4gR0YNISWQMkss,OK,97833,471570094001011
1239.531,35.1153996,-89.89414069999999,ChIJCb4NOWWEf4gR79YlPQoocW4,OK,103206,471570094001011
3795.357,35.2051043,-89.79754849999999,ChIJpRDMlY2df4gRQqHmUo_lzmc,OK,250503,471570211213010
3795.357,35.2051043,-89.79754849999999,ChIJpRDMlY2df4gRQqHmUo_lzmc,OK,250503,471570211213010
4087.354,35.2071893,-89.79833029999999,ChIJQ0zWJIydf4gRstwjg5hObuM,OK,311016,471570211213010
1313.764,35.0614623,-89.8536277,ChIJ4TWJkTWFf4gRbkNZYfkF9Jw,OK,119893,471570217251012
1313.764,35.0614623,-89.8536277,ChIJ4TWJkTWFf4gRbkNZYfkF9Jw,OK,119893,471570217251012
1831.728,35.0512763,-89.8427476,ChIJ7VPJ3q-af4gRdxERIyaZ0gk,OK,152071,471570217251012
7855.84,35.16339899999999,-89.855841,ChIJA_xfkC6Df4gRAjVZwLz1jqA,OK,387827,471570213111003
7855.84,35.16339899999999,-89.855841,ChIJA_xfkC6Df4gRAjVZwLz1jqA,OK,387827,471570213111003
7929.224,35.1623785,-89.8566175,ChIJXQHWWS6Df4gRqhH5EQ9H1j0,OK,396686,471570213111003
4331.555,35.1145886,-89.90089789999999,ChIJKWmlFW6Ef4gR0YNISWQMkss,OK,301447,471570213111040
5121.055,35.0854368,-89.89541919999999,ChIJf5cc-VKEf4gRF-lYLgijYQQ,OK,305166,471570213111040
5121.055,35.0854368,-89.89541919999999,ChIJf5cc-VKEf4gRF-lYLgijYQQ,OK,305166,471570213111040
3157.688,35.098685,-90.05664899999999,ChIJ31qwBkJ81YcRk2V5pdmdhrM,OK,205169,471570117001078
3157.688,35.098685,-90.05664899999999,ChIJ31qwBkJ81YcRk2V5pdmdhrM,OK,205169,471570117001078
3546.681,35.095133,-90.05542799999999,ChIJATnUo0J81YcRpbAuNwXeqRw,OK,226713,471570117001078
2787.603,35.14868459999999,-89.7948203,ChIJ4w9Lr2qcf4gRHdzl9FciAFM,OK,211793,471570211374038
2787.603,35.14868459999999,-89.7948203,ChIJ4w9Lr2qcf4gRHdzl9FciAFM,OK,211793,471570211374038
3209.849,35.1546312,-89.79260459999999,ChIJ8UeuSEecf4gRniit7ubZLtM,OK,228259,471570211374038
3967.191,35.1546312,-89.79260459999999,ChIJ8UeuSEecf4gRniit7ubZLtM,OK,276349,471570211361005
3967.191,35.1546312,-89.79260459999999,ChIJ8UeuSEecf4gRniit7ubZLtM,OK,276349,471570211361005
5213.746,35.14868459999999,-89.7948203,ChIJ4w9Lr2qcf4gRHdzl9FciAFM,OK,329036,471570211361005
2107.168,35.1546312,-89.79260459999999,ChIJ8UeuSEecf4gRniit7ubZLtM,OK,139267,471570211261012
2107.168,35.1546312,-89.79260459999999,ChIJ8UeuSEecf4gRniit7ubZLtM,OK,139267,471570211261012
2487.056,35.14868459999999,-89.7948203,ChIJ4w9Lr2qcf4gRHdzl9FciAFM,OK,158767,471570211261012
1714.002,35.2064292,-89.73436359999999,ChIJP6qgZdGff4gRQoIww3TX5kM,OK,117046,471570210101138
1714.002,35.2064292,-89.73436359999999,ChIJP6qgZdGff4gRQoIww3TX5kM,OK,117046,471570210101138
4375.906,35.2044739,-89.76342459999999,ChIJ3XsJxyKef4gRTeWb3lonWsU,OK,245224,471570210101138
691.716,35.05018,-89.89110199999999,ChIJNUozxJyFf4gRrJ8tUHk1p2Q,OK,83002,471570226002005
691.716,35.05018,-89.89110199999999,ChIJNUozxJyFf4gRrJ8tUHk1p2Q,OK,83002,471570226002005
1676.154,35.04677619999999,-89.8859339,ChIJycTJ_niFf4gR5esliSzp17E,OK,141507,471570226002005
1073.728,35.0512763,-89.8427476,ChIJ7VPJ3q-af4gRdxERIyaZ0gk,OK,90226,471570217262011
1073.728,35.0512763,-89.8427476,ChIJ7VPJ3q-af4gRdxERIyaZ0gk,OK,90226,471570217262011
1319.121,35.0490562,-89.84441600000001,ChIJCUulJK6af4gR7vOP_qSrYdM,OK,95216,471570217262011
610.066,35.0515544,-89.92255089999999,ChIJG_UFGuOFf4gRyHNDzwp5is0,OK,54382,471570226001016
610.066,35.0515544,-89.92255089999999,ChIJG_UFGuOFf4gRyHNDzwp5is0,OK,54382,471570226001016
1565.341,35.0515568,-89.90630259999999,ChIJrU8jyZKFf4gRubg1AIyELWY,OK,114178,471570226001016
4355.488,35.02100869999999,-89.8995317,ChIJ-f6gz22Pf4gR-rWEeLgd-68,OK,232275,471570226001209
4355.488,35.02100869999999,-89.8995317,ChIJ-f6gz22Pf4gR-rWEeLgd-68,OK,232275,471570226001209
4366.761,35.0209193,-89.8996561,ChIJxWQfy22Pf4gRlC1jxVU1A2g,OK,232900,471570226001209
1080.143,35.2074362,-89.7805166,ChIJ62ATRfudf4gRPIrPAXGVsiQ,OK,107155,471570208321058
1080.143,35.2074362,-89.7805166,ChIJ62ATRfudf4gRPIrPAXGVsiQ,OK,107155,471570208321058
1289.062,35.2072684,-89.7827147,ChIJKdJ2xvqdf4gRKLRUePlbOOs,OK,144754,471570208321058
4444.317,35.2044739,-89.76342459999999,ChIJ3XsJxyKef4gRTeWb3lonWsU,OK,320104,471570211413021
4444.317,35.2044739,-89.76342459999999,ChIJ3XsJxyKef4gRTeWb3lonWsU,OK,320104,471570211413021
6134.732,35.2074362,-89.7805166,ChIJ62ATRfudf4gRPIrPAXGVsiQ,OK,451590,471570211413021
4748.349,35.2044739,-89.76342459999999,ChIJ3XsJxyKef4gRTeWb3lonWsU,OK,335823,471570211413020
4748.349,35.2044739,-89.76342459999999,ChIJ3XsJxyKef4gRTeWb3lonWsU,OK,335823,471570211413020
6628.903,35.2072684,-89.7827147,ChIJKdJ2xvqdf4gRKLRUePlbOOs,OK,454054,471570211413020
2977.163,35.2044739,-89.76342459999999,ChIJ3XsJxyKef4gRTeWb3lonWsU,OK,221278,471570211412013
2977.163,35.2044739,-89.76342459999999,ChIJ3XsJxyKef4gRTeWb3lonWsU,OK,221278,471570211412013
4623.608,35.2072684,-89.7827147,ChIJKdJ2xvqdf4gRKLRUePlbOOs,OK,332873,471570211412013
3653.5,35.1546312,-89.79260459999999,ChIJ8UeuSEecf4gRniit7ubZLtM,OK,219890,471570211242000
3653.5,35.1546312,-89.79260459999999,ChIJ8UeuSEecf4gRniit7ubZLtM,OK,219890,471570211242000
4033.388,35.14868459999999,-89.7948203,ChIJ4w9Lr2qcf4gRHdzl9FciAFM,OK,239390,471570211242000
342.56,35.2178517,-89.9902989,ChIJT7y6Nvh_f4gR6Khps0fYRPg,OK,41106,471570102104014
342.56,35.2178517,-89.9902989,ChIJT7y6Nvh_f4gR6Khps0fYRPg,OK,41106,471570102104014
378.904,35.217526,-89.98935,ChIJKdhOoPd_f4gRbD5w-Ol3ovU,OK,45467,471570102104014
3389.467,35.148225,-89.89748700000001,ChIJC8t095eDf4gRGuXK3FleZyg,OK,236608,471570092005029
3645.923,35.1503395,-89.89321,ChIJRaSiF6KDf4gRNIqqt1VnH58,OK,243685,471570092005029
3645.923,35.1503395,-89.89321,ChIJRaSiF6KDf4gRNIqqt1VnH58,OK,243685,471570092005029
1953.128,35.0854368,-89.89541919999999,ChIJf5cc-VKEf4gRF-lYLgijYQQ,OK,134881,471570097002011
3103.893,35.0745932,-89.9204618,ChIJPX58KNGFf4gRLgBWAHPwusk,OK,224754,471570097002011
3103.893,35.0745932,-89.9204618,ChIJPX58KNGFf4gRLgBWAHPwusk,OK,224754,471570097002011
2547.728,35.1546312,-89.79260459999999,ChIJ8UeuSEecf4gRniit7ubZLtM,OK,194632,471570211374015
2547.728,35.1546312,-89.79260459999999,ChIJ8UeuSEecf4gRniit7ubZLtM,OK,194632,471570211374015
2330.789,35.14868459999999,-89.7948203,ChIJ4w9Lr2qcf4gRHdzl9FciAFM,OK,201683,471570211374015
830.931,35.217526,-89.98935,ChIJKdhOoPd_f4gRbD5w-Ol3ovU,OK,80588,471570102203010
830.931,35.217526,-89.98935,ChIJKdhOoPd_f4gRbD5w-Ol3ovU,OK,80588,471570102203010
867.276,35.2178517,-89.9902989,ChIJT7y6Nvh_f4gR6Khps0fYRPg,OK,84949,471570102203010
1545.501,35.0854368,-89.89541919999999,ChIJf5cc-VKEf4gRF-lYLgijYQQ,OK,92875,471570093003022
1545.501,35.0854368,-89.89541919999999,ChIJf5cc-VKEf4gRF-lYLgijYQQ,OK,92875,471570093003022
3264.672,35.0745932,-89.9204618,ChIJPX58KNGFf4gRLgBWAHPwusk,OK,189768,471570093003022
2025.423,35.0878609,-89.931612,ChIJ78kLm4aGf4gRhPZ5eF_7ojg,OK,128605,471570097001009
3821.037,35.0757114,-89.9271675,ChIJ-d7FIHmGf4gR6Aa1VQWm0ps,OK,236861,471570097001009
3821.037,35.0757114,-89.9271675,ChIJ-d7FIHmGf4gR6Aa1VQWm0ps,OK,236861,471570097001009
901.573,35.13763670000001,-90.00757159999999,ChIJl69WLQV-1YcRU3z7Tt2MyhY,OK,66227,471570036002041
901.573,35.13763670000001,-90.00757159999999,ChIJl69WLQV-1YcRU3z7Tt2MyhY,OK,66227,471570036002041
1121.493,35.1444038,-90.0168571,ChIJufYEjhR-1YcREff46W6Lons,OK,74646,471570036002041
2180.008,35.0878609,-89.931612,ChIJ78kLm4aGf4gRhPZ5eF_7ojg,OK,157065,471570093003014
2775.232,35.093158,-89.93038,ChIJU1HLuoSGf4gRK5KIVLXtvbU,OK,194257,471570093003014
2775.232,35.093158,-89.93038,ChIJU1HLuoSGf4gRK5KIVLXtvbU,OK,194257,471570093003014
2239.856,35.1087458,-90.0211918,ChIJe6w2EsF91YcRquzVZc8M0-I,OK,138806,471570078102003
2240.497,35.10874099999999,-90.021185,ChIJrVbiDcF91YcRG9TBOTpHc3I,OK,138883,471570078102003
2240.497,35.10874099999999,-90.021185,ChIJrVbiDcF91YcRG9TBOTpHc3I,OK,138883,471570078102003
1649.655,35.0854368,-89.89541919999999,ChIJf5cc-VKEf4gRF-lYLgijYQQ,OK,112465,471570093003024
1649.655,35.0854368,-89.89541919999999,ChIJf5cc-VKEf4gRF-lYLgijYQQ,OK,112465,471570093003024
1160.356,35.109859,-89.99141100000001,ChIJs6JbpFyHf4gR9O01gG0a7fQ,OK,92974,471570065002014
3368.826,35.0745932,-89.9204618,ChIJPX58KNGFf4gRLgBWAHPwusk,OK,209358,471570093003024
1160.356,35.109859,-89.99141100000001,ChIJs6JbpFyHf4gR9O01gG0a7fQ,OK,92974,471570065002014
1962.416,35.107529,-89.9862127,ChIJ0WGfSUKHf4gRjDLrfGQwCV4,OK,143855,471570065002014
2341.036,35.0854368,-89.89541919999999,ChIJf5cc-VKEf4gRF-lYLgijYQQ,OK,157861,471570093002017
2341.036,35.0854368,-89.89541919999999,ChIJf5cc-VKEf4gRF-lYLgijYQQ,OK,157861,471570093002017
2555.458,35.0971,-89.9305344,ChIJRd53mZuGf4gRp0fETcD5Y3I,OK,180539,471570093002017
1513.571,35.109859,-89.99141100000001,ChIJs6JbpFyHf4gR9O01gG0a7fQ,OK,115999,471570065001024
1513.571,35.109859,-89.99141100000001,ChIJs6JbpFyHf4gR9O01gG0a7fQ,OK,115999,471570065001024
1689.438,35.104197,-89.98335349999999,ChIJNST6hGqHf4gR0Mml4gyjQWk,OK,121197,471570065001024
2417.904,35.0854368,-89.89541919999999,ChIJf5cc-VKEf4gRF-lYLgijYQQ,OK,154077,471570093002018
2417.904,35.0854368,-89.89541919999999,ChIJf5cc-VKEf4gRF-lYLgijYQQ,OK,154077,471570093002018
3583.216,35.1145886,-89.90089789999999,ChIJKWmlFW6Ef4gR0YNISWQMkss,OK,219785,471570093002018
1213.608,35.109859,-89.99141100000001,ChIJs6JbpFyHf4gR9O01gG0a7fQ,OK,70289,471570066002037
1213.608,35.109859,-89.99141100000001,ChIJs6JbpFyHf4gR9O01gG0a7fQ,OK,70289,471570066002037
1950.578,35.13418100000001,-89.98599,ChIJnf1_yraAf4gR9pQmD7CXhgg,OK,119965,471570066002037
1782.335,35.0854368,-89.89541919999999,ChIJf5cc-VKEf4gRF-lYLgijYQQ,OK,115671,471570093003002
1782.335,35.0854368,-89.89541919999999,ChIJf5cc-VKEf4gRF-lYLgijYQQ,OK,115671,471570093003002
3501.505,35.0745932,-89.9204618,ChIJPX58KNGFf4gRLgBWAHPwusk,OK,212564,471570093003002
496.341,35.109859,-89.99141100000001,ChIJs6JbpFyHf4gR9O01gG0a7fQ,OK,27486,471570064001007
496.341,35.109859,-89.99141100000001,ChIJs6JbpFyHf4gR9O01gG0a7fQ,OK,27486,471570064001007
1298.401,35.107529,-89.9862127,ChIJ0WGfSUKHf4gRjDLrfGQwCV4,OK,78367,471570064001007
1772.711,35.0854368,-89.89541919999999,ChIJf5cc-VKEf4gRF-lYLgijYQQ,OK,114516,471570093003012
1772.711,35.0854368,-89.89541919999999,ChIJf5cc-VKEf4gRF-lYLgijYQQ,OK,114516,471570093003012
3491.882,35.0745932,-89.9204618,ChIJPX58KNGFf4gRLgBWAHPwusk,OK,211409,471570093003012
1496.413,35.109859,-89.99141100000001,ChIJs6JbpFyHf4gR9O01gG0a7fQ,OK,87255,471570066001021
1496.413,35.109859,-89.99141100000001,ChIJs6JbpFyHf4gR9O01gG0a7fQ,OK,87255,471570066001021
1999.826,35.107529,-89.9862127,ChIJ0WGfSUKHf4gRjDLrfGQwCV4,OK,115113,471570066001021
2762.699,35.148225,-89.89748700000001,ChIJC8t095eDf4gRGuXK3FleZyg,OK,200660,471570092005013
3019.154,35.1503395,-89.89321,ChIJRaSiF6KDf4gRNIqqt1VnH58,OK,207737,471570092005013
3019.154,35.1503395,-89.89321,ChIJRaSiF6KDf4gRNIqqt1VnH58,OK,207737,471570092005013
1462.45,35.109859,-89.99141100000001,ChIJs6JbpFyHf4gR9O01gG0a7fQ,OK,96651,471570066002039
1462.45,35.109859,-89.99141100000001,ChIJs6JbpFyHf4gR9O01gG0a7fQ,OK,96651,471570066002039
1985.995,35.13418100000001,-89.98599,ChIJnf1_yraAf4gR9pQmD7CXhgg,OK,130083,471570066002039
1663.751,35.12545849999999,-89.97454169999999,ChIJoyT3HjOHf4gRS6EdHckmff8,OK,110187,471570066002046
1521.225,35.1503395,-89.89321,ChIJRaSiF6KDf4gRNIqqt1VnH58,OK,108123,471570092003036
1521.225,35.1503395,-89.89321,ChIJRaSiF6KDf4gRNIqqt1VnH58,OK,108123,471570092003036
2019.722,35.1489345,-89.89838259999999,ChIJaTBvX72Df4gRiyFT0LQMnrQ,OK,135810,471570092003036
3837.014,35.1439641,-90.0517892,ChIJL-0zBZR-1YcRj7p5p1WY4-g,OK,301737,471570001003000
3837.014,35.1439641,-90.0517892,ChIJL-0zBZR-1YcRj7p5p1WY4-g,OK,301737,471570001003000
4045.931,35.1450994,-90.0538646,ChIJne6_s5V-1YcRn_LPaqiwhrk,OK,307191,471570001003000
5181.545,35.1439641,-90.0517892,ChIJL-0zBZR-1YcRj7p5p1WY4-g,OK,376670,471570001002040
5181.545,35.1439641,-90.0517892,ChIJL-0zBZR-1YcRj7p5p1WY4-g,OK,376670,471570001002040
5390.462,35.1450994,-90.0538646,ChIJne6_s5V-1YcRn_LPaqiwhrk,OK,382124,471570001002040
4461.272,35.167095,-89.950496,ChIJecYfJgmBf4gRJh-YY67U6V8,OK,261330,471570205124025
4461.272,35.167095,-89.950496,ChIJecYfJgmBf4gRJh-YY67U6V8,OK,261330,471570205124025
5227.972,35.183951,-89.93106899999999,ChIJWQ0EIo-Bf4gR6cuqlCcQuNw,OK,334207,471570205124025
2940.268,35.1439641,-90.0517892,ChIJL-0zBZR-1YcRj7p5p1WY4-g,OK,210589,471570001003035
3149.184,35.1450994,-90.0538646,ChIJne6_s5V-1YcRn_LPaqiwhrk,OK,216043,471570001003035
3149.184,35.1450994,-90.0538646,ChIJne6_s5V-1YcRn_LPaqiwhrk,OK,216043,471570001003035
947.859,35.1435177,-90.0539328,ChIJ8VFg1pV-1YcRR9G8p0pZx6U,OK,63383,471570042002032
947.859,35.1435177,-90.0539328,ChIJ8VFg1pV-1YcRR9G8p0pZx6U,OK,63383,471570042002032
1072.688,35.1450994,-90.0538646,ChIJne6_s5V-1YcRn_LPaqiwhrk,OK,75288,471570042002032
2660.965,35.167095,-89.950496,ChIJecYfJgmBf4gRJh-YY67U6V8,OK,171043,471570205124028
2576.364,35.183951,-89.93106899999999,ChIJWQ0EIo-Bf4gR6cuqlCcQuNw,OK,215079,471570205124028
2576.364,35.183951,-89.93106899999999,ChIJWQ0EIo-Bf4gR6cuqlCcQuNw,OK,215079,471570205124028
5398.095,35.0643218,-89.9923063,ChIJb3DQuo2Hf4gRC8UI6d4pa68,OK,364253,471570078214009
5398.095,35.0643218,-89.9923063,ChIJb3DQuo2Hf4gRC8UI6d4pa68,OK,364253,471570078214009
5714.693,35.054745,-90.007971,ChIJXxyyQlt91YcRhldtWgjSnSE,OK,416113,471570078214009
5340.005,35.0643218,-89.9923063,ChIJb3DQuo2Hf4gRC8UI6d4pa68,OK,348922,471570078214020
5340.005,35.0643218,-89.9923063,ChIJb3DQuo2Hf4gRC8UI6d4pa68,OK,348922,471570078214020
5349.953,35.054745,-90.007971,ChIJXxyyQlt91YcRhldtWgjSnSE,OK,372345,471570078214020
4593.473,35.054745,-90.007971,ChIJXxyyQlt91YcRhldtWgjSnSE,OK,241722,471570078214023
4593.473,35.054745,-90.007971,ChIJXxyyQlt91YcRhldtWgjSnSE,OK,241722,471570078214023
5025.321,35.05407199999999,-90.00125899999999,ChIJIzdhk1h91YcRZT7cBcBslaM,OK,257761,471570078214023
1476.266,35.16339899999999,-89.855841,ChIJA_xfkC6Df4gRAjVZwLz1jqA,OK,155761,471570212002004
1476.266,35.16339899999999,-89.855841,ChIJA_xfkC6Df4gRAjVZwLz1jqA,OK,155761,471570212002004
1549.649,35.1623785,-89.8566175,ChIJXQHWWS6Df4gRqhH5EQ9H1j0,OK,164620,471570212002004
4859.73,35.0461089,-89.7947008,ChIJaZI6O3Oaf4gRqa_eh0DNj_s,OK,402476,471570213423022
4859.73,35.0461089,-89.7947008,ChIJaZI6O3Oaf4gRqa_eh0DNj_s,OK,402476,471570213423022
4977.735,35.045091,-89.795412,ChIJVelsQnOaf4gRECqTW7fq-dY,OK,409011,471570213423022
37.681,35.04764,-89.81103399999999,ChIJI51OG32af4gRR1NU8GPdiEE,OK,4521,471570217441004
37.681,35.04764,-89.81103399999999,ChIJI51OG32af4gRR1NU8GPdiEE,OK,4521,471570217441004
256.067,35.048632,-89.814048,ChIJqY7T64eaf4gRoqZRK7sz4Co,OK,30726,471570217441004
5093.89,35.061362,-90.05986399999999,ChIJL_Gh8ZV81YcRDlMHRKqR_IA,OK,372899,471570222102000
6214.518,35.0326981,-90.07589809999999,ChIJ9S1ljalk1YcRvuG-_hbpimA,OK,439003,471570222102000
6214.518,35.0326981,-90.07589809999999,ChIJ9S1ljalk1YcRvuG-_hbpimA,OK,439003,471570222102000
5579.171,35.218332,-90.00299799999999,ChIJfRCGEgGA1YcRsZsWP_dycDI,OK,451076,471570099021011
5579.171,35.218332,-90.00299799999999,ChIJfRCGEgGA1YcRsZsWP_dycDI,OK,451076,471570099021011
5139.65,35.21475480000001,-90.00354540000001,ChIJF6XvX_9_1YcRD4jlF4jzevw,OK,459843,471570099021011
2219.596,35.0614623,-89.8536277,ChIJ4TWJkTWFf4gRbkNZYfkF9Jw,OK,163696,471570217102005
2385.099,35.050596,-89.869556,ChIJQ4vLA2iFf4gRyyCo3ihKH44,OK,164437,471570217102005
2385.099,35.050596,-89.869556,ChIJQ4vLA2iFf4gRyyCo3ihKH44,OK,164437,471570217102005
2940.268,35.1439641,-90.0517892,ChIJL-0zBZR-1YcRj7p5p1WY4-g,OK,210589,471570001003033
3149.184,35.1450994,-90.0538646,ChIJne6_s5V-1YcRn_LPaqiwhrk,OK,216043,471570001003033
3149.184,35.1450994,-90.0538646,ChIJne6_s5V-1YcRn_LPaqiwhrk,OK,216043,471570001003033
6364.041,35.183951,-89.93106899999999,ChIJWQ0EIo-Bf4gR6cuqlCcQuNw,OK,308765,471570089003020
6364.041,35.183951,-89.93106899999999,ChIJWQ0EIo-Bf4gR6cuqlCcQuNw,OK,308765,471570089003020
6364.28,35.1839382,-89.93104869999999,ChIJrQx5Io-Bf4gRSwDAaGIf4WE,OK,308808,471570089003020
3161.751,35.14868459999999,-89.7948203,ChIJ4w9Lr2qcf4gRHdzl9FciAFM,OK,195690,471570211402001
3161.751,35.14868459999999,-89.7948203,ChIJ4w9Lr2qcf4gRHdzl9FciAFM,OK,195690,471570211402001
3927.913,35.1546312,-89.79260459999999,ChIJ8UeuSEecf4gRniit7ubZLtM,OK,216389,471570211402001
8889.158,35.054745,-90.007971,ChIJXxyyQlt91YcRhldtWgjSnSE,OK,442945,471570220232000
8889.158,35.054745,-90.007971,ChIJXxyyQlt91YcRhldtWgjSnSE,OK,442945,471570220232000
9321.006,35.05407199999999,-90.00125899999999,ChIJIzdhk1h91YcRZT7cBcBslaM,OK,458984,471570220232000
2922.085,35.1546312,-89.79260459999999,ChIJ8UeuSEecf4gRniit7ubZLtM,OK,237593,471570211261049
2922.085,35.1546312,-89.79260459999999,ChIJ8UeuSEecf4gRniit7ubZLtM,OK,237593,471570211261049
3301.973,35.14868459999999,-89.7948203,ChIJ4w9Lr2qcf4gRHdzl9FciAFM,OK,257093,471570211261049
261.164,35.109859,-89.99141100000001,ChIJs6JbpFyHf4gR9O01gG0a7fQ,OK,14463,471570064001035
261.164,35.109859,-89.99141100000001,ChIJs6JbpFyHf4gR9O01gG0a7fQ,OK,14463,471570064001035
1063.224,35.107529,-89.9862127,ChIJ0WGfSUKHf4gRjDLrfGQwCV4,OK,65344,471570064001035
1891.415,35.0878609,-89.931612,ChIJ78kLm4aGf4gRhPZ5eF_7ojg,OK,161805,471570097001021
2939.626,35.0757114,-89.9271675,ChIJ-d7FIHmGf4gR6Aa1VQWm0ps,OK,261731,471570097001021
2918.463,35.1145886,-89.90089789999999,ChIJKWmlFW6Ef4gR0YNISWQMkss,OK,217891,471570085001008
3318.113,35.1075089,-89.9318387,ChIJVboYU6KGf4gRHfEHUi8Izac,OK,239518,471570085001008
3318.113,35.1075089,-89.9318387,ChIJVboYU6KGf4gRHfEHUi8Izac,OK,239518,471570085001008
2132.092,35.1145886,-89.90089789999999,ChIJKWmlFW6Ef4gR0YNISWQMkss,OK,130265,471570085001013
2756.27,35.1075089,-89.9318387,ChIJVboYU6KGf4gRHfEHUi8Izac,OK,165363,471570085001013
2756.27,35.1075089,-89.9318387,ChIJVboYU6KGf4gRHfEHUi8Izac,OK,165363,471570085001013
1200.927,35.14859919999999,-89.91828060000002,ChIJRflgf-eDf4gRHX_XNYKER-s,OK,96190,471570086003023
1200.927,35.14859919999999,-89.91828060000002,ChIJRflgf-eDf4gRHX_XNYKER-s,OK,96190,471570086003023
1726.69,35.1489345,-89.89838259999999,ChIJaTBvX72Df4gRiyFT0LQMnrQ,OK,123835,471570086003023
1424.234,35.14859919999999,-89.91828060000002,ChIJRflgf-eDf4gRHX_XNYKER-s,OK,87648,471570086002005
1424.234,35.14859919999999,-89.91828060000002,ChIJRflgf-eDf4gRHX_XNYKER-s,OK,87648,471570086002005
2751.598,35.1489345,-89.89838259999999,ChIJaTBvX72Df4gRiyFT0LQMnrQ,OK,165087,471570086002005
1910.281,35.14859919999999,-89.91828060000002,ChIJRflgf-eDf4gRHX_XNYKER-s,OK,140679,471570086002004
1910.281,35.14859919999999,-89.91828060000002,ChIJRflgf-eDf4gRHX_XNYKER-s,OK,140679,471570086002004
2414.537,35.1489345,-89.89838259999999,ChIJaTBvX72Df4gRiyFT0LQMnrQ,OK,159026,471570086002004
2126.432,35.14859919999999,-89.91828060000002,ChIJRflgf-eDf4gRHX_XNYKER-s,OK,152005,471570086002016
2126.432,35.14859919999999,-89.91828060000002,ChIJRflgf-eDf4gRHX_XNYKER-s,OK,152005,471570086002016
2655.854,35.1489345,-89.89838259999999,ChIJaTBvX72Df4gRiyFT0LQMnrQ,OK,174645,471570086002016
2602.796,35.1489345,-89.89838259999999,ChIJaTBvX72Df4gRiyFT0LQMnrQ,OK,163147,471570086002006
2602.796,35.1489345,-89.89838259999999,ChIJaTBvX72Df4gRiyFT0LQMnrQ,OK,163147,471570086002006
2683.342,35.148225,-89.89748700000001,ChIJC8t095eDf4gRGuXK3FleZyg,OK,167980,471570086002006
2197.232,35.1489345,-89.89838259999999,ChIJaTBvX72Df4gRiyFT0LQMnrQ,OK,145267,471570086003033
2197.232,35.1489345,-89.89838259999999,ChIJaTBvX72Df4gRiyFT0LQMnrQ,OK,145267,471570086003033
1700.211,35.148225,-89.89748700000001,ChIJC8t095eDf4gRGuXK3FleZyg,OK,146715,471570086003033
2148.176,35.1489345,-89.89838259999999,ChIJaTBvX72Df4gRiyFT0LQMnrQ,OK,139380,471570086002003
2148.176,35.1489345,-89.89838259999999,ChIJaTBvX72Df4gRiyFT0LQMnrQ,OK,139380,471570086002003
2228.721,35.148225,-89.89748700000001,ChIJC8t095eDf4gRGuXK3FleZyg,OK,144213,471570086002003
2739.974,35.14859919999999,-89.91828060000002,ChIJRflgf-eDf4gRHX_XNYKER-s,OK,177342,471570086002020
2739.974,35.14859919999999,-89.91828060000002,ChIJRflgf-eDf4gRHX_XNYKER-s,OK,177342,471570086002020
3406.767,35.1489345,-89.89838259999999,ChIJaTBvX72Df4gRiyFT0LQMnrQ,OK,206091,471570086002020
1123.732,35.1489345,-89.89838259999999,ChIJaTBvX72Df4gRiyFT0LQMnrQ,OK,66215,471570086003010
1123.732,35.1489345,-89.89838259999999,ChIJaTBvX72Df4gRiyFT0LQMnrQ,OK,66215,471570086003010
1204.278,35.148225,-89.89748700000001,ChIJC8t095eDf4gRGuXK3FleZyg,OK,71048,471570086003010
1230.353,35.1489345,-89.89838259999999,ChIJaTBvX72Df4gRiyFT0LQMnrQ,OK,95762,471570086003007
1230.353,35.1489345,-89.89838259999999,ChIJaTBvX72Df4gRiyFT0LQMnrQ,OK,95762,471570086003007
1064.889,35.14859919999999,-89.91828060000002,ChIJRflgf-eDf4gRHX_XNYKER-s,OK,95870,471570086003007
1510.302,35.1489345,-89.89838259999999,ChIJaTBvX72Df4gRiyFT0LQMnrQ,OK,85471,471570086003026
1510.302,35.1489345,-89.89838259999999,ChIJaTBvX72Df4gRiyFT0LQMnrQ,OK,85471,471570086003026
1590.847,35.148225,-89.89748700000001,ChIJC8t095eDf4gRGuXK3FleZyg,OK,90304,471570086003026
1650.105,35.1489345,-89.89838259999999,ChIJaTBvX72Df4gRiyFT0LQMnrQ,OK,105508,471570086003021
1650.105,35.1489345,-89.89838259999999,ChIJaTBvX72Df4gRiyFT0LQMnrQ,OK,105508,471570086003021
1730.651,35.148225,-89.89748700000001,ChIJC8t095eDf4gRGuXK3FleZyg,OK,110341,471570086003021
1786.138,35.1489345,-89.89838259999999,ChIJaTBvX72Df4gRiyFT0LQMnrQ,OK,112872,471570086003028
1786.138,35.1489345,-89.89838259999999,ChIJaTBvX72Df4gRiyFT0LQMnrQ,OK,112872,471570086003028
1866.684,35.148225,-89.89748700000001,ChIJC8t095eDf4gRGuXK3FleZyg,OK,117705,471570086003028
1523.396,35.1489345,-89.89838259999999,ChIJaTBvX72Df4gRiyFT0LQMnrQ,OK,88346,471570086003020
1523.396,35.1489345,-89.89838259999999,ChIJaTBvX72Df4gRiyFT0LQMnrQ,OK,88346,471570086003020
1603.942,35.148225,-89.89748700000001,ChIJC8t095eDf4gRGuXK3FleZyg,OK,93179,471570086003020
1139.801,35.1489345,-89.89838259999999,ChIJaTBvX72Df4gRiyFT0LQMnrQ,OK,76911,471570086003005
1139.801,35.1489345,-89.89838259999999,ChIJaTBvX72Df4gRiyFT0LQMnrQ,OK,76911,471570086003005
1220.346,35.148225,-89.89748700000001,ChIJC8t095eDf4gRGuXK3FleZyg,OK,81744,471570086003005
1251.3,35.148225,-89.89748700000001,ChIJC8t095eDf4gRGuXK3FleZyg,OK,104225,471570086003032
1251.3,35.148225,-89.89748700000001,ChIJC8t095eDf4gRGuXK3FleZyg,OK,104225,471570086003032
1331.845,35.1489345,-89.89838259999999,ChIJaTBvX72Df4gRiyFT0LQMnrQ,OK,109057,471570086003032
1635.8,35.148225,-89.89748700000001,ChIJC8t095eDf4gRGuXK3FleZyg,OK,134863,471570086002007
1635.8,35.148225,-89.89748700000001,ChIJC8t095eDf4gRGuXK3FleZyg,OK,134863,471570086002007
1716.346,35.1489345,-89.89838259999999,ChIJaTBvX72Df4gRiyFT0LQMnrQ,OK,139695,471570086002007
2440.83,35.1145886,-89.90089789999999,ChIJKWmlFW6Ef4gR0YNISWQMkss,OK,187068,471570085001001
2440.83,35.1145886,-89.90089789999999,ChIJKWmlFW6Ef4gR0YNISWQMkss,OK,187068,471570085001001
3118.21,35.14859919999999,-89.91828060000002,ChIJRflgf-eDf4gRHX_XNYKER-s,OK,210393,471570085001001
2574.815,35.14859919999999,-89.91828060000002,ChIJRflgf-eDf4gRHX_XNYKER-s,OK,171505,471570085001003
2574.815,35.14859919999999,-89.91828060000002,ChIJRflgf-eDf4gRHX_XNYKER-s,OK,171505,471570085001003
3338.018,35.1145886,-89.90089789999999,ChIJKWmlFW6Ef4gR0YNISWQMkss,OK,210093,471570085001003
2773.57,35.1489345,-89.89838259999999,ChIJaTBvX72Df4gRiyFT0LQMnrQ,OK,174478,471570086002008
2773.57,35.1489345,-89.89838259999999,ChIJaTBvX72Df4gRiyFT0LQMnrQ,OK,174478,471570086002008
3265.385,35.0326981,-90.07589809999999,ChIJ9S1ljalk1YcRvuG-_hbpimA,OK,253412,471570223103000
3265.385,35.0326981,-90.07589809999999,ChIJ9S1ljalk1YcRvuG-_hbpimA,OK,253412,471570223103000
3652.764,35.0543926,-90.0597009,ChIJT5TzUbl81YcRiPqNjkbj9CA,OK,278325,471570223103000
1920.438,35.093591,-90.056624,ChIJgyVl92d81YcRhuRHHckl8Y4,OK,120267,471570053003048
1920.438,35.093591,-90.056624,ChIJgyVl92d81YcRhuRHHckl8Y4,OK,120267,471570053003048
2100.275,35.095133,-90.05542799999999,ChIJATnUo0J81YcRpbAuNwXeqRw,OK,130227,471570053003048
1645.291,35.0326981,-90.07589809999999,ChIJ9S1ljalk1YcRvuG-_hbpimA,OK,110104,471570223101001
1645.291,35.0326981,-90.07589809999999,ChIJ9S1ljalk1YcRvuG-_hbpimA,OK,110104,471570223101001
1755.737,35.0543926,-90.0597009,ChIJT5TzUbl81YcRiPqNjkbj9CA,OK,118642,471570223101001
1190.214,35.0543926,-90.0597009,ChIJT5TzUbl81YcRiPqNjkbj9CA,OK,80370,471570223102000
1190.214,35.0543926,-90.0597009,ChIJT5TzUbl81YcRiPqNjkbj9CA,OK,80370,471570223102000
1771.57,35.06128,-90.05978399999999,ChIJm06f8ZV81YcRTjzAsJPcBKY,OK,112567,471570223102000
2443.618,34.999309,-90.118577,ChIJ9TRIjgZl1YcR3fm2jM14AHY,OK,220266,471570224105010
2443.618,34.999309,-90.118577,ChIJ9TRIjgZl1YcR3fm2jM14AHY,OK,220266,471570224105010
4825.824,35.02753099999999,-90.082077,ChIJK66rdetk1YcRwwxI9gDREks,OK,352198,471570224105010
806.515,35.02138900000001,-89.996898,ChIJz3MQkR6If4gRIBgmNH-BQcg,OK,88651,471570221221008
806.515,35.02138900000001,-89.996898,ChIJz3MQkR6If4gRIBgmNH-BQcg,OK,88651,471570221221008
1907.687,35.0068452,-90.00681259999999,ChIJz3G0Jpti1YcRMCYWHOflqrA,OK,144660,471570221221008
3348.14,35.1439641,-90.0517892,ChIJL-0zBZR-1YcRj7p5p1WY4-g,OK,260023,471570001003038
3348.14,35.1439641,-90.0517892,ChIJL-0zBZR-1YcRj7p5p1WY4-g,OK,260023,471570001003038
3557.057,35.1450994,-90.0538646,ChIJne6_s5V-1YcRn_LPaqiwhrk,OK,265477,471570001003038
392.758,35.093591,-90.056624,ChIJgyVl92d81YcRhuRHHckl8Y4,OK,21751,471570055003002
392.758,35.093591,-90.056624,ChIJgyVl92d81YcRhuRHHckl8Y4,OK,21751,471570055003002
572.595,35.095133,-90.05542799999999,ChIJATnUo0J81YcRpbAuNwXeqRw,OK,31711,471570055003002
3537.642,35.02753099999999,-90.082077,ChIJK66rdetk1YcRwwxI9gDREks,OK,271648,471570224105013
3537.642,35.02753099999999,-90.082077,ChIJK66rdetk1YcRwwxI9gDREks,OK,271648,471570224105013
4338.714,35.0326981,-90.07589809999999,ChIJ9S1ljalk1YcRvuG-_hbpimA,OK,316014,471570224105013
1372.609,35.054745,-90.007971,ChIJXxyyQlt91YcRhldtWgjSnSE,OK,87630,471570220221014
1372.609,35.054745,-90.007971,ChIJXxyyQlt91YcRhldtWgjSnSE,OK,87630,471570220221014
1804.457,35.05407199999999,-90.00125899999999,ChIJIzdhk1h91YcRZT7cBcBslaM,OK,103669,471570220221014
2177.904,35.054745,-90.007971,ChIJXxyyQlt91YcRhldtWgjSnSE,OK,160500,471570225001051
2177.904,35.054745,-90.007971,ChIJXxyyQlt91YcRhldtWgjSnSE,OK,160500,471570225001051
2609.752,35.05407199999999,-90.00125899999999,ChIJIzdhk1h91YcRZT7cBcBslaM,OK,176539,471570225001051
1216.097,35.0068452,-90.00681259999999,ChIJz3G0Jpti1YcRMCYWHOflqrA,OK,102099,471570221302001
1216.097,35.0068452,-90.00681259999999,ChIJz3G0Jpti1YcRMCYWHOflqrA,OK,102099,471570221302001
1300.508,34.993343,-90.00823899999999,ChIJk-nxFn1i1YcRBckohHLWoho,OK,107163,471570221302001
5719.992,35.0326981,-90.07589809999999,ChIJ9S1ljalk1YcRvuG-_hbpimA,OK,393685,471570222102014
6456.819,35.02753099999999,-90.082077,ChIJK66rdetk1YcRwwxI9gDREks,OK,435432,471570222102014
6456.819,35.02753099999999,-90.082077,ChIJK66rdetk1YcRwwxI9gDREks,OK,435432,471570222102014
2363.982,35.02138900000001,-89.996898,ChIJz3MQkR6If4gRIBgmNH-BQcg,OK,150728,471570221123001
2363.982,35.02138900000001,-89.996898,ChIJz3MQkR6If4gRIBgmNH-BQcg,OK,150728,471570221123001
2561.11,35.021381,-90.020287,ChIJnVfwxMBi1YcR65EtGsZDcOY,OK,162388,471570221123001
1396.825,35.021381,-90.020287,ChIJnVfwxMBi1YcR65EtGsZDcOY,OK,102989,471570221124016
1397.164,35.021384,-90.019407,ChIJk8DCu8Bi1YcRUnUQCgCMr-E,OK,103014,471570221124016
1397.164,35.021384,-90.019407,ChIJk8DCu8Bi1YcRUnUQCgCMr-E,OK,103014,471570221124016
1628.314,35.021381,-90.020287,ChIJnVfwxMBi1YcR65EtGsZDcOY,OK,105600,471570221211000
1628.314,35.021381,-90.020287,ChIJnVfwxMBi1YcR65EtGsZDcOY,OK,105600,471570221211000
1628.653,35.021384,-90.019407,ChIJk8DCu8Bi1YcRUnUQCgCMr-E,OK,105625,471570221211000
1216.233,35.0068452,-90.00681259999999,ChIJz3G0Jpti1YcRMCYWHOflqrA,OK,83203,471570221222004
1216.233,35.0068452,-90.00681259999999,ChIJz3G0Jpti1YcRMCYWHOflqrA,OK,83203,471570221222004
2129.179,35.02138900000001,-89.996898,ChIJz3MQkR6If4gRIBgmNH-BQcg,OK,133504,471570221222004
434.825,35.0493493,-89.855357,ChIJH2Nw4lGFf4gRq0vxk4n5iAE,OK,37304,471570217212010
434.825,35.0493493,-89.855357,ChIJH2Nw4lGFf4gRq0vxk4n5iAE,OK,37304,471570217212010
696.355,35.0501932,-89.8529489,ChIJJ3DCd1KFf4gRBb2DFEnzV7w,OK,47315,471570217212010
1035.733,35.1435177,-90.0539328,ChIJ8VFg1pV-1YcRR9G8p0pZx6U,OK,79201,471570042002031
1035.733,35.1435177,-90.0539328,ChIJ8VFg1pV-1YcRR9G8p0pZx6U,OK,79201,471570042002031
1160.563,35.1450994,-90.0538646,ChIJne6_s5V-1YcRn_LPaqiwhrk,OK,91106,471570042002031
1945.89,35.1444038,-90.0168571,ChIJufYEjhR-1YcREff46W6Lons,OK,148798,471570037001017
1945.89,35.1444038,-90.0168571,ChIJufYEjhR-1YcREff46W6Lons,OK,148798,471570037001017
1977.456,35.13763670000001,-90.00757159999999,ChIJl69WLQV-1YcRU3z7Tt2MyhY,OK,154307,471570037001017
1152.775,35.13418100000001,-89.98599,ChIJnf1_yraAf4gR9pQmD7CXhgg,OK,65987,471570031004000
1152.775,35.13418100000001,-89.98599,ChIJnf1_yraAf4gR9pQmD7CXhgg,OK,65987,471570031004000
1068.217,35.13779299999999,-89.99118349999999,ChIJUQlZ-K-Af4gRkRKK62-ap5w,OK,73647,471570031004000
684.942,35.1738374,-89.98954379999999,ChIJ_S0BIGOAf4gRU3Ph4W65cOQ,OK,42672,471570008003008
684.942,35.1738374,-89.98954379999999,ChIJ_S0BIGOAf4gRU3Ph4W65cOQ,OK,42672,471570008003008
924.99,35.17410499999999,-89.97575479999999,ChIJmfYTGFmAf4gRHGKCaD0qCtI,OK,57072,471570008003008
3542.512,35.06128,-90.05978399999999,ChIJm06f8ZV81YcRTjzAsJPcBKY,OK,286558,471570222202007
1313.833,35.1439641,-90.0517892,ChIJL-0zBZR-1YcRj7p5p1WY4-g,OK,74922,471570114003015
1313.833,35.1439641,-90.0517892,ChIJL-0zBZR-1YcRj7p5p1WY4-g,OK,74922,471570114003015
1344.524,35.1435177,-90.0539328,ChIJ8VFg1pV-1YcRR9G8p0pZx6U,OK,75201,471570114003015
1534.388,35.1439641,-90.0517892,ChIJL-0zBZR-1YcRj7p5p1WY4-g,OK,107875,471570114003024
1534.388,35.1439641,-90.0517892,ChIJL-0zBZR-1YcRj7p5p1WY4-g,OK,107875,471570114003024
1565.078,35.1435177,-90.0539328,ChIJ8VFg1pV-1YcRR9G8p0pZx6U,OK,108154,471570114003024
1595.1,35.1439641,-90.0517892,ChIJL-0zBZR-1YcRj7p5p1WY4-g,OK,99937,471570114003017
1595.1,35.1439641,-90.0517892,ChIJL-0zBZR-1YcRj7p5p1WY4-g,OK,99937,471570114003017
1625.79,35.1435177,-90.0539328,ChIJ8VFg1pV-1YcRR9G8p0pZx6U,OK,100216,471570114003017
1671.914,35.1439641,-90.0517892,ChIJL-0zBZR-1YcRj7p5p1WY4-g,OK,95756,471570114003026
1671.914,35.1439641,-90.0517892,ChIJL-0zBZR-1YcRj7p5p1WY4-g,OK,95756,471570114003026
1940.037,35.125222,-90.048147,ChIJ9cKdtid81YcRKs9h6RjzQzw,OK,103782,471570114003026
1757.861,35.125222,-90.048147,ChIJ9cKdtid81YcRKs9h6RjzQzw,OK,110153,471570114003031
1757.861,35.125222,-90.048147,ChIJ9cKdtid81YcRKs9h6RjzQzw,OK,110153,471570114003031
1759.675,35.1251709,-90.0481695,ChIJybIJtCd81YcR9Otxws-5qCM,OK,110253,471570114003031
1906.063,35.1439641,-90.0517892,ChIJL-0zBZR-1YcRj7p5p1WY4-g,OK,114568,471570114003025
1906.063,35.1439641,-90.0517892,ChIJL-0zBZR-1YcRj7p5p1WY4-g,OK,114568,471570114003025
2174.186,35.125222,-90.048147,ChIJ9cKdtid81YcRKs9h6RjzQzw,OK,122594,471570114003025
1652.392,35.125222,-90.048147,ChIJ9cKdtid81YcRKs9h6RjzQzw,OK,92614,471570114003030
1652.392,35.125222,-90.048147,ChIJ9cKdtid81YcRKs9h6RjzQzw,OK,92614,471570114003030
1654.206,35.1251709,-90.0481695,ChIJybIJtCd81YcR9Otxws-5qCM,OK,92714,471570114003030
2135.193,35.1439641,-90.0517892,ChIJL-0zBZR-1YcRj7p5p1WY4-g,OK,147915,471570039001001
2135.193,35.1439641,-90.0517892,ChIJL-0zBZR-1YcRj7p5p1WY4-g,OK,147915,471570039001001
2165.884,35.1435177,-90.0539328,ChIJ8VFg1pV-1YcRR9G8p0pZx6U,OK,148194,471570039001001
1771.664,35.1439641,-90.0517892,ChIJL-0zBZR-1YcRj7p5p1WY4-g,OK,105992,471570039001022
1771.664,35.1439641,-90.0517892,ChIJL-0zBZR-1YcRj7p5p1WY4-g,OK,105992,471570039001022
1802.354,35.1435177,-90.0539328,ChIJ8VFg1pV-1YcRR9G8p0pZx6U,OK,106271,471570039001022
2109.469,35.1439641,-90.0517892,ChIJL-0zBZR-1YcRj7p5p1WY4-g,OK,130313,471570039001015
2109.469,35.1439641,-90.0517892,ChIJL-0zBZR-1YcRj7p5p1WY4-g,OK,130313,471570039001015
2140.159,35.1435177,-90.0539328,ChIJ8VFg1pV-1YcRR9G8p0pZx6U,OK,130592,471570039001015
1602.902,35.1444038,-90.0168571,ChIJufYEjhR-1YcREff46W6Lons,OK,93411,471570039001000
1602.902,35.1444038,-90.0168571,ChIJufYEjhR-1YcREff46W6Lons,OK,93411,471570039001000
2603.474,35.1439641,-90.0517892,ChIJL-0zBZR-1YcRj7p5p1WY4-g,OK,144065,471570039001000
1709.792,35.1444038,-90.0168571,ChIJufYEjhR-1YcREff46W6Lons,OK,106200,471570039001019
1709.792,35.1444038,-90.0168571,ChIJufYEjhR-1YcREff46W6Lons,OK,106200,471570039001019
2332.872,35.1439641,-90.0517892,ChIJL-0zBZR-1YcRj7p5p1WY4-g,OK,148079,471570039001019
1918.389,35.1439641,-90.0517892,ChIJL-0zBZR-1YcRj7p5p1WY4-g,OK,116556,471570039001014
1918.389,35.1439641,-90.0517892,ChIJL-0zBZR-1YcRj7p5p1WY4-g,OK,116556,471570039001014
1949.079,35.1435177,-90.0539328,ChIJ8VFg1pV-1YcRR9G8p0pZx6U,OK,116835,471570039001014
2032.383,35.1439641,-90.0517892,ChIJL-0zBZR-1YcRj7p5p1WY4-g,OK,118864,471570039001023
2032.383,35.1439641,-90.0517892,ChIJL-0zBZR-1YcRj7p5p1WY4-g,OK,118864,471570039001023
2063.073,35.1435177,-90.0539328,ChIJ8VFg1pV-1YcRR9G8p0pZx6U,OK,119143,471570039001023
1777.331,35.1439641,-90.0517892,ChIJL-0zBZR-1YcRj7p5p1WY4-g,OK,132606,471570039001024
1777.331,35.1439641,-90.0517892,ChIJL-0zBZR-1YcRj7p5p1WY4-g,OK,132606,471570039001024
1808.022,35.1435177,-90.0539328,ChIJ8VFg1pV-1YcRR9G8p0pZx6U,OK,132885,471570039001024
1936.595,35.1444038,-90.0168571,ChIJufYEjhR-1YcREff46W6Lons,OK,113890,471570038001009
1936.595,35.1444038,-90.0168571,ChIJufYEjhR-1YcREff46W6Lons,OK,113890,471570038001009
2242.054,35.1439641,-90.0517892,ChIJL-0zBZR-1YcRj7p5p1WY4-g,OK,130548,471570038001009
1615.593,35.1439641,-90.0517892,ChIJL-0zBZR-1YcRj7p5p1WY4-g,OK,103186,471570114003002
1615.593,35.1439641,-90.0517892,ChIJL-0zBZR-1YcRj7p5p1WY4-g,OK,103186,471570114003002
1646.284,35.1435177,-90.0539328,ChIJ8VFg1pV-1YcRR9G8p0pZx6U,OK,103465,471570114003002
1414.84,35.1439641,-90.0517892,ChIJL-0zBZR-1YcRj7p5p1WY4-g,OK,80516,471570114003019
1414.84,35.1439641,-90.0517892,ChIJL-0zBZR-1YcRj7p5p1WY4-g,OK,80516,471570114003019
1445.53,35.1435177,-90.0539328,ChIJ8VFg1pV-1YcRR9G8p0pZx6U,OK,80795,471570114003019
1665.787,35.1439641,-90.0517892,ChIJL-0zBZR-1YcRj7p5p1WY4-g,OK,111222,471570114003001
1665.787,35.1439641,-90.0517892,ChIJL-0zBZR-1YcRj7p5p1WY4-g,OK,111222,471570114003001
1696.478,35.1435177,-90.0539328,ChIJ8VFg1pV-1YcRR9G8p0pZx6U,OK,111501,471570114003001
2072.852,35.1439641,-90.0517892,ChIJL-0zBZR-1YcRj7p5p1WY4-g,OK,134582,471570114003033
2139.53,35.125222,-90.048147,ChIJ9cKdtid81YcRKs9h6RjzQzw,OK,139972,471570114003033
2139.53,35.125222,-90.048147,ChIJ9cKdtid81YcRKs9h6RjzQzw,OK,139972,471570114003033
2139.151,35.1439641,-90.0517892,ChIJL-0zBZR-1YcRj7p5p1WY4-g,OK,131528,471570114003034
2640.351,35.125222,-90.048147,ChIJ9cKdtid81YcRKs9h6RjzQzw,OK,150237,471570114003034
2640.351,35.125222,-90.048147,ChIJ9cKdtid81YcRKs9h6RjzQzw,OK,150237,471570114003034
2073.225,35.125222,-90.048147,ChIJ9cKdtid81YcRKs9h6RjzQzw,OK,122912,471570114003036
2073.225,35.125222,-90.048147,ChIJ9cKdtid81YcRKs9h6RjzQzw,OK,122912,471570114003036
2075.039,35.1251709,-90.0481695,ChIJybIJtCd81YcR9Otxws-5qCM,OK,123012,471570114003036
1807.349,35.1439641,-90.0517892,ChIJL-0zBZR-1YcRj7p5p1WY4-g,OK,104090,471570114003000
1807.349,35.1439641,-90.0517892,ChIJL-0zBZR-1YcRj7p5p1WY4-g,OK,104090,471570114003000
1838.04,35.1435177,-90.0539328,ChIJ8VFg1pV-1YcRR9G8p0pZx6U,OK,104369,471570114003000
2540.842,35.1444038,-90.0168571,ChIJufYEjhR-1YcREff46W6Lons,OK,165289,471570037001010
316.552,35.2044739,-89.76342459999999,ChIJ3XsJxyKef4gRTeWb3lonWsU,OK,18487,471570208312009
316.552,35.2044739,-89.76342459999999,ChIJ3XsJxyKef4gRTeWb3lonWsU,OK,18487,471570208312009
2127.859,35.2074362,-89.7805166,ChIJ62ATRfudf4gRPIrPAXGVsiQ,OK,156668,471570208312009
9845.331,35.0326981,-90.07589809999999,ChIJ9S1ljalk1YcRvuG-_hbpimA,OK,825595,471579803001020
10582.158,35.02753099999999,-90.082077,ChIJK66rdetk1YcRwwxI9gDREks,OK,867342,471579803001020
10582.158,35.02753099999999,-90.082077,ChIJK66rdetk1YcRwwxI9gDREks,OK,867342,471579803001020
1263.925,35.0614623,-89.8536277,ChIJ4TWJkTWFf4gRbkNZYfkF9Jw,OK,83991,471570217252005
1263.925,35.0614623,-89.8536277,ChIJ4TWJkTWFf4gRbkNZYfkF9Jw,OK,83991,471570217252005
1348.697,35.0512763,-89.8427476,ChIJ7VPJ3q-af4gRdxERIyaZ0gk,OK,90179,471570217252005
7104.188,35.2064292,-89.73436359999999,ChIJP6qgZdGff4gRQoIww3TX5kM,OK,384319,471570210101003
7104.188,35.2064292,-89.73436359999999,ChIJP6qgZdGff4gRQoIww3TX5kM,OK,384319,471570210101003
9766.092,35.2044739,-89.76342459999999,ChIJ3XsJxyKef4gRTeWb3lonWsU,OK,512497,471570210101003
6718.652,35.2064292,-89.73436359999999,ChIJP6qgZdGff4gRQoIww3TX5kM,OK,302332,471570208202082
6718.652,35.2064292,-89.73436359999999,ChIJP6qgZdGff4gRQoIww3TX5kM,OK,302332,471570208202082
9380.556,35.2044739,-89.76342459999999,ChIJ3XsJxyKef4gRTeWb3lonWsU,OK,430510,471570208202082
2944.698,35.0841884,-89.97146650000001,ChIJX1vb4AeHf4gRloPQ2o5nDXA,OK,155979,471579801001076
2596.877,35.0643218,-89.9923063,ChIJb3DQuo2Hf4gRC8UI6d4pa68,OK,156836,471579801001076
2596.877,35.0643218,-89.9923063,ChIJb3DQuo2Hf4gRC8UI6d4pa68,OK,156836,471579801001076
8093.232,35.2064292,-89.73436359999999,ChIJP6qgZdGff4gRQoIww3TX5kM,OK,366409,471570208202052
8093.232,35.2064292,-89.73436359999999,ChIJP6qgZdGff4gRQoIww3TX5kM,OK,366409,471570208202052
10755.136,35.2044739,-89.76342459999999,ChIJ3XsJxyKef4gRTeWb3lonWsU,OK,494587,471570208202052
10170.004,35.0326981,-90.07589809999999,ChIJ9S1ljalk1YcRvuG-_hbpimA,OK,834329,471579803001016
10906.831,35.02753099999999,-90.082077,ChIJK66rdetk1YcRwwxI9gDREks,OK,876076,471579803001016
10906.831,35.02753099999999,-90.082077,ChIJK66rdetk1YcRwwxI9gDREks,OK,876076,471579803001016
7151.508,35.2064292,-89.73436359999999,ChIJP6qgZdGff4gRQoIww3TX5kM,OK,373965,471570208202081
7151.508,35.2064292,-89.73436359999999,ChIJP6qgZdGff4gRQoIww3TX5kM,OK,373965,471570208202081
9813.412,35.2044739,-89.76342459999999,ChIJ3XsJxyKef4gRTeWb3lonWsU,OK,502143,471570208202081
12014.665,35.02753099999999,-90.082077,ChIJK66rdetk1YcRwwxI9gDREks,keyerror,955843,471579803001022
12014.665,35.02753099999999,-90.082077,ChIJK66rdetk1YcRwwxI9gDREks,keyerror,955843,471579803001022
13735.092,34.999309,-90.118577,ChIJ9TRIjgZl1YcR3fm2jM14AHY,keyerror,1051812,471579803001022
5965.052,35.2064292,-89.73436359999999,ChIJP6qgZdGff4gRQoIww3TX5kM,OK,347216,471570208202054
5965.052,35.2064292,-89.73436359999999,ChIJP6qgZdGff4gRQoIww3TX5kM,OK,347216,471570208202054
8626.956,35.2044739,-89.76342459999999,ChIJ3XsJxyKef4gRTeWb3lonWsU,OK,475394,471570208202054
3301.95,35.051879,-89.95322299999999,ChIJtbdkhjqGf4gRndtG1KtFnTA,OK,218553,471579801001039
3301.95,35.051879,-89.95322299999999,ChIJtbdkhjqGf4gRndtG1KtFnTA,OK,218553,471579801001039
3780.232,35.086634,-89.96355199999999,ChIJW0XU3AGHf4gRINnmxvx9m5A,OK,238595,471579801001039
10237.954,35.0326981,-90.07589809999999,ChIJ9S1ljalk1YcRvuG-_hbpimA,OK,872709,471579803001013
10974.781,35.02753099999999,-90.082077,ChIJK66rdetk1YcRwwxI9gDREks,OK,914456,471579803001013
10974.781,35.02753099999999,-90.082077,ChIJK66rdetk1YcRwwxI9gDREks,OK,914456,471579803001013
1513.714,35.2064292,-89.73436359999999,ChIJP6qgZdGff4gRQoIww3TX5kM,OK,129946,471570210101141
1513.714,35.2064292,-89.73436359999999,ChIJP6qgZdGff4gRQoIww3TX5kM,OK,129946,471570210101141
4175.618,35.2044739,-89.76342459999999,ChIJ3XsJxyKef4gRTeWb3lonWsU,OK,258124,471570210101141
805.509,35.05905920000001,-89.9340455,ChIJM89Mbw2Gf4gRFqf4fPnKU7k,OK,84297,471570105001013
805.509,35.05905920000001,-89.9340455,ChIJM89Mbw2Gf4gRFqf4fPnKU7k,OK,84297,471570105001013
1165.901,35.06591589999999,-89.94154240000002,ChIJTUcfL2qGf4gRH4x-pmmajWw,OK,114166,471570105001013
1385.933,35.2064292,-89.73436359999999,ChIJP6qgZdGff4gRQoIww3TX5kM,OK,114613,471570210101135
1385.933,35.2064292,-89.73436359999999,ChIJP6qgZdGff4gRQoIww3TX5kM,OK,114613,471570210101135
4047.837,35.2044739,-89.76342459999999,ChIJ3XsJxyKef4gRTeWb3lonWsU,OK,242791,471570210101135
6703.365,35.061362,-90.05986399999999,ChIJL_Gh8ZV81YcRDlMHRKqR_IA,OK,566032,471570222102004
7703.833,35.0326981,-90.07589809999999,ChIJ9S1ljalk1YcRvuG-_hbpimA,OK,605498,471570222102004
7703.833,35.0326981,-90.07589809999999,ChIJ9S1ljalk1YcRvuG-_hbpimA,OK,605498,471570222102004
1861.786,35.2064292,-89.73436359999999,ChIJP6qgZdGff4gRQoIww3TX5kM,OK,107168,471570210101129
1861.786,35.2064292,-89.73436359999999,ChIJP6qgZdGff4gRQoIww3TX5kM,OK,107168,471570210101129
4523.69,35.2044739,-89.76342459999999,ChIJ3XsJxyKef4gRTeWb3lonWsU,OK,235346,471570210101129
1516.82,35.2064292,-89.73436359999999,ChIJP6qgZdGff4gRQoIww3TX5kM,OK,91827,471570210101011
1516.82,35.2064292,-89.73436359999999,ChIJP6qgZdGff4gRQoIww3TX5kM,OK,91827,471570210101011
4178.724,35.2044739,-89.76342459999999,ChIJ3XsJxyKef4gRTeWb3lonWsU,OK,220005,471570210101011
1792.715,35.0614623,-89.8536277,ChIJ4TWJkTWFf4gRbkNZYfkF9Jw,OK,114817,471570217102010
1792.715,35.0614623,-89.8536277,ChIJ4TWJkTWFf4gRbkNZYfkF9Jw,OK,114817,471570217102010
1958.219,35.050596,-89.869556,ChIJQ4vLA2iFf4gRyyCo3ihKH44,OK,115558,471570217102010
2837.59,35.0493563,-89.83813929999999,ChIJjRQNzqSaf4gRxmNqB0YAYGM,OK,170835,471570213342021
2837.59,35.0493563,-89.83813929999999,ChIJjRQNzqSaf4gRxmNqB0YAYGM,OK,170835,471570213342021
3159.355,35.049031,-89.841437,ChIJt6vl46-af4gRvoN8Yvkmx9A,OK,193677,471570213342021
1862.582,35.2064292,-89.73436359999999,ChIJP6qgZdGff4gRQoIww3TX5kM,OK,107263,471570210101133
1862.582,35.2064292,-89.73436359999999,ChIJP6qgZdGff4gRQoIww3TX5kM,OK,107263,471570210101133
4524.486,35.2044739,-89.76342459999999,ChIJ3XsJxyKef4gRTeWb3lonWsU,OK,235441,471570210101133
788.907,35.210167,-89.919383,ChIJi0gqlgaCf4gRjUvfmHxGMyw,OK,80427,471570205122012
788.907,35.210167,-89.919383,ChIJi0gqlgaCf4gRjUvfmHxGMyw,OK,80427,471570205122012
1137.618,35.2158947,-89.9151158,ChIJxetq6ad4f4gRD1K1cIBWUQ4,OK,94966,471570205122012
1271.127,35.2158947,-89.9151158,ChIJxetq6ad4f4gRD1K1cIBWUQ4,OK,99801,471570205413002
1271.127,35.2158947,-89.9151158,ChIJxetq6ad4f4gRD1K1cIBWUQ4,OK,99801,471570205413002
1463.041,35.223866,-89.90499,ChIJJRXCRJh4f4gRcTFbl9qZzNM,OK,123417,471570205413002
853.969,35.2158947,-89.9151158,ChIJxetq6ad4f4gRD1K1cIBWUQ4,OK,84478,471570205412028
853.969,35.2158947,-89.9151158,ChIJxetq6ad4f4gRD1K1cIBWUQ4,OK,84478,471570205412028
1167.072,35.210167,-89.919383,ChIJi0gqlgaCf4gRjUvfmHxGMyw,OK,106591,471570205412028
1218.09,35.183951,-89.93106899999999,ChIJWQ0EIo-Bf4gR6cuqlCcQuNw,OK,115733,471570089001008
1218.09,35.183951,-89.93106899999999,ChIJWQ0EIo-Bf4gR6cuqlCcQuNw,OK,115733,471570089001008
1218.329,35.1839382,-89.93104869999999,ChIJrQx5Io-Bf4gRSwDAaGIf4WE,OK,115776,471570089001008
562.743,35.1804299,-89.9263818,ChIJIfvtv4eBf4gRJLjVGBpAzmc,OK,39313,471570089002003
578.381,35.183951,-89.93106899999999,ChIJWQ0EIo-Bf4gR6cuqlCcQuNw,OK,61975,471570089002003
578.381,35.183951,-89.93106899999999,ChIJWQ0EIo-Bf4gR6cuqlCcQuNw,OK,61975,471570089002003
790.695,35.1804299,-89.9263818,ChIJIfvtv4eBf4gRJLjVGBpAzmc,OK,60700,471570088002024
790.695,35.1804299,-89.9263818,ChIJIfvtv4eBf4gRJLjVGBpAzmc,OK,60700,471570088002024
1746.809,35.183951,-89.93106899999999,ChIJWQ0EIo-Bf4gR6cuqlCcQuNw,OK,139789,471570088002024
1931.142,35.02099699999999,-89.93544,ChIJW6hY3LmIf4gRWjIeu9tMgvU,OK,145437,471570219003009
2164.949,35.02379430000001,-89.96377079999999,ChIJDVntamKIf4gRlF5S6rdAlgc,OK,159872,471570219003009
2164.949,35.02379430000001,-89.96377079999999,ChIJDVntamKIf4gRlF5S6rdAlgc,OK,159872,471570219003009
1498.309,35.05905920000001,-89.9340455,ChIJM89Mbw2Gf4gRFqf4fPnKU7k,OK,112442,471570106202001
1498.309,35.05905920000001,-89.9340455,ChIJM89Mbw2Gf4gRFqf4fPnKU7k,OK,112442,471570106202001
1841.834,35.0515544,-89.92255089999999,ChIJG_UFGuOFf4gRyHNDzwp5is0,OK,160074,471570106202001
1047.401,35.0745932,-89.9204618,ChIJPX58KNGFf4gRLgBWAHPwusk,OK,87146,471570106104019
1047.401,35.0745932,-89.9204618,ChIJPX58KNGFf4gRLgBWAHPwusk,OK,87146,471570106104019
1726.04,35.0757114,-89.9271675,ChIJ-d7FIHmGf4gR6Aa1VQWm0ps,OK,127862,471570106104019
679.127,35.05905920000001,-89.9340455,ChIJM89Mbw2Gf4gRFqf4fPnKU7k,OK,58532,471570106203012
679.127,35.05905920000001,-89.9340455,ChIJM89Mbw2Gf4gRFqf4fPnKU7k,OK,58532,471570106203012
1395.898,35.0515544,-89.92255089999999,ChIJG_UFGuOFf4gRyHNDzwp5is0,OK,95179,471570106203012
1630.901,35.062945,-89.90568519999999,ChIJjxj9mL-Ff4gRoOEx9OzDyxs,OK,134774,471570106104014
1630.901,35.062945,-89.90568519999999,ChIJjxj9mL-Ff4gRoOEx9OzDyxs,OK,134774,471570106104014
1375.284,35.063996,-89.90690699999999,ChIJn51vcb-Ff4gRvoXU4r8swrw,OK,141967,471570106104014
6117.252,35.0854368,-89.89541919999999,ChIJf5cc-VKEf4gRF-lYLgijYQQ,OK,303270,471570095004031
6117.252,35.0854368,-89.89541919999999,ChIJf5cc-VKEf4gRF-lYLgijYQQ,OK,303270,471570095004031
6076.012,35.0612606,-89.88628629999999,ChIJAQ_I1gqFf4gRFrt5yQeAEps,OK,330561,471570095004031
1226.934,35.0614623,-89.8536277,ChIJ4TWJkTWFf4gRbkNZYfkF9Jw,OK,101744,471570217212007
1226.934,35.0614623,-89.8536277,ChIJ4TWJkTWFf4gRbkNZYfkF9Jw,OK,101744,471570217212007
1747.647,35.050596,-89.869556,ChIJQ4vLA2iFf4gRyyCo3ihKH44,OK,141127,471570217212007
290.573,35.0501932,-89.8529489,ChIJJ3DCd1KFf4gRBb2DFEnzV7w,OK,30726,471570217321007
290.573,35.0501932,-89.8529489,ChIJJ3DCd1KFf4gRBb2DFEnzV7w,OK,30726,471570217321007
545.164,35.0493493,-89.855357,ChIJH2Nw4lGFf4gRq0vxk4n5iAE,OK,49289,471570217321007
3465.095,35.0477573,-89.86637909999999,ChIJ5_0L5VyFf4gR4HBEwl6nmRE,OK,265316,471570217412016
3465.095,35.0477573,-89.86637909999999,ChIJ5_0L5VyFf4gR4HBEwl6nmRE,OK,265316,471570217412016
3620.013,35.0493493,-89.855357,ChIJH2Nw4lGFf4gRq0vxk4n5iAE,OK,335420,471570217412016
5753.001,35.0614623,-89.8536277,ChIJ4TWJkTWFf4gRbkNZYfkF9Jw,OK,377954,471570213202009
5753.001,35.0614623,-89.8536277,ChIJ4TWJkTWFf4gRbkNZYfkF9Jw,OK,377954,471570213202009
5837.773,35.0512763,-89.8427476,ChIJ7VPJ3q-af4gRdxERIyaZ0gk,OK,384142,471570213202009
775.101,35.1087458,-90.0211918,ChIJe6w2EsF91YcRquzVZc8M0-I,OK,59105,471570115004016
775.101,35.1087458,-90.0211918,ChIJe6w2EsF91YcRquzVZc8M0-I,OK,59105,471570115004016
775.742,35.10874099999999,-90.021185,ChIJrVbiDcF91YcRG9TBOTpHc3I,OK,59182,471570115004016
773.469,35.0515568,-89.90630259999999,ChIJrU8jyZKFf4gRubg1AIyELWY,OK,72015,471570108104013
773.469,35.0515568,-89.90630259999999,ChIJrU8jyZKFf4gRubg1AIyELWY,OK,72015,471570108104013
1530.708,35.062945,-89.90568519999999,ChIJjxj9mL-Ff4gRoOEx9OzDyxs,OK,110005,471570108104013
2732.867,35.0515568,-89.90630259999999,ChIJrU8jyZKFf4gRubg1AIyELWY,OK,166747,471570226001098
4157.469,35.02100869999999,-89.8995317,ChIJ-f6gz22Pf4gR-rWEeLgd-68,OK,214757,471570226001098
4157.469,35.02100869999999,-89.8995317,ChIJ-f6gz22Pf4gR-rWEeLgd-68,OK,214757,471570226001098
1042.78,35.1087458,-90.0211918,ChIJe6w2EsF91YcRquzVZc8M0-I,OK,59481,471570078102013
1042.78,35.1087458,-90.0211918,ChIJe6w2EsF91YcRquzVZc8M0-I,OK,59481,471570078102013
1043.422,35.10874099999999,-90.021185,ChIJrVbiDcF91YcRG9TBOTpHc3I,OK,59558,471570078102013
654.976,35.1157645,-90.022279,ChIJwZqBNMN91YcRRpdDvj5Pcr8,OK,42710,471570115001012
654.976,35.1157645,-90.022279,ChIJwZqBNMN91YcRRpdDvj5Pcr8,OK,42710,471570115001012
835.041,35.1087458,-90.0211918,ChIJe6w2EsF91YcRquzVZc8M0-I,OK,54521,471570115001012
1685.17,35.1157645,-90.022279,ChIJwZqBNMN91YcRRpdDvj5Pcr8,OK,126154,471570062001009
1685.17,35.1157645,-90.022279,ChIJwZqBNMN91YcRRpdDvj5Pcr8,OK,126154,471570062001009
2406.931,35.10874099999999,-90.021185,ChIJrVbiDcF91YcRG9TBOTpHc3I,OK,167621,471570062001009
1574.644,35.1087458,-90.0211918,ChIJe6w2EsF91YcRquzVZc8M0-I,OK,115977,471570062003007
1574.644,35.1087458,-90.0211918,ChIJe6w2EsF91YcRquzVZc8M0-I,OK,115977,471570062003007
285.855,35.1450994,-90.0538646,ChIJne6_s5V-1YcRn_LPaqiwhrk,OK,38587,471570042001046
285.855,35.1450994,-90.0538646,ChIJne6_s5V-1YcRn_LPaqiwhrk,OK,38587,471570042001046
505.394,35.1435177,-90.0539328,ChIJ8VFg1pV-1YcRR9G8p0pZx6U,OK,47342,471570042001046
489.215,35.1450994,-90.0538646,ChIJne6_s5V-1YcRn_LPaqiwhrk,OK,38225,471570042001026
489.215,35.1450994,-90.0538646,ChIJne6_s5V-1YcRn_LPaqiwhrk,OK,38225,471570042001026
617.994,35.1435177,-90.0539328,ChIJ8VFg1pV-1YcRR9G8p0pZx6U,OK,43014,471570042001026
254.167,35.1435177,-90.0539328,ChIJ8VFg1pV-1YcRR9G8p0pZx6U,OK,18549,471570042001028
254.167,35.1435177,-90.0539328,ChIJ8VFg1pV-1YcRR9G8p0pZx6U,OK,18549,471570042001028
378.996,35.1450994,-90.0538646,ChIJne6_s5V-1YcRn_LPaqiwhrk,OK,30454,471570042001028
182.692,35.1450994,-90.0538646,ChIJne6_s5V-1YcRn_LPaqiwhrk,OK,18859,471570042001037
182.692,35.1450994,-90.0538646,ChIJne6_s5V-1YcRn_LPaqiwhrk,OK,18859,471570042001037
402.231,35.1435177,-90.0539328,ChIJ8VFg1pV-1YcRR9G8p0pZx6U,OK,27614,471570042001037
379.454,35.1435177,-90.0539328,ChIJ8VFg1pV-1YcRR9G8p0pZx6U,OK,33583,471570042001057
379.454,35.1435177,-90.0539328,ChIJ8VFg1pV-1YcRR9G8p0pZx6U,OK,33583,471570042001057
504.284,35.1450994,-90.0538646,ChIJne6_s5V-1YcRn_LPaqiwhrk,OK,45488,471570042001057
352.549,35.1435177,-90.0539328,ChIJ8VFg1pV-1YcRR9G8p0pZx6U,OK,32194,471570042001058
352.549,35.1435177,-90.0539328,ChIJ8VFg1pV-1YcRR9G8p0pZx6U,OK,32194,471570042001058
477.379,35.1450994,-90.0538646,ChIJne6_s5V-1YcRn_LPaqiwhrk,OK,44099,471570042001058
171.55,35.1435177,-90.0539328,ChIJ8VFg1pV-1YcRR9G8p0pZx6U,OK,13830,471570042002004
171.55,35.1435177,-90.0539328,ChIJ8VFg1pV-1YcRR9G8p0pZx6U,OK,13830,471570042002004
180.561,35.1450994,-90.0538646,ChIJne6_s5V-1YcRn_LPaqiwhrk,OK,18787,471570042002004
371.405,35.1435177,-90.0539328,ChIJ8VFg1pV-1YcRR9G8p0pZx6U,OK,34456,471570042001060
371.405,35.1435177,-90.0539328,ChIJ8VFg1pV-1YcRR9G8p0pZx6U,OK,34456,471570042001060
496.234,35.1450994,-90.0538646,ChIJne6_s5V-1YcRn_LPaqiwhrk,OK,46361,471570042001060
365.422,35.1435177,-90.0539328,ChIJ8VFg1pV-1YcRR9G8p0pZx6U,OK,33738,471570042001061
365.422,35.1435177,-90.0539328,ChIJ8VFg1pV-1YcRR9G8p0pZx6U,OK,33738,471570042001061
490.252,35.1450994,-90.0538646,ChIJne6_s5V-1YcRn_LPaqiwhrk,OK,45643,471570042001061
584.982,35.1435177,-90.0539328,ChIJ8VFg1pV-1YcRR9G8p0pZx6U,OK,39964,471570042001062
584.982,35.1435177,-90.0539328,ChIJ8VFg1pV-1YcRR9G8p0pZx6U,OK,39964,471570042001062
709.811,35.1450994,-90.0538646,ChIJne6_s5V-1YcRn_LPaqiwhrk,OK,51869,471570042001062
309.749,35.1435177,-90.0539328,ChIJ8VFg1pV-1YcRR9G8p0pZx6U,OK,25506,471570042002017
309.749,35.1435177,-90.0539328,ChIJ8VFg1pV-1YcRR9G8p0pZx6U,OK,25506,471570042002017
434.578,35.1450994,-90.0538646,ChIJne6_s5V-1YcRn_LPaqiwhrk,OK,37411,471570042002017
350.401,35.1435177,-90.0539328,ChIJ8VFg1pV-1YcRR9G8p0pZx6U,OK,30622,471570042002018
350.401,35.1435177,-90.0539328,ChIJ8VFg1pV-1YcRR9G8p0pZx6U,OK,30622,471570042002018
475.23,35.1450994,-90.0538646,ChIJne6_s5V-1YcRn_LPaqiwhrk,OK,42527,471570042002018
53.842,35.1435177,-90.0539328,ChIJ8VFg1pV-1YcRR9G8p0pZx6U,OK,3230,471570042002005
53.842,35.1435177,-90.0539328,ChIJ8VFg1pV-1YcRR9G8p0pZx6U,OK,3230,471570042002005
239.301,35.1450994,-90.0538646,ChIJne6_s5V-1YcRn_LPaqiwhrk,OK,18772,471570042002005
6.748,35.1435177,-90.0539328,ChIJ8VFg1pV-1YcRR9G8p0pZx6U,OK,404,471570042002006
6.748,35.1435177,-90.0539328,ChIJ8VFg1pV-1YcRR9G8p0pZx6U,OK,404,471570042002006
284.253,35.1439641,-90.0517892,ChIJL-0zBZR-1YcRj7p5p1WY4-g,OK,18614,471570042002006
929.235,35.1435177,-90.0539328,ChIJ8VFg1pV-1YcRR9G8p0pZx6U,OK,63405,471570042002035
929.235,35.1435177,-90.0539328,ChIJ8VFg1pV-1YcRR9G8p0pZx6U,OK,63405,471570042002035
1054.065,35.1450994,-90.0538646,ChIJne6_s5V-1YcRn_LPaqiwhrk,OK,75310,471570042002035
713.752,35.1435177,-90.0539328,ChIJ8VFg1pV-1YcRR9G8p0pZx6U,OK,50908,471570042002029
713.752,35.1435177,-90.0539328,ChIJ8VFg1pV-1YcRR9G8p0pZx6U,OK,50908,471570042002029
838.581,35.1450994,-90.0538646,ChIJne6_s5V-1YcRn_LPaqiwhrk,OK,62813,471570042002029
823.843,35.1435177,-90.0539328,ChIJ8VFg1pV-1YcRR9G8p0pZx6U,OK,57509,471570042002028
823.843,35.1435177,-90.0539328,ChIJ8VFg1pV-1YcRR9G8p0pZx6U,OK,57509,471570042002028
948.672,35.1450994,-90.0538646,ChIJne6_s5V-1YcRn_LPaqiwhrk,OK,69414,471570042002028
928.257,35.1435177,-90.0539328,ChIJ8VFg1pV-1YcRR9G8p0pZx6U,OK,63288,471570042002036
928.257,35.1435177,-90.0539328,ChIJ8VFg1pV-1YcRR9G8p0pZx6U,OK,63288,471570042002036
1053.086,35.1450994,-90.0538646,ChIJne6_s5V-1YcRn_LPaqiwhrk,OK,75193,471570042002036
1041.231,35.1435177,-90.0539328,ChIJ8VFg1pV-1YcRR9G8p0pZx6U,OK,70282,471570042002059
1041.231,35.1435177,-90.0539328,ChIJ8VFg1pV-1YcRR9G8p0pZx6U,OK,70282,471570042002059
1166.06,35.1450994,-90.0538646,ChIJne6_s5V-1YcRn_LPaqiwhrk,OK,82187,471570042002059
1148.494,35.1435177,-90.0539328,ChIJ8VFg1pV-1YcRR9G8p0pZx6U,OK,79855,471570042002070
1148.494,35.1435177,-90.0539328,ChIJ8VFg1pV-1YcRR9G8p0pZx6U,OK,79855,471570042002070
1273.323,35.1450994,-90.0538646,ChIJne6_s5V-1YcRn_LPaqiwhrk,OK,91760,471570042002070
1093.828,35.1435177,-90.0539328,ChIJ8VFg1pV-1YcRR9G8p0pZx6U,OK,69932,471570042002057
1093.828,35.1435177,-90.0539328,ChIJ8VFg1pV-1YcRR9G8p0pZx6U,OK,69932,471570042002057
1218.658,35.1450994,-90.0538646,ChIJne6_s5V-1YcRn_LPaqiwhrk,OK,81837,471570042002057
687.185,35.125222,-90.048147,ChIJ9cKdtid81YcRKs9h6RjzQzw,OK,50375,471570114001066
687.185,35.125222,-90.048147,ChIJ9cKdtid81YcRKs9h6RjzQzw,OK,50375,471570114001066
688.999,35.1251709,-90.0481695,ChIJybIJtCd81YcR9Otxws-5qCM,OK,50475,471570114001066
887.286,35.1435177,-90.0539328,ChIJ8VFg1pV-1YcRR9G8p0pZx6U,OK,65122,471570042002046
887.286,35.1435177,-90.0539328,ChIJ8VFg1pV-1YcRR9G8p0pZx6U,OK,65122,471570042002046
989.558,35.1439641,-90.0517892,ChIJL-0zBZR-1YcRj7p5p1WY4-g,OK,69743,471570042002046
1001.128,35.1435177,-90.0539328,ChIJ8VFg1pV-1YcRR9G8p0pZx6U,OK,72031,471570042002045
2341.112,35.095133,-90.05542799999999,ChIJATnUo0J81YcRpbAuNwXeqRw,OK,162032,471570117001125
4081.111,35.098685,-90.05664899999999,ChIJ31qwBkJ81YcRk2V5pdmdhrM,OK,232963,471570117001089
4081.111,35.098685,-90.05664899999999,ChIJ31qwBkJ81YcRk2V5pdmdhrM,OK,232963,471570117001089
4470.103,35.095133,-90.05542799999999,ChIJATnUo0J81YcRpbAuNwXeqRw,OK,254507,471570117001089
4198.955,35.098685,-90.05664899999999,ChIJ31qwBkJ81YcRk2V5pdmdhrM,OK,265625,471579802001022
4198.955,35.098685,-90.05664899999999,ChIJ31qwBkJ81YcRk2V5pdmdhrM,OK,265625,471579802001022
4587.948,35.095133,-90.05542799999999,ChIJATnUo0J81YcRpbAuNwXeqRw,OK,287169,471579802001022
279.381,35.2023757,-89.9218691,ChIJvw7rwByCf4gRrAscHKjp1Iw,OK,33524,471570089003004
279.381,35.2023757,-89.9218691,ChIJvw7rwByCf4gRrAscHKjp1Iw,OK,33524,471570089003004
2053.443,35.183951,-89.93106899999999,ChIJWQ0EIo-Bf4gR6cuqlCcQuNw,OK,139768,471570089003004
6931.556,35.061362,-90.05986399999999,ChIJL_Gh8ZV81YcRDlMHRKqR_IA,OK,593417,471570222102003
8407.231,35.0326981,-90.07589809999999,ChIJ9S1ljalk1YcRvuG-_hbpimA,OK,621801,471570222102003
8407.231,35.0326981,-90.07589809999999,ChIJ9S1ljalk1YcRvuG-_hbpimA,OK,621801,471570222102003
1730.582,35.13774119999999,-89.99713,ChIJtwtohKiAf4gRFxkNLUf9PgA,OK,131853,471570033001010
1730.582,35.13774119999999,-89.99713,ChIJtwtohKiAf4gRFxkNLUf9PgA,OK,131853,471570033001010
1721.139,35.13418100000001,-89.98599,ChIJnf1_yraAf4gR9pQmD7CXhgg,OK,138122,471570033001010
2600.483,35.0078094,-89.83044679999999,ChIJpwHMo0eQf4gRIqmNFjWLuW4,OK,193245,471570217541007
2600.483,35.0078094,-89.83044679999999,ChIJpwHMo0eQf4gRIqmNFjWLuW4,OK,193245,471570217541007
2806.165,35.0220022,-89.82947999999999,ChIJxT9DeWuQf4gRf6HLF5uJHd0,OK,216217,471570217541007
2289.791,35.0220022,-89.82947999999999,ChIJxT9DeWuQf4gRf6HLF5uJHd0,OK,152848,471570217542004
2289.791,35.0220022,-89.82947999999999,ChIJxT9DeWuQf4gRf6HLF5uJHd0,OK,152848,471570217542004
2831.881,35.0078094,-89.83044679999999,ChIJpwHMo0eQf4gRIqmNFjWLuW4,OK,181826,471570217542004
3309.133,35.0078094,-89.83044679999999,ChIJpwHMo0eQf4gRIqmNFjWLuW4,OK,183624,471570226001198
3309.133,35.0078094,-89.83044679999999,ChIJpwHMo0eQf4gRIqmNFjWLuW4,OK,183624,471570226001198
4166.258,35.02100869999999,-89.8995317,ChIJ-f6gz22Pf4gR-rWEeLgd-68,OK,220690,471570226001198
1524.06,35.0493493,-89.855357,ChIJH2Nw4lGFf4gRq0vxk4n5iAE,OK,135053,471570217323001
1524.06,35.0493493,-89.855357,ChIJH2Nw4lGFf4gRq0vxk4n5iAE,OK,135053,471570217323001
1785.59,35.0501932,-89.8529489,ChIJJ3DCd1KFf4gRBb2DFEnzV7w,OK,145064,471570217323001
2253.183,35.19067459999999,-89.8489943,ChIJ364PGjWdf4gRKbsrGLq8_XQ,OK,168860,471570211124003
2253.183,35.19067459999999,-89.8489943,ChIJ364PGjWdf4gRKbsrGLq8_XQ,OK,168860,471570211124003
4886.046,35.16339899999999,-89.855841,ChIJA_xfkC6Df4gRAjVZwLz1jqA,OK,266574,471570211124003
3557.305,35.2045576,-89.81176689999999,ChIJ8ROix4Kdf4gR4Su-1OwAUMo,OK,212358,471570211212038
3557.305,35.2045576,-89.81176689999999,ChIJ8ROix4Kdf4gR4Su-1OwAUMo,OK,212358,471570211212038
4783.701,35.2051043,-89.79754849999999,ChIJpRDMlY2df4gRQqHmUo_lzmc,OK,245116,471570211212038
2392.393,35.0078094,-89.83044679999999,ChIJpwHMo0eQf4gRIqmNFjWLuW4,OK,168274,471570217541006
2392.393,35.0078094,-89.83044679999999,ChIJpwHMo0eQf4gRIqmNFjWLuW4,OK,168274,471570217541006
2563.971,35.0220022,-89.82947999999999,ChIJxT9DeWuQf4gRf6HLF5uJHd0,OK,187155,471570217541006
5556.406,35.14868459999999,-89.7948203,ChIJ4w9Lr2qcf4gRHdzl9FciAFM,OK,364761,471570211401046
5556.406,35.14868459999999,-89.7948203,ChIJ4w9Lr2qcf4gRHdzl9FciAFM,OK,364761,471570211401046
6322.568,35.1546312,-89.79260459999999,ChIJ8UeuSEecf4gRniit7ubZLtM,OK,385460,471570211401046
1933.766,35.1546312,-89.79260459999999,ChIJ8UeuSEecf4gRniit7ubZLtM,OK,144477,471570211362047
1933.766,35.1546312,-89.79260459999999,ChIJ8UeuSEecf4gRniit7ubZLtM,OK,144477,471570211362047
2881.227,35.14868459999999,-89.7948203,ChIJ4w9Lr2qcf4gRHdzl9FciAFM,OK,198029,471570211362047
1204.343,35.14868459999999,-89.7948203,ChIJ4w9Lr2qcf4gRHdzl9FciAFM,OK,101036,471570211373023
1204.343,35.14868459999999,-89.7948203,ChIJ4w9Lr2qcf4gRHdzl9FciAFM,OK,101036,471570211373023
1970.505,35.1546312,-89.79260459999999,ChIJ8UeuSEecf4gRniit7ubZLtM,OK,121735,471570211373023
2446.358,35.05113000000001,-89.815021,ChIJAdLMX4iaf4gRUenKpoiyrBc,OK,158083,471570213331001
2446.358,35.05113000000001,-89.815021,ChIJAdLMX4iaf4gRUenKpoiyrBc,OK,158083,471570213331001
2660.5,35.048632,-89.814048,ChIJqY7T64eaf4gRoqZRK7sz4Co,OK,170359,471570213331001
1162.719,35.1444038,-90.0168571,ChIJufYEjhR-1YcREff46W6Lons,OK,107264,471570038001020
1162.719,35.1444038,-90.0168571,ChIJufYEjhR-1YcREff46W6Lons,OK,107264,471570038001020
1799.345,35.1490317,-90.0140679,ChIJw3q9_xV-1YcRqrte6yBn1CI,OK,132603,471570038001020
1250.742,35.1060329,-90.039159,ChIJ231bcjV81YcRQ1quDeYAd6M,OK,94500,471570059003008
1250.742,35.1060329,-90.039159,ChIJ231bcjV81YcRQ1quDeYAd6M,OK,94500,471570059003008
1695.511,35.125222,-90.048147,ChIJ9cKdtid81YcRKs9h6RjzQzw,OK,145039,471570059003008
1520.311,35.0477573,-89.86637909999999,ChIJ5_0L5VyFf4gR4HBEwl6nmRE,OK,97270,471570108201004
1579.533,35.050596,-89.869556,ChIJQ4vLA2iFf4gRyyCo3ihKH44,OK,107672,471570108201004
1579.533,35.050596,-89.869556,ChIJQ4vLA2iFf4gRyyCo3ihKH44,OK,107672,471570108201004
1587.843,35.0477573,-89.86637909999999,ChIJ5_0L5VyFf4gR4HBEwl6nmRE,OK,96457,471570108201002
1647.065,35.050596,-89.869556,ChIJQ4vLA2iFf4gRyyCo3ihKH44,OK,106859,471570108201002
1647.065,35.050596,-89.869556,ChIJQ4vLA2iFf4gRyyCo3ihKH44,OK,106859,471570108201002
2135.298,35.1439641,-90.0517892,ChIJL-0zBZR-1YcRj7p5p1WY4-g,OK,168370,471570021001057
2135.298,35.1439641,-90.0517892,ChIJL-0zBZR-1YcRj7p5p1WY4-g,OK,168370,471570021001057
2344.214,35.1450994,-90.0538646,ChIJne6_s5V-1YcRn_LPaqiwhrk,OK,173824,471570021001057
1781.156,35.054745,-90.007971,ChIJXxyyQlt91YcRhldtWgjSnSE,OK,114142,471570225001054
1781.156,35.054745,-90.007971,ChIJXxyyQlt91YcRhldtWgjSnSE,OK,114142,471570225001054
2213.004,35.05407199999999,-90.00125899999999,ChIJIzdhk1h91YcRZT7cBcBslaM,OK,130181,471570225001054
2367.526,35.2044739,-89.76342459999999,ChIJ3XsJxyKef4gRTeWb3lonWsU,OK,184239,471570211413002
4057.941,35.2074362,-89.7805166,ChIJ62ATRfudf4gRPIrPAXGVsiQ,OK,315725,471570211413002
751.018,35.05407199999999,-90.00125899999999,ChIJIzdhk1h91YcRZT7cBcBslaM,OK,86415,471570220224010
751.018,35.05407199999999,-90.00125899999999,ChIJIzdhk1h91YcRZT7cBcBslaM,OK,86415,471570220224010
1305.387,35.054745,-90.007971,ChIJXxyyQlt91YcRhldtWgjSnSE,OK,120412,471570220224010
887.821,35.05407199999999,-90.00125899999999,ChIJIzdhk1h91YcRZT7cBcBslaM,OK,102830,471570220224023
887.821,35.05407199999999,-90.00125899999999,ChIJIzdhk1h91YcRZT7cBcBslaM,OK,102830,471570220224023
1500.563,35.054745,-90.007971,ChIJXxyyQlt91YcRhldtWgjSnSE,OK,137071,471570220224023
771.914,35.02379430000001,-89.96377079999999,ChIJDVntamKIf4gRlF5S6rdAlgc,OK,68342,471570110103012
771.914,35.02379430000001,-89.96377079999999,ChIJDVntamKIf4gRlF5S6rdAlgc,OK,68342,471570110103012
2879.081,35.02099699999999,-89.93544,ChIJW6hY3LmIf4gRWjIeu9tMgvU,OK,183557,471570110103012
1129.274,35.1161637,-89.9446263,ChIJ-ZiED8iGf4gR32IlfgDBKWY,OK,82218,471570070001016
1129.274,35.1161637,-89.9446263,ChIJ-ZiED8iGf4gR32IlfgDBKWY,OK,82218,471570070001016
1975.528,35.108097,-89.941227,ChIJwxJT-r6Gf4gRhLDuFpyb128,OK,138663,471570070001016
1044.598,35.1161637,-89.9446263,ChIJ-ZiED8iGf4gR32IlfgDBKWY,OK,72057,471570070001002
1044.598,35.1161637,-89.9446263,ChIJ-ZiED8iGf4gR32IlfgDBKWY,OK,72057,471570070001002
2126.541,35.108097,-89.941227,ChIJwxJT-r6Gf4gRhLDuFpyb128,OK,133149,471570070001002
1533.032,35.1161637,-89.9446263,ChIJ-ZiED8iGf4gR32IlfgDBKWY,OK,110737,471570070002004
1533.032,35.1161637,-89.9446263,ChIJ-ZiED8iGf4gR32IlfgDBKWY,OK,110737,471570070002004
2081.317,35.108097,-89.941227,ChIJwxJT-r6Gf4gRhLDuFpyb128,OK,139813,471570070002004
608.105,35.051879,-89.95322299999999,ChIJtbdkhjqGf4gRndtG1KtFnTA,OK,63472,471570110101000
608.105,35.051879,-89.95322299999999,ChIJtbdkhjqGf4gRndtG1KtFnTA,OK,63472,471570110101000
3198.127,35.05905920000001,-89.9340455,ChIJM89Mbw2Gf4gRFqf4fPnKU7k,OK,206602,471570110101000
1006.561,35.108097,-89.941227,ChIJwxJT-r6Gf4gRhLDuFpyb128,OK,77744,471570080002005
1006.561,35.108097,-89.941227,ChIJwxJT-r6Gf4gRhLDuFpyb128,OK,77744,471570080002005
1708.943,35.1079763,-89.9333841,ChIJqZoM4qKGf4gREaZMyPG1GBQ,OK,117634,471570080002005
2123.818,35.1444038,-90.0168571,ChIJufYEjhR-1YcREff46W6Lons,OK,132877,471570038001026
2123.818,35.1444038,-90.0168571,ChIJufYEjhR-1YcREff46W6Lons,OK,132877,471570038001026
2189.673,35.13763670000001,-90.00757159999999,ChIJl69WLQV-1YcRU3z7Tt2MyhY,OK,140748,471570038001026
1267.951,35.086634,-89.96355199999999,ChIJW0XU3AGHf4gRINnmxvx9m5A,OK,137659,471570081202014
1267.951,35.086634,-89.96355199999999,ChIJW0XU3AGHf4gRINnmxvx9m5A,OK,137659,471570081202014
1742.493,35.0904795,-89.96597299999999,ChIJHfaNmAOHf4gR1d8V2K9rfSU,OK,163940,471570081202014
1801.636,35.0971,-89.9305344,ChIJRd53mZuGf4gRp0fETcD5Y3I,OK,139807,471570080003011
1995.567,35.0960067,-89.93138279999999,ChIJFfDYDZuGf4gR5IbqhV7MTAo,OK,153776,471570080003011
1995.567,35.0960067,-89.93138279999999,ChIJFfDYDZuGf4gR5IbqhV7MTAo,OK,153776,471570080003011
369.918,35.0960067,-89.93138279999999,ChIJFfDYDZuGf4gR5IbqhV7MTAo,OK,44390,471570080004006
369.918,35.0960067,-89.93138279999999,ChIJFfDYDZuGf4gR5IbqhV7MTAo,OK,44390,471570080004006
563.849,35.0971,-89.9305344,ChIJRd53mZuGf4gRp0fETcD5Y3I,OK,58359,471570080004006
483.045,35.093158,-89.93038,ChIJU1HLuoSGf4gRK5KIVLXtvbU,OK,52720,471570082004002
483.045,35.093158,-89.93038,ChIJU1HLuoSGf4gRK5KIVLXtvbU,OK,52720,471570082004002
800.224,35.0960067,-89.93138279999999,ChIJFfDYDZuGf4gR5IbqhV7MTAo,OK,72602,471570082004002
1280.928,35.1075089,-89.9318387,ChIJVboYU6KGf4gRHfEHUi8Izac,OK,122951,471570118004002
1280.928,35.1075089,-89.9318387,ChIJVboYU6KGf4gRHfEHUi8Izac,OK,122951,471570118004002
1422.835,35.1079763,-89.9333841,ChIJqZoM4qKGf4gREaZMyPG1GBQ,OK,131466,471570118004002
2913.248,35.1145886,-89.90089789999999,ChIJKWmlFW6Ef4gR0YNISWQMkss,OK,204091,471570093002003
2913.248,35.1145886,-89.90089789999999,ChIJKWmlFW6Ef4gR0YNISWQMkss,OK,204091,471570093002003
2705.392,35.0971,-89.9305344,ChIJRd53mZuGf4gRp0fETcD5Y3I,OK,222328,471570093002003
488.401,35.093158,-89.93038,ChIJU1HLuoSGf4gRK5KIVLXtvbU,OK,52591,471570118001009
488.401,35.093158,-89.93038,ChIJU1HLuoSGf4gRK5KIVLXtvbU,OK,52591,471570118001009
605.069,35.0960067,-89.93138279999999,ChIJFfDYDZuGf4gR5IbqhV7MTAo,OK,60443,471570118001009
100.743,35.1439641,-90.0517892,ChIJL-0zBZR-1YcRj7p5p1WY4-g,OK,10282,471570042002001
100.743,35.1439641,-90.0517892,ChIJL-0zBZR-1YcRj7p5p1WY4-g,OK,10282,471570042002001
311.474,35.1435177,-90.0539328,ChIJ8VFg1pV-1YcRR9G8p0pZx6U,OK,29214,471570042002001
2434.151,35.051879,-89.95322299999999,ChIJtbdkhjqGf4gRndtG1KtFnTA,OK,183017,471570110102002
2434.151,35.051879,-89.95322299999999,ChIJtbdkhjqGf4gRndtG1KtFnTA,OK,183017,471570110102002
2637.516,35.0374859,-89.93716700000002,ChIJESgedaeIf4gRXlLu5ht4wNo,OK,183835,471570110102002
1209.468,35.1497164,-89.95515999999999,ChIJcQb6ehiBf4gR-uA54eRPNq8,OK,93751,471570014001026
1209.468,35.1497164,-89.95515999999999,ChIJcQb6ehiBf4gR-uA54eRPNq8,OK,93751,471570014001026
1512.673,35.1507888,-89.977317,ChIJdVWrOuqAf4gR-V7s1E3qo7g,OK,109714,471570014001026
1122.299,35.1497164,-89.95515999999999,ChIJcQb6ehiBf4gR-uA54eRPNq8,OK,88442,471570014001025
1122.299,35.1497164,-89.95515999999999,ChIJcQb6ehiBf4gR-uA54eRPNq8,OK,88442,471570014001025
1597.196,35.1507888,-89.977317,ChIJdVWrOuqAf4gR-V7s1E3qo7g,OK,114705,471570014001025
916.209,35.1497164,-89.95515999999999,ChIJcQb6ehiBf4gR-uA54eRPNq8,OK,63711,471570014001030
916.209,35.1497164,-89.95515999999999,ChIJcQb6ehiBf4gR-uA54eRPNq8,OK,63711,471570014001030
1391.106,35.1507888,-89.977317,ChIJdVWrOuqAf4gR-V7s1E3qo7g,OK,89974,471570014001030
833.739,35.1497164,-89.95515999999999,ChIJcQb6ehiBf4gR-uA54eRPNq8,OK,58826,471570014001031
833.739,35.1497164,-89.95515999999999,ChIJcQb6ehiBf4gR-uA54eRPNq8,OK,58826,471570014001031
1310.639,35.14981359999999,-89.94918609999999,ChIJVdGBGRaBf4gRsi89Rzqn8W4,OK,85209,471570014001031
842.492,35.1497164,-89.95515999999999,ChIJcQb6ehiBf4gR-uA54eRPNq8,OK,58452,471570028002001
842.492,35.1497164,-89.95515999999999,ChIJcQb6ehiBf4gR-uA54eRPNq8,OK,58452,471570028002001
1319.392,35.14981359999999,-89.94918609999999,ChIJVdGBGRaBf4gRsi89Rzqn8W4,OK,84835,471570028002001
1218.508,35.1497164,-89.95515999999999,ChIJcQb6ehiBf4gR-uA54eRPNq8,OK,80049,471570028002009
1218.508,35.1497164,-89.95515999999999,ChIJcQb6ehiBf4gR-uA54eRPNq8,OK,80049,471570028002009
1561.698,35.1507888,-89.977317,ChIJdVWrOuqAf4gR-V7s1E3qo7g,OK,98409,471570028002009
1044.723,35.1497164,-89.95515999999999,ChIJcQb6ehiBf4gR-uA54eRPNq8,OK,64907,471570028002010
1044.723,35.1497164,-89.95515999999999,ChIJcQb6ehiBf4gR-uA54eRPNq8,OK,64907,471570028002010
1395.151,35.14981359999999,-89.94918609999999,ChIJVdGBGRaBf4gRsi89Rzqn8W4,OK,83706,471570028002010
751.89,35.1497164,-89.95515999999999,ChIJcQb6ehiBf4gR-uA54eRPNq8,OK,53874,471570014001032
751.89,35.1497164,-89.95515999999999,ChIJcQb6ehiBf4gR-uA54eRPNq8,OK,53874,471570014001032
1228.79,35.14981359999999,-89.94918609999999,ChIJVdGBGRaBf4gRsi89Rzqn8W4,OK,80257,471570014001032
992.341,35.1497164,-89.95515999999999,ChIJcQb6ehiBf4gR-uA54eRPNq8,OK,88947,471570014001015
992.341,35.1497164,-89.95515999999999,ChIJcQb6ehiBf4gR-uA54eRPNq8,OK,88947,471570014001015
1469.241,35.14981359999999,-89.94918609999999,ChIJVdGBGRaBf4gRsi89Rzqn8W4,OK,115330,471570014001015
791.867,35.1497164,-89.95515999999999,ChIJcQb6ehiBf4gR-uA54eRPNq8,OK,73769,471570014001020
791.867,35.1497164,-89.95515999999999,ChIJcQb6ehiBf4gR-uA54eRPNq8,OK,73769,471570014001020
1268.767,35.14981359999999,-89.94918609999999,ChIJVdGBGRaBf4gRsi89Rzqn8W4,OK,100152,471570014001020
1093.51,35.1497164,-89.95515999999999,ChIJcQb6ehiBf4gR-uA54eRPNq8,OK,86026,471570014001010
1093.51,35.1497164,-89.95515999999999,ChIJcQb6ehiBf4gR-uA54eRPNq8,OK,86026,471570014001010
1570.409,35.14981359999999,-89.94918609999999,ChIJVdGBGRaBf4gRsi89Rzqn8W4,OK,112409,471570014001010
331.791,35.1497164,-89.95515999999999,ChIJcQb6ehiBf4gR-uA54eRPNq8,OK,22134,471570028001004
331.791,35.1497164,-89.95515999999999,ChIJcQb6ehiBf4gR-uA54eRPNq8,OK,22134,471570028001004
808.691,35.14981359999999,-89.94918609999999,ChIJVdGBGRaBf4gRsi89Rzqn8W4,OK,48517,471570028001004
631.2,35.1497164,-89.95515999999999,ChIJcQb6ehiBf4gR-uA54eRPNq8,OK,44340,471570014001022
631.2,35.1497164,-89.95515999999999,ChIJcQb6ehiBf4gR-uA54eRPNq8,OK,44340,471570014001022
1108.1,35.14981359999999,-89.94918609999999,ChIJVdGBGRaBf4gRsi89Rzqn8W4,OK,70723,471570014001022
2134.956,35.1497164,-89.95515999999999,ChIJcQb6ehiBf4gR-uA54eRPNq8,OK,141914,471570028002029
2134.956,35.1497164,-89.95515999999999,ChIJcQb6ehiBf4gR-uA54eRPNq8,OK,141914,471570028002029
2235.903,35.1507888,-89.977317,ChIJdVWrOuqAf4gR-V7s1E3qo7g,OK,159436,471570028002029
1196.285,35.1507888,-89.977317,ChIJdVWrOuqAf4gR-V7s1E3qo7g,OK,65743,471570027002019
1196.285,35.1507888,-89.977317,ChIJdVWrOuqAf4gR-V7s1E3qo7g,OK,65743,471570027002019
1514.912,35.13418100000001,-89.98599,ChIJnf1_yraAf4gR9pQmD7CXhgg,OK,83983,471570027002019
1090.713,35.1507888,-89.977317,ChIJdVWrOuqAf4gR-V7s1E3qo7g,OK,60356,471570027002014
1090.713,35.1507888,-89.977317,ChIJdVWrOuqAf4gR-V7s1E3qo7g,OK,60356,471570027002014
1628.11,35.13418100000001,-89.98599,ChIJnf1_yraAf4gR9pQmD7CXhgg,OK,89804,471570027002014
1024.975,35.1507888,-89.977317,ChIJdVWrOuqAf4gR-V7s1E3qo7g,OK,93582,471570027002007
1024.975,35.1507888,-89.977317,ChIJdVWrOuqAf4gR-V7s1E3qo7g,OK,93582,471570027002007
1619.762,35.13418100000001,-89.98599,ChIJnf1_yraAf4gR9pQmD7CXhgg,OK,113304,471570027002007
723.501,35.1507888,-89.977317,ChIJdVWrOuqAf4gR-V7s1E3qo7g,OK,49278,471570027002008
723.501,35.1507888,-89.977317,ChIJdVWrOuqAf4gR-V7s1E3qo7g,OK,49278,471570027002008
2183.596,35.13418100000001,-89.98599,ChIJnf1_yraAf4gR9pQmD7CXhgg,OK,134305,471570027002008
1271.656,35.13418100000001,-89.98599,ChIJnf1_yraAf4gR9pQmD7CXhgg,OK,81402,471570027002016
1271.656,35.13418100000001,-89.98599,ChIJnf1_yraAf4gR9pQmD7CXhgg,OK,81402,471570027002016
1457.878,35.13779299999999,-89.99118349999999,ChIJUQlZ-K-Af4gRkRKK62-ap5w,OK,104359,471570027002016
1340.5,35.1507888,-89.977317,ChIJdVWrOuqAf4gR-V7s1E3qo7g,OK,73155,471570027002020
1340.5,35.1507888,-89.977317,ChIJdVWrOuqAf4gR-V7s1E3qo7g,OK,73155,471570027002020
1414.339,35.13418100000001,-89.98599,ChIJnf1_yraAf4gR9pQmD7CXhgg,OK,78811,471570027002020
838.665,35.1507888,-89.977317,ChIJdVWrOuqAf4gR-V7s1E3qo7g,OK,56304,471570027002009
838.665,35.1507888,-89.977317,ChIJdVWrOuqAf4gR-V7s1E3qo7g,OK,56304,471570027002009
2072.322,35.13418100000001,-89.98599,ChIJnf1_yraAf4gR9pQmD7CXhgg,OK,127745,471570027002009
668.527,35.1507888,-89.977317,ChIJdVWrOuqAf4gR-V7s1E3qo7g,OK,40109,471570027001006
668.527,35.1507888,-89.977317,ChIJdVWrOuqAf4gR-V7s1E3qo7g,OK,40109,471570027001006
2586.783,35.13418100000001,-89.98599,ChIJnf1_yraAf4gR9pQmD7CXhgg,OK,144636,471570027001006
2111.543,35.2064292,-89.73436359999999,ChIJP6qgZdGff4gRQoIww3TX5kM,OK,133721,471570210101140
2111.543,35.2064292,-89.73436359999999,ChIJP6qgZdGff4gRQoIww3TX5kM,OK,133721,471570210101140
4773.447,35.2044739,-89.76342459999999,ChIJ3XsJxyKef4gRTeWb3lonWsU,OK,261899,471570210101140
1082.636,35.2064292,-89.73436359999999,ChIJP6qgZdGff4gRQoIww3TX5kM,OK,91429,471570210101130
1082.636,35.2064292,-89.73436359999999,ChIJP6qgZdGff4gRQoIww3TX5kM,OK,91429,471570210101130
3744.54,35.2044739,-89.76342459999999,ChIJ3XsJxyKef4gRTeWb3lonWsU,OK,219607,471570210101130
967.868,35.2064292,-89.73436359999999,ChIJP6qgZdGff4gRQoIww3TX5kM,OK,56104,471570210102011
967.868,35.2064292,-89.73436359999999,ChIJP6qgZdGff4gRQoIww3TX5kM,OK,56104,471570210102011
3629.772,35.2044739,-89.76342459999999,ChIJ3XsJxyKef4gRTeWb3lonWsU,OK,184282,471570210102011
682.861,35.2064292,-89.73436359999999,ChIJP6qgZdGff4gRQoIww3TX5kM,OK,51033,471570210102007
682.861,35.2064292,-89.73436359999999,ChIJP6qgZdGff4gRQoIww3TX5kM,OK,51033,471570210102007
3344.765,35.2044739,-89.76342459999999,ChIJ3XsJxyKef4gRTeWb3lonWsU,OK,179211,471570210102007
893.023,35.2064292,-89.73436359999999,ChIJP6qgZdGff4gRQoIww3TX5kM,OK,63876,471570210102010
893.023,35.2064292,-89.73436359999999,ChIJP6qgZdGff4gRQoIww3TX5kM,OK,63876,471570210102010
3554.927,35.2044739,-89.76342459999999,ChIJ3XsJxyKef4gRTeWb3lonWsU,OK,192054,471570210102010
890.432,35.2064292,-89.73436359999999,ChIJP6qgZdGff4gRQoIww3TX5kM,OK,75941,471570210102008
890.432,35.2064292,-89.73436359999999,ChIJP6qgZdGff4gRQoIww3TX5kM,OK,75941,471570210102008
3552.336,35.2044739,-89.76342459999999,ChIJ3XsJxyKef4gRTeWb3lonWsU,OK,204119,471570210102008
838.183,35.2064292,-89.73436359999999,ChIJP6qgZdGff4gRQoIww3TX5kM,OK,69671,471570210102005
838.183,35.2064292,-89.73436359999999,ChIJP6qgZdGff4gRQoIww3TX5kM,OK,69671,471570210102005
3500.087,35.2044739,-89.76342459999999,ChIJ3XsJxyKef4gRTeWb3lonWsU,OK,197849,471570210102005
1854.136,35.2064292,-89.73436359999999,ChIJP6qgZdGff4gRQoIww3TX5kM,OK,163358,471570208202062
1854.136,35.2064292,-89.73436359999999,ChIJP6qgZdGff4gRQoIww3TX5kM,OK,163358,471570208202062
4516.04,35.2044739,-89.76342459999999,ChIJ3XsJxyKef4gRTeWb3lonWsU,OK,291536,471570208202062
1546.935,35.2064292,-89.73436359999999,ChIJP6qgZdGff4gRQoIww3TX5kM,OK,147600,471570208202067
1546.935,35.2064292,-89.73436359999999,ChIJP6qgZdGff4gRQoIww3TX5kM,OK,147600,471570208202067
4208.839,35.2044739,-89.76342459999999,ChIJ3XsJxyKef4gRTeWb3lonWsU,OK,275778,471570208202067
1741.884,35.2044739,-89.76342459999999,ChIJ3XsJxyKef4gRTeWb3lonWsU,OK,124796,471570208311001
1741.884,35.2044739,-89.76342459999999,ChIJ3XsJxyKef4gRTeWb3lonWsU,OK,124796,471570208311001
1933.854,35.2064292,-89.73436359999999,ChIJP6qgZdGff4gRQoIww3TX5kM,OK,125037,471570208311001
641.05,35.2044739,-89.76342459999999,ChIJ3XsJxyKef4gRTeWb3lonWsU,OK,48554,471570208311014
641.05,35.2044739,-89.76342459999999,ChIJ3XsJxyKef4gRTeWb3lonWsU,OK,48554,471570208311014
2452.356,35.2074362,-89.7805166,ChIJ62ATRfudf4gRPIrPAXGVsiQ,OK,186735,471570208311014
1737.068,35.2064292,-89.73436359999999,ChIJP6qgZdGff4gRQoIww3TX5kM,OK,116362,471570210102018
1737.068,35.2064292,-89.73436359999999,ChIJP6qgZdGff4gRQoIww3TX5kM,OK,116362,471570210102018
2192.903,35.2044739,-89.76342459999999,ChIJ3XsJxyKef4gRTeWb3lonWsU,OK,145271,471570210102018
1500.532,35.2064292,-89.73436359999999,ChIJP6qgZdGff4gRQoIww3TX5kM,OK,87980,471570210102017
1500.532,35.2064292,-89.73436359999999,ChIJP6qgZdGff4gRQoIww3TX5kM,OK,87980,471570210102017
1956.366,35.2044739,-89.76342459999999,ChIJ3XsJxyKef4gRTeWb3lonWsU,OK,116889,471570210102017
931.473,35.2044739,-89.76342459999999,ChIJ3XsJxyKef4gRTeWb3lonWsU,OK,52152,471570210102022
931.473,35.2044739,-89.76342459999999,ChIJ3XsJxyKef4gRTeWb3lonWsU,OK,52152,471570210102022
1975.807,35.2064292,-89.73436359999999,ChIJP6qgZdGff4gRQoIww3TX5kM,OK,90747,471570210102022
1244.564,35.2044739,-89.76342459999999,ChIJ3XsJxyKef4gRTeWb3lonWsU,OK,78499,471570210102020
1244.564,35.2044739,-89.76342459999999,ChIJ3XsJxyKef4gRTeWb3lonWsU,OK,78499,471570210102020
1793.315,35.2064292,-89.73436359999999,ChIJP6qgZdGff4gRQoIww3TX5kM,OK,94794,471570210102020
3252.168,35.2064292,-89.73436359999999,ChIJP6qgZdGff4gRQoIww3TX5kM,OK,189757,471570210101007
3252.168,35.2064292,-89.73436359999999,ChIJP6qgZdGff4gRQoIww3TX5kM,OK,189757,471570210101007
5914.072,35.2044739,-89.76342459999999,ChIJ3XsJxyKef4gRTeWb3lonWsU,OK,317935,471570210101007
2263.479,35.2044739,-89.76342459999999,ChIJ3XsJxyKef4gRTeWb3lonWsU,OK,155881,471570210102055
2263.479,35.2044739,-89.76342459999999,ChIJ3XsJxyKef4gRTeWb3lonWsU,OK,155881,471570210102055
2335.656,35.2064292,-89.73436359999999,ChIJP6qgZdGff4gRQoIww3TX5kM,OK,163971,471570210102055
1565.659,35.2064292,-89.73436359999999,ChIJP6qgZdGff4gRQoIww3TX5kM,OK,78257,471570210101009
1565.659,35.2064292,-89.73436359999999,ChIJP6qgZdGff4gRQoIww3TX5kM,OK,78257,471570210101009
4227.563,35.2044739,-89.76342459999999,ChIJ3XsJxyKef4gRTeWb3lonWsU,OK,206435,471570210101009
1299.103,35.0757114,-89.9271675,ChIJ-d7FIHmGf4gR6Aa1VQWm0ps,OK,82231,471570106101039
1299.103,35.0757114,-89.9271675,ChIJ-d7FIHmGf4gR6Aa1VQWm0ps,OK,82231,471570106101039
1892.908,35.0745932,-89.9204618,ChIJPX58KNGFf4gRLgBWAHPwusk,OK,116323,471570106101039
1758.467,35.2337782,-89.9252472,ChIJra3pLkt_f4gRjZbqnHrruIM,OK,122328,471570205311017
1758.467,35.2337782,-89.9252472,ChIJra3pLkt_f4gRjZbqnHrruIM,OK,122328,471570205311017
5031.659,35.223866,-89.90499,ChIJJRXCRJh4f4gRcTFbl9qZzNM,OK,344665,471570205311017
2770.817,35.218332,-90.00299799999999,ChIJfRCGEgGA1YcRsZsWP_dycDI,OK,166242,471570099012018
2770.817,35.218332,-90.00299799999999,ChIJfRCGEgGA1YcRsZsWP_dycDI,OK,166242,471570099012018
2978.721,35.21475480000001,-90.00354540000001,ChIJF6XvX_9_1YcRD4jlF4jzevw,OK,178716,471570099012018
4374.803,35.0543926,-90.0597009,ChIJT5TzUbl81YcRiPqNjkbj9CA,OK,327060,471570222102008
6068.754,35.0326981,-90.07589809999999,ChIJ9S1ljalk1YcRvuG-_hbpimA,OK,428637,471570222102008
6068.754,35.0326981,-90.07589809999999,ChIJ9S1ljalk1YcRvuG-_hbpimA,OK,428637,471570222102008
2175.998,35.17410499999999,-89.97575479999999,ChIJmfYTGFmAf4gRHGKCaD0qCtI,OK,130550,471570102206026
2175.998,35.17410499999999,-89.97575479999999,ChIJmfYTGFmAf4gRHGKCaD0qCtI,OK,130550,471570102206026
3414.422,35.1738374,-89.98954379999999,ChIJ_S0BIGOAf4gRU3Ph4W65cOQ,OK,204846,471570102206026
964.064,35.1507888,-89.977317,ChIJdVWrOuqAf4gR-V7s1E3qo7g,OK,57841,471570027001008
964.064,35.1507888,-89.977317,ChIJdVWrOuqAf4gR-V7s1E3qo7g,OK,57841,471570027001008
2031.523,35.1497164,-89.95515999999999,ChIJcQb6ehiBf4gR-uA54eRPNq8,OK,124333,471570027001008
1011.671,35.1507888,-89.977317,ChIJdVWrOuqAf4gR-V7s1E3qo7g,OK,64392,471570027001015
1011.671,35.1507888,-89.977317,ChIJdVWrOuqAf4gR-V7s1E3qo7g,OK,64392,471570027001015
2079.13,35.1497164,-89.95515999999999,ChIJcQb6ehiBf4gR-uA54eRPNq8,OK,130884,471570027001015
1385.328,35.1497164,-89.95515999999999,ChIJcQb6ehiBf4gR-uA54eRPNq8,OK,100670,471570028002023
1385.328,35.1497164,-89.95515999999999,ChIJcQb6ehiBf4gR-uA54eRPNq8,OK,100670,471570028002023
1735.757,35.14981359999999,-89.94918609999999,ChIJVdGBGRaBf4gRsi89Rzqn8W4,OK,119469,471570028002023
1068.766,35.108097,-89.941227,ChIJwxJT-r6Gf4gRhLDuFpyb128,OK,67501,471570080002011
1068.766,35.108097,-89.941227,ChIJwxJT-r6Gf4gRhLDuFpyb128,OK,67501,471570080002011
1771.148,35.1079763,-89.9333841,ChIJqZoM4qKGf4gREaZMyPG1GBQ,OK,107391,471570080002011
1132.612,35.108097,-89.941227,ChIJwxJT-r6Gf4gRhLDuFpyb128,OK,70199,471570080002009
1132.612,35.108097,-89.941227,ChIJwxJT-r6Gf4gRhLDuFpyb128,OK,70199,471570080002009
1834.994,35.1079763,-89.9333841,ChIJqZoM4qKGf4gREaZMyPG1GBQ,OK,110089,471570080002009
5240.497,35.156962,-89.88851749999999,ChIJaVmJmQmDf4gR3ZGZP7kcoeo,OK,241352,471570092003015
5240.497,35.156962,-89.88851749999999,ChIJaVmJmQmDf4gR3ZGZP7kcoeo,OK,241352,471570092003015
5738.143,35.1503395,-89.89321,ChIJRaSiF6KDf4gRNIqqt1VnH58,OK,259983,471570092003015
4449.297,35.1503395,-89.89321,ChIJRaSiF6KDf4gRNIqqt1VnH58,OK,229799,471570092003004
5486.071,35.156962,-89.88851749999999,ChIJaVmJmQmDf4gR3ZGZP7kcoeo,OK,300888,471570092003004
5486.071,35.156962,-89.88851749999999,ChIJaVmJmQmDf4gR3ZGZP7kcoeo,OK,300888,471570092003004
552.811,35.2051043,-89.79754849999999,ChIJpRDMlY2df4gRQqHmUo_lzmc,OK,33134,471570211132007
552.811,35.2051043,-89.79754849999999,ChIJpRDMlY2df4gRQqHmUo_lzmc,OK,33134,471570211132007
844.809,35.2071893,-89.79833029999999,ChIJQ0zWJIydf4gRstwjg5hObuM,OK,93647,471570211132007
941.991,35.2051043,-89.79754849999999,ChIJpRDMlY2df4gRQqHmUo_lzmc,OK,54777,471570211132008
941.991,35.2051043,-89.79754849999999,ChIJpRDMlY2df4gRQqHmUo_lzmc,OK,54777,471570211132008
602.537,35.2071893,-89.79833029999999,ChIJQ0zWJIydf4gRstwjg5hObuM,OK,107335,471570211132008
22.556,35.2045576,-89.81176689999999,ChIJ8ROix4Kdf4gR4Su-1OwAUMo,OK,1249,471570211131003
22.556,35.2045576,-89.81176689999999,ChIJ8ROix4Kdf4gR4Su-1OwAUMo,OK,1249,471570211131003
1879.679,35.2051043,-89.79754849999999,ChIJpRDMlY2df4gRQqHmUo_lzmc,OK,104391,471570211131003
1246.846,35.1913738,-89.8964247,ChIJwQffFF2Cf4gRzaR3rfvt3f4,OK,90895,471570206101014
1246.846,35.1913738,-89.8964247,ChIJwQffFF2Cf4gRzaR3rfvt3f4,OK,90895,471570206101014
1530.242,35.192778,-89.895242,ChIJ2ehTh2eCf4gR95JHzr6OIMA,OK,105191,471570206101014
829.407,35.0841884,-89.97146650000001,ChIJX1vb4AeHf4gRloPQ2o5nDXA,OK,76724,471570081204006
829.407,35.0841884,-89.97146650000001,ChIJX1vb4AeHf4gRloPQ2o5nDXA,OK,76724,471570081204006
2097.968,35.0904795,-89.96597299999999,ChIJHfaNmAOHf4gR1d8V2K9rfSU,OK,150281,471570081204006
1257.536,35.0841884,-89.97146650000001,ChIJX1vb4AeHf4gRloPQ2o5nDXA,OK,83827,471570081103003
1257.536,35.0841884,-89.97146650000001,ChIJX1vb4AeHf4gRloPQ2o5nDXA,OK,83827,471570081103003
2530.528,35.086634,-89.96355199999999,ChIJW0XU3AGHf4gRINnmxvx9m5A,OK,157742,471570081103003
1757.58,35.0461089,-89.7947008,ChIJaZI6O3Oaf4gRqa_eh0DNj_s,OK,106351,471570213421044
1757.58,35.0461089,-89.7947008,ChIJaZI6O3Oaf4gRqa_eh0DNj_s,OK,106351,471570213421044
1875.585,35.045091,-89.795412,ChIJVelsQnOaf4gRECqTW7fq-dY,OK,112886,471570213421044
2850.742,35.1489345,-89.89838259999999,ChIJaTBvX72Df4gRiyFT0LQMnrQ,OK,147057,471570092002003
2931.288,35.148225,-89.89748700000001,ChIJC8t095eDf4gRGuXK3FleZyg,OK,151890,471570092002003
2931.288,35.148225,-89.89748700000001,ChIJC8t095eDf4gRGuXK3FleZyg,OK,151890,471570092002003
2487.826,35.2045576,-89.81176689999999,ChIJ8ROix4Kdf4gR4Su-1OwAUMo,OK,175066,471570211131028
2487.826,35.2045576,-89.81176689999999,ChIJ8ROix4Kdf4gR4Su-1OwAUMo,OK,175066,471570211131028
2722.805,35.2051043,-89.79754849999999,ChIJpRDMlY2df4gRQqHmUo_lzmc,OK,206205,471570211131028
2550.959,35.142439,-90.006118,ChIJeUPo2Rt-1YcRdoG2a54M-d0,OK,148358,471570016003004
2699.755,35.13774119999999,-89.99713,ChIJtwtohKiAf4gRFxkNLUf9PgA,OK,160777,471570016003004
2699.755,35.13774119999999,-89.99713,ChIJtwtohKiAf4gRFxkNLUf9PgA,OK,160777,471570016003004
7750.875,35.14868459999999,-89.7948203,ChIJ4w9Lr2qcf4gRHdzl9FciAFM,OK,446478,471570214101003
8632.375,35.16339899999999,-89.855841,ChIJA_xfkC6Df4gRAjVZwLz1jqA,OK,526078,471570214101003
8632.375,35.16339899999999,-89.855841,ChIJA_xfkC6Df4gRAjVZwLz1jqA,OK,526078,471570214101003
401.861,35.02100869999999,-89.8995317,ChIJ-f6gz22Pf4gR-rWEeLgd-68,OK,19199,471570226001166
401.861,35.02100869999999,-89.8995317,ChIJ-f6gz22Pf4gR-rWEeLgd-68,OK,19199,471570226001166
413.134,35.0209193,-89.8996561,ChIJxWQfy22Pf4gRlC1jxVU1A2g,OK,19824,471570226001166
6379.524,35.05407199999999,-90.00125899999999,ChIJIzdhk1h91YcRZT7cBcBslaM,OK,303733,471570221123000
6379.524,35.05407199999999,-90.00125899999999,ChIJIzdhk1h91YcRZT7cBcBslaM,OK,303733,471570221123000
9205.303,35.02138900000001,-89.996898,ChIJz3MQkR6If4gRIBgmNH-BQcg,OK,386700,471570221123000
1245.929,35.0374859,-89.93716700000002,ChIJESgedaeIf4gRXlLu5ht4wNo,OK,74153,471570110201010
1245.929,35.0374859,-89.93716700000002,ChIJESgedaeIf4gRXlLu5ht4wNo,OK,74153,471570110201010
2473.032,35.051879,-89.95322299999999,ChIJtbdkhjqGf4gRndtG1KtFnTA,OK,147733,471570110201010
2859.172,35.0841884,-89.97146650000001,ChIJX1vb4AeHf4gRloPQ2o5nDXA,OK,151581,471579801001048
2511.351,35.0643218,-89.9923063,ChIJb3DQuo2Hf4gRC8UI6d4pa68,OK,152438,471579801001048
2511.351,35.0643218,-89.9923063,ChIJb3DQuo2Hf4gRC8UI6d4pa68,OK,152438,471579801001048
3155.243,35.0493563,-89.83813929999999,ChIJjRQNzqSaf4gRxmNqB0YAYGM,OK,208953,471570213342003
3155.243,35.0493563,-89.83813929999999,ChIJjRQNzqSaf4gRxmNqB0YAYGM,OK,208953,471570213342003
3477.008,35.049031,-89.841437,ChIJt6vl46-af4gRvoN8Yvkmx9A,OK,231795,471570213342003
203.224,35.0643218,-89.9923063,ChIJb3DQuo2Hf4gRC8UI6d4pa68,OK,31186,471570225001122
203.224,35.0643218,-89.9923063,ChIJb3DQuo2Hf4gRC8UI6d4pa68,OK,31186,471570225001122
2101.458,35.05407199999999,-90.00125899999999,ChIJIzdhk1h91YcRZT7cBcBslaM,OK,116379,471570225001122
64.331,35.063996,-89.90690699999999,ChIJn51vcb-Ff4gRvoXU4r8swrw,OK,11579,471570106104012
64.331,35.063996,-89.90690699999999,ChIJn51vcb-Ff4gRvoXU4r8swrw,OK,11579,471570106104012
188.528,35.062945,-89.90568519999999,ChIJjxj9mL-Ff4gRoOEx9OzDyxs,OK,17328,471570106104012
1387.563,35.0614623,-89.8536277,ChIJ4TWJkTWFf4gRbkNZYfkF9Jw,OK,90839,471570217252000
1387.563,35.0614623,-89.8536277,ChIJ4TWJkTWFf4gRbkNZYfkF9Jw,OK,90839,471570217252000
1472.334,35.0512763,-89.8427476,ChIJ7VPJ3q-af4gRdxERIyaZ0gk,OK,97027,471570217252000
2266.789,35.05407199999999,-90.00125899999999,ChIJIzdhk1h91YcRZT7cBcBslaM,OK,120700,471579801001049
2266.789,35.05407199999999,-90.00125899999999,ChIJIzdhk1h91YcRZT7cBcBslaM,OK,120700,471579801001049
2670.188,35.0643218,-89.9923063,ChIJb3DQuo2Hf4gRC8UI6d4pa68,OK,162971,471579801001049
1514.329,35.0614623,-89.8536277,ChIJ4TWJkTWFf4gRbkNZYfkF9Jw,OK,117261,471570217252007
1514.329,35.0614623,-89.8536277,ChIJ4TWJkTWFf4gRbkNZYfkF9Jw,OK,117261,471570217252007
1599.101,35.0512763,-89.8427476,ChIJ7VPJ3q-af4gRdxERIyaZ0gk,OK,123449,471570217252007
4265.805,35.0543926,-90.0597009,ChIJT5TzUbl81YcRiPqNjkbj9CA,OK,259208,471570222203003
3853.014,35.06128,-90.05978399999999,ChIJm06f8ZV81YcRTjzAsJPcBKY,OK,289060,471570222203003
3853.014,35.06128,-90.05978399999999,ChIJm06f8ZV81YcRTjzAsJPcBKY,OK,289060,471570222203003
2002.029,35.0614623,-89.8536277,ChIJ4TWJkTWFf4gRbkNZYfkF9Jw,OK,142408,471570217211009
2002.029,35.0614623,-89.8536277,ChIJ4TWJkTWFf4gRbkNZYfkF9Jw,OK,142408,471570217211009
2167.532,35.050596,-89.869556,ChIJQ4vLA2iFf4gRyyCo3ihKH44,OK,143149,471570217211009
1617.428,35.05905920000001,-89.9340455,ChIJM89Mbw2Gf4gRFqf4fPnKU7k,OK,100159,471570105001029
1617.428,35.05905920000001,-89.9340455,ChIJM89Mbw2Gf4gRFqf4fPnKU7k,OK,100159,471570105001029
1667.162,35.06591589999999,-89.94154240000002,ChIJTUcfL2qGf4gRH4x-pmmajWw,OK,105083,471570105001029
3285.688,35.0493563,-89.83813929999999,ChIJjRQNzqSaf4gRxmNqB0YAYGM,OK,224605,471570213342001
3285.688,35.0493563,-89.83813929999999,ChIJjRQNzqSaf4gRxmNqB0YAYGM,OK,224605,471570213342001
3607.453,35.049031,-89.841437,ChIJt6vl46-af4gRvoN8Yvkmx9A,OK,247447,471570213342001
1896.398,35.0461089,-89.7947008,ChIJaZI6O3Oaf4gRqa_eh0DNj_s,OK,105019,471570213423050
1896.398,35.0461089,-89.7947008,ChIJaZI6O3Oaf4gRqa_eh0DNj_s,OK,105019,471570213423050
2014.403,35.045091,-89.795412,ChIJVelsQnOaf4gRECqTW7fq-dY,OK,111554,471570213423050
1480.533,35.063996,-89.90690699999999,ChIJn51vcb-Ff4gRvoXU4r8swrw,OK,127079,471570106302011
1609.278,35.0515544,-89.92255089999999,ChIJG_UFGuOFf4gRyHNDzwp5is0,OK,128542,471570106302011
1609.278,35.0515544,-89.92255089999999,ChIJG_UFGuOFf4gRyHNDzwp5is0,OK,128542,471570106302011
12053.508,35.02753099999999,-90.082077,ChIJK66rdetk1YcRwwxI9gDREks,keyerror,962835,471579803001014
12053.508,35.02753099999999,-90.082077,ChIJK66rdetk1YcRwwxI9gDREks,keyerror,962835,471579803001014
13773.935,34.999309,-90.118577,ChIJ9TRIjgZl1YcR3fm2jM14AHY,keyerror,1058804,471579803001014
2535.254,35.0461089,-89.7947008,ChIJaZI6O3Oaf4gRqa_eh0DNj_s,OK,169115,471570213423018
2535.254,35.0461089,-89.7947008,ChIJaZI6O3Oaf4gRqa_eh0DNj_s,OK,169115,471570213423018
2653.259,35.045091,-89.795412,ChIJVelsQnOaf4gRECqTW7fq-dY,OK,175650,471570213423018
231.075,35.0643218,-89.9923063,ChIJb3DQuo2Hf4gRC8UI6d4pa68,OK,32727,471570225001125
231.075,35.0643218,-89.9923063,ChIJb3DQuo2Hf4gRC8UI6d4pa68,OK,32727,471570225001125
1987.076,35.05407199999999,-90.00125899999999,ChIJIzdhk1h91YcRZT7cBcBslaM,OK,110046,471570225001125
236.168,35.062945,-89.90568519999999,ChIJjxj9mL-Ff4gRoOEx9OzDyxs,OK,25901,471570107101025
236.168,35.062945,-89.90568519999999,ChIJjxj9mL-Ff4gRoOEx9OzDyxs,OK,25901,471570107101025
222.53,35.063996,-89.90690699999999,ChIJn51vcb-Ff4gRvoXU4r8swrw,OK,40051,471570107101025
1569.208,35.05113000000001,-89.815021,ChIJAdLMX4iaf4gRUenKpoiyrBc,OK,125354,471570213341010
1569.208,35.05113000000001,-89.815021,ChIJAdLMX4iaf4gRUenKpoiyrBc,OK,125354,471570213341010
1783.35,35.048632,-89.814048,ChIJqY7T64eaf4gRoqZRK7sz4Co,OK,137630,471570213341010
1890.198,35.0614623,-89.8536277,ChIJ4TWJkTWFf4gRbkNZYfkF9Jw,OK,121358,471570217102013
1890.198,35.0614623,-89.8536277,ChIJ4TWJkTWFf4gRbkNZYfkF9Jw,OK,121358,471570217102013
2055.702,35.050596,-89.869556,ChIJQ4vLA2iFf4gRyyCo3ihKH44,OK,122099,471570217102013
834.719,35.05905920000001,-89.9340455,ChIJM89Mbw2Gf4gRFqf4fPnKU7k,OK,89555,471570105001014
834.719,35.05905920000001,-89.9340455,ChIJM89Mbw2Gf4gRFqf4fPnKU7k,OK,89555,471570105001014
1195.111,35.06591589999999,-89.94154240000002,ChIJTUcfL2qGf4gRH4x-pmmajWw,OK,119424,471570105001014
3204.017,35.054745,-90.007971,ChIJXxyyQlt91YcRhldtWgjSnSE,OK,208360,471570225001036
3204.017,35.054745,-90.007971,ChIJXxyyQlt91YcRhldtWgjSnSE,OK,208360,471570225001036
3634.209,35.05407199999999,-90.00125899999999,ChIJIzdhk1h91YcRZT7cBcBslaM,OK,228044,471570225001036
768.992,35.0614623,-89.8536277,ChIJ4TWJkTWFf4gRbkNZYfkF9Jw,OK,56325,471570217253009
768.992,35.0614623,-89.8536277,ChIJ4TWJkTWFf4gRbkNZYfkF9Jw,OK,56325,471570217253009
1619.298,35.0493493,-89.855357,ChIJH2Nw4lGFf4gRq0vxk4n5iAE,OK,104819,471570217253009
1246.256,35.05113000000001,-89.815021,ChIJAdLMX4iaf4gRUenKpoiyrBc,OK,88898,471570213421010
1663.751,35.12545849999999,-89.97454169999999,ChIJoyT3HjOHf4gRS6EdHckmff8,OK,110187,471570066002046
1819.427,35.13418100000001,-89.98599,ChIJnf1_yraAf4gR9pQmD7CXhgg,OK,115716,471570066002046
1230.43,35.109859,-89.99141100000001,ChIJs6JbpFyHf4gR9O01gG0a7fQ,OK,77067,471570066001017
1230.43,35.109859,-89.99141100000001,ChIJs6JbpFyHf4gR9O01gG0a7fQ,OK,77067,471570066001017
1856.268,35.107529,-89.9862127,ChIJ0WGfSUKHf4gRjDLrfGQwCV4,OK,122663,471570066001017
519.882,35.107529,-89.9862127,ChIJ0WGfSUKHf4gRjDLrfGQwCV4,OK,44811,471570067002006
519.882,35.107529,-89.9862127,ChIJ0WGfSUKHf4gRjDLrfGQwCV4,OK,44811,471570067002006
960.9,35.104197,-89.98335349999999,ChIJNST6hGqHf4gR0Mml4gyjQWk,OK,64370,471570067002006
563.395,35.104197,-89.98335349999999,ChIJNST6hGqHf4gR0Mml4gyjQWk,OK,40398,471570065001007
705.028,35.109859,-89.99141100000001,ChIJs6JbpFyHf4gR9O01gG0a7fQ,OK,48243,471570065001007
705.028,35.109859,-89.99141100000001,ChIJs6JbpFyHf4gR9O01gG0a7fQ,OK,48243,471570065001007
1883.842,35.109859,-89.99141100000001,ChIJs6JbpFyHf4gR9O01gG0a7fQ,OK,142487,471570078103004
2066.556,35.104197,-89.98335349999999,ChIJNST6hGqHf4gR0Mml4gyjQWk,OK,144379,471570078103004
2066.556,35.104197,-89.98335349999999,ChIJNST6hGqHf4gR0Mml4gyjQWk,OK,144379,471570078103004
1560.099,35.19067459999999,-89.8489943,ChIJ364PGjWdf4gRKbsrGLq8_XQ,OK,124887,471570211112012
1560.099,35.19067459999999,-89.8489943,ChIJ364PGjWdf4gRKbsrGLq8_XQ,OK,124887,471570211112012
3579.724,35.16339899999999,-89.855841,ChIJA_xfkC6Df4gRAjVZwLz1jqA,OK,217933,471570211112012
2882.559,35.156962,-89.88851749999999,ChIJaVmJmQmDf4gR3ZGZP7kcoeo,OK,148320,471570091001014
2882.559,35.156962,-89.88851749999999,ChIJaVmJmQmDf4gR3ZGZP7kcoeo,OK,148320,471570091001014
3266.952,35.1913738,-89.8964247,ChIJwQffFF2Cf4gRzaR3rfvt3f4,OK,182563,471570091001014
3997.055,35.17410499999999,-89.97575479999999,ChIJmfYTGFmAf4gRHGKCaD0qCtI,OK,214468,471570111001001
3997.055,35.17410499999999,-89.97575479999999,ChIJmfYTGFmAf4gRHGKCaD0qCtI,OK,214468,471570111001001
5204.032,35.183951,-89.93106899999999,ChIJWQ0EIo-Bf4gR6cuqlCcQuNw,OK,272678,471570111001001
1690.924,35.1490317,-90.0140679,ChIJw3q9_xV-1YcRqrte6yBn1CI,OK,98525,471570017002015
1690.924,35.1490317,-90.0140679,ChIJw3q9_xV-1YcRqrte6yBn1CI,OK,98525,471570017002015
2413.162,35.1444038,-90.0168571,ChIJufYEjhR-1YcREff46W6Lons,OK,145878,471570017002015
3591.146,35.1503395,-89.89321,ChIJRaSiF6KDf4gRNIqqt1VnH58,OK,242643,471570086003000
4163.708,35.1489345,-89.89838259999999,ChIJaTBvX72Df4gRiyFT0LQMnrQ,OK,279217,471570086003000
4163.708,35.1489345,-89.89838259999999,ChIJaTBvX72Df4gRiyFT0LQMnrQ,OK,279217,471570086003000
872.872,35.1503395,-89.89321,ChIJRaSiF6KDf4gRNIqqt1VnH58,OK,104742,471570098001010
872.872,35.1503395,-89.89321,ChIJRaSiF6KDf4gRNIqqt1VnH58,OK,104742,471570098001010
1316.623,35.156962,-89.88851749999999,ChIJaVmJmQmDf4gR3ZGZP7kcoeo,OK,135477,471570098001010
1185.063,35.164068,-89.8770782,ChIJpUMbExuDf4gRyW4QpPURe54,OK,78865,471570206101045
1185.063,35.164068,-89.8770782,ChIJpUMbExuDf4gRyW4QpPURe54,OK,78865,471570206101045
2409.192,35.156962,-89.88851749999999,ChIJaVmJmQmDf4gR3ZGZP7kcoeo,OK,160353,471570206101045
3140.642,35.0493563,-89.83813929999999,ChIJjRQNzqSaf4gRxmNqB0YAYGM,OK,207198,471570213342011
3140.642,35.0493563,-89.83813929999999,ChIJjRQNzqSaf4gRxmNqB0YAYGM,OK,207198,471570213342011
3462.407,35.049031,-89.841437,ChIJt6vl46-af4gRvoN8Yvkmx9A,OK,230040,471570213342011
4671.499,35.148225,-89.89748700000001,ChIJC8t095eDf4gRGuXK3FleZyg,OK,235490,471570092003016
5163.515,35.1503395,-89.89321,ChIJRaSiF6KDf4gRNIqqt1VnH58,OK,267231,471570092003016
5163.515,35.1503395,-89.89321,ChIJRaSiF6KDf4gRNIqqt1VnH58,OK,267231,471570092003016
5389.109,35.0854368,-89.89541919999999,ChIJf5cc-VKEf4gRF-lYLgijYQQ,OK,308550,471570213112018
5389.109,35.0854368,-89.89541919999999,ChIJf5cc-VKEf4gRF-lYLgijYQQ,OK,308550,471570213112018
4569.643,35.1153996,-89.89414069999999,ChIJCb4NOWWEf4gR79YlPQoocW4,OK,310204,471570213112018
722.503,35.148225,-89.89748700000001,ChIJC8t095eDf4gRGuXK3FleZyg,OK,58468,471570092002010
722.503,35.148225,-89.89748700000001,ChIJC8t095eDf4gRGuXK3FleZyg,OK,58468,471570092002010
803.049,35.1489345,-89.89838259999999,ChIJaTBvX72Df4gRiyFT0LQMnrQ,OK,63300,471570092002010
122.118,35.1490317,-90.0140679,ChIJw3q9_xV-1YcRqrte6yBn1CI,OK,7323,471570025002017
122.118,35.1490317,-90.0140679,ChIJw3q9_xV-1YcRqrte6yBn1CI,OK,7323,471570025002017
844.355,35.1444038,-90.0168571,ChIJufYEjhR-1YcREff46W6Lons,OK,54676,471570025002017
1230.688,35.1490317,-90.0140679,ChIJw3q9_xV-1YcRqrte6yBn1CI,OK,79063,471570017003008
1230.688,35.1490317,-90.0140679,ChIJw3q9_xV-1YcRqrte6yBn1CI,OK,79063,471570017003008
1952.926,35.1444038,-90.0168571,ChIJufYEjhR-1YcREff46W6Lons,OK,126416,471570017003008
238.213,35.1490317,-90.0140679,ChIJw3q9_xV-1YcRqrte6yBn1CI,OK,14292,471570025002027
238.213,35.1490317,-90.0140679,ChIJw3q9_xV-1YcRqrte6yBn1CI,OK,14292,471570025002027
484.026,35.1444038,-90.0168571,ChIJufYEjhR-1YcREff46W6Lons,OK,33060,471570025002027
1380.003,35.1444038,-90.0168571,ChIJufYEjhR-1YcREff46W6Lons,OK,81066,471570038001003
1380.003,35.1444038,-90.0168571,ChIJufYEjhR-1YcREff46W6Lons,OK,81066,471570038001003
2027.687,35.1490317,-90.0140679,ChIJw3q9_xV-1YcRqrte6yBn1CI,OK,115000,471570038001003
2329.506,35.125222,-90.048147,ChIJ9cKdtid81YcRKs9h6RjzQzw,OK,146165,471570037001012
2329.506,35.125222,-90.048147,ChIJ9cKdtid81YcRKs9h6RjzQzw,OK,146165,471570037001012
2331.32,35.1251709,-90.0481695,ChIJybIJtCd81YcR9Otxws-5qCM,OK,146265,471570037001012
2384.623,35.1444038,-90.0168571,ChIJufYEjhR-1YcREff46W6Lons,OK,153759,471570037001015
2803.01,35.1157645,-90.022279,ChIJwZqBNMN91YcRRpdDvj5Pcr8,OK,164564,471570037001015
2836.768,35.1490317,-90.0140679,ChIJw3q9_xV-1YcRqrte6yBn1CI,OK,176865,471570037001015
3694.359,35.1444038,-90.0168571,ChIJufYEjhR-1YcREff46W6Lons,OK,203062,471570036002006
3694.359,35.1444038,-90.0168571,ChIJufYEjhR-1YcREff46W6Lons,OK,203062,471570036002006
2876.881,35.148225,-89.89748700000001,ChIJC8t095eDf4gRGuXK3FleZyg,OK,208462,471570092005014
3133.337,35.1503395,-89.89321,ChIJRaSiF6KDf4gRNIqqt1VnH58,OK,215539,471570092005014
3133.337,35.1503395,-89.89321,ChIJRaSiF6KDf4gRNIqqt1VnH58,OK,215539,471570092005014
3714.213,35.148225,-89.89748700000001,ChIJC8t095eDf4gRGuXK3FleZyg,OK,265074,471570092005010
3970.669,35.1503395,-89.89321,ChIJRaSiF6KDf4gRNIqqt1VnH58,OK,272151,471570092005010
3970.669,35.1503395,-89.89321,ChIJRaSiF6KDf4gRNIqqt1VnH58,OK,272151,471570092005010
3029.135,35.148225,-89.89748700000001,ChIJC8t095eDf4gRGuXK3FleZyg,OK,220985,471570092005024
3285.591,35.1503395,-89.89321,ChIJRaSiF6KDf4gRNIqqt1VnH58,OK,228062,471570092005024
3285.591,35.1503395,-89.89321,ChIJRaSiF6KDf4gRNIqqt1VnH58,OK,228062,471570092005024
3179.979,35.148225,-89.89748700000001,ChIJC8t095eDf4gRGuXK3FleZyg,OK,218926,471570092005017
3436.435,35.1503395,-89.89321,ChIJRaSiF6KDf4gRNIqqt1VnH58,OK,226003,471570092005017
3436.435,35.1503395,-89.89321,ChIJRaSiF6KDf4gRNIqqt1VnH58,OK,226003,471570092005017
3119.228,35.148225,-89.89748700000001,ChIJC8t095eDf4gRGuXK3FleZyg,OK,231796,471570092005023
3375.684,35.1503395,-89.89321,ChIJRaSiF6KDf4gRNIqqt1VnH58,OK,238873,471570092005023
3375.684,35.1503395,-89.89321,ChIJRaSiF6KDf4gRNIqqt1VnH58,OK,238873,471570092005023
3308.902,35.148225,-89.89748700000001,ChIJC8t095eDf4gRGuXK3FleZyg,OK,254556,471570092005011
3308.902,35.148225,-89.89748700000001,ChIJC8t095eDf4gRGuXK3FleZyg,OK,254556,471570092005011
3565.357,35.1503395,-89.89321,ChIJRaSiF6KDf4gRNIqqt1VnH58,OK,261633,471570092005011
6925.542,35.16339899999999,-89.855841,ChIJA_xfkC6Df4gRAjVZwLz1jqA,OK,513237,471570092005000
6925.542,35.16339899999999,-89.855841,ChIJA_xfkC6Df4gRAjVZwLz1jqA,OK,513237,471570092005000
7000.697,35.1623785,-89.8566175,ChIJXQHWWS6Df4gRqhH5EQ9H1j0,OK,522202,471570092005000
3673.915,35.1503395,-89.89321,ChIJRaSiF6KDf4gRNIqqt1VnH58,OK,267549,471570092005019
3673.915,35.1503395,-89.89321,ChIJRaSiF6KDf4gRNIqqt1VnH58,OK,267549,471570092005019
3683.759,35.156962,-89.88851749999999,ChIJaVmJmQmDf4gR3ZGZP7kcoeo,OK,277024,471570092005019
3693.552,35.1503395,-89.89321,ChIJRaSiF6KDf4gRNIqqt1VnH58,OK,269906,471570092005020
3693.552,35.1503395,-89.89321,ChIJRaSiF6KDf4gRNIqqt1VnH58,OK,269906,471570092005020
3703.396,35.156962,-89.88851749999999,ChIJaVmJmQmDf4gR3ZGZP7kcoeo,OK,279381,471570092005020
3788.042,35.1503395,-89.89321,ChIJRaSiF6KDf4gRNIqqt1VnH58,OK,281244,471570092005021
3788.042,35.1503395,-89.89321,ChIJRaSiF6KDf4gRNIqqt1VnH58,OK,281244,471570092005021
3797.886,35.156962,-89.88851749999999,ChIJaVmJmQmDf4gR3ZGZP7kcoeo,OK,290719,471570092005021
3750.502,35.148225,-89.89748700000001,ChIJC8t095eDf4gRGuXK3FleZyg,OK,274622,471570092005022
4006.958,35.1503395,-89.89321,ChIJRaSiF6KDf4gRNIqqt1VnH58,OK,281699,471570092005022
4006.958,35.1503395,-89.89321,ChIJRaSiF6KDf4gRNIqqt1VnH58,OK,281699,471570092005022
3495.305,35.1153996,-89.89414069999999,ChIJCb4NOWWEf4gR79YlPQoocW4,OK,271122,471570096001004
3495.305,35.1153996,-89.89414069999999,ChIJCb4NOWWEf4gR79YlPQoocW4,OK,271122,471570096001004
4074.081,35.1145886,-89.90089789999999,ChIJKWmlFW6Ef4gR0YNISWQMkss,OK,298675,471570096001004
3560.043,35.1153996,-89.89414069999999,ChIJCb4NOWWEf4gR79YlPQoocW4,OK,248992,471570092005025
3560.043,35.1153996,-89.89414069999999,ChIJCb4NOWWEf4gR79YlPQoocW4,OK,248992,471570092005025
3999.368,35.148225,-89.89748700000001,ChIJC8t095eDf4gRGuXK3FleZyg,OK,257430,471570092005025
774.764,35.1060329,-90.039159,ChIJ231bcjV81YcRQ1quDeYAd6M,OK,92965,471570057001054
774.764,35.1060329,-90.039159,ChIJ231bcjV81YcRQ1quDeYAd6M,OK,92965,471570057001054
2676.31,35.098685,-90.05664899999999,ChIJ31qwBkJ81YcRk2V5pdmdhrM,OK,171805,471570057001054
3960.29,35.1503395,-89.89321,ChIJRaSiF6KDf4gRNIqqt1VnH58,OK,270906,471570092005009
3960.29,35.1503395,-89.89321,ChIJRaSiF6KDf4gRNIqqt1VnH58,OK,270906,471570092005009
4105.383,35.1153996,-89.89414069999999,ChIJCb4NOWWEf4gR79YlPQoocW4,OK,276929,471570092005009
3467.637,35.1153996,-89.89414069999999,ChIJCb4NOWWEf4gR79YlPQoocW4,OK,225963,471570092005028
3467.637,35.1153996,-89.89414069999999,ChIJCb4NOWWEf4gR79YlPQoocW4,OK,225963,471570092005028
3906.963,35.148225,-89.89748700000001,ChIJC8t095eDf4gRGuXK3FleZyg,OK,234401,471570092005028
3569.263,35.1153996,-89.89414069999999,ChIJCb4NOWWEf4gR79YlPQoocW4,OK,250099,471570096002001
3569.263,35.1153996,-89.89414069999999,ChIJCb4NOWWEf4gR79YlPQoocW4,OK,250099,471570096002001
4008.589,35.148225,-89.89748700000001,ChIJC8t095eDf4gRGuXK3FleZyg,OK,258537,471570096002001
3516.509,35.1153996,-89.89414069999999,ChIJCb4NOWWEf4gR79YlPQoocW4,OK,258101,471570096002007
3516.509,35.1153996,-89.89414069999999,ChIJCb4NOWWEf4gR79YlPQoocW4,OK,258101,471570096002007
4424.998,35.1503395,-89.89321,ChIJRaSiF6KDf4gRNIqqt1VnH58,OK,284382,471570096002007
3823.404,35.1153996,-89.89414069999999,ChIJCb4NOWWEf4gR79YlPQoocW4,OK,247307,471570096002000
3823.404,35.1153996,-89.89414069999999,ChIJCb4NOWWEf4gR79YlPQoocW4,OK,247307,471570096002000
4262.729,35.148225,-89.89748700000001,ChIJC8t095eDf4gRGuXK3FleZyg,OK,255745,471570096002000
3763.549,35.1153996,-89.89414069999999,ChIJCb4NOWWEf4gR79YlPQoocW4,OK,245129,471570092005026
3763.549,35.1153996,-89.89414069999999,ChIJCb4NOWWEf4gR79YlPQoocW4,OK,245129,471570092005026
4202.874,35.148225,-89.89748700000001,ChIJC8t095eDf4gRGuXK3FleZyg,OK,253567,471570092005026
3933.692,35.1153996,-89.89414069999999,ChIJCb4NOWWEf4gR79YlPQoocW4,OK,261755,471570096001010
3933.692,35.1153996,-89.89414069999999,ChIJCb4NOWWEf4gR79YlPQoocW4,OK,261755,471570096001010
4373.017,35.148225,-89.89748700000001,ChIJC8t095eDf4gRGuXK3FleZyg,OK,270193,471570096001010
3361.071,35.1153996,-89.89414069999999,ChIJCb4NOWWEf4gR79YlPQoocW4,OK,255015,471570096001007
3361.071,35.1153996,-89.89414069999999,ChIJCb4NOWWEf4gR79YlPQoocW4,OK,255015,471570096001007
3939.847,35.1145886,-89.90089789999999,ChIJKWmlFW6Ef4gR0YNISWQMkss,OK,282568,471570096001007
3644.002,35.1153996,-89.89414069999999,ChIJCb4NOWWEf4gR79YlPQoocW4,OK,265869,471570096001005
1897.28,35.1507888,-89.977317,ChIJdVWrOuqAf4gR-V7s1E3qo7g,OK,117669,471570009003012
1897.28,35.1507888,-89.977317,ChIJdVWrOuqAf4gR-V7s1E3qo7g,OK,117669,471570009003012
2120.238,35.1738374,-89.98954379999999,ChIJ_S0BIGOAf4gRU3Ph4W65cOQ,OK,150844,471570009003012
1751.594,35.1507888,-89.977317,ChIJdVWrOuqAf4gR-V7s1E3qo7g,OK,112957,471570016001002
1751.594,35.1507888,-89.977317,ChIJdVWrOuqAf4gR-V7s1E3qo7g,OK,112957,471570016001002
2779.352,35.17410499999999,-89.97575479999999,ChIJmfYTGFmAf4gRHGKCaD0qCtI,OK,176510,471570016001002
664.616,35.1507888,-89.977317,ChIJdVWrOuqAf4gR-V7s1E3qo7g,OK,49084,471570016001042
664.616,35.1507888,-89.977317,ChIJdVWrOuqAf4gR-V7s1E3qo7g,OK,49084,471570016001042
2529,35.13418100000001,-89.98599,ChIJnf1_yraAf4gR9pQmD7CXhgg,OK,147953,471570016001042
662.79,35.1507888,-89.977317,ChIJdVWrOuqAf4gR-V7s1E3qo7g,OK,48249,471570016001009
662.79,35.1507888,-89.977317,ChIJdVWrOuqAf4gR-V7s1E3qo7g,OK,48249,471570016001009
2527.173,35.13418100000001,-89.98599,ChIJnf1_yraAf4gR9pQmD7CXhgg,OK,147118,471570016001009
609.482,35.142439,-90.006118,ChIJeUPo2Rt-1YcRdoG2a54M-d0,OK,45753,471570026001013
609.482,35.142439,-90.006118,ChIJeUPo2Rt-1YcRdoG2a54M-d0,OK,45753,471570026001013
1125.294,35.13774119999999,-89.99713,ChIJtwtohKiAf4gRFxkNLUf9PgA,OK,78498,471570026001013
725.48,35.142439,-90.006118,ChIJeUPo2Rt-1YcRdoG2a54M-d0,OK,56674,471570026001010
725.48,35.142439,-90.006118,ChIJeUPo2Rt-1YcRdoG2a54M-d0,OK,56674,471570026001010
1205.471,35.139426,-90.00714049999999,ChIJC-6kIBt-1YcRA1cskDtjsVc,OK,105384,471570026001010
752.318,35.142439,-90.006118,ChIJeUPo2Rt-1YcRdoG2a54M-d0,OK,59894,471570026001011
752.318,35.142439,-90.006118,ChIJeUPo2Rt-1YcRdoG2a54M-d0,OK,59894,471570026001011
1232.309,35.139426,-90.00714049999999,ChIJC-6kIBt-1YcRA1cskDtjsVc,OK,108604,471570026001011
750.48,35.142439,-90.006118,ChIJeUPo2Rt-1YcRdoG2a54M-d0,OK,59674,471570026001014
750.48,35.142439,-90.006118,ChIJeUPo2Rt-1YcRdoG2a54M-d0,OK,59674,471570026001014
1230.471,35.139426,-90.00714049999999,ChIJC-6kIBt-1YcRA1cskDtjsVc,OK,108384,471570026001014
262.533,35.142439,-90.006118,ChIJeUPo2Rt-1YcRdoG2a54M-d0,OK,23643,471570026001018
262.533,35.142439,-90.006118,ChIJeUPo2Rt-1YcRdoG2a54M-d0,OK,23643,471570026001018
742.524,35.139426,-90.00714049999999,ChIJC-6kIBt-1YcRA1cskDtjsVc,OK,72353,471570026001018
209.443,35.142439,-90.006118,ChIJeUPo2Rt-1YcRdoG2a54M-d0,OK,25133,471570034002001
209.443,35.142439,-90.006118,ChIJeUPo2Rt-1YcRdoG2a54M-d0,OK,25133,471570034002001
473.763,35.13763670000001,-90.00757159999999,ChIJl69WLQV-1YcRU3z7Tt2MyhY,OK,50218,471570034002001
174.744,35.13763670000001,-90.00757159999999,ChIJl69WLQV-1YcRU3z7Tt2MyhY,OK,14824,471570034001001
174.744,35.13763670000001,-90.00757159999999,ChIJl69WLQV-1YcRU3z7Tt2MyhY,OK,14824,471570034001001
283.527,35.139426,-90.00714049999999,ChIJC-6kIBt-1YcRA1cskDtjsVc,OK,27877,471570034001001
589.262,35.13763670000001,-90.00757159999999,ChIJl69WLQV-1YcRU3z7Tt2MyhY,OK,51501,471570032003004
589.262,35.13763670000001,-90.00757159999999,ChIJl69WLQV-1YcRU3z7Tt2MyhY,OK,51501,471570032003004
698.045,35.139426,-90.00714049999999,ChIJC-6kIBt-1YcRA1cskDtjsVc,OK,64554,471570032003004
318.475,35.13763670000001,-90.00757159999999,ChIJl69WLQV-1YcRU3z7Tt2MyhY,OK,29712,471570034001006
318.475,35.13763670000001,-90.00757159999999,ChIJl69WLQV-1YcRU3z7Tt2MyhY,OK,29712,471570034001006
520.738,35.139426,-90.00714049999999,ChIJC-6kIBt-1YcRA1cskDtjsVc,OK,53982,471570034001006
1358.89,35.13763670000001,-90.00757159999999,ChIJl69WLQV-1YcRU3z7Tt2MyhY,OK,111857,471570035001004
1358.89,35.13763670000001,-90.00757159999999,ChIJl69WLQV-1YcRU3z7Tt2MyhY,OK,111857,471570035001004
1569.642,35.139426,-90.00714049999999,ChIJC-6kIBt-1YcRA1cskDtjsVc,OK,129979,471570035001004
756.316,35.13763670000001,-90.00757159999999,ChIJl69WLQV-1YcRU3z7Tt2MyhY,OK,66765,471570034001008
756.316,35.13763670000001,-90.00757159999999,ChIJl69WLQV-1YcRU3z7Tt2MyhY,OK,66765,471570034001008
1123.774,35.13774119999999,-89.99713,ChIJtwtohKiAf4gRFxkNLUf9PgA,OK,83991,471570034001008
696.247,35.142439,-90.006118,ChIJeUPo2Rt-1YcRdoG2a54M-d0,OK,60611,471570032002002
696.247,35.142439,-90.006118,ChIJeUPo2Rt-1YcRdoG2a54M-d0,OK,60611,471570032002002
799.353,35.13774119999999,-89.99713,ChIJtwtohKiAf4gRFxkNLUf9PgA,OK,71933,471570032002002
680.602,35.13774119999999,-89.99713,ChIJtwtohKiAf4gRFxkNLUf9PgA,OK,57683,471570032003003
680.602,35.13774119999999,-89.99713,ChIJtwtohKiAf4gRFxkNLUf9PgA,OK,57683,471570032003003
697.349,35.13763670000001,-90.00757159999999,ChIJl69WLQV-1YcRU3z7Tt2MyhY,OK,59416,471570032003003
817.612,35.13763670000001,-90.00757159999999,ChIJl69WLQV-1YcRU3z7Tt2MyhY,OK,74121,471570032003005
817.612,35.13763670000001,-90.00757159999999,ChIJl69WLQV-1YcRU3z7Tt2MyhY,OK,74121,471570032003005
1185.071,35.13774119999999,-89.99713,ChIJtwtohKiAf4gRFxkNLUf9PgA,OK,91347,471570032003005
226.051,35.13774119999999,-89.99713,ChIJtwtohKiAf4gRFxkNLUf9PgA,OK,27125,471570032002008
226.051,35.13774119999999,-89.99713,ChIJtwtohKiAf4gRFxkNLUf9PgA,OK,27125,471570032002008
1219.542,35.142439,-90.006118,ChIJeUPo2Rt-1YcRdoG2a54M-d0,OK,82533,471570032002008
572.195,35.142439,-90.006118,ChIJeUPo2Rt-1YcRdoG2a54M-d0,OK,45725,471570032002004
572.195,35.142439,-90.006118,ChIJeUPo2Rt-1YcRdoG2a54M-d0,OK,45725,471570032002004
1225.643,35.13774119999999,-89.99713,ChIJtwtohKiAf4gRFxkNLUf9PgA,OK,86092,471570032002004
1105.732,35.142439,-90.006118,ChIJeUPo2Rt-1YcRdoG2a54M-d0,OK,85730,471570016001039
1254.528,35.13774119999999,-89.99713,ChIJtwtohKiAf4gRFxkNLUf9PgA,OK,98149,471570016001039
1254.528,35.13774119999999,-89.99713,ChIJtwtohKiAf4gRFxkNLUf9PgA,OK,98149,471570016001039
483.351,35.13774119999999,-89.99713,ChIJtwtohKiAf4gRFxkNLUf9PgA,OK,57999,471570032002007
483.351,35.13774119999999,-89.99713,ChIJtwtohKiAf4gRFxkNLUf9PgA,OK,57999,471570032002007
1205.952,35.142439,-90.006118,ChIJeUPo2Rt-1YcRdoG2a54M-d0,OK,89034,471570032002007
2939.626,35.0757114,-89.9271675,ChIJ-d7FIHmGf4gR6Aa1VQWm0ps,OK,261731,471570097001021
4643.599,35.2044739,-89.76342459999999,ChIJ3XsJxyKef4gRTeWb3lonWsU,OK,344016,471570211413008
4643.599,35.2044739,-89.76342459999999,ChIJ3XsJxyKef4gRTeWb3lonWsU,OK,344016,471570211413008
6334.014,35.2074362,-89.7805166,ChIJ62ATRfudf4gRPIrPAXGVsiQ,OK,475502,471570211413008
653.221,35.13418100000001,-89.98599,ChIJnf1_yraAf4gR9pQmD7CXhgg,OK,41412,471570031002010
653.221,35.13418100000001,-89.98599,ChIJnf1_yraAf4gR9pQmD7CXhgg,OK,41412,471570031002010
1004.944,35.13779299999999,-89.99118349999999,ChIJUQlZ-K-Af4gRkRKK62-ap5w,OK,77116,471570031002010
784.57,35.13418100000001,-89.98599,ChIJnf1_yraAf4gR9pQmD7CXhgg,OK,64886,471570031002018
784.57,35.13418100000001,-89.98599,ChIJnf1_yraAf4gR9pQmD7CXhgg,OK,64886,471570031002018
1518.101,35.12545849999999,-89.97454169999999,ChIJoyT3HjOHf4gRS6EdHckmff8,OK,105958,471570031002018
488.32,35.1507888,-89.977317,ChIJdVWrOuqAf4gR-V7s1E3qo7g,OK,29297,471570027002002
488.32,35.1507888,-89.977317,ChIJdVWrOuqAf4gR-V7s1E3qo7g,OK,29297,471570027002002
2406.575,35.13418100000001,-89.98599,ChIJnf1_yraAf4gR9pQmD7CXhgg,OK,133824,471570027002002
2298.179,35.1145886,-89.90089789999999,ChIJKWmlFW6Ef4gR0YNISWQMkss,OK,156698,471570085001012
2413.864,35.1075089,-89.9318387,ChIJVboYU6KGf4gRHfEHUi8Izac,OK,181771,471570085001012
2413.864,35.1075089,-89.9318387,ChIJVboYU6KGf4gRHfEHUi8Izac,OK,181771,471570085001012
1981.206,35.1439641,-90.0517892,ChIJL-0zBZR-1YcRj7p5p1WY4-g,OK,121858,471570113001073
1981.206,35.1439641,-90.0517892,ChIJL-0zBZR-1YcRj7p5p1WY4-g,OK,121858,471570113001073
2011.897,35.1435177,-90.0539328,ChIJ8VFg1pV-1YcRR9G8p0pZx6U,OK,122137,471570113001073
636.678,35.0612606,-89.88628629999999,ChIJAQ_I1gqFf4gRFrt5yQeAEps,OK,55229,471570107103019
636.678,35.0612606,-89.88628629999999,ChIJAQ_I1gqFf4gRFrt5yQeAEps,OK,55229,471570107103019
520.078,35.0632829,-89.88727279999999,ChIJvVoQ4QqFf4gRItXZGUDZ-Hc,OK,70656,471570107103019
713.059,35.0612606,-89.88628629999999,ChIJAQ_I1gqFf4gRFrt5yQeAEps,OK,54061,471570108101012
713.059,35.0612606,-89.88628629999999,ChIJAQ_I1gqFf4gRFrt5yQeAEps,OK,54061,471570108101012
736.511,35.0531879,-89.8855975,ChIJy5TuWnaFf4gRzUE1FqfjCIk,OK,58829,471570108101012
384.042,35.1490317,-90.0140679,ChIJw3q9_xV-1YcRqrte6yBn1CI,OK,34495,471570025002009
384.042,35.1490317,-90.0140679,ChIJw3q9_xV-1YcRqrte6yBn1CI,OK,34495,471570025002009
1106.28,35.1444038,-90.0168571,ChIJufYEjhR-1YcREff46W6Lons,OK,81848,471570025002009
5357.935,35.0643218,-89.9923063,ChIJb3DQuo2Hf4gRC8UI6d4pa68,OK,319520,471570078214003
5357.935,35.0643218,-89.9923063,ChIJb3DQuo2Hf4gRC8UI6d4pa68,OK,319520,471570078214003
5973.07,35.054745,-90.007971,ChIJXxyyQlt91YcRhldtWgjSnSE,OK,349890,471570078214003
1578.399,35.0878609,-89.931612,ChIJ78kLm4aGf4gRhPZ5eF_7ojg,OK,114663,471570097001011
3374.013,35.0757114,-89.9271675,ChIJ-d7FIHmGf4gR6Aa1VQWm0ps,OK,222919,471570097001011
3374.013,35.0757114,-89.9271675,ChIJ-d7FIHmGf4gR6Aa1VQWm0ps,OK,222919,471570097001011
1144.214,35.0854368,-89.89541919999999,ChIJf5cc-VKEf4gRF-lYLgijYQQ,OK,117061,471570095004020
1144.214,35.0854368,-89.89541919999999,ChIJf5cc-VKEf4gRF-lYLgijYQQ,OK,117061,471570095004020
4401.315,35.0612606,-89.88628629999999,ChIJAQ_I1gqFf4gRFrt5yQeAEps,OK,307910,471570095004020
1209.469,35.0854368,-89.89541919999999,ChIJf5cc-VKEf4gRF-lYLgijYQQ,OK,124891,471570095004024
1209.469,35.0854368,-89.89541919999999,ChIJf5cc-VKEf4gRF-lYLgijYQQ,OK,124891,471570095004024
4466.57,35.0612606,-89.88628629999999,ChIJAQ_I1gqFf4gRFrt5yQeAEps,OK,315740,471570095004024
1124.685,35.0854368,-89.89541919999999,ChIJf5cc-VKEf4gRF-lYLgijYQQ,OK,114718,471570095004022
1124.685,35.0854368,-89.89541919999999,ChIJf5cc-VKEf4gRF-lYLgijYQQ,OK,114718,471570095004022
4381.786,35.0612606,-89.88628629999999,ChIJAQ_I1gqFf4gRFrt5yQeAEps,OK,305567,471570095004022
1162.6,35.0854368,-89.89541919999999,ChIJf5cc-VKEf4gRF-lYLgijYQQ,OK,86219,471570095004013
1162.6,35.0854368,-89.89541919999999,ChIJf5cc-VKEf4gRF-lYLgijYQQ,OK,86219,471570095004013
3922.092,35.1153996,-89.89414069999999,ChIJCb4NOWWEf4gR79YlPQoocW4,OK,261138,471570095004013
2116.236,35.0878609,-89.931612,ChIJ78kLm4aGf4gRhPZ5eF_7ojg,OK,143877,471570118002017
2290.759,35.0971,-89.9305344,ChIJRd53mZuGf4gRp0fETcD5Y3I,OK,154111,471570118002017
2290.759,35.0971,-89.9305344,ChIJRd53mZuGf4gRp0fETcD5Y3I,OK,154111,471570118002017
1603.833,35.0854368,-89.89541919999999,ChIJf5cc-VKEf4gRF-lYLgijYQQ,OK,112582,471570095002021
1603.833,35.0854368,-89.89541919999999,ChIJf5cc-VKEf4gRF-lYLgijYQQ,OK,112582,471570095002021
3489.997,35.1145886,-89.90089789999999,ChIJKWmlFW6Ef4gR0YNISWQMkss,OK,223702,471570095002021
1310.36,35.0971,-89.9305344,ChIJRd53mZuGf4gRp0fETcD5Y3I,OK,100325,471570118004005
1310.36,35.0971,-89.9305344,ChIJRd53mZuGf4gRp0fETcD5Y3I,OK,100325,471570118004005
1504.291,35.0960067,-89.93138279999999,ChIJFfDYDZuGf4gR5IbqhV7MTAo,OK,114294,471570118004005
6154.978,35.0614623,-89.8536277,ChIJ4TWJkTWFf4gRbkNZYfkF9Jw,OK,385767,471570213113019
6154.978,35.0614623,-89.8536277,ChIJ4TWJkTWFf4gRbkNZYfkF9Jw,OK,385767,471570213113019
6239.75,35.0512763,-89.8427476,ChIJ7VPJ3q-af4gRdxERIyaZ0gk,OK,391955,471570213113019
2214.976,35.1153996,-89.89414069999999,ChIJCb4NOWWEf4gR79YlPQoocW4,OK,169402,471570096002014
2214.976,35.1153996,-89.89414069999999,ChIJCb4NOWWEf4gR79YlPQoocW4,OK,169402,471570096002014
2793.752,35.1145886,-89.90089789999999,ChIJKWmlFW6Ef4gR0YNISWQMkss,OK,196955,471570096002014
3709.692,35.1075089,-89.9318387,ChIJVboYU6KGf4gRHfEHUi8Izac,OK,245314,471570029005000
3709.692,35.1075089,-89.9318387,ChIJVboYU6KGf4gRHfEHUi8Izac,OK,245314,471570029005000
3437.866,35.1161637,-89.9446263,ChIJ-ZiED8iGf4gR32IlfgDBKWY,OK,252708,471570029005000
990.708,35.12545849999999,-89.97454169999999,ChIJoyT3HjOHf4gRS6EdHckmff8,OK,67726,471570031001015
1058.542,35.13418100000001,-89.98599,ChIJnf1_yraAf4gR9pQmD7CXhgg,OK,76749,471570031001015
1944.221,35.13779299999999,-89.99118349999999,ChIJUQlZ-K-Af4gRkRKK62-ap5w,OK,135409,471570031001015
902.796,35.1507888,-89.977317,ChIJdVWrOuqAf4gR-V7s1E3qo7g,OK,70793,471570027001021
902.796,35.1507888,-89.977317,ChIJdVWrOuqAf4gR-V7s1E3qo7g,OK,70793,471570027001021
2362.891,35.13418100000001,-89.98599,ChIJnf1_yraAf4gR9pQmD7CXhgg,OK,155820,471570027001021
1094.495,35.1507888,-89.977317,ChIJdVWrOuqAf4gR-V7s1E3qo7g,OK,87003,471570027001026
1094.495,35.1507888,-89.977317,ChIJdVWrOuqAf4gR-V7s1E3qo7g,OK,87003,471570027001026
2173.245,35.13418100000001,-89.98599,ChIJnf1_yraAf4gR9pQmD7CXhgg,OK,146577,471570027001026
1378.185,35.1507888,-89.977317,ChIJdVWrOuqAf4gR-V7s1E3qo7g,OK,106685,471570027002012
1378.185,35.1507888,-89.977317,ChIJdVWrOuqAf4gR-V7s1E3qo7g,OK,106685,471570027002012
1827.166,35.13418100000001,-89.98599,ChIJnf1_yraAf4gR9pQmD7CXhgg,OK,120712,471570027002012
1210.264,35.1507888,-89.977317,ChIJdVWrOuqAf4gR-V7s1E3qo7g,OK,94172,471570027001027
1210.264,35.1507888,-89.977317,ChIJdVWrOuqAf4gR-V7s1E3qo7g,OK,94172,471570027001027
2070.698,35.13418100000001,-89.98599,ChIJnf1_yraAf4gR9pQmD7CXhgg,OK,141908,471570027001027
1268.047,35.13418100000001,-89.98599,ChIJnf1_yraAf4gR9pQmD7CXhgg,OK,79018,471570031002007
1268.047,35.13418100000001,-89.98599,ChIJnf1_yraAf4gR9pQmD7CXhgg,OK,79018,471570031002007
1433.264,35.12545849999999,-89.97454169999999,ChIJoyT3HjOHf4gRS6EdHckmff8,OK,85992,471570031002007
1211.849,35.1507888,-89.977317,ChIJdVWrOuqAf4gR-V7s1E3qo7g,OK,94362,471570027001030
1211.849,35.1507888,-89.977317,ChIJdVWrOuqAf4gR-V7s1E3qo7g,OK,94362,471570027001030
2072.283,35.13418100000001,-89.98599,ChIJnf1_yraAf4gR9pQmD7CXhgg,OK,142098,471570027001030
1272.545,35.13418100000001,-89.98599,ChIJnf1_yraAf4gR9pQmD7CXhgg,OK,79288,471570031002021
1272.545,35.13418100000001,-89.98599,ChIJnf1_yraAf4gR9pQmD7CXhgg,OK,79288,471570031002021
1437.763,35.12545849999999,-89.97454169999999,ChIJoyT3HjOHf4gRS6EdHckmff8,OK,86262,471570031002021
933.453,35.1060329,-90.039159,ChIJ231bcjV81YcRQ1quDeYAd6M,OK,95515,471570059003015
933.453,35.1060329,-90.039159,ChIJ231bcjV81YcRQ1quDeYAd6M,OK,95515,471570059003015
2002.67,35.125222,-90.048147,ChIJ9cKdtid81YcRKs9h6RjzQzw,OK,170939,471570059003015
815.939,35.12545849999999,-89.97454169999999,ChIJoyT3HjOHf4gRS6EdHckmff8,OK,50137,471570031001016
815.939,35.12545849999999,-89.97454169999999,ChIJoyT3HjOHf4gRS6EdHckmff8,OK,50137,471570031001016
1024.696,35.13418100000001,-89.98599,ChIJnf1_yraAf4gR9pQmD7CXhgg,OK,69306,471570031001016
864.094,35.13418100000001,-89.98599,ChIJnf1_yraAf4gR9pQmD7CXhgg,OK,74429,471570031002019
864.094,35.13418100000001,-89.98599,ChIJnf1_yraAf4gR9pQmD7CXhgg,OK,74429,471570031002019
1456.426,35.12545849999999,-89.97454169999999,ChIJoyT3HjOHf4gRS6EdHckmff8,OK,100174,471570031002019
1151.499,35.1507888,-89.977317,ChIJdVWrOuqAf4gR-V7s1E3qo7g,OK,75717,471570027001013
1151.499,35.1507888,-89.977317,ChIJdVWrOuqAf4gR-V7s1E3qo7g,OK,75717,471570027001013
2218.958,35.1497164,-89.95515999999999,ChIJcQb6ehiBf4gR-uA54eRPNq8,OK,142209,471570027001013
1348.244,35.1507888,-89.977317,ChIJdVWrOuqAf4gR-V7s1E3qo7g,OK,90027,471570027001028
1348.244,35.1507888,-89.977317,ChIJdVWrOuqAf4gR-V7s1E3qo7g,OK,90027,471570027001028
2318.22,35.13418100000001,-89.98599,ChIJnf1_yraAf4gR9pQmD7CXhgg,OK,156156,471570027001028
1461.484,35.1507888,-89.977317,ChIJdVWrOuqAf4gR-V7s1E3qo7g,OK,98219,471570027001029
1461.484,35.1507888,-89.977317,ChIJdVWrOuqAf4gR-V7s1E3qo7g,OK,98219,471570027001029
2206.583,35.13418100000001,-89.98599,ChIJnf1_yraAf4gR9pQmD7CXhgg,OK,148158,471570027001029
1156.015,35.1507888,-89.977317,ChIJdVWrOuqAf4gR-V7s1E3qo7g,OK,76259,471570027001022
1156.015,35.1507888,-89.977317,ChIJdVWrOuqAf4gR-V7s1E3qo7g,OK,76259,471570027001022
2223.474,35.1497164,-89.95515999999999,ChIJcQb6ehiBf4gR-uA54eRPNq8,OK,142751,471570027001022
1254.563,35.1507888,-89.977317,ChIJdVWrOuqAf4gR-V7s1E3qo7g,OK,83338,471570027001025
1254.563,35.1507888,-89.977317,ChIJdVWrOuqAf4gR-V7s1E3qo7g,OK,83338,471570027001025
2414.152,35.13418100000001,-89.98599,ChIJnf1_yraAf4gR9pQmD7CXhgg,OK,163117,471570027001025
1059.017,35.1507888,-89.977317,ChIJdVWrOuqAf4gR-V7s1E3qo7g,OK,73164,471570027001003
1059.017,35.1507888,-89.977317,ChIJdVWrOuqAf4gR-V7s1E3qo7g,OK,73164,471570027001003
1884.949,35.1497164,-89.95515999999999,ChIJcQb6ehiBf4gR-uA54eRPNq8,OK,124944,471570027001003
1195.078,35.1507888,-89.977317,ChIJdVWrOuqAf4gR-V7s1E3qo7g,OK,80946,471570027001017
1195.078,35.1507888,-89.977317,ChIJdVWrOuqAf4gR-V7s1E3qo7g,OK,80946,471570027001017
2262.537,35.1497164,-89.95515999999999,ChIJcQb6ehiBf4gR-uA54eRPNq8,OK,147438,471570027001017
1688.125,35.1507888,-89.977317,ChIJdVWrOuqAf4gR-V7s1E3qo7g,OK,114559,471570027001032
1688.125,35.1507888,-89.977317,ChIJdVWrOuqAf4gR-V7s1E3qo7g,OK,114559,471570027001032
1980.971,35.13418100000001,-89.98599,ChIJnf1_yraAf4gR9pQmD7CXhgg,OK,131940,471570027001032
1428.597,35.1507888,-89.977317,ChIJdVWrOuqAf4gR-V7s1E3qo7g,OK,112735,471570027001031
1428.597,35.1507888,-89.977317,ChIJdVWrOuqAf4gR-V7s1E3qo7g,OK,112735,471570027001031
1921.54,35.13418100000001,-89.98599,ChIJnf1_yraAf4gR9pQmD7CXhgg,OK,132037,471570027001031
1588.772,35.1507888,-89.977317,ChIJdVWrOuqAf4gR-V7s1E3qo7g,OK,103501,471570027001024
1588.772,35.1507888,-89.977317,ChIJdVWrOuqAf4gR-V7s1E3qo7g,OK,103501,471570027001024
1917.61,35.13418100000001,-89.98599,ChIJnf1_yraAf4gR9pQmD7CXhgg,OK,123473,471570027001024
5596.743,35.0614623,-89.8536277,ChIJ4TWJkTWFf4gRbkNZYfkF9Jw,OK,355303,471570213113025
5596.743,35.0614623,-89.8536277,ChIJ4TWJkTWFf4gRbkNZYfkF9Jw,OK,355303,471570213113025
5681.515,35.0512763,-89.8427476,ChIJ7VPJ3q-af4gRdxERIyaZ0gk,OK,361491,471570213113025
6432.178,35.0614623,-89.8536277,ChIJ4TWJkTWFf4gRbkNZYfkF9Jw,OK,394930,471570214303000
6432.178,35.0614623,-89.8536277,ChIJ4TWJkTWFf4gRbkNZYfkF9Jw,OK,394930,471570214303000
6516.95,35.0512763,-89.8427476,ChIJ7VPJ3q-af4gRdxERIyaZ0gk,OK,401118,471570214303000
5280.711,35.0614623,-89.8536277,ChIJ4TWJkTWFf4gRbkNZYfkF9Jw,OK,337251,471570214303029
5280.711,35.0614623,-89.8536277,ChIJ4TWJkTWFf4gRbkNZYfkF9Jw,OK,337251,471570214303029
5365.482,35.0512763,-89.8427476,ChIJ7VPJ3q-af4gRdxERIyaZ0gk,OK,343439,471570214303029
2370.233,35.0614623,-89.8536277,ChIJ4TWJkTWFf4gRbkNZYfkF9Jw,OK,163496,471570217102006
2370.233,35.0614623,-89.8536277,ChIJ4TWJkTWFf4gRbkNZYfkF9Jw,OK,163496,471570217102006
2535.737,35.050596,-89.869556,ChIJQ4vLA2iFf4gRyyCo3ihKH44,OK,164237,471570217102006
2115.743,35.05113000000001,-89.815021,ChIJAdLMX4iaf4gRUenKpoiyrBc,OK,190244,471570217441011
2289.664,35.048632,-89.814048,ChIJqY7T64eaf4gRoqZRK7sz4Co,OK,202664,471570217441011
2289.664,35.048632,-89.814048,ChIJqY7T64eaf4gRoqZRK7sz4Co,OK,202664,471570217441011
1380.046,35.062945,-89.90568519999999,ChIJjxj9mL-Ff4gRoOEx9OzDyxs,OK,76422,471570106101015
1380.046,35.062945,-89.90568519999999,ChIJjxj9mL-Ff4gRoOEx9OzDyxs,OK,76422,471570106101015
1366.408,35.063996,-89.90690699999999,ChIJn51vcb-Ff4gRvoXU4r8swrw,OK,90572,471570106101015
1584.035,35.054745,-90.007971,ChIJXxyyQlt91YcRhldtWgjSnSE,OK,128619,471570220231013
1584.035,35.054745,-90.007971,ChIJXxyyQlt91YcRhldtWgjSnSE,OK,128619,471570220231013
2149.387,35.05407199999999,-90.00125899999999,ChIJIzdhk1h91YcRZT7cBcBslaM,OK,152052,471570220231013
1357.143,35.054745,-90.007971,ChIJXxyyQlt91YcRhldtWgjSnSE,OK,104080,471570220241004
1357.143,35.054745,-90.007971,ChIJXxyyQlt91YcRhldtWgjSnSE,OK,104080,471570220241004
1788.991,35.05407199999999,-90.00125899999999,ChIJIzdhk1h91YcRZT7cBcBslaM,OK,120119,471570220241004
1850.442,35.0333519,-90.02557630000001,ChIJK8z8Ksxi1YcRt8pxxgP2SA4,OK,131343,471570220241016
1850.442,35.0333519,-90.02557630000001,ChIJK8z8Ksxi1YcRt8pxxgP2SA4,OK,131343,471570220241016
1850.536,35.033351,-90.02556199999999,ChIJY7ePKsxi1YcRIP55gZFchMw,OK,131348,471570220241016
690.102,35.2044739,-89.76342459999999,ChIJ3XsJxyKef4gRTeWb3lonWsU,OK,48960,471570211414014
690.102,35.2044739,-89.76342459999999,ChIJ3XsJxyKef4gRTeWb3lonWsU,OK,48960,471570211414014
2501.408,35.2074362,-89.7805166,ChIJ62ATRfudf4gRPIrPAXGVsiQ,OK,187141,471570211414014
5110.562,35.1581502,-89.72609419999999,ChIJL6yctRGff4gRqpalt07WxQs,OK,308740,471570211391004
5110.562,35.1581502,-89.72609419999999,ChIJL6yctRGff4gRqpalt07WxQs,OK,308740,471570211391004
6752.253,35.14868459999999,-89.7948203,ChIJ4w9Lr2qcf4gRHdzl9FciAFM,OK,392626,471570211391004
2475.269,35.2337782,-89.9252472,ChIJra3pLkt_f4gRjZbqnHrruIM,OK,160514,471570205232011
2475.269,35.2337782,-89.9252472,ChIJra3pLkt_f4gRjZbqnHrruIM,OK,160514,471570205232011
5773.37,35.210167,-89.919383,ChIJi0gqlgaCf4gRjUvfmHxGMyw,OK,382556,471570205232011
712.647,35.2337782,-89.9252472,ChIJra3pLkt_f4gRjZbqnHrruIM,OK,45700,471570205232019
712.647,35.2337782,-89.9252472,ChIJra3pLkt_f4gRjZbqnHrruIM,OK,45700,471570205232019
4359.459,35.2158947,-89.9151158,ChIJxetq6ad4f4gRD1K1cIBWUQ4,OK,282281,471570205232019
560.887,35.14859919999999,-89.91828060000002,ChIJRflgf-eDf4gRHX_XNYKER-s,OK,44494,471570086001004
560.887,35.14859919999999,-89.91828060000002,ChIJRflgf-eDf4gRHX_XNYKER-s,OK,44494,471570086001004
2370.065,35.1489345,-89.89838259999999,ChIJaTBvX72Df4gRiyFT0LQMnrQ,OK,150841,471570086001004
1968.172,35.14859919999999,-89.91828060000002,ChIJRflgf-eDf4gRHX_XNYKER-s,OK,174783,471570086001035
1968.172,35.14859919999999,-89.91828060000002,ChIJRflgf-eDf4gRHX_XNYKER-s,OK,174783,471570086001035
3295.537,35.1489345,-89.89838259999999,ChIJaTBvX72Df4gRiyFT0LQMnrQ,OK,252222,471570086001035
1186.318,35.2158947,-89.9151158,ChIJxetq6ad4f4gRD1K1cIBWUQ4,OK,124357,471570205413015
1186.318,35.2158947,-89.9151158,ChIJxetq6ad4f4gRD1K1cIBWUQ4,OK,124357,471570205413015
1183.471,35.210167,-89.919383,ChIJi0gqlgaCf4gRjUvfmHxGMyw,OK,129937,471570205413015
2285.634,35.148225,-89.89748700000001,ChIJC8t095eDf4gRGuXK3FleZyg,OK,176937,471570086002008
2337.089,35.1145886,-89.90089789999999,ChIJKWmlFW6Ef4gR0YNISWQMkss,OK,174619,471570085001022
2337.089,35.1145886,-89.90089789999999,ChIJKWmlFW6Ef4gR0YNISWQMkss,OK,174619,471570085001022
3201.713,35.14859919999999,-89.91828060000002,ChIJRflgf-eDf4gRHX_XNYKER-s,OK,220413,471570085001022
2301.166,35.1145886,-89.90089789999999,ChIJKWmlFW6Ef4gR0YNISWQMkss,OK,162935,471570085001015
2383.591,35.1075089,-89.9318387,ChIJVboYU6KGf4gRHfEHUi8Izac,OK,178138,471570085001015
2383.591,35.1075089,-89.9318387,ChIJVboYU6KGf4gRHfEHUi8Izac,OK,178138,471570085001015
2390.849,35.1145886,-89.90089789999999,ChIJKWmlFW6Ef4gR0YNISWQMkss,OK,181071,471570085001002
2390.849,35.1145886,-89.90089789999999,ChIJKWmlFW6Ef4gR0YNISWQMkss,OK,181071,471570085001002
3168.191,35.14859919999999,-89.91828060000002,ChIJRflgf-eDf4gRHX_XNYKER-s,OK,216391,471570085001002
2256.212,35.1145886,-89.90089789999999,ChIJKWmlFW6Ef4gR0YNISWQMkss,OK,164915,471570085001000
2256.212,35.1145886,-89.90089789999999,ChIJKWmlFW6Ef4gR0YNISWQMkss,OK,164915,471570085001000
3116.697,35.14859919999999,-89.91828060000002,ChIJRflgf-eDf4gRHX_XNYKER-s,OK,210211,471570085001000
2168.834,35.1145886,-89.90089789999999,ChIJKWmlFW6Ef4gR0YNISWQMkss,OK,131878,471570085002002
2168.834,35.1145886,-89.90089789999999,ChIJKWmlFW6Ef4gR0YNISWQMkss,OK,131878,471570085002002
2986.602,35.1153996,-89.89414069999999,ChIJCb4NOWWEf4gR79YlPQoocW4,OK,188111,471570085002002
2128.831,35.148225,-89.89748700000001,ChIJC8t095eDf4gRGuXK3FleZyg,OK,127719,471570086002032
2128.831,35.148225,-89.89748700000001,ChIJC8t095eDf4gRGuXK3FleZyg,OK,127719,471570086002032
2209.376,35.1489345,-89.89838259999999,ChIJaTBvX72Df4gRiyFT0LQMnrQ,OK,132551,471570086002032
1290.869,35.1145886,-89.90089789999999,ChIJKWmlFW6Ef4gR0YNISWQMkss,OK,96488,471570085001035
1290.869,35.1145886,-89.90089789999999,ChIJKWmlFW6Ef4gR0YNISWQMkss,OK,96488,471570085001035
2108.637,35.1153996,-89.89414069999999,ChIJCb4NOWWEf4gR79YlPQoocW4,OK,152721,471570085001035
2566.592,35.148225,-89.89748700000001,ChIJC8t095eDf4gRGuXK3FleZyg,OK,181794,471570085002001
2382.211,35.1153996,-89.89414069999999,ChIJCb4NOWWEf4gR79YlPQoocW4,OK,185409,471570085002001
2382.211,35.1153996,-89.89414069999999,ChIJCb4NOWWEf4gR79YlPQoocW4,OK,185409,471570085002001
1866.286,35.1145886,-89.90089789999999,ChIJKWmlFW6Ef4gR0YNISWQMkss,OK,125535,471570085001038
1866.286,35.1145886,-89.90089789999999,ChIJKWmlFW6Ef4gR0YNISWQMkss,OK,125535,471570085001038
2684.054,35.1153996,-89.89414069999999,ChIJCb4NOWWEf4gR79YlPQoocW4,OK,181768,471570085001038
1873.442,35.1145886,-89.90089789999999,ChIJKWmlFW6Ef4gR0YNISWQMkss,OK,126393,471570085001037
1873.442,35.1145886,-89.90089789999999,ChIJKWmlFW6Ef4gR0YNISWQMkss,OK,126393,471570085001037
2691.21,35.1153996,-89.89414069999999,ChIJCb4NOWWEf4gR79YlPQoocW4,OK,182626,471570085001037
2104.789,35.10874099999999,-90.021185,ChIJrVbiDcF91YcRG9TBOTpHc3I,OK,126192,471570078102059
2970.595,35.1087458,-90.0211918,ChIJe6w2EsF91YcRquzVZc8M0-I,OK,166650,471570078211016
2970.595,35.1087458,-90.0211918,ChIJe6w2EsF91YcRquzVZc8M0-I,OK,166650,471570078211016
2971.236,35.10874099999999,-90.021185,ChIJrVbiDcF91YcRG9TBOTpHc3I,OK,166727,471570078211016
2527.52,35.1087458,-90.0211918,ChIJe6w2EsF91YcRquzVZc8M0-I,OK,187061,471570078211000
2527.52,35.1087458,-90.0211918,ChIJe6w2EsF91YcRquzVZc8M0-I,OK,187061,471570078211000
2528.161,35.10874099999999,-90.021185,ChIJrVbiDcF91YcRG9TBOTpHc3I,OK,187138,471570078211000
4943.077,35.054745,-90.007971,ChIJXxyyQlt91YcRhldtWgjSnSE,OK,323523,471570078212002
4943.077,35.054745,-90.007971,ChIJXxyyQlt91YcRhldtWgjSnSE,OK,323523,471570078212002
5373.27,35.05407199999999,-90.00125899999999,ChIJIzdhk1h91YcRZT7cBcBslaM,OK,343207,471570078212002
423.47,35.14981359999999,-89.94918609999999,ChIJVdGBGRaBf4gRsi89Rzqn8W4,OK,34353,471570013004017
423.47,35.14981359999999,-89.94918609999999,ChIJVdGBGRaBf4gRsi89Rzqn8W4,OK,34353,471570013004017
974.673,35.1497164,-89.95515999999999,ChIJcQb6ehiBf4gR-uA54eRPNq8,OK,69653,471570013004017
1286.18,35.167095,-89.950496,ChIJecYfJgmBf4gRJh-YY67U6V8,OK,124563,471570011003002
1286.18,35.167095,-89.950496,ChIJecYfJgmBf4gRJh-YY67U6V8,OK,124563,471570011003002
2772.414,35.14981359999999,-89.94918609999999,ChIJVdGBGRaBf4gRsi89Rzqn8W4,OK,172569,471570011003002
2001.66,35.1804299,-89.9263818,ChIJIfvtv4eBf4gRJLjVGBpAzmc,OK,135411,471570088004002
2001.66,35.1804299,-89.9263818,ChIJIfvtv4eBf4gRJLjVGBpAzmc,OK,135411,471570088004002
2848.803,35.183951,-89.93106899999999,ChIJWQ0EIo-Bf4gR6cuqlCcQuNw,OK,203341,471570088004002
2202.984,35.1804299,-89.9263818,ChIJIfvtv4eBf4gRJLjVGBpAzmc,OK,157264,471570088004004
2202.984,35.1804299,-89.9263818,ChIJIfvtv4eBf4gRJLjVGBpAzmc,OK,157264,471570088004004
3159.098,35.183951,-89.93106899999999,ChIJWQ0EIo-Bf4gR6cuqlCcQuNw,OK,236353,471570088004004
1929,35.167095,-89.950496,ChIJecYfJgmBf4gRJh-YY67U6V8,OK,119616,471570012002006
1929,35.167095,-89.950496,ChIJecYfJgmBf4gRJh-YY67U6V8,OK,119616,471570012002006
1894.657,35.14981359999999,-89.94918609999999,ChIJVdGBGRaBf4gRsi89Rzqn8W4,OK,151957,471570012002006
1038.446,35.14981359999999,-89.94918609999999,ChIJVdGBGRaBf4gRsi89Rzqn8W4,OK,69693,471570012003009
1038.446,35.14981359999999,-89.94918609999999,ChIJVdGBGRaBf4gRsi89Rzqn8W4,OK,69693,471570012003009
1589.648,35.1497164,-89.95515999999999,ChIJcQb6ehiBf4gR-uA54eRPNq8,OK,104993,471570012003009
1185.493,35.0543926,-90.0597009,ChIJT5TzUbl81YcRiPqNjkbj9CA,OK,84231,471570223213029
1185.493,35.0543926,-90.0597009,ChIJT5TzUbl81YcRiPqNjkbj9CA,OK,84231,471570223213029
1945.045,35.06128,-90.05978399999999,ChIJm06f8ZV81YcRTjzAsJPcBKY,OK,126296,471570223213029
1869.754,35.14859919999999,-89.91828060000002,ChIJRflgf-eDf4gRHX_XNYKER-s,OK,133339,471570012001014
1869.754,35.14859919999999,-89.91828060000002,ChIJRflgf-eDf4gRHX_XNYKER-s,OK,133339,471570012001014
1958.331,35.14981359999999,-89.94918609999999,ChIJVdGBGRaBf4gRsi89Rzqn8W4,OK,146535,471570012001014
2231.787,35.1503395,-89.89321,ChIJRaSiF6KDf4gRNIqqt1VnH58,OK,193387,471570092003038
2561.324,35.148225,-89.89748700000001,ChIJC8t095eDf4gRGuXK3FleZyg,OK,195603,471570092003038
2561.324,35.148225,-89.89748700000001,ChIJC8t095eDf4gRGuXK3FleZyg,OK,195603,471570092003038
1279.808,35.14981359999999,-89.94918609999999,ChIJVdGBGRaBf4gRsi89Rzqn8W4,OK,96439,471570028001026
1279.808,35.14981359999999,-89.94918609999999,ChIJVdGBGRaBf4gRsi89Rzqn8W4,OK,96439,471570028001026
928.091,35.1497164,-89.95515999999999,ChIJcQb6ehiBf4gR-uA54eRPNq8,OK,106943,471570028001026
1943.746,35.14981359999999,-89.94918609999999,ChIJVdGBGRaBf4gRsi89Rzqn8W4,OK,125905,471570030003001
1943.746,35.14981359999999,-89.94918609999999,ChIJVdGBGRaBf4gRsi89Rzqn8W4,OK,125905,471570030003001
2088.604,35.1497164,-89.95515999999999,ChIJcQb6ehiBf4gR-uA54eRPNq8,OK,136824,471570030003001
1375.214,35.108097,-89.941227,ChIJwxJT-r6Gf4gRhLDuFpyb128,OK,106176,471570079001011
1375.214,35.108097,-89.941227,ChIJwxJT-r6Gf4gRhLDuFpyb128,OK,106176,471570079001011
2077.596,35.1079763,-89.9333841,ChIJqZoM4qKGf4gREaZMyPG1GBQ,OK,146066,471570079001011
1456.479,35.1161637,-89.9446263,ChIJ-ZiED8iGf4gR32IlfgDBKWY,OK,105207,471570072002017
1456.479,35.1161637,-89.9446263,ChIJ-ZiED8iGf4gR32IlfgDBKWY,OK,105207,471570072002017
2752.99,35.108097,-89.941227,ChIJwxJT-r6Gf4gRhLDuFpyb128,OK,179173,471570072002017
2954.426,35.0326981,-90.07589809999999,ChIJ9S1ljalk1YcRvuG-_hbpimA,OK,191419,471570227005013
2954.426,35.0326981,-90.07589809999999,ChIJ9S1ljalk1YcRvuG-_hbpimA,OK,191419,471570227005013
3334.011,35.02753099999999,-90.082077,ChIJK66rdetk1YcRwwxI9gDREks,OK,211730,471570227005013
3349.226,35.1435177,-90.0539328,ChIJ8VFg1pV-1YcRR9G8p0pZx6U,OK,186075,471570020002017
2685.66,35.1439641,-90.0517892,ChIJL-0zBZR-1YcRj7p5p1WY4-g,OK,204170,471570021001050
2685.66,35.1439641,-90.0517892,ChIJL-0zBZR-1YcRj7p5p1WY4-g,OK,204170,471570021001050
2894.576,35.1450994,-90.0538646,ChIJne6_s5V-1YcRn_LPaqiwhrk,OK,209624,471570021001050
2079.649,35.1546312,-89.79260459999999,ChIJ8UeuSEecf4gRniit7ubZLtM,OK,155645,471570211362039
2079.649,35.1546312,-89.79260459999999,ChIJ8UeuSEecf4gRniit7ubZLtM,OK,155645,471570211362039
3027.111,35.14868459999999,-89.7948203,ChIJ4w9Lr2qcf4gRHdzl9FciAFM,OK,209197,471570211362039
2063.84,35.1546312,-89.79260459999999,ChIJ8UeuSEecf4gRniit7ubZLtM,OK,152436,471570211362031
2063.84,35.1546312,-89.79260459999999,ChIJ8UeuSEecf4gRniit7ubZLtM,OK,152436,471570211362031
3011.302,35.14868459999999,-89.7948203,ChIJ4w9Lr2qcf4gRHdzl9FciAFM,OK,205988,471570211362031
2114.435,35.1546312,-89.79260459999999,ChIJ8UeuSEecf4gRniit7ubZLtM,OK,161542,471570211362037
2114.435,35.1546312,-89.79260459999999,ChIJ8UeuSEecf4gRniit7ubZLtM,OK,161542,471570211362037
3061.897,35.14868459999999,-89.7948203,ChIJ4w9Lr2qcf4gRHdzl9FciAFM,OK,215094,471570211362037
2061.626,35.1546312,-89.79260459999999,ChIJ8UeuSEecf4gRniit7ubZLtM,OK,152037,471570211362036
2061.626,35.1546312,-89.79260459999999,ChIJ8UeuSEecf4gRniit7ubZLtM,OK,152037,471570211362036
3009.088,35.14868459999999,-89.7948203,ChIJ4w9Lr2qcf4gRHdzl9FciAFM,OK,205589,471570211362036
2088.193,35.1546312,-89.79260459999999,ChIJ8UeuSEecf4gRniit7ubZLtM,OK,157183,471570211362035
2088.193,35.1546312,-89.79260459999999,ChIJ8UeuSEecf4gRniit7ubZLtM,OK,157183,471570211362035
3035.655,35.14868459999999,-89.7948203,ChIJ4w9Lr2qcf4gRHdzl9FciAFM,OK,210735,471570211362035
1534.432,35.1490317,-90.0140679,ChIJw3q9_xV-1YcRqrte6yBn1CI,OK,103821,471570017002011
1534.432,35.1490317,-90.0140679,ChIJw3q9_xV-1YcRqrte6yBn1CI,OK,103821,471570017002011
2256.67,35.1444038,-90.0168571,ChIJufYEjhR-1YcREff46W6Lons,OK,151174,471570017002011
1450.069,35.17410499999999,-89.97575479999999,ChIJmfYTGFmAf4gRHGKCaD0qCtI,OK,155745,471570009001011
1450.069,35.17410499999999,-89.97575479999999,ChIJmfYTGFmAf4gRHGKCaD0qCtI,OK,155745,471570009001011
2539.858,35.1507888,-89.977317,ChIJdVWrOuqAf4gR-V7s1E3qo7g,OK,205640,471570009001011
675.473,35.16339899999999,-89.855841,ChIJA_xfkC6Df4gRAjVZwLz1jqA,OK,59668,471570211222006
675.473,35.16339899999999,-89.855841,ChIJA_xfkC6Df4gRAjVZwLz1jqA,OK,59668,471570211222006
748.857,35.1623785,-89.8566175,ChIJXQHWWS6Df4gRqhH5EQ9H1j0,OK,68527,471570211222006
1451.634,35.1490317,-90.0140679,ChIJw3q9_xV-1YcRqrte6yBn1CI,OK,100659,471570017002009
1451.634,35.1490317,-90.0140679,ChIJw3q9_xV-1YcRqrte6yBn1CI,OK,100659,471570017002009
2173.872,35.1444038,-90.0168571,ChIJufYEjhR-1YcREff46W6Lons,OK,148012,471570017002009
1362.204,35.1507888,-89.977317,ChIJdVWrOuqAf4gR-V7s1E3qo7g,JSONDecodeError,77099,471570009003019
1362.204,35.1507888,-89.977317,ChIJdVWrOuqAf4gR-V7s1E3qo7g,JSONDecodeError,77099,471570009003019
2389.961,35.17410499999999,-89.97575479999999,ChIJmfYTGFmAf4gRHGKCaD0qCtI,JSONDecodeError,140652,471570009003019
2024.208,35.1546312,-89.79260459999999,ChIJ8UeuSEecf4gRniit7ubZLtM,OK,146302,471570211362038
2024.208,35.1546312,-89.79260459999999,ChIJ8UeuSEecf4gRniit7ubZLtM,OK,146302,471570211362038
2971.67,35.14868459999999,-89.7948203,ChIJ4w9Lr2qcf4gRHdzl9FciAFM,OK,199854,471570211362038
1140.045,35.1489345,-89.89838259999999,ChIJaTBvX72Df4gRiyFT0LQMnrQ,OK,134481,471570098001023
1234.826,35.1503395,-89.89321,ChIJRaSiF6KDf4gRNIqqt1VnH58,OK,148174,471570098001023
1234.826,35.1503395,-89.89321,ChIJRaSiF6KDf4gRNIqqt1VnH58,OK,148174,471570098001023
1013.313,35.1546312,-89.79260459999999,ChIJ8UeuSEecf4gRniit7ubZLtM,OK,61484,471570211261040
1013.313,35.1546312,-89.79260459999999,ChIJ8UeuSEecf4gRniit7ubZLtM,OK,61484,471570211261040
1393.201,35.14868459999999,-89.7948203,ChIJ4w9Lr2qcf4gRHdzl9FciAFM,OK,80984,471570211261040
1334.966,35.1507888,-89.977317,ChIJdVWrOuqAf4gR-V7s1E3qo7g,OK,85262,471570009003014
1334.966,35.1507888,-89.977317,ChIJdVWrOuqAf4gR-V7s1E3qo7g,OK,85262,471570009003014
2362.724,35.17410499999999,-89.97575479999999,ChIJmfYTGFmAf4gRHGKCaD0qCtI,OK,148815,471570009003014
1192.59,35.1507888,-89.977317,ChIJdVWrOuqAf4gR-V7s1E3qo7g,OK,88529,471570009003026
1192.59,35.1507888,-89.977317,ChIJdVWrOuqAf4gR-V7s1E3qo7g,OK,88529,471570009003026
1554.946,35.17410499999999,-89.97575479999999,ChIJmfYTGFmAf4gRHGKCaD0qCtI,OK,113978,471570009003026
1265.882,35.1507888,-89.977317,ChIJdVWrOuqAf4gR-V7s1E3qo7g,OK,91457,471570009003025
1265.882,35.1507888,-89.977317,ChIJdVWrOuqAf4gR-V7s1E3qo7g,OK,91457,471570009003025
1665.843,35.17410499999999,-89.97575479999999,ChIJmfYTGFmAf4gRHGKCaD0qCtI,OK,127285,471570009003025
1173.488,35.1507888,-89.977317,ChIJdVWrOuqAf4gR-V7s1E3qo7g,OK,66649,471570009003031
1173.488,35.1507888,-89.977317,ChIJdVWrOuqAf4gR-V7s1E3qo7g,OK,66649,471570009003031
2201.246,35.17410499999999,-89.97575479999999,ChIJmfYTGFmAf4gRHGKCaD0qCtI,OK,130202,471570009003031
3542.512,35.06128,-90.05978399999999,ChIJm06f8ZV81YcRTjzAsJPcBKY,OK,286558,471570222202007
3542.333,35.061362,-90.05986399999999,ChIJL_Gh8ZV81YcRDlMHRKqR_IA,OK,289424,471570222202007
2038.371,35.095133,-90.05542799999999,ChIJATnUo0J81YcRpbAuNwXeqRw,OK,159874,471570053002035
2199.774,35.098685,-90.05664899999999,ChIJ31qwBkJ81YcRk2V5pdmdhrM,OK,168813,471570053002035
2199.774,35.098685,-90.05664899999999,ChIJ31qwBkJ81YcRk2V5pdmdhrM,OK,168813,471570053002035
1746.091,35.095133,-90.05542799999999,ChIJATnUo0J81YcRpbAuNwXeqRw,OK,141433,471570053003023
1907.494,35.098685,-90.05664899999999,ChIJ31qwBkJ81YcRk2V5pdmdhrM,OK,150372,471570053003023
1907.494,35.098685,-90.05664899999999,ChIJ31qwBkJ81YcRk2V5pdmdhrM,OK,150372,471570053003023
1734.432,35.095133,-90.05542799999999,ChIJATnUo0J81YcRpbAuNwXeqRw,OK,142746,471570053003032
1895.836,35.098685,-90.05664899999999,ChIJ31qwBkJ81YcRk2V5pdmdhrM,OK,151685,471570053003032
1895.836,35.098685,-90.05664899999999,ChIJ31qwBkJ81YcRk2V5pdmdhrM,OK,151685,471570053003032
2343.222,35.095133,-90.05542799999999,ChIJATnUo0J81YcRpbAuNwXeqRw,OK,207704,471570053002037
2504.625,35.098685,-90.05664899999999,ChIJ31qwBkJ81YcRk2V5pdmdhrM,OK,216643,471570053002037
2504.625,35.098685,-90.05664899999999,ChIJ31qwBkJ81YcRk2V5pdmdhrM,OK,216643,471570053002037
3242.707,35.098685,-90.05664899999999,ChIJ31qwBkJ81YcRk2V5pdmdhrM,OK,182118,471570117001091
3242.707,35.098685,-90.05664899999999,ChIJ31qwBkJ81YcRk2V5pdmdhrM,OK,182118,471570117001091
3631.699,35.095133,-90.05542799999999,ChIJATnUo0J81YcRpbAuNwXeqRw,OK,203662,471570117001091
3060.607,35.093591,-90.056624,ChIJgyVl92d81YcRhuRHHckl8Y4,OK,172396,471570053003005
3060.607,35.093591,-90.056624,ChIJgyVl92d81YcRhuRHHckl8Y4,OK,172396,471570053003005
3240.444,35.095133,-90.05542799999999,ChIJATnUo0J81YcRpbAuNwXeqRw,OK,182356,471570053003005
3696.727,35.093591,-90.056624,ChIJgyVl92d81YcRhuRHHckl8Y4,OK,289566,471570078221045
3696.727,35.093591,-90.056624,ChIJgyVl92d81YcRhuRHHckl8Y4,OK,289566,471570078221045
3876.564,35.095133,-90.05542799999999,ChIJATnUo0J81YcRpbAuNwXeqRw,OK,299526,471570078221045
4265.492,35.1087458,-90.0211918,ChIJe6w2EsF91YcRquzVZc8M0-I,OK,228522,471570078221016
4266.134,35.10874099999999,-90.021185,ChIJrVbiDcF91YcRG9TBOTpHc3I,OK,228599,471570078221016
4266.134,35.10874099999999,-90.021185,ChIJrVbiDcF91YcRG9TBOTpHc3I,OK,228599,471570078221016
2415.749,35.054745,-90.007971,ChIJXxyyQlt91YcRhldtWgjSnSE,OK,144630,471570220233002
2415.749,35.054745,-90.007971,ChIJXxyyQlt91YcRhldtWgjSnSE,OK,144630,471570220233002
2847.597,35.05407199999999,-90.00125899999999,ChIJIzdhk1h91YcRZT7cBcBslaM,OK,160669,471570220233002
1822.975,35.218332,-90.00299799999999,ChIJfRCGEgGA1YcRsZsWP_dycDI,OK,131105,471570100005008
1481.992,35.22619459999999,-90.0020167,ChIJvTh1mwiA1YcRLLqD5Uxq8Nc,OK,108785,471570101103001
1481.992,35.22619459999999,-90.0020167,ChIJvTh1mwiA1YcRLLqD5Uxq8Nc,OK,108785,471570101103001
1958.118,35.218332,-90.00299799999999,ChIJfRCGEgGA1YcRsZsWP_dycDI,OK,130903,471570101103001
1285.686,35.22619459999999,-90.0020167,ChIJvTh1mwiA1YcRLLqD5Uxq8Nc,OK,78293,471570099013012
1285.686,35.22619459999999,-90.0020167,ChIJvTh1mwiA1YcRLLqD5Uxq8Nc,OK,78293,471570099013012
2096.081,35.218332,-90.00299799999999,ChIJfRCGEgGA1YcRsZsWP_dycDI,OK,125760,471570099013012
813,34.999309,-90.118577,ChIJ9TRIjgZl1YcR3fm2jM14AHY,OK,45027,471570224104024
813,34.999309,-90.118577,ChIJ9TRIjgZl1YcR3fm2jM14AHY,OK,45027,471570224104024
5453.627,35.02753099999999,-90.082077,ChIJK66rdetk1YcRwwxI9gDREks,OK,302038,471570224104024
2641.768,35.22619459999999,-90.0020167,ChIJvTh1mwiA1YcRLLqD5Uxq8Nc,OK,212055,471570099013014
2641.768,35.22619459999999,-90.0020167,ChIJvTh1mwiA1YcRLLqD5Uxq8Nc,OK,212055,471570099013014
3023.237,35.218332,-90.00299799999999,ChIJfRCGEgGA1YcRsZsWP_dycDI,OK,255297,471570099013014
1394.296,35.22619459999999,-90.0020167,ChIJvTh1mwiA1YcRLLqD5Uxq8Nc,OK,98722,471570101103000
1394.296,35.22619459999999,-90.0020167,ChIJvTh1mwiA1YcRLLqD5Uxq8Nc,OK,98722,471570101103000
1927.545,35.218332,-90.00299799999999,ChIJfRCGEgGA1YcRsZsWP_dycDI,OK,129561,471570101103000
2924.389,35.218332,-90.00299799999999,ChIJfRCGEgGA1YcRsZsWP_dycDI,OK,197206,471570099013034
2924.389,35.218332,-90.00299799999999,ChIJfRCGEgGA1YcRsZsWP_dycDI,OK,197206,471570099013034
3132.294,35.21475480000001,-90.00354540000001,ChIJF6XvX_9_1YcRD4jlF4jzevw,OK,209680,471570099013034
1818.18,35.218332,-90.00299799999999,ChIJfRCGEgGA1YcRsZsWP_dycDI,OK,131098,471570101102004
1818.18,35.218332,-90.00299799999999,ChIJfRCGEgGA1YcRsZsWP_dycDI,OK,131098,471570101102004
2026.085,35.21475480000001,-90.00354540000001,ChIJF6XvX_9_1YcRD4jlF4jzevw,OK,143572,471570101102004
1249.551,35.2045576,-89.81176689999999,ChIJ8ROix4Kdf4gR4Su-1OwAUMo,OK,84891,471570211121002
1249.551,35.2045576,-89.81176689999999,ChIJ8ROix4Kdf4gR4Su-1OwAUMo,OK,84891,471570211121002
2306.059,35.2051043,-89.79754849999999,ChIJpRDMlY2df4gRQqHmUo_lzmc,OK,142310,471570211121002
1784.084,35.2045576,-89.81176689999999,ChIJ8ROix4Kdf4gR4Su-1OwAUMo,OK,149033,471570211121004
1784.084,35.2045576,-89.81176689999999,ChIJ8ROix4Kdf4gR4Su-1OwAUMo,OK,149033,471570211121004
2840.592,35.2051043,-89.79754849999999,ChIJpRDMlY2df4gRQqHmUo_lzmc,OK,206452,471570211121004
1001.128,35.1435177,-90.0539328,ChIJ8VFg1pV-1YcRR9G8p0pZx6U,OK,72031,471570042002045
1101.668,35.1439641,-90.0517892,ChIJL-0zBZR-1YcRj7p5p1WY4-g,OK,76109,471570042002045
512.861,35.1435177,-90.0539328,ChIJ8VFg1pV-1YcRR9G8p0pZx6U,OK,30767,471570042002026
512.861,35.1435177,-90.0539328,ChIJ8VFg1pV-1YcRR9G8p0pZx6U,OK,30767,471570042002026
637.691,35.1450994,-90.0538646,ChIJne6_s5V-1YcRn_LPaqiwhrk,OK,42672,471570042002026
410.115,35.1435177,-90.0539328,ChIJ8VFg1pV-1YcRR9G8p0pZx6U,OK,25285,471570042002024
410.115,35.1435177,-90.0539328,ChIJ8VFg1pV-1YcRR9G8p0pZx6U,OK,25285,471570042002024
569.035,35.1439641,-90.0517892,ChIJL-0zBZR-1YcRj7p5p1WY4-g,OK,36796,471570042002024
655.054,35.1435177,-90.0539328,ChIJ8VFg1pV-1YcRR9G8p0pZx6U,OK,46618,471570042002025
655.054,35.1435177,-90.0539328,ChIJ8VFg1pV-1YcRR9G8p0pZx6U,OK,46618,471570042002025
689.199,35.1439641,-90.0517892,ChIJL-0zBZR-1YcRj7p5p1WY4-g,OK,48563,471570042002025
777.912,35.1435177,-90.0539328,ChIJ8VFg1pV-1YcRR9G8p0pZx6U,OK,58608,471570042002040
777.912,35.1435177,-90.0539328,ChIJ8VFg1pV-1YcRR9G8p0pZx6U,OK,58608,471570042002040
887.573,35.1439641,-90.0517892,ChIJL-0zBZR-1YcRj7p5p1WY4-g,OK,64298,471570042002040
507.427,35.1435177,-90.0539328,ChIJ8VFg1pV-1YcRR9G8p0pZx6U,OK,33846,471570042002023
507.427,35.1435177,-90.0539328,ChIJ8VFg1pV-1YcRR9G8p0pZx6U,OK,33846,471570042002023
536.526,35.1439641,-90.0517892,ChIJL-0zBZR-1YcRj7p5p1WY4-g,OK,36011,471570042002023
208.147,35.1435177,-90.0539328,ChIJ8VFg1pV-1YcRR9G8p0pZx6U,OK,31015,471570042002015
208.147,35.1435177,-90.0539328,ChIJ8VFg1pV-1YcRR9G8p0pZx6U,OK,31015,471570042002015
498.993,35.1450994,-90.0538646,ChIJne6_s5V-1YcRn_LPaqiwhrk,OK,43388,471570042002015
296.044,35.1435177,-90.0539328,ChIJ8VFg1pV-1YcRR9G8p0pZx6U,OK,44944,471570042002019
296.044,35.1435177,-90.0539328,ChIJ8VFg1pV-1YcRR9G8p0pZx6U,OK,44944,471570042002019
383.579,35.1439641,-90.0517892,ChIJL-0zBZR-1YcRj7p5p1WY4-g,OK,45727,471570042002019
815.379,35.1439641,-90.0517892,ChIJL-0zBZR-1YcRj7p5p1WY4-g,OK,55635,471570042002041
815.379,35.1439641,-90.0517892,ChIJL-0zBZR-1YcRj7p5p1WY4-g,OK,55635,471570042002041
846.07,35.1435177,-90.0539328,ChIJ8VFg1pV-1YcRR9G8p0pZx6U,OK,55914,471570042002041
1371.977,35.1251709,-90.0481695,ChIJybIJtCd81YcR9Otxws-5qCM,OK,79455,471570116001041
1371.977,35.1251709,-90.0481695,ChIJybIJtCd81YcR9Otxws-5qCM,OK,79455,471570116001041
1557.476,35.109859,-89.99141100000001,ChIJs6JbpFyHf4gR9O01gG0a7fQ,OK,98448,471570063002016
1557.476,35.109859,-89.99141100000001,ChIJs6JbpFyHf4gR9O01gG0a7fQ,OK,98448,471570063002016
1758.793,35.1157645,-90.022279,ChIJwZqBNMN91YcRRpdDvj5Pcr8,OK,114528,471570063002016
2043.169,35.1075089,-89.9318387,ChIJVboYU6KGf4gRHfEHUi8Izac,OK,137289,471570073003009
2043.169,35.1075089,-89.9318387,ChIJVboYU6KGf4gRHfEHUi8Izac,OK,137289,471570073003009
2185.077,35.1079763,-89.9333841,ChIJqZoM4qKGf4gREaZMyPG1GBQ,OK,145804,471570073003009
1531.058,35.1145886,-89.90089789999999,ChIJKWmlFW6Ef4gR0YNISWQMkss,OK,102012,471570085001024
1531.058,35.1145886,-89.90089789999999,ChIJKWmlFW6Ef4gR0YNISWQMkss,OK,102012,471570085001024
2348.826,35.1153996,-89.89414069999999,ChIJCb4NOWWEf4gR79YlPQoocW4,OK,158245,471570085001024
1495.801,35.1251709,-90.0481695,ChIJybIJtCd81YcR9Otxws-5qCM,OK,120396,471570050002006
1495.801,35.1251709,-90.0481695,ChIJybIJtCd81YcR9Otxws-5qCM,OK,120396,471570050002006
1497.615,35.125222,-90.048147,ChIJ9cKdtid81YcRKs9h6RjzQzw,OK,120497,471570050002006
2140.674,35.1075089,-89.9318387,ChIJVboYU6KGf4gRHfEHUi8Izac,OK,159507,471570073003002
2140.674,35.1075089,-89.9318387,ChIJVboYU6KGf4gRHfEHUi8Izac,OK,159507,471570073003002
2282.582,35.1079763,-89.9333841,ChIJqZoM4qKGf4gREaZMyPG1GBQ,OK,168022,471570073003002
1029.065,35.125222,-90.048147,ChIJ9cKdtid81YcRKs9h6RjzQzw,OK,116431,471570116001038
1029.065,35.125222,-90.048147,ChIJ9cKdtid81YcRKs9h6RjzQzw,OK,116431,471570116001038
1030.879,35.1251709,-90.0481695,ChIJybIJtCd81YcR9Otxws-5qCM,OK,116531,471570116001038
931.894,35.125222,-90.048147,ChIJ9cKdtid81YcRKs9h6RjzQzw,OK,104771,471570050002014
931.894,35.125222,-90.048147,ChIJ9cKdtid81YcRKs9h6RjzQzw,OK,104771,471570050002014
933.708,35.1251709,-90.0481695,ChIJybIJtCd81YcR9Otxws-5qCM,OK,104871,471570050002014
1272.488,35.125222,-90.048147,ChIJ9cKdtid81YcRKs9h6RjzQzw,OK,115321,471570116001039
1272.488,35.125222,-90.048147,ChIJ9cKdtid81YcRKs9h6RjzQzw,OK,115321,471570116001039
1274.302,35.1251709,-90.0481695,ChIJybIJtCd81YcR9Otxws-5qCM,OK,115421,471570116001039
2350.001,35.1153996,-89.89414069999999,ChIJCb4NOWWEf4gR79YlPQoocW4,OK,179976,471570092004021
2350.001,35.1153996,-89.89414069999999,ChIJCb4NOWWEf4gR79YlPQoocW4,OK,179976,471570092004021
2822.82,35.148225,-89.89748700000001,ChIJC8t095eDf4gRGuXK3FleZyg,OK,180404,471570092004021
2622.934,35.148225,-89.89748700000001,ChIJC8t095eDf4gRGuXK3FleZyg,OK,185686,471570092004025
2622.934,35.148225,-89.89748700000001,ChIJC8t095eDf4gRGuXK3FleZyg,OK,185686,471570092004025
2983.636,35.1503395,-89.89321,ChIJRaSiF6KDf4gRNIqqt1VnH58,OK,196337,471570092004025
2238.36,35.1153996,-89.89414069999999,ChIJCb4NOWWEf4gR79YlPQoocW4,OK,168387,471570096003001
2238.36,35.1153996,-89.89414069999999,ChIJCb4NOWWEf4gR79YlPQoocW4,OK,168387,471570096003001
2711.179,35.148225,-89.89748700000001,ChIJC8t095eDf4gRGuXK3FleZyg,OK,168815,471570096003001
2181.784,35.1153996,-89.89414069999999,ChIJCb4NOWWEf4gR79YlPQoocW4,OK,171290,471570096003003
2181.784,35.1153996,-89.89414069999999,ChIJCb4NOWWEf4gR79YlPQoocW4,OK,171290,471570096003003
2654.603,35.148225,-89.89748700000001,ChIJC8t095eDf4gRGuXK3FleZyg,OK,171718,471570096003003
3668.02,35.1153996,-89.89414069999999,ChIJCb4NOWWEf4gR79YlPQoocW4,OK,261950,471570096002002
3668.02,35.1153996,-89.89414069999999,ChIJCb4NOWWEf4gR79YlPQoocW4,OK,261950,471570096002002
4292.087,35.1503395,-89.89321,ChIJRaSiF6KDf4gRNIqqt1VnH58,OK,283697,471570096002002
1739.96,35.1153996,-89.89414069999999,ChIJCb4NOWWEf4gR79YlPQoocW4,OK,124257,471570096003005
1739.96,35.1153996,-89.89414069999999,ChIJCb4NOWWEf4gR79YlPQoocW4,OK,124257,471570096003005
2318.736,35.1145886,-89.90089789999999,ChIJKWmlFW6Ef4gR0YNISWQMkss,OK,151810,471570096003005
2509.406,35.1153996,-89.89414069999999,ChIJCb4NOWWEf4gR79YlPQoocW4,OK,184318,471570096002003
3088.182,35.1145886,-89.90089789999999,ChIJKWmlFW6Ef4gR0YNISWQMkss,OK,211871,471570096002003
3088.182,35.1145886,-89.90089789999999,ChIJKWmlFW6Ef4gR0YNISWQMkss,OK,211871,471570096002003
1920.056,35.1153996,-89.89414069999999,ChIJCb4NOWWEf4gR79YlPQoocW4,OK,135891,471570096002016
1920.056,35.1153996,-89.89414069999999,ChIJCb4NOWWEf4gR79YlPQoocW4,OK,135891,471570096002016
2498.832,35.1145886,-89.90089789999999,ChIJKWmlFW6Ef4gR0YNISWQMkss,OK,163444,471570096002016
2748.985,35.148225,-89.89748700000001,ChIJC8t095eDf4gRGuXK3FleZyg,OK,188743,471570092004026
3005.44,35.1503395,-89.89321,ChIJRaSiF6KDf4gRNIqqt1VnH58,OK,195820,471570092004026
3005.44,35.1503395,-89.89321,ChIJRaSiF6KDf4gRNIqqt1VnH58,OK,195820,471570092004026
2735.904,35.1153996,-89.89414069999999,ChIJCb4NOWWEf4gR79YlPQoocW4,OK,182061,471570092004027
2735.904,35.1153996,-89.89414069999999,ChIJCb4NOWWEf4gR79YlPQoocW4,OK,182061,471570092004027
3175.229,35.148225,-89.89748700000001,ChIJC8t095eDf4gRGuXK3FleZyg,OK,190499,471570092004027
3248.219,35.1153996,-89.89414069999999,ChIJCb4NOWWEf4gR79YlPQoocW4,OK,229125,471570092004028
3248.219,35.1153996,-89.89414069999999,ChIJCb4NOWWEf4gR79YlPQoocW4,OK,229125,471570092004028
3687.544,35.148225,-89.89748700000001,ChIJC8t095eDf4gRGuXK3FleZyg,OK,237563,471570092004028
2591.932,35.1153996,-89.89414069999999,ChIJCb4NOWWEf4gR79YlPQoocW4,OK,194221,471570096002004
2591.932,35.1153996,-89.89414069999999,ChIJCb4NOWWEf4gR79YlPQoocW4,OK,194221,471570096002004
3170.708,35.1145886,-89.90089789999999,ChIJKWmlFW6Ef4gR0YNISWQMkss,OK,221774,471570096002004
2773.116,35.1153996,-89.89414069999999,ChIJCb4NOWWEf4gR79YlPQoocW4,OK,215963,471570096002005
2773.116,35.1153996,-89.89414069999999,ChIJCb4NOWWEf4gR79YlPQoocW4,OK,215963,471570096002005
3351.892,35.1145886,-89.90089789999999,ChIJKWmlFW6Ef4gR0YNISWQMkss,OK,243516,471570096002005
978.098,35.223866,-89.90499,ChIJJRXCRJh4f4gRcTFbl9qZzNM,OK,79385,471570205413000
1351.738,35.222344,-89.97682999999999,ChIJ987Br45_f4gRjwrvnFN8t7k,OK,82799,471570205212016
1351.738,35.222344,-89.97682999999999,ChIJ987Br45_f4gRjwrvnFN8t7k,OK,82799,471570205212016
1752.605,35.2227028,-89.97692290000001,ChIJ987Br45_f4gRMoYIhCny13Q,OK,118931,471570205212016
2150.771,35.222344,-89.97682999999999,ChIJ987Br45_f4gRjwrvnFN8t7k,OK,129039,471570205212014
2150.771,35.222344,-89.97682999999999,ChIJ987Br45_f4gRjwrvnFN8t7k,OK,129039,471570205212014
2551.637,35.2227028,-89.97692290000001,ChIJ987Br45_f4gRMoYIhCny13Q,OK,165171,471570205212014
925.968,35.222344,-89.97682999999999,ChIJ987Br45_f4gRjwrvnFN8t7k,OK,55556,471570102101017
925.968,35.222344,-89.97682999999999,ChIJ987Br45_f4gRjwrvnFN8t7k,OK,55556,471570102101017
1326.835,35.2227028,-89.97692290000001,ChIJ987Br45_f4gRMoYIhCny13Q,OK,91688,471570102101017
2983.138,35.218332,-90.00299799999999,ChIJfRCGEgGA1YcRsZsWP_dycDI,OK,176555,471570099013044
2983.138,35.218332,-90.00299799999999,ChIJfRCGEgGA1YcRsZsWP_dycDI,OK,176555,471570099013044
3191.043,35.21475480000001,-90.00354540000001,ChIJF6XvX_9_1YcRD4jlF4jzevw,OK,189029,471570099013044
1626.287,35.21475480000001,-90.00354540000001,ChIJF6XvX_9_1YcRD4jlF4jzevw,OK,117219,471570101106010
1626.287,35.21475480000001,-90.00354540000001,ChIJF6XvX_9_1YcRD4jlF4jzevw,OK,117219,471570101106010
2082.44,35.218332,-90.00299799999999,ChIJfRCGEgGA1YcRsZsWP_dycDI,OK,138398,471570101106010
2735.181,35.218332,-90.00299799999999,ChIJfRCGEgGA1YcRsZsWP_dycDI,OK,163803,471570099013042
2943.086,35.21475480000001,-90.00354540000001,ChIJF6XvX_9_1YcRD4jlF4jzevw,OK,176277,471570099013042
2943.086,35.21475480000001,-90.00354540000001,ChIJF6XvX_9_1YcRD4jlF4jzevw,OK,176277,471570099013042
601.229,35.2158947,-89.9151158,ChIJxetq6ad4f4gRD1K1cIBWUQ4,OK,33296,471570205412002
601.229,35.2158947,-89.9151158,ChIJxetq6ad4f4gRD1K1cIBWUQ4,OK,33296,471570205412002
1471.369,35.210167,-89.919383,ChIJi0gqlgaCf4gRjUvfmHxGMyw,OK,86260,471570205412002
528.689,35.2158947,-89.9151158,ChIJxetq6ad4f4gRD1K1cIBWUQ4,OK,46790,471570205412001
528.689,35.2158947,-89.9151158,ChIJxetq6ad4f4gRD1K1cIBWUQ4,OK,46790,471570205412001
1398.828,35.210167,-89.919383,ChIJi0gqlgaCf4gRjUvfmHxGMyw,OK,99754,471570205412001
1191.793,35.2158947,-89.9151158,ChIJxetq6ad4f4gRD1K1cIBWUQ4,OK,90281,471570205413001
1191.793,35.2158947,-89.9151158,ChIJxetq6ad4f4gRD1K1cIBWUQ4,OK,90281,471570205413001
1383.708,35.223866,-89.90499,ChIJJRXCRJh4f4gRcTFbl9qZzNM,OK,113897,471570205413001
3065.431,35.218332,-90.00299799999999,ChIJfRCGEgGA1YcRsZsWP_dycDI,OK,183919,471570099012019
3065.431,35.218332,-90.00299799999999,ChIJfRCGEgGA1YcRsZsWP_dycDI,OK,183919,471570099012019
3273.335,35.21475480000001,-90.00354540000001,ChIJF6XvX_9_1YcRD4jlF4jzevw,OK,196393,471570099012019
1752.782,35.2337782,-89.9252472,ChIJra3pLkt_f4gRjZbqnHrruIM,OK,108103,471570205413009
1643.387,35.210167,-89.919383,ChIJi0gqlgaCf4gRjUvfmHxGMyw,OK,125707,471570205413009
1643.387,35.210167,-89.919383,ChIJi0gqlgaCf4gRjUvfmHxGMyw,OK,125707,471570205413009
3267.125,35.218332,-90.00299799999999,ChIJfRCGEgGA1YcRsZsWP_dycDI,OK,192296,471570099022009
3267.125,35.218332,-90.00299799999999,ChIJfRCGEgGA1YcRsZsWP_dycDI,OK,192296,471570099022009
3475.03,35.21475480000001,-90.00354540000001,ChIJF6XvX_9_1YcRD4jlF4jzevw,OK,204770,471570099022009
193.604,35.2060393,-89.89459389999999,ChIJN_fdM1CCf4gRqHZ_YUZgoJo,OK,11146,471570206211006
193.604,35.2060393,-89.89459389999999,ChIJN_fdM1CCf4gRqHZ_YUZgoJo,OK,11146,471570206211006
277.344,35.20808669999999,-89.89363879999999,ChIJa1RCwHuCf4gRSSG3nO4uWeI,OK,27398,471570206211006
1575.285,35.10874099999999,-90.021185,ChIJrVbiDcF91YcRG9TBOTpHc3I,OK,116054,471570062003007
849.941,35.1087458,-90.0211918,ChIJe6w2EsF91YcRquzVZc8M0-I,OK,62654,471570060001020
849.941,35.1087458,-90.0211918,ChIJe6w2EsF91YcRquzVZc8M0-I,OK,62654,471570060001020
850.582,35.10874099999999,-90.021185,ChIJrVbiDcF91YcRG9TBOTpHc3I,OK,62731,471570060001020
528.595,35.1804299,-89.9263818,ChIJIfvtv4eBf4gRJLjVGBpAzmc,OK,54245,471570089002005
528.595,35.1804299,-89.9263818,ChIJIfvtv4eBf4gRJLjVGBpAzmc,OK,54245,471570089002005
882.378,35.183951,-89.93106899999999,ChIJWQ0EIo-Bf4gR6cuqlCcQuNw,OK,98454,471570089002005
1544.805,35.1942326,-89.8965709,ChIJD7pM72eCf4gRg19OPcAuyDw,OK,114072,471570205424004
1544.805,35.1942326,-89.8965709,ChIJD7pM72eCf4gRg19OPcAuyDw,OK,114072,471570205424004
1940.444,35.1913738,-89.8964247,ChIJwQffFF2Cf4gRzaR3rfvt3f4,OK,138234,471570205424004
1327.695,35.1913738,-89.8964247,ChIJwQffFF2Cf4gRzaR3rfvt3f4,OK,98093,471570206101003
1327.695,35.1913738,-89.8964247,ChIJwQffFF2Cf4gRzaR3rfvt3f4,OK,98093,471570206101003
1611.091,35.192778,-89.895242,ChIJ2ehTh2eCf4gR95JHzr6OIMA,OK,112389,471570206101003
873.26,35.167095,-89.950496,ChIJecYfJgmBf4gRJh-YY67U6V8,OK,91073,471570011003004
873.26,35.167095,-89.950496,ChIJecYfJgmBf4gRJh-YY67U6V8,OK,91073,471570011003004
2261.854,35.14981359999999,-89.94918609999999,ChIJVdGBGRaBf4gRsi89Rzqn8W4,OK,142164,471570011003004
1182.733,35.1497164,-89.95515999999999,ChIJcQb6ehiBf4gR-uA54eRPNq8,OK,90739,471570014001009
1182.733,35.1497164,-89.95515999999999,ChIJcQb6ehiBf4gR-uA54eRPNq8,OK,90739,471570014001009
1621.542,35.167095,-89.950496,ChIJecYfJgmBf4gRJh-YY67U6V8,OK,105106,471570014001009
494.831,35.1497164,-89.95515999999999,ChIJcQb6ehiBf4gR-uA54eRPNq8,OK,59378,471570013003004
494.831,35.1497164,-89.95515999999999,ChIJcQb6ehiBf4gR-uA54eRPNq8,OK,59378,471570013003004
837.032,35.14981359999999,-89.94918609999999,ChIJVdGBGRaBf4gRsi89Rzqn8W4,OK,75393,471570013003004
2188.215,35.1738374,-89.98954379999999,ChIJ_S0BIGOAf4gRU3Ph4W65cOQ,OK,140697,471570006001012
3228.765,35.1490317,-90.0140679,ChIJw3q9_xV-1YcRqrte6yBn1CI,OK,203114,471570006001012
4190.197,35.21475480000001,-90.00354540000001,ChIJF6XvX_9_1YcRD4jlF4jzevw,OK,224961,471570006001003
4190.197,35.21475480000001,-90.00354540000001,ChIJF6XvX_9_1YcRD4jlF4jzevw,OK,224961,471570006001003
4660.825,35.1738374,-89.98954379999999,ChIJ_S0BIGOAf4gRU3Ph4W65cOQ,OK,264535,471570006001003
2322.379,35.17410499999999,-89.97575479999999,ChIJmfYTGFmAf4gRHGKCaD0qCtI,OK,205690,471570006001000
2322.379,35.17410499999999,-89.97575479999999,ChIJmfYTGFmAf4gRHGKCaD0qCtI,OK,205690,471570006001000
2685.693,35.1738374,-89.98954379999999,ChIJ_S0BIGOAf4gRU3Ph4W65cOQ,OK,274875,471570006001000
5846.442,35.1738374,-89.98954379999999,ChIJ_S0BIGOAf4gRU3Ph4W65cOQ,OK,309463,471570102204024
5846.442,35.1738374,-89.98954379999999,ChIJ_S0BIGOAf4gRU3Ph4W65cOQ,OK,309463,471570102204024
6385.777,35.217526,-89.98935,ChIJKdhOoPd_f4gRbD5w-Ol3ovU,OK,332975,471570102204024
1805.218,35.1738374,-89.98954379999999,ChIJ_S0BIGOAf4gRU3Ph4W65cOQ,OK,108309,471570006001023
1805.218,35.1738374,-89.98954379999999,ChIJ_S0BIGOAf4gRU3Ph4W65cOQ,OK,108309,471570006001023
2845.767,35.1490317,-90.0140679,ChIJw3q9_xV-1YcRqrte6yBn1CI,OK,170726,471570006001023
1869.92,35.1738374,-89.98954379999999,ChIJ_S0BIGOAf4gRU3Ph4W65cOQ,OK,125305,471570006001025
1869.92,35.1738374,-89.98954379999999,ChIJ_S0BIGOAf4gRU3Ph4W65cOQ,OK,125305,471570006001025
3071.989,35.1490317,-90.0140679,ChIJw3q9_xV-1YcRqrte6yBn1CI,OK,193538,471570006001025
586.96,35.2023757,-89.9218691,ChIJvw7rwByCf4gRrAscHKjp1Iw,OK,70432,471570205421014
991.535,35.210167,-89.919383,ChIJi0gqlgaCf4gRjUvfmHxGMyw,OK,118981,471570205421014
399.01,35.2023757,-89.9218691,ChIJvw7rwByCf4gRrAscHKjp1Iw,OK,47879,471570205421013
399.01,35.2023757,-89.9218691,ChIJvw7rwByCf4gRrAscHKjp1Iw,OK,47879,471570205421013
791.63,35.210167,-89.919383,ChIJi0gqlgaCf4gRjUvfmHxGMyw,OK,94994,471570205421013
584.398,35.2023757,-89.9218691,ChIJvw7rwByCf4gRrAscHKjp1Iw,OK,70126,471570205421012
584.398,35.2023757,-89.9218691,ChIJvw7rwByCf4gRrAscHKjp1Iw,OK,70126,471570205421012
896.562,35.210167,-89.919383,ChIJi0gqlgaCf4gRjUvfmHxGMyw,OK,99980,471570205421012
813.928,35.2023757,-89.9218691,ChIJvw7rwByCf4gRrAscHKjp1Iw,OK,97669,471570205421016
813.928,35.2023757,-89.9218691,ChIJvw7rwByCf4gRrAscHKjp1Iw,OK,97669,471570205421016
1818.012,35.210167,-89.919383,ChIJi0gqlgaCf4gRjUvfmHxGMyw,OK,164901,471570205421016
747.481,35.2158947,-89.9151158,ChIJxetq6ad4f4gRD1K1cIBWUQ4,OK,71698,471570205413022
1060.584,35.210167,-89.919383,ChIJi0gqlgaCf4gRjUvfmHxGMyw,OK,93811,471570205413022
1060.584,35.210167,-89.919383,ChIJi0gqlgaCf4gRjUvfmHxGMyw,OK,93811,471570205413022
910.82,35.2158947,-89.9151158,ChIJxetq6ad4f4gRD1K1cIBWUQ4,OK,91298,471570205413012
910.82,35.2158947,-89.9151158,ChIJxetq6ad4f4gRD1K1cIBWUQ4,OK,91298,471570205413012
1223.923,35.210167,-89.919383,ChIJi0gqlgaCf4gRjUvfmHxGMyw,OK,113411,471570205413012
1288.359,35.2158947,-89.9151158,ChIJxetq6ad4f4gRD1K1cIBWUQ4,OK,101868,471570205413011
1288.359,35.2158947,-89.9151158,ChIJxetq6ad4f4gRD1K1cIBWUQ4,OK,101868,471570205413011
1480.273,35.223866,-89.90499,ChIJJRXCRJh4f4gRcTFbl9qZzNM,OK,125484,471570205413011
783.948,35.2158947,-89.9151158,ChIJxetq6ad4f4gRD1K1cIBWUQ4,OK,76075,471570205412025
783.948,35.2158947,-89.9151158,ChIJxetq6ad4f4gRD1K1cIBWUQ4,OK,76075,471570205412025
1097.052,35.210167,-89.919383,ChIJi0gqlgaCf4gRjUvfmHxGMyw,OK,98188,471570205412025
1448.205,35.2158947,-89.9151158,ChIJxetq6ad4f4gRD1K1cIBWUQ4,OK,155784,471570205412009
1448.205,35.2158947,-89.9151158,ChIJxetq6ad4f4gRD1K1cIBWUQ4,OK,155784,471570205412009
1466.894,35.223866,-89.90499,ChIJJRXCRJh4f4gRcTFbl9qZzNM,OK,170663,471570205412009
784.839,35.2158947,-89.9151158,ChIJxetq6ad4f4gRD1K1cIBWUQ4,OK,76183,471570205412010
784.839,35.2158947,-89.9151158,ChIJxetq6ad4f4gRD1K1cIBWUQ4,OK,76183,471570205412010
1097.943,35.210167,-89.919383,ChIJi0gqlgaCf4gRjUvfmHxGMyw,OK,98296,471570205412010
3070.692,35.125222,-90.048147,ChIJ9cKdtid81YcRKs9h6RjzQzw,OK,191150,471570037001010
3070.692,35.125222,-90.048147,ChIJ9cKdtid81YcRKs9h6RjzQzw,OK,191150,471570037001010
1925.03,35.1439641,-90.0517892,ChIJL-0zBZR-1YcRj7p5p1WY4-g,OK,112561,471570114003022
2706.503,35.125222,-90.048147,ChIJ9cKdtid81YcRKs9h6RjzQzw,OK,151449,471570114003022
2706.503,35.125222,-90.048147,ChIJ9cKdtid81YcRKs9h6RjzQzw,OK,151449,471570114003022
1871.062,35.1439641,-90.0517892,ChIJL-0zBZR-1YcRj7p5p1WY4-g,OK,105782,471570037001009
1871.062,35.1439641,-90.0517892,ChIJL-0zBZR-1YcRj7p5p1WY4-g,OK,105782,471570037001009
2307.587,35.1444038,-90.0168571,ChIJufYEjhR-1YcREff46W6Lons,OK,138657,471570037001009
1164.573,35.125222,-90.048147,ChIJ9cKdtid81YcRKs9h6RjzQzw,OK,62176,471570114001053
1164.573,35.125222,-90.048147,ChIJ9cKdtid81YcRKs9h6RjzQzw,OK,62176,471570114001053
1166.387,35.1251709,-90.0481695,ChIJybIJtCd81YcR9Otxws-5qCM,OK,62276,471570114001053
688.821,35.125222,-90.048147,ChIJ9cKdtid81YcRKs9h6RjzQzw,OK,39685,471570114001051
688.821,35.125222,-90.048147,ChIJ9cKdtid81YcRKs9h6RjzQzw,OK,39685,471570114001051
690.635,35.1251709,-90.0481695,ChIJybIJtCd81YcR9Otxws-5qCM,OK,39785,471570114001051
607.602,35.125222,-90.048147,ChIJ9cKdtid81YcRKs9h6RjzQzw,OK,40825,471570114001060
607.602,35.125222,-90.048147,ChIJ9cKdtid81YcRKs9h6RjzQzw,OK,40825,471570114001060
609.416,35.1251709,-90.0481695,ChIJybIJtCd81YcR9Otxws-5qCM,OK,40925,471570114001060
562.541,35.13774119999999,-89.99713,ChIJtwtohKiAf4gRFxkNLUf9PgA,OK,49125,471570032003002
562.541,35.13774119999999,-89.99713,ChIJtwtohKiAf4gRFxkNLUf9PgA,OK,49125,471570032003002
812.979,35.13763670000001,-90.00757159999999,ChIJl69WLQV-1YcRU3z7Tt2MyhY,OK,67682,471570032003002
428.324,35.13774119999999,-89.99713,ChIJtwtohKiAf4gRFxkNLUf9PgA,OK,30852,471570032003001
428.324,35.13774119999999,-89.99713,ChIJtwtohKiAf4gRFxkNLUf9PgA,OK,30852,471570032003001
942.922,35.13763670000001,-90.00757159999999,ChIJl69WLQV-1YcRU3z7Tt2MyhY,OK,68427,471570032003001
843.625,35.13774119999999,-89.99713,ChIJtwtohKiAf4gRFxkNLUf9PgA,OK,63250,471570032003006
843.625,35.13774119999999,-89.99713,ChIJtwtohKiAf4gRFxkNLUf9PgA,OK,63250,471570032003006
905.34,35.13763670000001,-90.00757159999999,ChIJl69WLQV-1YcRU3z7Tt2MyhY,OK,71772,471570032003006
304.009,35.13774119999999,-89.99713,ChIJtwtohKiAf4gRFxkNLUf9PgA,OK,30315,471570032003000
304.009,35.13774119999999,-89.99713,ChIJtwtohKiAf4gRFxkNLUf9PgA,OK,30315,471570032003000
1063.337,35.13763670000001,-90.00757159999999,ChIJl69WLQV-1YcRU3z7Tt2MyhY,OK,85510,471570032003000
786.046,35.13774119999999,-89.99713,ChIJtwtohKiAf4gRFxkNLUf9PgA,OK,86528,471570032003007
786.046,35.13774119999999,-89.99713,ChIJtwtohKiAf4gRFxkNLUf9PgA,OK,86528,471570032003007
1397.894,35.13763670000001,-90.00757159999999,ChIJl69WLQV-1YcRU3z7Tt2MyhY,OK,114252,471570032003007
824.148,35.13774119999999,-89.99713,ChIJtwtohKiAf4gRFxkNLUf9PgA,OK,88444,471570032003008
824.148,35.13774119999999,-89.99713,ChIJtwtohKiAf4gRFxkNLUf9PgA,OK,88444,471570032003008
1317.975,35.13779299999999,-89.99118349999999,ChIJUQlZ-K-Af4gRkRKK62-ap5w,OK,107577,471570032003008
238.364,35.13774119999999,-89.99713,ChIJtwtohKiAf4gRFxkNLUf9PgA,OK,18877,471570032001009
238.364,35.13774119999999,-89.99713,ChIJtwtohKiAf4gRFxkNLUf9PgA,OK,18877,471570032001009
674.218,35.13779299999999,-89.99118349999999,ChIJUQlZ-K-Af4gRkRKK62-ap5w,OK,53971,471570032001009
314.264,35.13774119999999,-89.99713,ChIJtwtohKiAf4gRFxkNLUf9PgA,OK,31198,471570032001012
314.264,35.13774119999999,-89.99713,ChIJtwtohKiAf4gRFxkNLUf9PgA,OK,31198,471570032001012
884.037,35.13779299999999,-89.99118349999999,ChIJUQlZ-K-Af4gRkRKK62-ap5w,OK,75934,471570032001012
1556.395,35.13763670000001,-90.00757159999999,ChIJl69WLQV-1YcRU3z7Tt2MyhY,OK,115955,471570035001012
1556.395,35.13763670000001,-90.00757159999999,ChIJl69WLQV-1YcRU3z7Tt2MyhY,OK,115955,471570035001012
1974.989,35.13774119999999,-89.99713,ChIJtwtohKiAf4gRFxkNLUf9PgA,OK,123646,471570035001012
3644.002,35.1153996,-89.89414069999999,ChIJCb4NOWWEf4gR79YlPQoocW4,OK,265869,471570096001005
4222.778,35.1145886,-89.90089789999999,ChIJKWmlFW6Ef4gR0YNISWQMkss,OK,293422,471570096001005
4327.412,35.1145886,-89.90089789999999,ChIJKWmlFW6Ef4gR0YNISWQMkss,OK,307006,471570096001013
4327.412,35.1145886,-89.90089789999999,ChIJKWmlFW6Ef4gR0YNISWQMkss,OK,307006,471570096001013
4297.446,35.1153996,-89.89414069999999,ChIJCb4NOWWEf4gR79YlPQoocW4,OK,312379,471570096001013
4589.957,35.1153996,-89.89414069999999,ChIJCb4NOWWEf4gR79YlPQoocW4,OK,338473,471570213111025
4589.957,35.1153996,-89.89414069999999,ChIJCb4NOWWEf4gR79YlPQoocW4,OK,338473,471570213111025
5815.864,35.1503395,-89.89321,ChIJRaSiF6KDf4gRNIqqt1VnH58,OK,362327,471570213111025
3486.707,35.1153996,-89.89414069999999,ChIJCb4NOWWEf4gR79YlPQoocW4,OK,270091,471570096001006
3486.707,35.1153996,-89.89414069999999,ChIJCb4NOWWEf4gR79YlPQoocW4,OK,270091,471570096001006
4065.483,35.1145886,-89.90089789999999,ChIJKWmlFW6Ef4gR0YNISWQMkss,OK,297644,471570096001006
4096.182,35.1503395,-89.89321,ChIJRaSiF6KDf4gRNIqqt1VnH58,OK,292405,471570092005005
4096.182,35.1503395,-89.89321,ChIJRaSiF6KDf4gRNIqqt1VnH58,OK,292405,471570092005005
4106.026,35.156962,-89.88851749999999,ChIJaVmJmQmDf4gR3ZGZP7kcoeo,OK,301880,471570092005005
4906.999,35.1153996,-89.89414069999999,ChIJCb4NOWWEf4gR79YlPQoocW4,OK,306839,471570096001002
4906.999,35.1153996,-89.89414069999999,ChIJCb4NOWWEf4gR79YlPQoocW4,OK,306839,471570096001002
5531.066,35.1503395,-89.89321,ChIJRaSiF6KDf4gRNIqqt1VnH58,OK,328586,471570096001002
4545.134,35.0493563,-89.83813929999999,ChIJjRQNzqSaf4gRxmNqB0YAYGM,OK,337987,471570213331008
4715.762,35.0614623,-89.8536277,ChIJ4TWJkTWFf4gRbkNZYfkF9Jw,OK,342073,471570213331008
4527.757,35.0614623,-89.8536277,ChIJ4TWJkTWFf4gRbkNZYfkF9Jw,OK,304980,471570213201024
4527.757,35.0614623,-89.8536277,ChIJ4TWJkTWFf4gRbkNZYfkF9Jw,OK,304980,471570213201024
4612.528,35.0512763,-89.8427476,ChIJ7VPJ3q-af4gRdxERIyaZ0gk,OK,311168,471570213201024
5199.5,35.0614623,-89.8536277,ChIJ4TWJkTWFf4gRbkNZYfkF9Jw,OK,366546,471570213201012
5199.5,35.0614623,-89.8536277,ChIJ4TWJkTWFf4gRbkNZYfkF9Jw,OK,366546,471570213201012
5284.272,35.0512763,-89.8427476,ChIJ7VPJ3q-af4gRdxERIyaZ0gk,OK,372734,471570213201012
4412.732,35.0614623,-89.8536277,ChIJ4TWJkTWFf4gRbkNZYfkF9Jw,OK,302173,471570213201029
4412.732,35.0614623,-89.8536277,ChIJ4TWJkTWFf4gRbkNZYfkF9Jw,OK,302173,471570213201029
4497.503,35.0512763,-89.8427476,ChIJ7VPJ3q-af4gRdxERIyaZ0gk,OK,308361,471570213201029
4568.29,35.0614623,-89.8536277,ChIJ4TWJkTWFf4gRbkNZYfkF9Jw,OK,324378,471570213331007
4653.062,35.0512763,-89.8427476,ChIJ7VPJ3q-af4gRdxERIyaZ0gk,OK,330566,471570213331007
4653.062,35.0512763,-89.8427476,ChIJ7VPJ3q-af4gRdxERIyaZ0gk,OK,330566,471570213331007
3502.462,35.0614623,-89.8536277,ChIJ4TWJkTWFf4gRbkNZYfkF9Jw,OK,226250,471570213332010
3502.462,35.0614623,-89.8536277,ChIJ4TWJkTWFf4gRbkNZYfkF9Jw,OK,226250,471570213332010
3587.234,35.0512763,-89.8427476,ChIJ7VPJ3q-af4gRdxERIyaZ0gk,OK,232438,471570213332010
2030.766,35.1145886,-89.90089789999999,ChIJKWmlFW6Ef4gR0YNISWQMkss,OK,124186,471570095002002
2030.766,35.1145886,-89.90089789999999,ChIJKWmlFW6Ef4gR0YNISWQMkss,OK,124186,471570095002002
2000.8,35.1153996,-89.89414069999999,ChIJCb4NOWWEf4gR79YlPQoocW4,OK,129559,471570095002002
2712.549,35.1145886,-89.90089789999999,ChIJKWmlFW6Ef4gR0YNISWQMkss,OK,171519,471570096004035
2712.549,35.1145886,-89.90089789999999,ChIJKWmlFW6Ef4gR0YNISWQMkss,OK,171519,471570096004035
2682.583,35.1153996,-89.89414069999999,ChIJCb4NOWWEf4gR79YlPQoocW4,OK,176892,471570096004035
1904.061,35.09464699999999,-89.9708677,ChIJx5uAuBqHf4gRze5MKc5WJFI,OK,122399,471570067004014
1904.061,35.09464699999999,-89.9708677,ChIJx5uAuBqHf4gRze5MKc5WJFI,OK,122399,471570067004014
2383.993,35.104197,-89.98335349999999,ChIJNST6hGqHf4gR0Mml4gyjQWk,OK,147572,471570067004014
1660.24,35.1060329,-90.039159,ChIJ231bcjV81YcRQ1quDeYAd6M,OK,119066,471570116001043
1497.636,35.125222,-90.048147,ChIJ9cKdtid81YcRKs9h6RjzQzw,OK,125877,471570116001043
1497.636,35.125222,-90.048147,ChIJ9cKdtid81YcRKs9h6RjzQzw,OK,125877,471570116001043
1267.806,35.1157645,-90.022279,ChIJwZqBNMN91YcRRpdDvj5Pcr8,OK,93143,471570062003002
1267.806,35.1157645,-90.022279,ChIJwZqBNMN91YcRRpdDvj5Pcr8,OK,93143,471570062003002
1988.926,35.1087458,-90.0211918,ChIJe6w2EsF91YcRquzVZc8M0-I,OK,134533,471570062003002
3643.681,35.2051043,-89.79754849999999,ChIJpRDMlY2df4gRQqHmUo_lzmc,OK,177880,471570211131041
3643.681,35.2051043,-89.79754849999999,ChIJpRDMlY2df4gRQqHmUo_lzmc,OK,177880,471570211131041
3935.679,35.2071893,-89.79833029999999,ChIJQ0zWJIydf4gRstwjg5hObuM,OK,238393,471570211131041
1992.49,35.1507888,-89.977317,ChIJdVWrOuqAf4gR-V7s1E3qo7g,OK,128514,471570016001013
1992.49,35.1507888,-89.977317,ChIJdVWrOuqAf4gR-V7s1E3qo7g,OK,128514,471570016001013
2140.838,35.1738374,-89.98954379999999,ChIJ_S0BIGOAf4gRU3Ph4W65cOQ,OK,164154,471570016001013
334.96,35.02100869999999,-89.8995317,ChIJ-f6gz22Pf4gR-rWEeLgd-68,OK,18548,471570226001152
334.96,35.02100869999999,-89.8995317,ChIJ-f6gz22Pf4gR-rWEeLgd-68,OK,18548,471570226001152
346.233,35.0209193,-89.8996561,ChIJxWQfy22Pf4gRlC1jxVU1A2g,OK,19173,471570226001152
6379.203,35.1153996,-89.89414069999999,ChIJCb4NOWWEf4gR79YlPQoocW4,OK,400280,471570213112003
7086.509,35.16339899999999,-89.855841,ChIJA_xfkC6Df4gRAjVZwLz1jqA,OK,440467,471570213112003
7086.509,35.16339899999999,-89.855841,ChIJA_xfkC6Df4gRAjVZwLz1jqA,OK,440467,471570213112003
1329.919,35.19067459999999,-89.8489943,ChIJ364PGjWdf4gRKbsrGLq8_XQ,OK,111350,471570211111002
1329.919,35.19067459999999,-89.8489943,ChIJ364PGjWdf4gRKbsrGLq8_XQ,OK,111350,471570211111002
3316.806,35.1927931,-89.86922029999999,ChIJAQAAAMCCf4gRZL0qi0KLjtw,OK,253200,471570211111002
6924.797,35.086634,-89.96355199999999,ChIJW0XU3AGHf4gRINnmxvx9m5A,OK,341677,471579801001017
6924.797,35.086634,-89.96355199999999,ChIJW0XU3AGHf4gRINnmxvx9m5A,OK,341677,471579801001017
7399.339,35.0904795,-89.96597299999999,ChIJHfaNmAOHf4gR1d8V2K9rfSU,OK,367958,471579801001017
3725.925,35.13763670000001,-90.00757159999999,ChIJl69WLQV-1YcRU3z7Tt2MyhY,OK,208571,471570036002006
2406.664,35.1444038,-90.0168571,ChIJufYEjhR-1YcREff46W6Lons,OK,143534,471570037001025
2406.664,35.1444038,-90.0168571,ChIJufYEjhR-1YcREff46W6Lons,OK,143534,471570037001025
2600.511,35.1157645,-90.022279,ChIJwZqBNMN91YcRRpdDvj5Pcr8,OK,145550,471570037001025
8249.285,35.1444038,-90.0168571,ChIJufYEjhR-1YcREff46W6Lons,OK,414243,471570037001019
8249.285,35.1444038,-90.0168571,ChIJufYEjhR-1YcREff46W6Lons,OK,414243,471570037001019
8280.851,35.13763670000001,-90.00757159999999,ChIJl69WLQV-1YcRU3z7Tt2MyhY,OK,419752,471570037001019
1491.009,35.125222,-90.048147,ChIJ9cKdtid81YcRKs9h6RjzQzw,OK,82567,471570046001025
1491.009,35.125222,-90.048147,ChIJ9cKdtid81YcRKs9h6RjzQzw,OK,82567,471570046001025
1492.824,35.1251709,-90.0481695,ChIJybIJtCd81YcR9Otxws-5qCM,OK,82667,471570046001025
1666.804,35.217526,-89.98935,ChIJKdhOoPd_f4gRbD5w-Ol3ovU,OK,132529,471570102203012
1666.804,35.217526,-89.98935,ChIJKdhOoPd_f4gRbD5w-Ol3ovU,OK,132529,471570102203012
1703.149,35.2178517,-89.9902989,ChIJT7y6Nvh_f4gR6Khps0fYRPg,OK,136890,471570102203012
4536.472,35.0543926,-90.0597009,ChIJT5TzUbl81YcRiPqNjkbj9CA,OK,346460,471570222102017
5828.712,35.0326981,-90.07589809999999,ChIJ9S1ljalk1YcRvuG-_hbpimA,OK,399833,471570222102017
5828.712,35.0326981,-90.07589809999999,ChIJ9S1ljalk1YcRvuG-_hbpimA,OK,399833,471570222102017
3827.823,35.02753099999999,-90.082077,ChIJK66rdetk1YcRwwxI9gDREks,OK,259356,471570222101016
3827.823,35.02753099999999,-90.082077,ChIJK66rdetk1YcRwwxI9gDREks,OK,259356,471570222101016
4628.895,35.0326981,-90.07589809999999,ChIJ9S1ljalk1YcRvuG-_hbpimA,OK,303722,471570222101016
2992.373,35.2044739,-89.76342459999999,ChIJ3XsJxyKef4gRTeWb3lonWsU,OK,220962,471570211412005
2992.373,35.2044739,-89.76342459999999,ChIJ3XsJxyKef4gRTeWb3lonWsU,OK,220962,471570211412005
4682.788,35.2074362,-89.7805166,ChIJ62ATRfudf4gRPIrPAXGVsiQ,OK,352448,471570211412005
2056.056,35.218332,-90.00299799999999,ChIJfRCGEgGA1YcRsZsWP_dycDI,OK,148923,471570101103003
2056.056,35.218332,-90.00299799999999,ChIJfRCGEgGA1YcRsZsWP_dycDI,OK,148923,471570101103003
2263.961,35.21475480000001,-90.00354540000001,ChIJF6XvX_9_1YcRD4jlF4jzevw,OK,161397,471570101103003
726.595,35.2045576,-89.81176689999999,ChIJ8ROix4Kdf4gR4Su-1OwAUMo,OK,41333,471570206322024
726.595,35.2045576,-89.81176689999999,ChIJ8ROix4Kdf4gR4Su-1OwAUMo,OK,41333,471570206322024
1783.104,35.2051043,-89.79754849999999,ChIJpRDMlY2df4gRQqHmUo_lzmc,OK,98752,471570206322024
4099.288,35.14868459999999,-89.7948203,ChIJ4w9Lr2qcf4gRHdzl9FciAFM,OK,277255,471570211401011
4099.288,35.14868459999999,-89.7948203,ChIJ4w9Lr2qcf4gRHdzl9FciAFM,OK,277255,471570211401011
4865.45,35.1546312,-89.79260459999999,ChIJ8UeuSEecf4gRniit7ubZLtM,OK,297954,471570211401011
4889.786,35.0614623,-89.8536277,ChIJ4TWJkTWFf4gRbkNZYfkF9Jw,OK,348424,471570213201023
4889.786,35.0614623,-89.8536277,ChIJ4TWJkTWFf4gRbkNZYfkF9Jw,OK,348424,471570213201023
4974.558,35.0512763,-89.8427476,ChIJ7VPJ3q-af4gRdxERIyaZ0gk,OK,354612,471570213201023
914.094,35.0490562,-89.84441600000001,ChIJCUulJK6af4gR7vOP_qSrYdM,OK,64111,471570217321018
914.094,35.0490562,-89.84441600000001,ChIJCUulJK6af4gR7vOP_qSrYdM,OK,64111,471570217321018
1217.717,35.049031,-89.841437,ChIJt6vl46-af4gRvoN8Yvkmx9A,OK,79401,471570217321018
3811.166,35.1439641,-90.0517892,ChIJL-0zBZR-1YcRj7p5p1WY4-g,OK,233791,471570113001060
3811.166,35.1439641,-90.0517892,ChIJL-0zBZR-1YcRj7p5p1WY4-g,OK,233791,471570113001060
3841.856,35.1435177,-90.0539328,ChIJ8VFg1pV-1YcRR9G8p0pZx6U,OK,234070,471570113001060
1644.821,35.0614623,-89.8536277,ChIJ4TWJkTWFf4gRbkNZYfkF9Jw,OK,132647,471570217253000
1644.821,35.0614623,-89.8536277,ChIJ4TWJkTWFf4gRbkNZYfkF9Jw,OK,132647,471570217253000
2495.126,35.0493493,-89.855357,ChIJH2Nw4lGFf4gRq0vxk4n5iAE,OK,181141,471570217253000
1246.256,35.05113000000001,-89.815021,ChIJAdLMX4iaf4gRUenKpoiyrBc,OK,88898,471570213421010
1460.398,35.048632,-89.814048,ChIJqY7T64eaf4gRoqZRK7sz4Co,OK,101174,471570213421010
1316.928,35.062945,-89.90568519999999,ChIJjxj9mL-Ff4gRoOEx9OzDyxs,OK,81703,471570106302007
1316.928,35.062945,-89.90568519999999,ChIJjxj9mL-Ff4gRoOEx9OzDyxs,OK,81703,471570106302007
1061.311,35.063996,-89.90690699999999,ChIJn51vcb-Ff4gRvoXU4r8swrw,OK,88896,471570106302007
1846.313,35.0461089,-89.7947008,ChIJaZI6O3Oaf4gRqa_eh0DNj_s,OK,102245,471570213423048
1846.313,35.0461089,-89.7947008,ChIJaZI6O3Oaf4gRqa_eh0DNj_s,OK,102245,471570213423048
1964.318,35.045091,-89.795412,ChIJVelsQnOaf4gRECqTW7fq-dY,OK,108780,471570213423048
2045.67,35.1153996,-89.89414069999999,ChIJCb4NOWWEf4gR79YlPQoocW4,OK,145024,471570085002000
2045.67,35.1153996,-89.89414069999999,ChIJCb4NOWWEf4gR79YlPQoocW4,OK,145024,471570085002000
2361.892,35.148225,-89.89748700000001,ChIJC8t095eDf4gRGuXK3FleZyg,OK,154478,471570085002000
1093.814,35.051879,-89.95322299999999,ChIJtbdkhjqGf4gRndtG1KtFnTA,OK,102059,471570110202000
1093.814,35.051879,-89.95322299999999,ChIJtbdkhjqGf4gRndtG1KtFnTA,OK,102059,471570110202000
2780.231,35.05905920000001,-89.9340455,ChIJM89Mbw2Gf4gRFqf4fPnKU7k,OK,195145,471570110202000
2686.744,35.1153996,-89.89414069999999,ChIJCb4NOWWEf4gR79YlPQoocW4,OK,219434,471570096002010
2686.744,35.1153996,-89.89414069999999,ChIJCb4NOWWEf4gR79YlPQoocW4,OK,219434,471570096002010
3265.52,35.1145886,-89.90089789999999,ChIJKWmlFW6Ef4gR0YNISWQMkss,OK,246987,471570096002010
1010.618,35.13763670000001,-90.00757159999999,ChIJl69WLQV-1YcRU3z7Tt2MyhY,OK,77276,471570033002002
1010.618,35.13763670000001,-90.00757159999999,ChIJl69WLQV-1YcRU3z7Tt2MyhY,OK,77276,471570033002002
1221.369,35.139426,-90.00714049999999,ChIJC-6kIBt-1YcRA1cskDtjsVc,OK,95398,471570033002002
2457.513,35.00495799999999,-90.0276544,ChIJuXbrrfFi1YcR97C4vX-T9Zk,OK,172727,471570227001002
2457.513,35.00495799999999,-90.0276544,ChIJuXbrrfFi1YcR97C4vX-T9Zk,OK,172727,471570227001002
4073.733,34.99227370000001,-90.0232297,ChIJY7HkKF9i1YcRjKJ-3GH9XsM,OK,252753,471570227001002
1362.139,35.1507888,-89.977317,ChIJdVWrOuqAf4gR-V7s1E3qo7g,OK,96909,471570009003008
1362.139,35.1507888,-89.977317,ChIJdVWrOuqAf4gR-V7s1E3qo7g,OK,96909,471570009003008
1763.367,35.17410499999999,-89.97575479999999,ChIJmfYTGFmAf4gRHGKCaD0qCtI,OK,138987,471570009003008
1365.369,35.109859,-89.99141100000001,ChIJs6JbpFyHf4gR9O01gG0a7fQ,OK,99060,471570063003006
1365.369,35.109859,-89.99141100000001,ChIJs6JbpFyHf4gR9O01gG0a7fQ,OK,99060,471570063003006
2167.429,35.107529,-89.9862127,ChIJ0WGfSUKHf4gRjDLrfGQwCV4,OK,149941,471570063003006
3578.482,35.218332,-90.00299799999999,ChIJfRCGEgGA1YcRsZsWP_dycDI,OK,219430,471570099012000
3578.482,35.218332,-90.00299799999999,ChIJfRCGEgGA1YcRsZsWP_dycDI,OK,219430,471570099012000
3756.556,35.22619459999999,-90.0020167,ChIJvTh1mwiA1YcRLLqD5Uxq8Nc,OK,224427,471570099012000
1723.848,35.0461089,-89.7947008,ChIJaZI6O3Oaf4gRqa_eh0DNj_s,OK,114124,471570213423041
1723.848,35.0461089,-89.7947008,ChIJaZI6O3Oaf4gRqa_eh0DNj_s,OK,114124,471570213423041
1841.853,35.045091,-89.795412,ChIJVelsQnOaf4gRECqTW7fq-dY,OK,120659,471570213423041
2864.151,35.1153996,-89.89414069999999,ChIJCb4NOWWEf4gR79YlPQoocW4,OK,226621,471570096002011
2864.151,35.1153996,-89.89414069999999,ChIJCb4NOWWEf4gR79YlPQoocW4,OK,226621,471570096002011
3442.927,35.1145886,-89.90089789999999,ChIJKWmlFW6Ef4gR0YNISWQMkss,OK,254174,471570096002011
4616.217,35.1439641,-90.0517892,ChIJL-0zBZR-1YcRj7p5p1WY4-g,OK,331261,471570002001001
4616.217,35.1439641,-90.0517892,ChIJL-0zBZR-1YcRj7p5p1WY4-g,OK,331261,471570002001001
4825.133,35.1450994,-90.0538646,ChIJne6_s5V-1YcRn_LPaqiwhrk,OK,336715,471570002001001
1479.76,35.13774119999999,-89.99713,ChIJtwtohKiAf4gRFxkNLUf9PgA,OK,101754,471570033002008
1479.76,35.13774119999999,-89.99713,ChIJtwtohKiAf4gRFxkNLUf9PgA,OK,101754,471570033002008
1842.609,35.13763670000001,-90.00757159999999,ChIJl69WLQV-1YcRU3z7Tt2MyhY,OK,128342,471570033002008
3293.358,35.00495799999999,-90.0276544,ChIJuXbrrfFi1YcR97C4vX-T9Zk,OK,250465,471570227004010
3293.358,35.00495799999999,-90.0276544,ChIJuXbrrfFi1YcR97C4vX-T9Zk,OK,250465,471570227004010
4139.661,35.0225458,-90.0257415,ChIJnc94gMRi1YcRKYztFRuX2Yw,OK,277346,471570227004010
1372.513,35.1507888,-89.977317,ChIJdVWrOuqAf4gR-V7s1E3qo7g,OK,88116,471570009003013
1372.513,35.1507888,-89.977317,ChIJdVWrOuqAf4gR-V7s1E3qo7g,OK,88116,471570009003013
2284.303,35.17410499999999,-89.97575479999999,ChIJmfYTGFmAf4gRHGKCaD0qCtI,OK,145247,471570009003013
1803.627,35.1507888,-89.977317,ChIJdVWrOuqAf4gR-V7s1E3qo7g,OK,122901,471570027001033
1803.627,35.1507888,-89.977317,ChIJdVWrOuqAf4gR-V7s1E3qo7g,OK,122901,471570027001033
1866.549,35.13418100000001,-89.98599,ChIJnf1_yraAf4gR9pQmD7CXhgg,OK,123728,471570027001033
916.613,35.1439641,-90.0517892,ChIJL-0zBZR-1YcRj7p5p1WY4-g,OK,60990,471570042002047
916.613,35.1439641,-90.0517892,ChIJL-0zBZR-1YcRj7p5p1WY4-g,OK,60990,471570042002047
947.304,35.1435177,-90.0539328,ChIJ8VFg1pV-1YcRR9G8p0pZx6U,OK,61269,471570042002047
1503.656,35.2158947,-89.9151158,ChIJxetq6ad4f4gRD1K1cIBWUQ4,OK,162440,471570205412008
1503.656,35.2158947,-89.9151158,ChIJxetq6ad4f4gRD1K1cIBWUQ4,OK,162440,471570205412008
1532.162,35.223866,-89.90499,ChIJJRXCRJh4f4gRcTFbl9qZzNM,OK,178495,471570205412008
1858.493,35.125222,-90.048147,ChIJ9cKdtid81YcRKs9h6RjzQzw,OK,111273,471570114003059
1858.493,35.125222,-90.048147,ChIJ9cKdtid81YcRKs9h6RjzQzw,OK,111273,471570114003059
1860.307,35.1251709,-90.0481695,ChIJybIJtCd81YcR9Otxws-5qCM,OK,111373,471570114003059
215.375,35.0614623,-89.8536277,ChIJ4TWJkTWFf4gRbkNZYfkF9Jw,OK,25843,471570217262006
2659.44,35.21475480000001,-90.00354540000001,ChIJF6XvX_9_1YcRD4jlF4jzevw,OK,159556,471570101202023
215.375,35.0614623,-89.8536277,ChIJ4TWJkTWFf4gRbkNZYfkF9Jw,OK,25843,471570217262006
2659.44,35.21475480000001,-90.00354540000001,ChIJF6XvX_9_1YcRD4jlF4jzevw,OK,159556,471570101202023
1813.774,35.0493493,-89.855357,ChIJH2Nw4lGFf4gRq0vxk4n5iAE,OK,119219,471570217262006
2851.567,35.2166323,-89.9945206,ChIJ4fSgw_h_f4gRx0hAJfGjdzA,OK,171083,471570101202023
1251.733,35.2023757,-89.9218691,ChIJvw7rwByCf4gRrAscHKjp1Iw,OK,94003,471570205422018
1417.814,35.210167,-89.919383,ChIJi0gqlgaCf4gRjUvfmHxGMyw,OK,122454,471570205422018
1417.814,35.210167,-89.919383,ChIJi0gqlgaCf4gRjUvfmHxGMyw,OK,122454,471570205422018
1511.766,35.05113000000001,-89.815021,ChIJAdLMX4iaf4gRUenKpoiyrBc,OK,104069,471570213341012
1511.766,35.05113000000001,-89.815021,ChIJAdLMX4iaf4gRUenKpoiyrBc,OK,104069,471570213341012
1685.687,35.048632,-89.814048,ChIJqY7T64eaf4gRoqZRK7sz4Co,OK,116489,471570213341012
2927.982,35.21475480000001,-90.00354540000001,ChIJF6XvX_9_1YcRD4jlF4jzevw,OK,196792,471570102204014
2927.982,35.21475480000001,-90.00354540000001,ChIJF6XvX_9_1YcRD4jlF4jzevw,OK,196792,471570102204014
3120.108,35.2166323,-89.9945206,ChIJ4fSgw_h_f4gRx0hAJfGjdzA,OK,208319,471570102204014
2724.749,35.218332,-90.00299799999999,ChIJfRCGEgGA1YcRsZsWP_dycDI,OK,162173,471570099013041
2724.749,35.218332,-90.00299799999999,ChIJfRCGEgGA1YcRsZsWP_dycDI,OK,162173,471570099013041
2932.653,35.21475480000001,-90.00354540000001,ChIJF6XvX_9_1YcRD4jlF4jzevw,OK,174647,471570099013041
1765.924,35.2045576,-89.81176689999999,ChIJ8ROix4Kdf4gR4Su-1OwAUMo,OK,120640,471570211131020
1765.924,35.2045576,-89.81176689999999,ChIJ8ROix4Kdf4gR4Su-1OwAUMo,OK,120640,471570211131020
2822.433,35.2051043,-89.79754849999999,ChIJpRDMlY2df4gRQqHmUo_lzmc,OK,178059,471570211131020
1723.496,35.1738374,-89.98954379999999,ChIJ_S0BIGOAf4gRU3Ph4W65cOQ,OK,107735,471570006001030
1723.496,35.1738374,-89.98954379999999,ChIJ_S0BIGOAf4gRU3Ph4W65cOQ,OK,107735,471570006001030
2928.117,35.1490317,-90.0140679,ChIJw3q9_xV-1YcRqrte6yBn1CI,OK,179996,471570006001030
934.33,35.223866,-89.90499,ChIJJRXCRJh4f4gRcTFbl9qZzNM,OK,116625,471570205412003
934.33,35.223866,-89.90499,ChIJJRXCRJh4f4gRcTFbl9qZzNM,OK,116625,471570205412003
1566.805,35.220637,-89.892425,ChIJiZ78r4Z4f4gRyy0DWRWI7n0,OK,133869,471570205412003
1804.312,35.16339899999999,-89.855841,ChIJA_xfkC6Df4gRAjVZwLz1jqA,OK,116582,471570211211013
1804.312,35.16339899999999,-89.855841,ChIJA_xfkC6Df4gRAjVZwLz1jqA,OK,116582,471570211211013
1879.467,35.1623785,-89.8566175,ChIJXQHWWS6Df4gRqhH5EQ9H1j0,OK,125547,471570211211013
817.095,35.1738374,-89.98954379999999,ChIJ_S0BIGOAf4gRU3Ph4W65cOQ,OK,94579,471570006001043
817.095,35.1738374,-89.98954379999999,ChIJ_S0BIGOAf4gRU3Ph4W65cOQ,OK,94579,471570006001043
2163.704,35.17410499999999,-89.97575479999999,ChIJmfYTGFmAf4gRHGKCaD0qCtI,OK,175365,471570006001043
305.562,35.2158947,-89.9151158,ChIJxetq6ad4f4gRD1K1cIBWUQ4,OK,16922,471570205412004
305.562,35.2158947,-89.9151158,ChIJxetq6ad4f4gRD1K1cIBWUQ4,OK,16922,471570205412004
1175.702,35.210167,-89.919383,ChIJi0gqlgaCf4gRjUvfmHxGMyw,OK,69886,471570205412004
2480.776,35.02100869999999,-89.8995317,ChIJ-f6gz22Pf4gR-rWEeLgd-68,OK,137388,471570226001088
2480.776,35.02100869999999,-89.8995317,ChIJ-f6gz22Pf4gR-rWEeLgd-68,OK,137388,471570226001088
2492.049,35.0209193,-89.8996561,ChIJxWQfy22Pf4gRlC1jxVU1A2g,OK,138013,471570226001088
831.637,35.1738374,-89.98954379999999,ChIJ_S0BIGOAf4gRU3Ph4W65cOQ,OK,90138,471570006002001
831.637,35.1738374,-89.98954379999999,ChIJ_S0BIGOAf4gRU3Ph4W65cOQ,OK,90138,471570006002001
1478.723,35.17410499999999,-89.97575479999999,ChIJmfYTGFmAf4gRHGKCaD0qCtI,OK,125090,471570006002001
1160.679,35.223866,-89.90499,ChIJJRXCRJh4f4gRcTFbl9qZzNM,OK,154580,471570205412000
1160.679,35.223866,-89.90499,ChIJJRXCRJh4f4gRcTFbl9qZzNM,OK,154580,471570205412000
1685.287,35.2158947,-89.9151158,ChIJxetq6ad4f4gRD1K1cIBWUQ4,OK,172531,471570205412000
237.878,35.1738374,-89.98954379999999,ChIJ_S0BIGOAf4gRU3Ph4W65cOQ,OK,25438,471570006002012
237.878,35.1738374,-89.98954379999999,ChIJ_S0BIGOAf4gRU3Ph4W65cOQ,OK,25438,471570006002012
1480.918,35.17410499999999,-89.97575479999999,ChIJmfYTGFmAf4gRHGKCaD0qCtI,OK,100010,471570006002012
1961.773,35.14981359999999,-89.94918609999999,ChIJVdGBGRaBf4gRsi89Rzqn8W4,OK,114083,471570028002012
1961.773,35.14981359999999,-89.94918609999999,ChIJVdGBGRaBf4gRsi89Rzqn8W4,OK,114083,471570028002012
2512.976,35.1497164,-89.95515999999999,ChIJcQb6ehiBf4gR-uA54eRPNq8,OK,149383,471570028002012
2632.268,35.218332,-90.00299799999999,ChIJfRCGEgGA1YcRsZsWP_dycDI,OK,157417,471570099022002
2632.268,35.218332,-90.00299799999999,ChIJfRCGEgGA1YcRsZsWP_dycDI,OK,157417,471570099022002
2840.173,35.21475480000001,-90.00354540000001,ChIJF6XvX_9_1YcRD4jlF4jzevw,OK,169891,471570099022002
1323.167,35.222344,-89.97682999999999,ChIJ987Br45_f4gRjwrvnFN8t7k,OK,131442,471570102202005
1323.167,35.222344,-89.97682999999999,ChIJ987Br45_f4gRjwrvnFN8t7k,OK,131442,471570102202005
1663.104,35.217526,-89.98935,ChIJKdhOoPd_f4gRbD5w-Ol3ovU,OK,151250,471570102202005
1453.159,35.0854368,-89.89541919999999,ChIJf5cc-VKEf4gRF-lYLgijYQQ,OK,73761,471570097002014
1453.159,35.0854368,-89.89541919999999,ChIJf5cc-VKEf4gRF-lYLgijYQQ,OK,73761,471570097002014
4787.054,35.063996,-89.90690699999999,ChIJn51vcb-Ff4gRvoXU4r8swrw,OK,261204,471570097002014
4428.425,35.222344,-89.97682999999999,ChIJ987Br45_f4gRjwrvnFN8t7k,OK,314103,471570205111012
4428.425,35.222344,-89.97682999999999,ChIJ987Br45_f4gRjwrvnFN8t7k,OK,314103,471570205111012
4829.291,35.2227028,-89.97692290000001,ChIJ987Br45_f4gRMoYIhCny13Q,OK,350235,471570205111012
53.369,35.2227028,-89.97692290000001,ChIJ987Br45_f4gRMoYIhCny13Q,OK,6404,471570102102003
53.369,35.2227028,-89.97692290000001,ChIJ987Br45_f4gRMoYIhCny13Q,OK,6404,471570102102003
454.236,35.222344,-89.97682999999999,ChIJ987Br45_f4gRjwrvnFN8t7k,OK,42536,471570102102003
1944.021,35.02100869999999,-89.8995317,ChIJ-f6gz22Pf4gR-rWEeLgd-68,OK,90641,471570226001140
1944.021,35.02100869999999,-89.8995317,ChIJ-f6gz22Pf4gR-rWEeLgd-68,OK,90641,471570226001140
1955.294,35.0209193,-89.8996561,ChIJxWQfy22Pf4gRlC1jxVU1A2g,OK,91266,471570226001140
583.438,35.220637,-89.892425,ChIJiZ78r4Z4f4gRyy0DWRWI7n0,OK,55105,471570205411000
583.438,35.220637,-89.892425,ChIJiZ78r4Z4f4gRyy0DWRWI7n0,OK,55105,471570205411000
2093.306,35.1439641,-90.0517892,ChIJL-0zBZR-1YcRj7p5p1WY4-g,OK,172102,471570021001058
2093.306,35.1439641,-90.0517892,ChIJL-0zBZR-1YcRj7p5p1WY4-g,OK,172102,471570021001058
2302.222,35.1450994,-90.0538646,ChIJne6_s5V-1YcRn_LPaqiwhrk,OK,177556,471570021001058
813.87,35.0508681,-89.88111619999999,ChIJ68PUi3CFf4gRLPYGzNKUdto,OK,80332,471570217312005
813.87,35.0508681,-89.88111619999999,ChIJ68PUi3CFf4gRLPYGzNKUdto,OK,80332,471570217312005
1168.098,35.0505832,-89.86958199999999,ChIJAfPLA2iFf4gRetxnyV4zn3o,OK,98700,471570217312005
1415.082,35.0477573,-89.86637909999999,ChIJ5_0L5VyFf4gR4HBEwl6nmRE,OK,107198,471570217322017
1415.082,35.0477573,-89.86637909999999,ChIJ5_0L5VyFf4gR4HBEwl6nmRE,OK,107198,471570217322017
1328.935,35.0493493,-89.855357,ChIJH2Nw4lGFf4gRq0vxk4n5iAE,OK,119757,471570217322017
1040.56,35.0490562,-89.84441600000001,ChIJCUulJK6af4gR7vOP_qSrYdM,OK,73633,471570217321008
1040.56,35.0490562,-89.84441600000001,ChIJCUulJK6af4gR7vOP_qSrYdM,OK,73633,471570217321008
1344.184,35.049031,-89.841437,ChIJt6vl46-af4gRvoN8Yvkmx9A,OK,88923,471570217321008
1307.05,35.0614623,-89.8536277,ChIJ4TWJkTWFf4gRbkNZYfkF9Jw,OK,119088,471570217251010
1307.05,35.0614623,-89.8536277,ChIJ4TWJkTWFf4gRbkNZYfkF9Jw,OK,119088,471570217251010
1825.013,35.0512763,-89.8427476,ChIJ7VPJ3q-af4gRdxERIyaZ0gk,OK,151266,471570217251010
855.693,35.0490562,-89.84441600000001,ChIJCUulJK6af4gR7vOP_qSrYdM,OK,54282,471570217321002
855.693,35.0490562,-89.84441600000001,ChIJCUulJK6af4gR7vOP_qSrYdM,OK,54282,471570217321002
1159.316,35.049031,-89.841437,ChIJt6vl46-af4gRvoN8Yvkmx9A,OK,69572,471570217321002
984.875,35.0490562,-89.84441600000001,ChIJCUulJK6af4gR7vOP_qSrYdM,OK,82222,471570217321006
984.875,35.0490562,-89.84441600000001,ChIJCUulJK6af4gR7vOP_qSrYdM,OK,82222,471570217321006
1288.499,35.049031,-89.841437,ChIJt6vl46-af4gRvoN8Yvkmx9A,OK,97512,471570217321006
560.497,35.0490562,-89.84441600000001,ChIJCUulJK6af4gR7vOP_qSrYdM,OK,53051,471570217321003
560.497,35.0490562,-89.84441600000001,ChIJCUulJK6af4gR7vOP_qSrYdM,OK,53051,471570217321003
864.121,35.049031,-89.841437,ChIJt6vl46-af4gRvoN8Yvkmx9A,OK,68341,471570217321003
488.997,35.0490562,-89.84441600000001,ChIJCUulJK6af4gR7vOP_qSrYdM,OK,44472,471570217321022
488.997,35.0490562,-89.84441600000001,ChIJCUulJK6af4gR7vOP_qSrYdM,OK,44472,471570217321022
792.62,35.049031,-89.841437,ChIJt6vl46-af4gRvoN8Yvkmx9A,OK,59762,471570217321022
750.626,35.0490562,-89.84441600000001,ChIJCUulJK6af4gR7vOP_qSrYdM,OK,75865,471570217321015
750.626,35.0490562,-89.84441600000001,ChIJCUulJK6af4gR7vOP_qSrYdM,OK,75865,471570217321015
1054.249,35.049031,-89.841437,ChIJt6vl46-af4gRvoN8Yvkmx9A,OK,91155,471570217321015
1945.067,35.0477573,-89.86637909999999,ChIJ5_0L5VyFf4gR4HBEwl6nmRE,OK,116408,471570217413003
1945.067,35.0477573,-89.86637909999999,ChIJ5_0L5VyFf4gR4HBEwl6nmRE,OK,116408,471570217413003
2515.905,35.050596,-89.869556,ChIJQ4vLA2iFf4gRyyCo3ihKH44,OK,155137,471570217413003
2357.759,35.0477573,-89.86637909999999,ChIJ5_0L5VyFf4gR4HBEwl6nmRE,OK,155174,471570217413004
2357.759,35.0477573,-89.86637909999999,ChIJ5_0L5VyFf4gR4HBEwl6nmRE,OK,155174,471570217413004
2928.597,35.050596,-89.869556,ChIJQ4vLA2iFf4gRyyCo3ihKH44,OK,193903,471570217413004
2483.81,35.0477573,-89.86637909999999,ChIJ5_0L5VyFf4gR4HBEwl6nmRE,OK,147567,471570217413009
2483.81,35.0477573,-89.86637909999999,ChIJ5_0L5VyFf4gR4HBEwl6nmRE,OK,147567,471570217413009
3054.648,35.050596,-89.869556,ChIJQ4vLA2iFf4gRyyCo3ihKH44,OK,186296,471570217413009
2631.341,35.0477573,-89.86637909999999,ChIJ5_0L5VyFf4gR4HBEwl6nmRE,OK,159551,471570217413008
2631.341,35.0477573,-89.86637909999999,ChIJ5_0L5VyFf4gR4HBEwl6nmRE,OK,159551,471570217413008
3204.5,35.0505832,-89.86958199999999,ChIJAfPLA2iFf4gRetxnyV4zn3o,OK,198698,471570217413008
3058.485,35.0477573,-89.86637909999999,ChIJ5_0L5VyFf4gR4HBEwl6nmRE,OK,169377,471570217413013
3058.485,35.0477573,-89.86637909999999,ChIJ5_0L5VyFf4gR4HBEwl6nmRE,OK,169377,471570217413013
3629.323,35.050596,-89.869556,ChIJQ4vLA2iFf4gRyyCo3ihKH44,OK,208106,471570217413013
1486.599,35.0344414,-89.8319559,ChIJfcC9SguQf4gR_xf02Tpo1-w,OK,110349,471570217471003
1486.599,35.0344414,-89.8319559,ChIJfcC9SguQf4gR_xf02Tpo1-w,OK,110349,471570217471003
2301.7,35.0490562,-89.84441600000001,ChIJCUulJK6af4gR7vOP_qSrYdM,OK,158671,471570217471003
1564.182,35.0344414,-89.8319559,ChIJfcC9SguQf4gR_xf02Tpo1-w,OK,109055,471570217471004
1564.182,35.0344414,-89.8319559,ChIJfcC9SguQf4gR_xf02Tpo1-w,OK,109055,471570217471004
2200.479,35.0490562,-89.84441600000001,ChIJCUulJK6af4gR7vOP_qSrYdM,OK,146526,471570217471004
1579.768,35.0344414,-89.8319559,ChIJfcC9SguQf4gR_xf02Tpo1-w,OK,110925,471570217471005
1579.768,35.0344414,-89.8319559,ChIJfcC9SguQf4gR_xf02Tpo1-w,OK,110925,471570217471005
2216.066,35.0490562,-89.84441600000001,ChIJCUulJK6af4gR7vOP_qSrYdM,OK,148396,471570217471005
596.897,35.0344414,-89.8319559,ChIJfcC9SguQf4gR_xf02Tpo1-w,OK,44871,471570217463010
596.897,35.0344414,-89.8319559,ChIJfcC9SguQf4gR_xf02Tpo1-w,OK,44871,471570217463010
2982.853,35.0493563,-89.83813929999999,ChIJjRQNzqSaf4gRxmNqB0YAYGM,OK,207751,471570217463010
598.205,35.0344414,-89.8319559,ChIJfcC9SguQf4gR_xf02Tpo1-w,OK,40347,471570217444002
598.205,35.0344414,-89.8319559,ChIJfcC9SguQf4gR_xf02Tpo1-w,OK,40347,471570217444002
1143.771,35.0220022,-89.82947999999999,ChIJxT9DeWuQf4gRf6HLF5uJHd0,OK,69539,471570217444002
648.897,35.0878609,-89.931612,ChIJ78kLm4aGf4gRhPZ5eF_7ojg,OK,59806,471570118003010
648.897,35.0878609,-89.931612,ChIJ78kLm4aGf4gRhPZ5eF_7ojg,OK,59806,471570118003010
1244.121,35.093158,-89.93038,ChIJU1HLuoSGf4gRK5KIVLXtvbU,OK,96998,471570118003010
5322.74,35.1153996,-89.89414069999999,ChIJCb4NOWWEf4gR79YlPQoocW4,OK,388793,471570213112004
7445.376,35.16339899999999,-89.855841,ChIJA_xfkC6Df4gRAjVZwLz1jqA,OK,467844,471570213112004
7445.376,35.16339899999999,-89.855841,ChIJA_xfkC6Df4gRAjVZwLz1jqA,OK,467844,471570213112004
978.605,35.19067459999999,-89.8489943,ChIJ364PGjWdf4gRKbsrGLq8_XQ,OK,54198,471570211111000
952.012,35.2158947,-89.9151158,ChIJxetq6ad4f4gRD1K1cIBWUQ4,OK,96243,471570205412011
952.012,35.2158947,-89.9151158,ChIJxetq6ad4f4gRD1K1cIBWUQ4,OK,96243,471570205412011
1265.115,35.210167,-89.919383,ChIJi0gqlgaCf4gRjUvfmHxGMyw,OK,118356,471570205412011
2112.558,35.2045576,-89.81176689999999,ChIJ8ROix4Kdf4gR4Su-1OwAUMo,OK,188450,471570211121006
2112.558,35.2045576,-89.81176689999999,ChIJ8ROix4Kdf4gR4Su-1OwAUMo,OK,188450,471570211121006
3169.066,35.2051043,-89.79754849999999,ChIJpRDMlY2df4gRQqHmUo_lzmc,OK,245869,471570211121006
9729.109,35.093591,-90.056624,ChIJgyVl92d81YcRhuRHHckl8Y4,OK,863721,471579802001013
13428.046,35.06128,-90.05978399999999,ChIJm06f8ZV81YcRTjzAsJPcBKY,OK,998825,471579802001013
13428.046,35.06128,-90.05978399999999,ChIJm06f8ZV81YcRTjzAsJPcBKY,OK,998825,471579802001013
1295.016,35.1251709,-90.0481695,ChIJybIJtCd81YcR9Otxws-5qCM,OK,71718,471570050002003
1295.016,35.1251709,-90.0481695,ChIJybIJtCd81YcR9Otxws-5qCM,OK,71718,471570050002003
1296.831,35.125222,-90.048147,ChIJ9cKdtid81YcRKs9h6RjzQzw,OK,71819,471570050002003
755.767,35.14981359999999,-89.94918609999999,ChIJVdGBGRaBf4gRsi89Rzqn8W4,OK,45342,471570013004004
755.767,35.14981359999999,-89.94918609999999,ChIJVdGBGRaBf4gRsi89Rzqn8W4,OK,45342,471570013004004
1306.97,35.1497164,-89.95515999999999,ChIJcQb6ehiBf4gR-uA54eRPNq8,OK,80642,471570013004004
5955.779,35.0614623,-89.8536277,ChIJ4TWJkTWFf4gRbkNZYfkF9Jw,OK,376593,471570213201016
5955.779,35.0614623,-89.8536277,ChIJ4TWJkTWFf4gRbkNZYfkF9Jw,OK,376593,471570213201016
6040.551,35.0512763,-89.8427476,ChIJ7VPJ3q-af4gRdxERIyaZ0gk,OK,382781,471570213201016
1697.662,35.2023757,-89.9218691,ChIJvw7rwByCf4gRrAscHKjp1Iw,OK,121763,471570205412030
1863.743,35.210167,-89.919383,ChIJi0gqlgaCf4gRjUvfmHxGMyw,OK,150214,471570205412030
1863.743,35.210167,-89.919383,ChIJi0gqlgaCf4gRjUvfmHxGMyw,OK,150214,471570205412030
1590.759,35.02753099999999,-90.082077,ChIJK66rdetk1YcRwwxI9gDREks,OK,124053,471570224102016
1590.759,35.02753099999999,-90.082077,ChIJK66rdetk1YcRwwxI9gDREks,OK,124053,471570224102016
2391.831,35.0326981,-90.07589809999999,ChIJ9S1ljalk1YcRvuG-_hbpimA,OK,168419,471570224102016
5956.747,35.0614623,-89.8536277,ChIJ4TWJkTWFf4gRbkNZYfkF9Jw,OK,376709,471570213201015
5956.747,35.0614623,-89.8536277,ChIJ4TWJkTWFf4gRbkNZYfkF9Jw,OK,376709,471570213201015
6041.519,35.0512763,-89.8427476,ChIJ7VPJ3q-af4gRdxERIyaZ0gk,OK,382897,471570213201015
1693.739,35.1490317,-90.0140679,ChIJw3q9_xV-1YcRqrte6yBn1CI,OK,101608,471570017002005
1693.739,35.1490317,-90.0140679,ChIJw3q9_xV-1YcRqrte6yBn1CI,OK,101608,471570017002005
2415.977,35.1444038,-90.0168571,ChIJufYEjhR-1YcREff46W6Lons,OK,148961,471570017002005
1659.554,35.223866,-89.90499,ChIJJRXCRJh4f4gRcTFbl9qZzNM,OK,193780,471570205412012
1659.554,35.223866,-89.90499,ChIJJRXCRJh4f4gRcTFbl9qZzNM,OK,193780,471570205412012
1862.397,35.2158947,-89.9151158,ChIJxetq6ad4f4gRD1K1cIBWUQ4,OK,205487,471570205412012
1484.204,35.125222,-90.048147,ChIJ9cKdtid81YcRKs9h6RjzQzw,OK,86196,471570116001040
1486.018,35.1251709,-90.0481695,ChIJybIJtCd81YcR9Otxws-5qCM,OK,86296,471570116001040
1486.018,35.1251709,-90.0481695,ChIJybIJtCd81YcR9Otxws-5qCM,OK,86296,471570116001040
2056.009,35.06128,-90.05978399999999,ChIJm06f8ZV81YcRTjzAsJPcBKY,OK,187812,471570222202011
2056.009,35.06128,-90.05978399999999,ChIJm06f8ZV81YcRTjzAsJPcBKY,OK,187812,471570222202011
2055.831,35.061362,-90.05986399999999,ChIJL_Gh8ZV81YcRDlMHRKqR_IA,OK,190678,471570222202011
2594.043,35.19067459999999,-89.8489943,ChIJ364PGjWdf4gRKbsrGLq8_XQ,OK,156881,471570211124013
2594.043,35.19067459999999,-89.8489943,ChIJ364PGjWdf4gRKbsrGLq8_XQ,OK,156881,471570211124013
2911.014,35.2045576,-89.81176689999999,ChIJ8ROix4Kdf4gR4Su-1OwAUMo,OK,194400,471570211124013
6031.997,35.0614623,-89.8536277,ChIJ4TWJkTWFf4gRbkNZYfkF9Jw,OK,385739,471570213201018
6031.997,35.0614623,-89.8536277,ChIJ4TWJkTWFf4gRbkNZYfkF9Jw,OK,385739,471570213201018
6116.769,35.0512763,-89.8427476,ChIJ7VPJ3q-af4gRdxERIyaZ0gk,OK,391927,471570213201018
3627.462,35.0614623,-89.8536277,ChIJ4TWJkTWFf4gRbkNZYfkF9Jw,OK,241418,471570213332012
3627.462,35.0614623,-89.8536277,ChIJ4TWJkTWFf4gRbkNZYfkF9Jw,OK,241418,471570213332012
3712.234,35.0512763,-89.8427476,ChIJ7VPJ3q-af4gRdxERIyaZ0gk,OK,247606,471570213332012
1230.858,35.2158947,-89.9151158,ChIJxetq6ad4f4gRD1K1cIBWUQ4,OK,129703,471570205412021
1230.858,35.2158947,-89.9151158,ChIJxetq6ad4f4gRD1K1cIBWUQ4,OK,129703,471570205412021
1653.465,35.2023757,-89.9218691,ChIJvw7rwByCf4gRrAscHKjp1Iw,OK,148364,471570205412021
2380.231,35.02753099999999,-90.082077,ChIJK66rdetk1YcRwwxI9gDREks,OK,145971,471570224102012
2380.231,35.02753099999999,-90.082077,ChIJK66rdetk1YcRwwxI9gDREks,OK,145971,471570224102012
3181.303,35.0326981,-90.07589809999999,ChIJ9S1ljalk1YcRvuG-_hbpimA,OK,190337,471570224102012
1646.879,35.220637,-89.892425,ChIJiZ78r4Z4f4gRyy0DWRWI7n0,OK,142792,471570205411007
1626.941,35.20808669999999,-89.89363879999999,ChIJa1RCwHuCf4gRSSG3nO4uWeI,OK,150979,471570205411007
1626.941,35.20808669999999,-89.89363879999999,ChIJa1RCwHuCf4gRSSG3nO4uWeI,OK,150979,471570205411007
3883.154,35.14868459999999,-89.7948203,ChIJ4w9Lr2qcf4gRHdzl9FciAFM,OK,239373,471570211401024
3883.154,35.14868459999999,-89.7948203,ChIJ4w9Lr2qcf4gRHdzl9FciAFM,OK,239373,471570211401024
4649.316,35.1546312,-89.79260459999999,ChIJ8UeuSEecf4gRniit7ubZLtM,OK,260072,471570211401024
3020.392,35.0326981,-90.07589809999999,ChIJ9S1ljalk1YcRvuG-_hbpimA,OK,196364,471570224101011
3020.392,35.0326981,-90.07589809999999,ChIJ9S1ljalk1YcRvuG-_hbpimA,OK,196364,471570224101011
3399.977,35.02753099999999,-90.082077,ChIJK66rdetk1YcRwwxI9gDREks,OK,216675,471570224101011
4381.376,35.0512763,-89.8427476,ChIJ7VPJ3q-af4gRdxERIyaZ0gk,OK,297964,471570213331006
5004.666,35.0493563,-89.83813929999999,ChIJjRQNzqSaf4gRxmNqB0YAYGM,OK,317328,471570213331006
5004.666,35.0493563,-89.83813929999999,ChIJjRQNzqSaf4gRxmNqB0YAYGM,OK,317328,471570213331006
2244.631,35.19067459999999,-89.8489943,ChIJ364PGjWdf4gRKbsrGLq8_XQ,OK,164250,471570211125003
1913.877,35.1439641,-90.0517892,ChIJL-0zBZR-1YcRj7p5p1WY4-g,OK,111786,471570113001076
2433.076,35.0326981,-90.07589809999999,ChIJ9S1ljalk1YcRvuG-_hbpimA,OK,144214,471570224101000
2433.076,35.0326981,-90.07589809999999,ChIJ9S1ljalk1YcRvuG-_hbpimA,OK,144214,471570224101000
2598.231,35.02753099999999,-90.082077,ChIJK66rdetk1YcRwwxI9gDREks,OK,151660,471570224101000
1939.922,35.1738374,-89.98954379999999,ChIJ_S0BIGOAf4gRU3Ph4W65cOQ,OK,138321,471570006001013
1939.922,35.1738374,-89.98954379999999,ChIJ_S0BIGOAf4gRU3Ph4W65cOQ,OK,138321,471570006001013
3308.793,35.1490317,-90.0140679,ChIJw3q9_xV-1YcRqrte6yBn1CI,OK,212717,471570006001013
4841.908,35.0614623,-89.8536277,ChIJ4TWJkTWFf4gRbkNZYfkF9Jw,OK,342679,471570213201021
4841.908,35.0614623,-89.8536277,ChIJ4TWJkTWFf4gRbkNZYfkF9Jw,OK,342679,471570213201021
4926.68,35.0512763,-89.8427476,ChIJ7VPJ3q-af4gRdxERIyaZ0gk,OK,348867,471570213201021
1313.331,35.062945,-89.90568519999999,ChIJjxj9mL-Ff4gRoOEx9OzDyxs,OK,81271,471570106302009
1313.331,35.062945,-89.90568519999999,ChIJjxj9mL-Ff4gRoOEx9OzDyxs,OK,81271,471570106302009
1057.715,35.063996,-89.90690699999999,ChIJn51vcb-Ff4gRvoXU4r8swrw,OK,88464,471570106302009
5319.535,35.0614623,-89.8536277,ChIJ4TWJkTWFf4gRbkNZYfkF9Jw,OK,380950,471570213201020
5319.535,35.0614623,-89.8536277,ChIJ4TWJkTWFf4gRbkNZYfkF9Jw,OK,380950,471570213201020
5404.306,35.0512763,-89.8427476,ChIJ7VPJ3q-af4gRdxERIyaZ0gk,OK,387138,471570213201020
938.544,35.062945,-89.90568519999999,ChIJjxj9mL-Ff4gRoOEx9OzDyxs,OK,54335,471570108103008
938.544,35.062945,-89.90568519999999,ChIJjxj9mL-Ff4gRoOEx9OzDyxs,OK,54335,471570108103008
900.961,35.063996,-89.90690699999999,ChIJn51vcb-Ff4gRvoXU4r8swrw,OK,64175,471570108103008
3669.437,35.0326981,-90.07589809999999,ChIJ9S1ljalk1YcRvuG-_hbpimA,OK,232217,471570227005015
3669.437,35.0326981,-90.07589809999999,ChIJ9S1ljalk1YcRvuG-_hbpimA,OK,232217,471570227005015
4049.022,35.02753099999999,-90.082077,ChIJK66rdetk1YcRwwxI9gDREks,OK,252528,471570227005015
1791.369,35.1738374,-89.98954379999999,ChIJ_S0BIGOAf4gRU3Ph4W65cOQ,OK,120495,471570006001026
1791.369,35.1738374,-89.98954379999999,ChIJ_S0BIGOAf4gRU3Ph4W65cOQ,OK,120495,471570006001026
3137.978,35.17410499999999,-89.97575479999999,ChIJmfYTGFmAf4gRHGKCaD0qCtI,OK,201281,471570006001026
2208.178,35.0461089,-89.7947008,ChIJaZI6O3Oaf4gRqa_eh0DNj_s,OK,129984,471570213423047
2208.178,35.0461089,-89.7947008,ChIJaZI6O3Oaf4gRqa_eh0DNj_s,OK,129984,471570213423047
5877.36,35.0614623,-89.8536277,ChIJ4TWJkTWFf4gRbkNZYfkF9Jw,OK,367183,471570213201013
2326.184,35.045091,-89.795412,ChIJVelsQnOaf4gRECqTW7fq-dY,OK,136519,471570213423047
5877.36,35.0614623,-89.8536277,ChIJ4TWJkTWFf4gRbkNZYfkF9Jw,OK,367183,471570213201013
5962.132,35.0512763,-89.8427476,ChIJ7VPJ3q-af4gRdxERIyaZ0gk,OK,373371,471570213201013
4061.418,35.0326981,-90.07589809999999,ChIJ9S1ljalk1YcRvuG-_hbpimA,OK,263640,471570227005006
4061.418,35.0326981,-90.07589809999999,ChIJ9S1ljalk1YcRvuG-_hbpimA,OK,263640,471570227005006
4441.003,35.02753099999999,-90.082077,ChIJK66rdetk1YcRwwxI9gDREks,OK,283951,471570227005006
659.386,35.156962,-89.88851749999999,ChIJaVmJmQmDf4gR3ZGZP7kcoeo,OK,60658,471570092003000
659.386,35.156962,-89.88851749999999,ChIJaVmJmQmDf4gR3ZGZP7kcoeo,OK,60658,471570092003000
1137.53,35.164068,-89.8770782,ChIJpUMbExuDf4gRyW4QpPURe54,OK,73446,471570092003000
2099.771,35.0461089,-89.7947008,ChIJaZI6O3Oaf4gRqa_eh0DNj_s,OK,128753,471570213423020
2099.771,35.0461089,-89.7947008,ChIJaZI6O3Oaf4gRqa_eh0DNj_s,OK,128753,471570213423020
2217.776,35.045091,-89.795412,ChIJVelsQnOaf4gRECqTW7fq-dY,OK,135288,471570213423020
1005.637,35.1738374,-89.98954379999999,ChIJ_S0BIGOAf4gRU3Ph4W65cOQ,OK,60337,471570006002010
1005.637,35.1738374,-89.98954379999999,ChIJ_S0BIGOAf4gRU3Ph4W65cOQ,OK,60337,471570006002010
2352.246,35.17410499999999,-89.97575479999999,ChIJmfYTGFmAf4gRHGKCaD0qCtI,OK,141123,471570006002010
1475.41,35.0614623,-89.8536277,ChIJ4TWJkTWFf4gRbkNZYfkF9Jw,OK,97245,471570217102012
2551.773,35.0614623,-89.8536277,ChIJ4TWJkTWFf4gRbkNZYfkF9Jw,OK,159385,471570213342013
1640.914,35.050596,-89.869556,ChIJQ4vLA2iFf4gRyyCo3ihKH44,OK,97986,471570217102012
2551.773,35.0614623,-89.8536277,ChIJ4TWJkTWFf4gRbkNZYfkF9Jw,OK,159385,471570213342013
1640.914,35.050596,-89.869556,ChIJQ4vLA2iFf4gRyyCo3ihKH44,OK,97986,471570217102012
2636.545,35.0512763,-89.8427476,ChIJ7VPJ3q-af4gRdxERIyaZ0gk,OK,165573,471570213342013
2603.437,35.00495799999999,-90.0276544,ChIJuXbrrfFi1YcR97C4vX-T9Zk,OK,179507,471570227004007
2603.437,35.00495799999999,-90.0276544,ChIJuXbrrfFi1YcR97C4vX-T9Zk,OK,179507,471570227004007
4219.657,34.99227370000001,-90.0232297,ChIJY7HkKF9i1YcRjKJ-3GH9XsM,OK,259533,471570227004007
344.185,35.0643218,-89.9923063,ChIJb3DQuo2Hf4gRC8UI6d4pa68,OK,38990,471570225001124
344.185,35.0643218,-89.9923063,ChIJb3DQuo2Hf4gRC8UI6d4pa68,OK,38990,471570225001124
1873.966,35.05407199999999,-90.00125899999999,ChIJIzdhk1h91YcRZT7cBcBslaM,OK,103782,471570225001124
210.032,35.14868459999999,-89.7948203,ChIJ4w9Lr2qcf4gRHdzl9FciAFM,OK,25203,471570211373008
210.032,35.14868459999999,-89.7948203,ChIJ4w9Lr2qcf4gRHdzl9FciAFM,OK,25203,471570211373008
1642.687,35.1546312,-89.79260459999999,ChIJ8UeuSEecf4gRniit7ubZLtM,OK,115781,471570211373008
1576.856,35.1942326,-89.8965709,ChIJD7pM72eCf4gRg19OPcAuyDw,OK,117919,471570205423001
1576.856,35.1942326,-89.8965709,ChIJD7pM72eCf4gRg19OPcAuyDw,OK,117919,471570205423001
1761.369,35.192778,-89.895242,ChIJ2ehTh2eCf4gR95JHzr6OIMA,OK,128989,471570205423001
1643.919,35.1738374,-89.98954379999999,ChIJ_S0BIGOAf4gRU3Ph4W65cOQ,OK,102802,471570006001029
1643.919,35.1738374,-89.98954379999999,ChIJ_S0BIGOAf4gRU3Ph4W65cOQ,OK,102802,471570006001029
2990.528,35.17410499999999,-89.97575479999999,ChIJmfYTGFmAf4gRHGKCaD0qCtI,OK,183588,471570006001029
3131.615,35.0326981,-90.07589809999999,ChIJ9S1ljalk1YcRvuG-_hbpimA,OK,237360,471570223103001
3131.615,35.0326981,-90.07589809999999,ChIJ9S1ljalk1YcRvuG-_hbpimA,OK,237360,471570223103001
3518.994,35.0543926,-90.0597009,ChIJT5TzUbl81YcRiPqNjkbj9CA,OK,262273,471570223103001
2294.385,35.04577219999999,-89.82821469999999,ChIJL-jEaJmaf4gREtYdkYi2nAs,OK,158525,471570213341019
2290.539,35.148225,-89.89748700000001,ChIJC8t095eDf4gRGuXK3FleZyg,OK,160191,471570092004009
2290.539,35.148225,-89.89748700000001,ChIJC8t095eDf4gRGuXK3FleZyg,OK,160191,471570092004009
2371.085,35.1489345,-89.89838259999999,ChIJaTBvX72Df4gRiyFT0LQMnrQ,OK,165023,471570092004009
657.323,35.1490317,-90.0140679,ChIJw3q9_xV-1YcRqrte6yBn1CI,OK,46926,471570025002021
657.323,35.1490317,-90.0140679,ChIJw3q9_xV-1YcRqrte6yBn1CI,OK,46926,471570025002021
1379.561,35.1444038,-90.0168571,ChIJufYEjhR-1YcREff46W6Lons,OK,94279,471570025002021
1781.718,35.1490317,-90.0140679,ChIJw3q9_xV-1YcRqrte6yBn1CI,OK,116202,471570017001049
1781.718,35.1490317,-90.0140679,ChIJw3q9_xV-1YcRqrte6yBn1CI,OK,116202,471570017001049
1724.451,35.142439,-90.006118,ChIJeUPo2Rt-1YcRdoG2a54M-d0,OK,136630,471570017001049
946,35.1490317,-90.0140679,ChIJw3q9_xV-1YcRqrte6yBn1CI,OK,63922,471570025001022
946,35.1490317,-90.0140679,ChIJw3q9_xV-1YcRqrte6yBn1CI,OK,63922,471570025001022
1668.238,35.1444038,-90.0168571,ChIJufYEjhR-1YcREff46W6Lons,OK,111275,471570025001022
978.608,35.1490317,-90.0140679,ChIJw3q9_xV-1YcRqrte6yBn1CI,OK,67835,471570017003011
978.608,35.1490317,-90.0140679,ChIJw3q9_xV-1YcRqrte6yBn1CI,OK,67835,471570017003011
1700.846,35.1444038,-90.0168571,ChIJufYEjhR-1YcREff46W6Lons,OK,115188,471570017003011
1205.833,35.1490317,-90.0140679,ChIJw3q9_xV-1YcRqrte6yBn1CI,OK,91442,471570025001018
1205.833,35.1490317,-90.0140679,ChIJw3q9_xV-1YcRqrte6yBn1CI,OK,91442,471570025001018
1928.071,35.1444038,-90.0168571,ChIJufYEjhR-1YcREff46W6Lons,OK,138795,471570025001018
2092.896,35.1546312,-89.79260459999999,ChIJ8UeuSEecf4gRniit7ubZLtM,OK,159056,471570211362045
2092.896,35.1546312,-89.79260459999999,ChIJ8UeuSEecf4gRniit7ubZLtM,OK,159056,471570211362045
3040.358,35.14868459999999,-89.7948203,ChIJ4w9Lr2qcf4gRHdzl9FciAFM,OK,212608,471570211362045
1616.975,35.1546312,-89.79260459999999,ChIJ8UeuSEecf4gRniit7ubZLtM,OK,106613,471570211252002
1616.975,35.1546312,-89.79260459999999,ChIJ8UeuSEecf4gRniit7ubZLtM,OK,106613,471570211252002
1996.863,35.14868459999999,-89.7948203,ChIJ4w9Lr2qcf4gRHdzl9FciAFM,OK,126113,471570211252002
2903.789,35.1546312,-89.79260459999999,ChIJ8UeuSEecf4gRniit7ubZLtM,OK,198583,471570211252007
2903.789,35.1546312,-89.79260459999999,ChIJ8UeuSEecf4gRniit7ubZLtM,OK,198583,471570211252007
3283.677,35.14868459999999,-89.7948203,ChIJ4w9Lr2qcf4gRHdzl9FciAFM,OK,218083,471570211252007
1173.395,35.1804299,-89.9263818,ChIJIfvtv4eBf4gRJLjVGBpAzmc,OK,88810,471570088003021
1173.395,35.1804299,-89.9263818,ChIJIfvtv4eBf4gRJLjVGBpAzmc,OK,88810,471570088003021
2129.509,35.183951,-89.93106899999999,ChIJWQ0EIo-Bf4gR6cuqlCcQuNw,OK,167899,471570088003021
1661.589,35.1804299,-89.9263818,ChIJIfvtv4eBf4gRJLjVGBpAzmc,OK,111939,471570088003023
1661.589,35.1804299,-89.9263818,ChIJIfvtv4eBf4gRJLjVGBpAzmc,OK,111939,471570088003023
2617.703,35.183951,-89.93106899999999,ChIJWQ0EIo-Bf4gR6cuqlCcQuNw,OK,191028,471570088003023
2015.758,35.2064292,-89.73436359999999,ChIJP6qgZdGff4gRQoIww3TX5kM,OK,128460,471570210102009
2015.758,35.2064292,-89.73436359999999,ChIJP6qgZdGff4gRQoIww3TX5kM,OK,128460,471570210102009
3442.694,35.2044739,-89.76342459999999,ChIJ3XsJxyKef4gRTeWb3lonWsU,OK,201067,471570210102009
965.875,35.2060393,-89.89459389999999,ChIJN_fdM1CCf4gRqHZ_YUZgoJo,OK,64520,471570206515009
965.875,35.2060393,-89.89459389999999,ChIJN_fdM1CCf4gRqHZ_YUZgoJo,OK,64520,471570206515009
790.372,35.20808669999999,-89.89363879999999,ChIJa1RCwHuCf4gRSSG3nO4uWeI,OK,64903,471570206515009
1970.496,35.2166323,-89.9945206,ChIJ4fSgw_h_f4gRx0hAJfGjdzA,OK,152242,471570102204027
1970.496,35.2166323,-89.9945206,ChIJ4fSgw_h_f4gRx0hAJfGjdzA,OK,152242,471570102204027
2212.957,35.21475480000001,-90.00354540000001,ChIJF6XvX_9_1YcRD4jlF4jzevw,OK,185346,471570102204027
501.397,35.1444038,-90.0168571,ChIJufYEjhR-1YcREff46W6Lons,OK,40254,471570025002036
501.397,35.1444038,-90.0168571,ChIJufYEjhR-1YcREff46W6Lons,OK,40254,471570025002036
719.222,35.1490317,-90.0140679,ChIJw3q9_xV-1YcRqrte6yBn1CI,OK,56647,471570025002036
513.053,35.1490317,-90.0140679,ChIJw3q9_xV-1YcRqrte6yBn1CI,OK,39733,471570025002011
513.053,35.1490317,-90.0140679,ChIJw3q9_xV-1YcRqrte6yBn1CI,OK,39733,471570025002011
1235.291,35.1444038,-90.0168571,ChIJufYEjhR-1YcREff46W6Lons,OK,87086,471570025002011
5439.094,35.1439641,-90.0517892,ChIJL-0zBZR-1YcRj7p5p1WY4-g,OK,397993,471570001001032
5439.094,35.1439641,-90.0517892,ChIJL-0zBZR-1YcRj7p5p1WY4-g,OK,397993,471570001001032
5648.011,35.1450994,-90.0538646,ChIJne6_s5V-1YcRn_LPaqiwhrk,OK,403447,471570001001032
5495.05,35.1439641,-90.0517892,ChIJL-0zBZR-1YcRj7p5p1WY4-g,OK,398927,471570001001035
5495.05,35.1439641,-90.0517892,ChIJL-0zBZR-1YcRj7p5p1WY4-g,OK,398927,471570001001035
5703.967,35.1450994,-90.0538646,ChIJne6_s5V-1YcRn_LPaqiwhrk,OK,404381,471570001001035
89.614,35.167095,-89.950496,ChIJecYfJgmBf4gRJh-YY67U6V8,OK,5902,471570111001043
89.614,35.167095,-89.950496,ChIJecYfJgmBf4gRJh-YY67U6V8,OK,5902,471570111001043
2551.646,35.14981359999999,-89.94918609999999,ChIJVdGBGRaBf4gRsi89Rzqn8W4,OK,151387,471570111001043
2648.785,35.17410499999999,-89.97575479999999,ChIJmfYTGFmAf4gRHGKCaD0qCtI,OK,158920,471570205124026
2648.785,35.17410499999999,-89.97575479999999,ChIJmfYTGFmAf4gRHGKCaD0qCtI,OK,158920,471570205124026
4333.746,35.167095,-89.950496,ChIJecYfJgmBf4gRJh-YY67U6V8,OK,253679,471570205124026
2627.525,35.167095,-89.950496,ChIJecYfJgmBf4gRJh-YY67U6V8,OK,169037,471570205124027
2542.923,35.183951,-89.93106899999999,ChIJWQ0EIo-Bf4gR6cuqlCcQuNw,OK,213073,471570205124027
2542.923,35.183951,-89.93106899999999,ChIJWQ0EIo-Bf4gR6cuqlCcQuNw,OK,213073,471570205124027
977.028,35.1507888,-89.977317,ChIJdVWrOuqAf4gR-V7s1E3qo7g,OK,63326,471570027001002
977.028,35.1507888,-89.977317,ChIJdVWrOuqAf4gR-V7s1E3qo7g,OK,63326,471570027001002
1802.96,35.1497164,-89.95515999999999,ChIJcQb6ehiBf4gR-uA54eRPNq8,OK,115106,471570027001002
1126.574,35.1507888,-89.977317,ChIJdVWrOuqAf4gR-V7s1E3qo7g,OK,72782,471570027001001
1126.574,35.1507888,-89.977317,ChIJdVWrOuqAf4gR-V7s1E3qo7g,OK,72782,471570027001001
3016.631,35.1153996,-89.89414069999999,ChIJCb4NOWWEf4gR79YlPQoocW4,OK,244919,471570096002013
3016.631,35.1153996,-89.89414069999999,ChIJCb4NOWWEf4gR79YlPQoocW4,OK,244919,471570096002013
3595.407,35.1145886,-89.90089789999999,ChIJKWmlFW6Ef4gR0YNISWQMkss,OK,272472,471570096002013
2564.28,35.1153996,-89.89414069999999,ChIJCb4NOWWEf4gR79YlPQoocW4,OK,186785,471570096002019
2564.28,35.1153996,-89.89414069999999,ChIJCb4NOWWEf4gR79YlPQoocW4,OK,186785,471570096002019
3143.056,35.1145886,-89.90089789999999,ChIJKWmlFW6Ef4gR0YNISWQMkss,OK,214338,471570096002019
266.125,35.164068,-89.8770782,ChIJpUMbExuDf4gRyW4QpPURe54,OK,14739,471570206101043
266.125,35.164068,-89.8770782,ChIJpUMbExuDf4gRyW4QpPURe54,OK,14739,471570206101043
1739.675,35.156962,-89.88851749999999,ChIJaVmJmQmDf4gR3ZGZP7kcoeo,OK,110041,471570206101043
2415.674,35.16339899999999,-89.855841,ChIJA_xfkC6Df4gRAjVZwLz1jqA,OK,268487,471579804001013
2415.674,35.16339899999999,-89.855841,ChIJA_xfkC6Df4gRAjVZwLz1jqA,OK,268487,471579804001013
2489.058,35.1623785,-89.8566175,ChIJXQHWWS6Df4gRqhH5EQ9H1j0,OK,277346,471579804001013
329.793,35.16339899999999,-89.855841,ChIJA_xfkC6Df4gRAjVZwLz1jqA,OK,20454,471570211221010
329.793,35.16339899999999,-89.855841,ChIJA_xfkC6Df4gRAjVZwLz1jqA,OK,20454,471570211221010
403.176,35.1623785,-89.8566175,ChIJXQHWWS6Df4gRqhH5EQ9H1j0,OK,29313,471570211221010
8809.753,35.164068,-89.8770782,ChIJpUMbExuDf4gRyW4QpPURe54,OK,390267,471570212001001
11245.298,35.16339899999999,-89.855841,ChIJA_xfkC6Df4gRAjVZwLz1jqA,OK,470145,471570212001001
11245.298,35.16339899999999,-89.855841,ChIJA_xfkC6Df4gRAjVZwLz1jqA,OK,470145,471570212001001
1901.676,35.16339899999999,-89.855841,ChIJA_xfkC6Df4gRAjVZwLz1jqA,OK,214441,471570212001017
1901.676,35.16339899999999,-89.855841,ChIJA_xfkC6Df4gRAjVZwLz1jqA,OK,214441,471570212001017
1975.059,35.1623785,-89.8566175,ChIJXQHWWS6Df4gRqhH5EQ9H1j0,OK,223300,471570212001017
2708.889,35.16339899999999,-89.855841,ChIJA_xfkC6Df4gRAjVZwLz1jqA,OK,195488,471570211113027
2708.889,35.16339899999999,-89.855841,ChIJA_xfkC6Df4gRAjVZwLz1jqA,OK,195488,471570211113027
2782.272,35.1623785,-89.8566175,ChIJXQHWWS6Df4gRqhH5EQ9H1j0,OK,204347,471570211113027
900.964,35.16339899999999,-89.855841,ChIJA_xfkC6Df4gRAjVZwLz1jqA,OK,50651,471570211113048
900.964,35.16339899999999,-89.855841,ChIJA_xfkC6Df4gRAjVZwLz1jqA,OK,50651,471570211113048
974.347,35.1623785,-89.8566175,ChIJXQHWWS6Df4gRqhH5EQ9H1j0,OK,59510,471570211113048
1911.177,35.16339899999999,-89.855841,ChIJA_xfkC6Df4gRAjVZwLz1jqA,OK,124277,471570211211011
1911.177,35.16339899999999,-89.855841,ChIJA_xfkC6Df4gRAjVZwLz1jqA,OK,124277,471570211211011
1986.332,35.1623785,-89.8566175,ChIJXQHWWS6Df4gRqhH5EQ9H1j0,OK,133242,471570211211011
439.172,35.16339899999999,-89.855841,ChIJA_xfkC6Df4gRAjVZwLz1jqA,OK,31312,471570211222007
439.172,35.16339899999999,-89.855841,ChIJA_xfkC6Df4gRAjVZwLz1jqA,OK,31312,471570211222007
512.555,35.1623785,-89.8566175,ChIJXQHWWS6Df4gRqhH5EQ9H1j0,OK,40171,471570211222007
112.589,35.16339899999999,-89.855841,ChIJA_xfkC6Df4gRAjVZwLz1jqA,OK,9739,471570211222003
112.589,35.16339899999999,-89.855841,ChIJA_xfkC6Df4gRAjVZwLz1jqA,OK,9739,471570211222003
187.744,35.1623785,-89.8566175,ChIJXQHWWS6Df4gRqhH5EQ9H1j0,OK,18704,471570211222003
373.407,35.1623785,-89.8566175,ChIJXQHWWS6Df4gRqhH5EQ9H1j0,OK,44808,471570211222002
373.407,35.1623785,-89.8566175,ChIJXQHWWS6Df4gRqhH5EQ9H1j0,OK,44808,471570211222002
448.562,35.16339899999999,-89.855841,ChIJA_xfkC6Df4gRAjVZwLz1jqA,OK,53773,471570211222002
720.449,35.1623785,-89.8566175,ChIJXQHWWS6Df4gRqhH5EQ9H1j0,OK,86452,471570211222015
720.449,35.1623785,-89.8566175,ChIJXQHWWS6Df4gRqhH5EQ9H1j0,OK,86452,471570211222015
795.604,35.16339899999999,-89.855841,ChIJA_xfkC6Df4gRAjVZwLz1jqA,OK,95417,471570211222015
660.825,35.1623785,-89.8566175,ChIJXQHWWS6Df4gRqhH5EQ9H1j0,OK,79297,471570211222019
660.825,35.1623785,-89.8566175,ChIJXQHWWS6Df4gRqhH5EQ9H1j0,OK,79297,471570211222019
735.98,35.16339899999999,-89.855841,ChIJA_xfkC6Df4gRAjVZwLz1jqA,OK,88262,471570211222019
2141.44,35.1503395,-89.89321,ChIJRaSiF6KDf4gRNIqqt1VnH58,OK,182545,471570092003023
2141.44,35.1503395,-89.89321,ChIJRaSiF6KDf4gRNIqqt1VnH58,OK,182545,471570092003023
2151.284,35.156962,-89.88851749999999,ChIJaVmJmQmDf4gR3ZGZP7kcoeo,OK,192020,471570092003023
2564.368,35.148225,-89.89748700000001,ChIJC8t095eDf4gRGuXK3FleZyg,OK,183819,471570092003024
2820.824,35.1503395,-89.89321,ChIJRaSiF6KDf4gRNIqqt1VnH58,OK,190896,471570092003024
2820.824,35.1503395,-89.89321,ChIJRaSiF6KDf4gRNIqqt1VnH58,OK,190896,471570092003024
3084.929,35.148225,-89.89748700000001,ChIJC8t095eDf4gRGuXK3FleZyg,OK,233427,471570092005012
3084.929,35.148225,-89.89748700000001,ChIJC8t095eDf4gRGuXK3FleZyg,OK,233427,471570092005012
3341.385,35.1503395,-89.89321,ChIJRaSiF6KDf4gRNIqqt1VnH58,OK,240504,471570092005012
3496.329,35.0326981,-90.07589809999999,ChIJ9S1ljalk1YcRvuG-_hbpimA,OK,231286,471570222103011
3496.329,35.0326981,-90.07589809999999,ChIJ9S1ljalk1YcRvuG-_hbpimA,OK,231286,471570222103011
4233.156,35.02753099999999,-90.082077,ChIJK66rdetk1YcRwwxI9gDREks,OK,273033,471570222103011
3450.478,35.0326981,-90.07589809999999,ChIJ9S1ljalk1YcRvuG-_hbpimA,OK,225784,471570222101002
3450.478,35.0326981,-90.07589809999999,ChIJ9S1ljalk1YcRvuG-_hbpimA,OK,225784,471570222101002
4187.305,35.02753099999999,-90.082077,ChIJK66rdetk1YcRwwxI9gDREks,OK,267531,471570222101002
3192.078,35.0326981,-90.07589809999999,ChIJ9S1ljalk1YcRvuG-_hbpimA,OK,203843,471570223302009
3192.078,35.0326981,-90.07589809999999,ChIJ9S1ljalk1YcRvuG-_hbpimA,OK,203843,471570223302009
3480.945,35.02753099999999,-90.082077,ChIJK66rdetk1YcRwwxI9gDREks,OK,218714,471570223302009
3528.185,35.02753099999999,-90.082077,ChIJK66rdetk1YcRwwxI9gDREks,OK,250075,471570222101001
3528.185,35.02753099999999,-90.082077,ChIJK66rdetk1YcRwwxI9gDREks,OK,250075,471570222101001
3760.379,35.0326981,-90.07589809999999,ChIJ9S1ljalk1YcRvuG-_hbpimA,OK,262970,471570222101001
2829.572,35.0326981,-90.07589809999999,ChIJ9S1ljalk1YcRvuG-_hbpimA,OK,205334,471570223302008
1092.034,35.13774119999999,-89.99713,ChIJtwtohKiAf4gRFxkNLUf9PgA,OK,70673,471570032003017
1092.034,35.13774119999999,-89.99713,ChIJtwtohKiAf4gRFxkNLUf9PgA,OK,70673,471570032003017
1130.048,35.13763670000001,-90.00757159999999,ChIJl69WLQV-1YcRU3z7Tt2MyhY,OK,82620,471570032003017
1248.724,35.13763670000001,-90.00757159999999,ChIJl69WLQV-1YcRU3z7Tt2MyhY,OK,94419,471570033002003
1248.724,35.13763670000001,-90.00757159999999,ChIJl69WLQV-1YcRU3z7Tt2MyhY,OK,94419,471570033002003
1459.475,35.139426,-90.00714049999999,ChIJC-6kIBt-1YcRA1cskDtjsVc,OK,112541,471570033002003
1499.656,35.1157645,-90.022279,ChIJwZqBNMN91YcRRpdDvj5Pcr8,OK,119102,471570062001012
1499.656,35.1157645,-90.022279,ChIJwZqBNMN91YcRRpdDvj5Pcr8,OK,119102,471570062001012
2220.776,35.1087458,-90.0211918,ChIJe6w2EsF91YcRquzVZc8M0-I,OK,160492,471570062001012
1367.561,35.13774119999999,-89.99713,ChIJtwtohKiAf4gRFxkNLUf9PgA,OK,95701,471570033002005
1367.561,35.13774119999999,-89.99713,ChIJtwtohKiAf4gRFxkNLUf9PgA,OK,95701,471570033002005
1433.621,35.13763670000001,-90.00757159999999,ChIJl69WLQV-1YcRU3z7Tt2MyhY,OK,120826,471570033002005
1238.55,35.13774119999999,-89.99713,ChIJtwtohKiAf4gRFxkNLUf9PgA,OK,86427,471570033002007
1238.55,35.13774119999999,-89.99713,ChIJtwtohKiAf4gRFxkNLUf9PgA,OK,86427,471570033002007
1601.399,35.13763670000001,-90.00757159999999,ChIJl69WLQV-1YcRU3z7Tt2MyhY,OK,113015,471570033002007
1858.89,35.13763670000001,-90.00757159999999,ChIJl69WLQV-1YcRU3z7Tt2MyhY,OK,149617,471570035001013
1858.89,35.13763670000001,-90.00757159999999,ChIJl69WLQV-1YcRU3z7Tt2MyhY,OK,149617,471570035001013
2277.484,35.13774119999999,-89.99713,ChIJtwtohKiAf4gRFxkNLUf9PgA,OK,157308,471570035001013
2116.712,35.1157645,-90.022279,ChIJwZqBNMN91YcRRpdDvj5Pcr8,OK,177938,471570062001004
2825.562,35.13763670000001,-90.00757159999999,ChIJl69WLQV-1YcRU3z7Tt2MyhY,OK,211680,471570062001004
2825.562,35.13763670000001,-90.00757159999999,ChIJl69WLQV-1YcRU3z7Tt2MyhY,OK,211680,471570062001004
2000.391,35.1157645,-90.022279,ChIJwZqBNMN91YcRRpdDvj5Pcr8,OK,162325,471570062001001
2000.391,35.1157645,-90.022279,ChIJwZqBNMN91YcRRpdDvj5Pcr8,OK,162325,471570062001001
2940.927,35.13763670000001,-90.00757159999999,ChIJl69WLQV-1YcRU3z7Tt2MyhY,OK,209626,471570062001001
1800.42,35.13774119999999,-89.99713,ChIJtwtohKiAf4gRFxkNLUf9PgA,OK,113172,471570033002012
1800.42,35.13774119999999,-89.99713,ChIJtwtohKiAf4gRFxkNLUf9PgA,OK,113172,471570033002012
1628.493,35.13763670000001,-90.00757159999999,ChIJl69WLQV-1YcRU3z7Tt2MyhY,OK,120281,471570033002012
1841.159,35.13774119999999,-89.99713,ChIJtwtohKiAf4gRFxkNLUf9PgA,OK,123924,471570033002015
1841.159,35.13774119999999,-89.99713,ChIJtwtohKiAf4gRFxkNLUf9PgA,OK,123924,471570033002015
2204.009,35.13763670000001,-90.00757159999999,ChIJl69WLQV-1YcRU3z7Tt2MyhY,OK,150512,471570033002015
1781.977,35.13774119999999,-89.99713,ChIJtwtohKiAf4gRFxkNLUf9PgA,OK,115982,471570033002023
1781.977,35.13774119999999,-89.99713,ChIJtwtohKiAf4gRFxkNLUf9PgA,OK,115982,471570033002023
2144.826,35.13763670000001,-90.00757159999999,ChIJl69WLQV-1YcRU3z7Tt2MyhY,OK,142570,471570033002023
1071.832,35.13779299999999,-89.99118349999999,ChIJUQlZ-K-Af4gRkRKK62-ap5w,OK,84785,471570016001033
1071.832,35.13779299999999,-89.99118349999999,ChIJUQlZ-K-Af4gRkRKK62-ap5w,OK,84785,471570016001033
1487.721,35.13418100000001,-89.98599,ChIJnf1_yraAf4gR9pQmD7CXhgg,OK,95475,471570016001033
1948.083,35.13774119999999,-89.99713,ChIJtwtohKiAf4gRFxkNLUf9PgA,OK,135915,471570033002019
1948.083,35.13774119999999,-89.99713,ChIJtwtohKiAf4gRFxkNLUf9PgA,OK,135915,471570033002019
2310.932,35.13763670000001,-90.00757159999999,ChIJl69WLQV-1YcRU3z7Tt2MyhY,OK,162503,471570033002019
2132.474,35.13774119999999,-89.99713,ChIJtwtohKiAf4gRFxkNLUf9PgA,OK,145464,471570063002000
2132.474,35.13774119999999,-89.99713,ChIJtwtohKiAf4gRFxkNLUf9PgA,OK,145464,471570063002000
2495.323,35.13763670000001,-90.00757159999999,ChIJl69WLQV-1YcRU3z7Tt2MyhY,OK,172052,471570063002000
2083.371,35.13774119999999,-89.99713,ChIJtwtohKiAf4gRFxkNLUf9PgA,OK,139572,471570063002001
2083.371,35.13774119999999,-89.99713,ChIJtwtohKiAf4gRFxkNLUf9PgA,OK,139572,471570063002001
2446.221,35.13763670000001,-90.00757159999999,ChIJl69WLQV-1YcRU3z7Tt2MyhY,OK,166160,471570063002001
2049.286,35.109859,-89.99141100000001,ChIJs6JbpFyHf4gR9O01gG0a7fQ,OK,125915,471570063001004
2049.286,35.109859,-89.99141100000001,ChIJs6JbpFyHf4gR9O01gG0a7fQ,OK,125915,471570063001004
2071.562,35.13774119999999,-89.99713,ChIJtwtohKiAf4gRFxkNLUf9PgA,OK,138155,471570063001004
1934.807,35.109859,-89.99141100000001,ChIJs6JbpFyHf4gR9O01gG0a7fQ,OK,116374,471570063001005
1934.807,35.109859,-89.99141100000001,ChIJs6JbpFyHf4gR9O01gG0a7fQ,OK,116374,471570063001005
2177.508,35.13774119999999,-89.99713,ChIJtwtohKiAf4gRFxkNLUf9PgA,OK,141838,471570063001005
1105.354,35.13418100000001,-89.98599,ChIJnf1_yraAf4gR9pQmD7CXhgg,OK,80952,471570032003013
1171.634,35.13779299999999,-89.99118349999999,ChIJUQlZ-K-Af4gRkRKK62-ap5w,OK,90450,471570032003013
1171.634,35.13779299999999,-89.99118349999999,ChIJUQlZ-K-Af4gRkRKK62-ap5w,OK,90450,471570032003013
633.667,35.2051043,-89.79754849999999,ChIJpRDMlY2df4gRQqHmUo_lzmc,OK,64038,471570211132038
633.667,35.2051043,-89.79754849999999,ChIJpRDMlY2df4gRQqHmUo_lzmc,OK,64038,471570211132038
925.665,35.2071893,-89.79833029999999,ChIJQ0zWJIydf4gRstwjg5hObuM,OK,124551,471570211132038
1486.74,35.13418100000001,-89.98599,ChIJnf1_yraAf4gR9pQmD7CXhgg,OK,109996,471570033001006
1472.412,35.13774119999999,-89.99713,ChIJtwtohKiAf4gRFxkNLUf9PgA,OK,111239,471570033001006
1472.412,35.13774119999999,-89.99713,ChIJtwtohKiAf4gRFxkNLUf9PgA,OK,111239,471570033001006
1405.427,35.13418100000001,-89.98599,ChIJnf1_yraAf4gR9pQmD7CXhgg,OK,100239,471570033001002
1386.059,35.13774119999999,-89.99713,ChIJtwtohKiAf4gRFxkNLUf9PgA,OK,100877,471570033001002
1386.059,35.13774119999999,-89.99713,ChIJtwtohKiAf4gRFxkNLUf9PgA,OK,100877,471570033001002
1275.307,35.13418100000001,-89.98599,ChIJnf1_yraAf4gR9pQmD7CXhgg,OK,84626,471570033001001
6882.208,35.1153996,-89.89414069999999,ChIJCb4NOWWEf4gR79YlPQoocW4,OK,377682,471570092005031
6882.208,35.1153996,-89.89414069999999,ChIJCb4NOWWEf4gR79YlPQoocW4,OK,377682,471570092005031
11115.163,35.1503395,-89.89321,ChIJRaSiF6KDf4gRNIqqt1VnH58,OK,624341,471570092005031
7383.355,35.16339899999999,-89.855841,ChIJA_xfkC6Df4gRAjVZwLz1jqA,OK,359858,471570092005032
7383.355,35.16339899999999,-89.855841,ChIJA_xfkC6Df4gRAjVZwLz1jqA,OK,359858,471570092005032
7456.739,35.1623785,-89.8566175,ChIJXQHWWS6Df4gRqhH5EQ9H1j0,OK,368717,471570092005032
5426.795,35.1153996,-89.89414069999999,ChIJCb4NOWWEf4gR79YlPQoocW4,OK,374429,471570213111022
5426.795,35.1153996,-89.89414069999999,ChIJCb4NOWWEf4gR79YlPQoocW4,OK,374429,471570213111022
7982.924,35.16339899999999,-89.855841,ChIJA_xfkC6Df4gRAjVZwLz1jqA,OK,417224,471570213111022
1189.274,35.0512763,-89.8427476,ChIJ7VPJ3q-af4gRdxERIyaZ0gk,OK,95128,471570217241008
1189.274,35.0512763,-89.8427476,ChIJ7VPJ3q-af4gRdxERIyaZ0gk,OK,95128,471570217241008
1434.667,35.0490562,-89.84441600000001,ChIJCUulJK6af4gR7vOP_qSrYdM,OK,100118,471570217241008
4472.349,35.1153996,-89.89414069999999,ChIJCb4NOWWEf4gR79YlPQoocW4,OK,329845,471570213111026
4472.349,35.1153996,-89.89414069999999,ChIJCb4NOWWEf4gR79YlPQoocW4,OK,329845,471570213111026
5926.76,35.1503395,-89.89321,ChIJRaSiF6KDf4gRNIqqt1VnH58,OK,370151,471570213111026
6718.798,35.16339899999999,-89.855841,ChIJA_xfkC6Df4gRAjVZwLz1jqA,OK,421302,471570213111000
6718.798,35.16339899999999,-89.855841,ChIJA_xfkC6Df4gRAjVZwLz1jqA,OK,421302,471570213111000
6793.954,35.1623785,-89.8566175,ChIJXQHWWS6Df4gRqhH5EQ9H1j0,OK,430267,471570213111000
4294.908,35.1153996,-89.89414069999999,ChIJCb4NOWWEf4gR79YlPQoocW4,OK,317881,471570213111028
4294.908,35.1153996,-89.89414069999999,ChIJCb4NOWWEf4gR79YlPQoocW4,OK,317881,471570213111028
4873.684,35.1145886,-89.90089789999999,ChIJKWmlFW6Ef4gR0YNISWQMkss,OK,345434,471570213111028
4183.982,35.1153996,-89.89414069999999,ChIJCb4NOWWEf4gR79YlPQoocW4,OK,309698,471570213111029
4183.982,35.1153996,-89.89414069999999,ChIJCb4NOWWEf4gR79YlPQoocW4,OK,309698,471570213111029
4762.758,35.1145886,-89.90089789999999,ChIJKWmlFW6Ef4gR0YNISWQMkss,OK,337251,471570213111029
4494.657,35.1153996,-89.89414069999999,ChIJCb4NOWWEf4gR79YlPQoocW4,OK,335269,471570213111032
4494.657,35.1153996,-89.89414069999999,ChIJCb4NOWWEf4gR79YlPQoocW4,OK,335269,471570213111032
5073.433,35.1145886,-89.90089789999999,ChIJKWmlFW6Ef4gR0YNISWQMkss,OK,362822,471570213111032
2244.733,35.14868459999999,-89.7948203,ChIJ4w9Lr2qcf4gRHdzl9FciAFM,OK,142085,471579804001040
2244.733,35.14868459999999,-89.7948203,ChIJ4w9Lr2qcf4gRHdzl9FciAFM,OK,142085,471579804001040
3010.895,35.1546312,-89.79260459999999,ChIJ8UeuSEecf4gRniit7ubZLtM,OK,162784,471579804001040
5105.24,35.1153996,-89.89414069999999,ChIJCb4NOWWEf4gR79YlPQoocW4,OK,396676,471570213111030
5105.24,35.1153996,-89.89414069999999,ChIJCb4NOWWEf4gR79YlPQoocW4,OK,396676,471570213111030
5684.016,35.1145886,-89.90089789999999,ChIJKWmlFW6Ef4gR0YNISWQMkss,OK,424229,471570213111030
4405.42,35.0854368,-89.89541919999999,ChIJf5cc-VKEf4gRF-lYLgijYQQ,OK,221600,471570213111047
4405.42,35.0854368,-89.89541919999999,ChIJf5cc-VKEf4gRF-lYLgijYQQ,OK,221600,471570213111047
3831.919,35.1145886,-89.90089789999999,ChIJKWmlFW6Ef4gR0YNISWQMkss,OK,227020,471570213111047
2485.932,35.1145886,-89.90089789999999,ChIJKWmlFW6Ef4gR0YNISWQMkss,OK,175183,471570093001014
2485.932,35.1145886,-89.90089789999999,ChIJKWmlFW6Ef4gR0YNISWQMkss,OK,175183,471570093001014
2455.966,35.1153996,-89.89414069999999,ChIJCb4NOWWEf4gR79YlPQoocW4,OK,180556,471570093001014
3460.238,35.16339899999999,-89.855841,ChIJA_xfkC6Df4gRAjVZwLz1jqA,OK,160145,471570211113007
3460.238,35.16339899999999,-89.855841,ChIJA_xfkC6Df4gRAjVZwLz1jqA,OK,160145,471570211113007
3533.621,35.1623785,-89.8566175,ChIJXQHWWS6Df4gRqhH5EQ9H1j0,OK,169004,471570211113007
798.528,35.19067459999999,-89.8489943,ChIJ364PGjWdf4gRKbsrGLq8_XQ,OK,57524,471570211111005
798.528,35.19067459999999,-89.8489943,ChIJ364PGjWdf4gRKbsrGLq8_XQ,OK,57524,471570211111005
2947.922,35.1927931,-89.86922029999999,ChIJAQAAAMCCf4gRZL0qi0KLjtw,OK,208374,471570211111005
1936.666,35.19067459999999,-89.8489943,ChIJ364PGjWdf4gRKbsrGLq8_XQ,OK,107258,471570211123018
1936.666,35.19067459999999,-89.8489943,ChIJ364PGjWdf4gRKbsrGLq8_XQ,OK,107258,471570211123018
2488.327,35.2045576,-89.81176689999999,ChIJ8ROix4Kdf4gR4Su-1OwAUMo,OK,138902,471570211123018
1565.775,35.19067459999999,-89.8489943,ChIJ364PGjWdf4gRKbsrGLq8_XQ,OK,86717,471570211123019
1565.775,35.19067459999999,-89.8489943,ChIJ364PGjWdf4gRKbsrGLq8_XQ,OK,86717,471570211123019
2859.218,35.2045576,-89.81176689999999,ChIJ8ROix4Kdf4gR4Su-1OwAUMo,OK,159443,471570211123019
969.305,35.19067459999999,-89.8489943,ChIJ364PGjWdf4gRKbsrGLq8_XQ,OK,78017,471570211111004
969.305,35.19067459999999,-89.8489943,ChIJ364PGjWdf4gRKbsrGLq8_XQ,OK,78017,471570211111004
3118.698,35.1927931,-89.86922029999999,ChIJAQAAAMCCf4gRZL0qi0KLjtw,OK,228867,471570211111004
2271.776,35.2045576,-89.81176689999999,ChIJ8ROix4Kdf4gR4Su-1OwAUMo,OK,165319,471570206323008
2271.776,35.2045576,-89.81176689999999,ChIJ8ROix4Kdf4gR4Su-1OwAUMo,OK,165319,471570206323008
3360.478,35.19067459999999,-89.8489943,ChIJ364PGjWdf4gRKbsrGLq8_XQ,OK,225709,471570206323008
2124.275,35.19067459999999,-89.8489943,ChIJ364PGjWdf4gRKbsrGLq8_XQ,OK,152893,471570211123015
2124.275,35.19067459999999,-89.8489943,ChIJ364PGjWdf4gRKbsrGLq8_XQ,OK,152893,471570211123015
3426.778,35.2045576,-89.81176689999999,ChIJ8ROix4Kdf4gR4Su-1OwAUMo,OK,241554,471570211123015
2162.212,35.19067459999999,-89.8489943,ChIJ364PGjWdf4gRKbsrGLq8_XQ,OK,157446,471570211123011
2162.212,35.19067459999999,-89.8489943,ChIJ364PGjWdf4gRKbsrGLq8_XQ,OK,157446,471570211123011
3464.716,35.2045576,-89.81176689999999,ChIJ8ROix4Kdf4gR4Su-1OwAUMo,OK,246107,471570211123011
2230.736,35.19067459999999,-89.8489943,ChIJ364PGjWdf4gRKbsrGLq8_XQ,OK,165668,471570211123012
2230.736,35.19067459999999,-89.8489943,ChIJ364PGjWdf4gRKbsrGLq8_XQ,OK,165668,471570211123012
3533.24,35.2045576,-89.81176689999999,ChIJ8ROix4Kdf4gR4Su-1OwAUMo,OK,254329,471570211123012
1026.206,35.1507888,-89.977317,ChIJdVWrOuqAf4gR-V7s1E3qo7g,OK,60829,471570009003023
1026.206,35.1507888,-89.977317,ChIJdVWrOuqAf4gR-V7s1E3qo7g,OK,60829,471570009003023
1958.915,35.17410499999999,-89.97575479999999,ChIJmfYTGFmAf4gRHGKCaD0qCtI,OK,116783,471570009003023
1118.107,35.1507888,-89.977317,ChIJdVWrOuqAf4gR-V7s1E3qo7g,OK,65918,471570009003033
1118.107,35.1507888,-89.977317,ChIJdVWrOuqAf4gR-V7s1E3qo7g,OK,65918,471570009003033
2050.816,35.17410499999999,-89.97575479999999,ChIJmfYTGFmAf4gRHGKCaD0qCtI,OK,121872,471570009003033
1001.916,35.1507888,-89.977317,ChIJdVWrOuqAf4gR-V7s1E3qo7g,OK,59484,471570009001029
1001.916,35.1507888,-89.977317,ChIJdVWrOuqAf4gR-V7s1E3qo7g,OK,59484,471570009001029
1934.625,35.17410499999999,-89.97575479999999,ChIJmfYTGFmAf4gRHGKCaD0qCtI,OK,115438,471570009001029
910.58,35.1507888,-89.977317,ChIJdVWrOuqAf4gR-V7s1E3qo7g,OK,54426,471570009001028
910.58,35.1507888,-89.977317,ChIJdVWrOuqAf4gR-V7s1E3qo7g,OK,54426,471570009001028
1843.289,35.17410499999999,-89.97575479999999,ChIJmfYTGFmAf4gRHGKCaD0qCtI,OK,110380,471570009001028
980.525,35.1507888,-89.977317,ChIJdVWrOuqAf4gR-V7s1E3qo7g,OK,58299,471570009003024
980.525,35.1507888,-89.977317,ChIJdVWrOuqAf4gR-V7s1E3qo7g,OK,58299,471570009003024
1913.234,35.17410499999999,-89.97575479999999,ChIJmfYTGFmAf4gRHGKCaD0qCtI,OK,114253,471570009003024
1973.16,35.1546312,-89.79260459999999,ChIJ8UeuSEecf4gRniit7ubZLtM,OK,141784,471570211362041
1973.16,35.1546312,-89.79260459999999,ChIJ8UeuSEecf4gRniit7ubZLtM,OK,141784,471570211362041
2920.622,35.14868459999999,-89.7948203,ChIJ4w9Lr2qcf4gRHdzl9FciAFM,OK,195336,471570211362041
1976.492,35.1546312,-89.79260459999999,ChIJ8UeuSEecf4gRniit7ubZLtM,OK,141254,471570211362046
1976.492,35.1546312,-89.79260459999999,ChIJ8UeuSEecf4gRniit7ubZLtM,OK,141254,471570211362046
2923.953,35.14868459999999,-89.7948203,ChIJ4w9Lr2qcf4gRHdzl9FciAFM,OK,194806,471570211362046
1891.183,35.1546312,-89.79260459999999,ChIJ8UeuSEecf4gRniit7ubZLtM,OK,113943,471570211362057
1891.183,35.1546312,-89.79260459999999,ChIJ8UeuSEecf4gRniit7ubZLtM,OK,113943,471570211362057
2838.645,35.14868459999999,-89.7948203,ChIJ4w9Lr2qcf4gRHdzl9FciAFM,OK,167495,471570211362057
3229.728,35.1439641,-90.0517892,ChIJL-0zBZR-1YcRj7p5p1WY4-g,OK,194628,471570020002015
3229.728,35.1439641,-90.0517892,ChIJL-0zBZR-1YcRj7p5p1WY4-g,OK,194628,471570020002015
3260.419,35.1435177,-90.0539328,ChIJ8VFg1pV-1YcRR9G8p0pZx6U,OK,194907,471570020002015
1208.012,35.1546312,-89.79260459999999,ChIJ8UeuSEecf4gRniit7ubZLtM,OK,87350,471570211251007
1208.012,35.1546312,-89.79260459999999,ChIJ8UeuSEecf4gRniit7ubZLtM,OK,87350,471570211251007
1587.899,35.14868459999999,-89.7948203,ChIJ4w9Lr2qcf4gRHdzl9FciAFM,OK,106850,471570211251007
1037.071,35.16339899999999,-89.855841,ChIJA_xfkC6Df4gRAjVZwLz1jqA,OK,103057,471570211222010
1037.071,35.16339899999999,-89.855841,ChIJA_xfkC6Df4gRAjVZwLz1jqA,OK,103057,471570211222010
1110.454,35.1623785,-89.8566175,ChIJXQHWWS6Df4gRqhH5EQ9H1j0,OK,111916,471570211222010
1922.269,35.16339899999999,-89.855841,ChIJA_xfkC6Df4gRAjVZwLz1jqA,OK,181955,471570211224002
1922.269,35.16339899999999,-89.855841,ChIJA_xfkC6Df4gRAjVZwLz1jqA,OK,181955,471570211224002
1997.424,35.1623785,-89.8566175,ChIJXQHWWS6Df4gRqhH5EQ9H1j0,OK,190920,471570211224002
2030.977,35.1439641,-90.0517892,ChIJL-0zBZR-1YcRj7p5p1WY4-g,OK,168244,471570021001070
2030.977,35.1439641,-90.0517892,ChIJL-0zBZR-1YcRj7p5p1WY4-g,OK,168244,471570021001070
2239.893,35.1450994,-90.0538646,ChIJne6_s5V-1YcRn_LPaqiwhrk,OK,173698,471570021001070
2527.018,35.1507888,-89.977317,ChIJdVWrOuqAf4gR-V7s1E3qo7g,OK,154404,471570016002012
2385.538,35.1738374,-89.98954379999999,ChIJ_S0BIGOAf4gRU3Ph4W65cOQ,OK,158695,471570016002012
2385.538,35.1738374,-89.98954379999999,ChIJ_S0BIGOAf4gRU3Ph4W65cOQ,OK,158695,471570016002012
1156.629,35.1546312,-89.79260459999999,ChIJ8UeuSEecf4gRniit7ubZLtM,OK,81172,471570211251001
1156.629,35.1546312,-89.79260459999999,ChIJ8UeuSEecf4gRniit7ubZLtM,OK,81172,471570211251001
1536.517,35.14868459999999,-89.7948203,ChIJ4w9Lr2qcf4gRHdzl9FciAFM,OK,100672,471570211251001
2077.676,35.1439641,-90.0517892,ChIJL-0zBZR-1YcRj7p5p1WY4-g,OK,163210,471570021001069
2077.676,35.1439641,-90.0517892,ChIJL-0zBZR-1YcRj7p5p1WY4-g,OK,163210,471570021001069
2286.592,35.1450994,-90.0538646,ChIJne6_s5V-1YcRn_LPaqiwhrk,OK,168664,471570021001069
662.08,35.1546312,-89.79260459999999,ChIJ8UeuSEecf4gRniit7ubZLtM,OK,60933,471570211353030
662.08,35.1546312,-89.79260459999999,ChIJ8UeuSEecf4gRniit7ubZLtM,OK,60933,471570211353030
1830.221,35.14868459999999,-89.7948203,ChIJ4w9Lr2qcf4gRHdzl9FciAFM,OK,107204,471570211353030
1793.689,35.1546312,-89.79260459999999,ChIJ8UeuSEecf4gRniit7ubZLtM,OK,118641,471570211362050
1793.689,35.1546312,-89.79260459999999,ChIJ8UeuSEecf4gRniit7ubZLtM,OK,118641,471570211362050
2741.151,35.14868459999999,-89.7948203,ChIJ4w9Lr2qcf4gRHdzl9FciAFM,OK,172193,471570211362050
2166.587,35.1439641,-90.0517892,ChIJL-0zBZR-1YcRj7p5p1WY4-g,OK,166430,471570021001075
2166.587,35.1439641,-90.0517892,ChIJL-0zBZR-1YcRj7p5p1WY4-g,OK,166430,471570021001075
2375.503,35.1450994,-90.0538646,ChIJne6_s5V-1YcRn_LPaqiwhrk,OK,171884,471570021001075
1250.454,35.14981359999999,-89.94918609999999,ChIJVdGBGRaBf4gRsi89Rzqn8W4,OK,85057,471570013001017
1250.454,35.14981359999999,-89.94918609999999,ChIJVdGBGRaBf4gRsi89Rzqn8W4,OK,85057,471570013001017
1360.822,35.167095,-89.950496,ChIJecYfJgmBf4gRJh-YY67U6V8,OK,95768,471570013001017
2084.751,35.1490317,-90.0140679,ChIJw3q9_xV-1YcRqrte6yBn1CI,OK,141023,471570017001038
2084.751,35.1490317,-90.0140679,ChIJw3q9_xV-1YcRqrte6yBn1CI,OK,141023,471570017001038
2027.484,35.142439,-90.006118,ChIJeUPo2Rt-1YcRdoG2a54M-d0,OK,161451,471570017001038
1113.332,35.14981359999999,-89.94918609999999,ChIJVdGBGRaBf4gRsi89Rzqn8W4,OK,76852,471570013004002
1113.332,35.14981359999999,-89.94918609999999,ChIJVdGBGRaBf4gRsi89Rzqn8W4,OK,76852,471570013004002
1348.671,35.1497164,-89.95515999999999,ChIJcQb6ehiBf4gR-uA54eRPNq8,OK,102584,471570013004002
1692.581,35.1490317,-90.0140679,ChIJw3q9_xV-1YcRqrte6yBn1CI,OK,106987,471570025001012
882.777,35.1738374,-89.98954379999999,ChIJ_S0BIGOAf4gRU3Ph4W65cOQ,OK,79629,471570007002001
882.777,35.1738374,-89.98954379999999,ChIJ_S0BIGOAf4gRU3Ph4W65cOQ,OK,79629,471570007002001
1840.523,35.17410499999999,-89.97575479999999,ChIJmfYTGFmAf4gRHGKCaD0qCtI,OK,149722,471570007002001
1647.397,35.1507888,-89.977317,ChIJdVWrOuqAf4gR-V7s1E3qo7g,OK,92893,471570007001029
1647.397,35.1507888,-89.977317,ChIJdVWrOuqAf4gR-V7s1E3qo7g,OK,92893,471570007001029
2145.85,35.1738374,-89.98954379999999,ChIJ_S0BIGOAf4gRU3Ph4W65cOQ,OK,144535,471570007001029
1647.722,35.1738374,-89.98954379999999,ChIJ_S0BIGOAf4gRU3Ph4W65cOQ,OK,117599,471570007001016
1647.722,35.1738374,-89.98954379999999,ChIJ_S0BIGOAf4gRU3Ph4W65cOQ,OK,117599,471570007001016
1887.771,35.17410499999999,-89.97575479999999,ChIJmfYTGFmAf4gRHGKCaD0qCtI,OK,131999,471570007001016
2147.263,35.167095,-89.950496,ChIJecYfJgmBf4gRJh-YY67U6V8,OK,142325,471570089003023
1992.547,35.183951,-89.93106899999999,ChIJWQ0EIo-Bf4gR6cuqlCcQuNw,OK,177948,471570089003023
1992.547,35.183951,-89.93106899999999,ChIJWQ0EIo-Bf4gR6cuqlCcQuNw,OK,177948,471570089003023
799.043,35.183951,-89.93106899999999,ChIJWQ0EIo-Bf4gR6cuqlCcQuNw,OK,96194,471570089003009
799.043,35.183951,-89.93106899999999,ChIJWQ0EIo-Bf4gR6cuqlCcQuNw,OK,96194,471570089003009
799.282,35.1839382,-89.93104869999999,ChIJrQx5Io-Bf4gRSwDAaGIf4WE,OK,96237,471570089003009
1156.575,35.2023757,-89.9218691,ChIJvw7rwByCf4gRrAscHKjp1Iw,OK,235882,471570089003000
1156.575,35.2023757,-89.9218691,ChIJvw7rwByCf4gRrAscHKjp1Iw,OK,235882,471570089003000
2819.331,35.183951,-89.93106899999999,ChIJWQ0EIo-Bf4gR6cuqlCcQuNw,OK,328771,471570089003000
1219.654,35.0643218,-89.9923063,ChIJb3DQuo2Hf4gRC8UI6d4pa68,OK,86864,471579801001043
1219.654,35.0643218,-89.9923063,ChIJb3DQuo2Hf4gRC8UI6d4pa68,OK,86864,471579801001043
3142.755,35.05407199999999,-90.00125899999999,ChIJIzdhk1h91YcRZT7cBcBslaM,OK,165746,471579801001043
1782.574,35.086634,-89.96355199999999,ChIJW0XU3AGHf4gRINnmxvx9m5A,OK,95057,471579801001009
1782.574,35.086634,-89.96355199999999,ChIJW0XU3AGHf4gRINnmxvx9m5A,OK,95057,471579801001009
2257.116,35.0904795,-89.96597299999999,ChIJHfaNmAOHf4gR1d8V2K9rfSU,OK,121338,471579801001009
336.548,35.1251709,-90.0481695,ChIJybIJtCd81YcR9Otxws-5qCM,OK,39766,471570050001012
336.548,35.1251709,-90.0481695,ChIJybIJtCd81YcR9Otxws-5qCM,OK,39766,471570050001012
338.362,35.125222,-90.048147,ChIJ9cKdtid81YcRKs9h6RjzQzw,OK,39867,471570050001012
563.342,35.1251709,-90.0481695,ChIJybIJtCd81YcR9Otxws-5qCM,OK,59410,471570050001021
563.342,35.1251709,-90.0481695,ChIJybIJtCd81YcR9Otxws-5qCM,OK,59410,471570050001021
565.156,35.125222,-90.048147,ChIJ9cKdtid81YcRKs9h6RjzQzw,OK,59511,471570050001021
2015.874,35.098685,-90.05664899999999,ChIJ31qwBkJ81YcRk2V5pdmdhrM,OK,122880,471570055001018
2015.874,35.098685,-90.05664899999999,ChIJ31qwBkJ81YcRk2V5pdmdhrM,OK,122880,471570055001018
1999.769,35.095133,-90.05542799999999,ChIJATnUo0J81YcRpbAuNwXeqRw,OK,133881,471570055001018
2449.508,35.098685,-90.05664899999999,ChIJ31qwBkJ81YcRk2V5pdmdhrM,OK,162329,471570053001023
2449.508,35.098685,-90.05664899999999,ChIJ31qwBkJ81YcRk2V5pdmdhrM,OK,162329,471570053001023
2227.149,35.095133,-90.05542799999999,ChIJATnUo0J81YcRpbAuNwXeqRw,OK,171448,471570053001023
1238.296,35.1157645,-90.022279,ChIJwZqBNMN91YcRRpdDvj5Pcr8,OK,89774,471570116002037
1238.296,35.1157645,-90.022279,ChIJwZqBNMN91YcRRpdDvj5Pcr8,OK,89774,471570116002037
1821.08,35.1060329,-90.039159,ChIJ231bcjV81YcRQ1quDeYAd6M,OK,129369,471570116002037
389.681,35.125222,-90.048147,ChIJ9cKdtid81YcRKs9h6RjzQzw,OK,39708,471570116001011
389.681,35.125222,-90.048147,ChIJ9cKdtid81YcRKs9h6RjzQzw,OK,39708,471570116001011
391.495,35.1251709,-90.0481695,ChIJybIJtCd81YcR9Otxws-5qCM,OK,39808,471570116001011
2016.47,35.093591,-90.056624,ChIJgyVl92d81YcRhuRHHckl8Y4,OK,117370,471570053003036
2016.47,35.093591,-90.056624,ChIJgyVl92d81YcRhuRHHckl8Y4,OK,117370,471570053003036
2196.307,35.095133,-90.05542799999999,ChIJATnUo0J81YcRpbAuNwXeqRw,OK,127330,471570053003036
2513.023,35.093591,-90.056624,ChIJgyVl92d81YcRhuRHHckl8Y4,OK,166681,471570056003036
2513.023,35.093591,-90.056624,ChIJgyVl92d81YcRhuRHHckl8Y4,OK,166681,471570056003036
2692.86,35.095133,-90.05542799999999,ChIJATnUo0J81YcRpbAuNwXeqRw,OK,176641,471570056003036
4033.332,35.054745,-90.007971,ChIJXxyyQlt91YcRhldtWgjSnSE,OK,216517,471570225001015
4033.332,35.054745,-90.007971,ChIJXxyyQlt91YcRhldtWgjSnSE,OK,216517,471570225001015
4465.18,35.05407199999999,-90.00125899999999,ChIJIzdhk1h91YcRZT7cBcBslaM,OK,232556,471570225001015
2874.63,35.054745,-90.007971,ChIJXxyyQlt91YcRhldtWgjSnSE,OK,167073,471570225001063
2874.63,35.054745,-90.007971,ChIJXxyyQlt91YcRhldtWgjSnSE,OK,167073,471570225001063
3304.822,35.05407199999999,-90.00125899999999,ChIJIzdhk1h91YcRZT7cBcBslaM,OK,186757,471570225001063
1394.13,35.0854368,-89.89541919999999,ChIJf5cc-VKEf4gRF-lYLgijYQQ,OK,83794,471570095001020
1394.13,35.0854368,-89.89541919999999,ChIJf5cc-VKEf4gRF-lYLgijYQQ,OK,83794,471570095001020
2220.083,35.1145886,-89.90089789999999,ChIJKWmlFW6Ef4gR0YNISWQMkss,OK,135540,471570095001020
849.07,35.0854368,-89.89541919999999,ChIJf5cc-VKEf4gRF-lYLgijYQQ,OK,60378,471570095001033
849.07,35.0854368,-89.89541919999999,ChIJf5cc-VKEf4gRF-lYLgijYQQ,OK,60378,471570095001033
3391.587,35.1153996,-89.89414069999999,ChIJCb4NOWWEf4gR79YlPQoocW4,OK,222279,471570095001033
2343.477,35.1153996,-89.89414069999999,ChIJCb4NOWWEf4gR79YlPQoocW4,OK,168535,471570096003000
2343.477,35.1153996,-89.89414069999999,ChIJCb4NOWWEf4gR79YlPQoocW4,OK,168535,471570096003000
2816.296,35.148225,-89.89748700000001,ChIJC8t095eDf4gRGuXK3FleZyg,OK,168963,471570096003000
1032.862,35.1153996,-89.89414069999999,ChIJCb4NOWWEf4gR79YlPQoocW4,OK,90040,471570096003012
1032.862,35.1153996,-89.89414069999999,ChIJCb4NOWWEf4gR79YlPQoocW4,OK,90040,471570096003012
1611.638,35.1145886,-89.90089789999999,ChIJKWmlFW6Ef4gR0YNISWQMkss,OK,117593,471570096003012
1179.241,35.1489345,-89.89838259999999,ChIJaTBvX72Df4gRiyFT0LQMnrQ,OK,81643,471570086003003
1751.783,35.13418100000001,-89.98599,ChIJnf1_yraAf4gR9pQmD7CXhgg,OK,115396,471570027001036
1751.783,35.13418100000001,-89.98599,ChIJnf1_yraAf4gR9pQmD7CXhgg,OK,115396,471570027001036
1861.79,35.1507888,-89.977317,ChIJdVWrOuqAf4gR-V7s1E3qo7g,OK,120154,471570027001036
1643.512,35.13418100000001,-89.98599,ChIJnf1_yraAf4gR9pQmD7CXhgg,OK,102659,471570027001037
1643.512,35.13418100000001,-89.98599,ChIJnf1_yraAf4gR9pQmD7CXhgg,OK,102659,471570027001037
1796.391,35.1507888,-89.977317,ChIJdVWrOuqAf4gR-V7s1E3qo7g,OK,107776,471570027001037
1306.542,35.13418100000001,-89.98599,ChIJnf1_yraAf4gR9pQmD7CXhgg,OK,95041,471570031002006
1306.542,35.13418100000001,-89.98599,ChIJnf1_yraAf4gR9pQmD7CXhgg,OK,95041,471570031002006
1471.76,35.12545849999999,-89.97454169999999,ChIJoyT3HjOHf4gRS6EdHckmff8,OK,102015,471570031002006
1214.9,35.12545849999999,-89.97454169999999,ChIJoyT3HjOHf4gRS6EdHckmff8,OK,83765,471570031001012
1214.9,35.12545849999999,-89.97454169999999,ChIJoyT3HjOHf4gRS6EdHckmff8,OK,83765,471570031001012
1591.285,35.13418100000001,-89.98599,ChIJnf1_yraAf4gR9pQmD7CXhgg,OK,96184,471570031001012
1344.943,35.13418100000001,-89.98599,ChIJnf1_yraAf4gR9pQmD7CXhgg,OK,99649,471570031002004
1344.943,35.13418100000001,-89.98599,ChIJnf1_yraAf4gR9pQmD7CXhgg,OK,99649,471570031002004
1510.16,35.12545849999999,-89.97454169999999,ChIJoyT3HjOHf4gRS6EdHckmff8,OK,106623,471570031002004
1130.803,35.12545849999999,-89.97454169999999,ChIJoyT3HjOHf4gRS6EdHckmff8,OK,79108,471570031001007
1130.803,35.12545849999999,-89.97454169999999,ChIJoyT3HjOHf4gRS6EdHckmff8,OK,79108,471570031001007
1507.188,35.13418100000001,-89.98599,ChIJnf1_yraAf4gR9pQmD7CXhgg,OK,91527,471570031001007
1353.743,35.13418100000001,-89.98599,ChIJnf1_yraAf4gR9pQmD7CXhgg,OK,82876,471570031002002
1353.743,35.13418100000001,-89.98599,ChIJnf1_yraAf4gR9pQmD7CXhgg,OK,82876,471570031002002
1518.96,35.12545849999999,-89.97454169999999,ChIJoyT3HjOHf4gRS6EdHckmff8,OK,89850,471570031002002
1853.824,35.13418100000001,-89.98599,ChIJnf1_yraAf4gR9pQmD7CXhgg,OK,115277,471570031002001
1853.824,35.13418100000001,-89.98599,ChIJnf1_yraAf4gR9pQmD7CXhgg,OK,115277,471570031002001
2019.042,35.12545849999999,-89.97454169999999,ChIJoyT3HjOHf4gRS6EdHckmff8,OK,122251,471570031002001
665.625,35.13418100000001,-89.98599,ChIJnf1_yraAf4gR9pQmD7CXhgg,OK,42873,471570031002027
665.625,35.13418100000001,-89.98599,ChIJnf1_yraAf4gR9pQmD7CXhgg,OK,42873,471570031002027
1141.137,35.12545849999999,-89.97454169999999,ChIJoyT3HjOHf4gRS6EdHckmff8,OK,68464,471570031002027
931.719,35.13418100000001,-89.98599,ChIJnf1_yraAf4gR9pQmD7CXhgg,OK,58753,471570031002028
931.719,35.13418100000001,-89.98599,ChIJnf1_yraAf4gR9pQmD7CXhgg,OK,58753,471570031002028
1096.937,35.12545849999999,-89.97454169999999,ChIJoyT3HjOHf4gRS6EdHckmff8,OK,65727,471570031002028
896.806,35.12545849999999,-89.97454169999999,ChIJoyT3HjOHf4gRS6EdHckmff8,OK,96201,471570066002025
896.806,35.12545849999999,-89.97454169999999,ChIJoyT3HjOHf4gRS6EdHckmff8,OK,96201,471570066002025
1747.256,35.13418100000001,-89.98599,ChIJnf1_yraAf4gR9pQmD7CXhgg,OK,143414,471570066002025
831.715,35.12545849999999,-89.97454169999999,ChIJoyT3HjOHf4gRS6EdHckmff8,OK,84485,471570066002026
831.715,35.12545849999999,-89.97454169999999,ChIJoyT3HjOHf4gRS6EdHckmff8,OK,84485,471570066002026
1682.165,35.13418100000001,-89.98599,ChIJnf1_yraAf4gR9pQmD7CXhgg,OK,131698,471570066002026
961.339,35.12545849999999,-89.97454169999999,ChIJoyT3HjOHf4gRS6EdHckmff8,OK,107817,471570066002027
961.339,35.12545849999999,-89.97454169999999,ChIJoyT3HjOHf4gRS6EdHckmff8,OK,107817,471570066002027
1811.789,35.13418100000001,-89.98599,ChIJnf1_yraAf4gR9pQmD7CXhgg,OK,155030,471570066002027
1037.64,35.12545849999999,-89.97454169999999,ChIJoyT3HjOHf4gRS6EdHckmff8,OK,121549,471570066002030
1037.64,35.12545849999999,-89.97454169999999,ChIJoyT3HjOHf4gRS6EdHckmff8,OK,121549,471570066002030
1940.92,35.13418100000001,-89.98599,ChIJnf1_yraAf4gR9pQmD7CXhgg,OK,156126,471570066002030
357.712,35.12545849999999,-89.97454169999999,ChIJoyT3HjOHf4gRS6EdHckmff8,OK,28342,471570031001023
357.712,35.12545849999999,-89.97454169999999,ChIJoyT3HjOHf4gRS6EdHckmff8,OK,28342,471570031001023
1809.093,35.13418100000001,-89.98599,ChIJnf1_yraAf4gR9pQmD7CXhgg,OK,111607,471570031001023
942.383,35.13418100000001,-89.98599,ChIJnf1_yraAf4gR9pQmD7CXhgg,OK,59478,471570031002030
942.383,35.13418100000001,-89.98599,ChIJnf1_yraAf4gR9pQmD7CXhgg,OK,59478,471570031002030
1107.601,35.12545849999999,-89.97454169999999,ChIJoyT3HjOHf4gRS6EdHckmff8,OK,66452,471570031002030
990.042,35.12545849999999,-89.97454169999999,ChIJoyT3HjOHf4gRS6EdHckmff8,OK,112983,471570066002003
990.042,35.12545849999999,-89.97454169999999,ChIJoyT3HjOHf4gRS6EdHckmff8,OK,112983,471570066002003
1840.492,35.13418100000001,-89.98599,ChIJnf1_yraAf4gR9pQmD7CXhgg,OK,160196,471570066002003
1084.127,35.12545849999999,-89.97454169999999,ChIJoyT3HjOHf4gRS6EdHckmff8,OK,129918,471570066002004
1084.127,35.12545849999999,-89.97454169999999,ChIJoyT3HjOHf4gRS6EdHckmff8,OK,129918,471570066002004
1943.046,35.13418100000001,-89.98599,ChIJnf1_yraAf4gR9pQmD7CXhgg,OK,156510,471570066002004
1035.379,35.1157645,-90.022279,ChIJwZqBNMN91YcRRpdDvj5Pcr8,OK,65252,471570062002000
1035.379,35.1157645,-90.022279,ChIJwZqBNMN91YcRRpdDvj5Pcr8,OK,65252,471570062002000
1756.499,35.1087458,-90.0211918,ChIJe6w2EsF91YcRquzVZc8M0-I,OK,106642,471570062002000
526.556,35.12545849999999,-89.97454169999999,ChIJoyT3HjOHf4gRS6EdHckmff8,OK,54314,471570031001024
526.556,35.12545849999999,-89.97454169999999,ChIJoyT3HjOHf4gRS6EdHckmff8,OK,54314,471570031001024
1658.916,35.13418100000001,-89.98599,ChIJnf1_yraAf4gR9pQmD7CXhgg,OK,125190,471570031001024
883.693,35.12545849999999,-89.97454169999999,ChIJoyT3HjOHf4gRS6EdHckmff8,OK,62913,471570031001009
883.693,35.12545849999999,-89.97454169999999,ChIJoyT3HjOHf4gRS6EdHckmff8,OK,62913,471570031001009
1562.144,35.13418100000001,-89.98599,ChIJnf1_yraAf4gR9pQmD7CXhgg,OK,97080,471570031001009
986.481,35.12545849999999,-89.97454169999999,ChIJoyT3HjOHf4gRS6EdHckmff8,OK,78366,471570031001001
1855.026,35.1157645,-90.022279,ChIJwZqBNMN91YcRRpdDvj5Pcr8,OK,139151,471570062001008
1855.026,35.1157645,-90.022279,ChIJwZqBNMN91YcRRpdDvj5Pcr8,OK,139151,471570062001008
2576.788,35.10874099999999,-90.021185,ChIJrVbiDcF91YcRG9TBOTpHc3I,OK,180618,471570062001008
1879.931,35.109859,-89.99141100000001,ChIJs6JbpFyHf4gR9O01gG0a7fQ,OK,109241,471570062001007
1993.365,35.1157645,-90.022279,ChIJwZqBNMN91YcRRpdDvj5Pcr8,OK,147718,471570062001007
1993.365,35.1157645,-90.022279,ChIJwZqBNMN91YcRRpdDvj5Pcr8,OK,147718,471570062001007
1700.584,35.109859,-89.99141100000001,ChIJs6JbpFyHf4gR9O01gG0a7fQ,OK,94176,471570062001035
1700.584,35.109859,-89.99141100000001,ChIJs6JbpFyHf4gR9O01gG0a7fQ,OK,94176,471570062001035
1999.724,35.1157645,-90.022279,ChIJwZqBNMN91YcRRpdDvj5Pcr8,OK,137505,471570062001035
1573.317,35.1157645,-90.022279,ChIJwZqBNMN91YcRRpdDvj5Pcr8,OK,99719,471570062001026
1573.317,35.1157645,-90.022279,ChIJwZqBNMN91YcRRpdDvj5Pcr8,OK,99719,471570062001026
1815.301,35.109859,-89.99141100000001,ChIJs6JbpFyHf4gR9O01gG0a7fQ,OK,108490,471570062001026
1510.023,35.109859,-89.99141100000001,ChIJs6JbpFyHf4gR9O01gG0a7fQ,OK,83622,471570063002009
1510.023,35.109859,-89.99141100000001,ChIJs6JbpFyHf4gR9O01gG0a7fQ,OK,83622,471570063002009
2231.505,35.1157645,-90.022279,ChIJwZqBNMN91YcRRpdDvj5Pcr8,OK,132651,471570063002009
1549.529,35.1157645,-90.022279,ChIJwZqBNMN91YcRRpdDvj5Pcr8,OK,92963,471570062001025
1549.529,35.1157645,-90.022279,ChIJwZqBNMN91YcRRpdDvj5Pcr8,OK,92963,471570062001025
1661.462,35.109859,-89.99141100000001,ChIJs6JbpFyHf4gR9O01gG0a7fQ,OK,93932,471570062001025
1674.892,35.109859,-89.99141100000001,ChIJs6JbpFyHf4gR9O01gG0a7fQ,OK,105929,471570063002004
1674.892,35.109859,-89.99141100000001,ChIJs6JbpFyHf4gR9O01gG0a7fQ,OK,105929,471570063002004
2314.707,35.13774119999999,-89.99713,ChIJtwtohKiAf4gRFxkNLUf9PgA,OK,155263,471570063002004
1474.263,35.109859,-89.99141100000001,ChIJs6JbpFyHf4gR9O01gG0a7fQ,OK,88463,471570063002008
1474.263,35.109859,-89.99141100000001,ChIJs6JbpFyHf4gR9O01gG0a7fQ,OK,88463,471570063002008
2195.745,35.1157645,-90.022279,ChIJwZqBNMN91YcRRpdDvj5Pcr8,OK,137492,471570063002008
1354.104,35.109859,-89.99141100000001,ChIJs6JbpFyHf4gR9O01gG0a7fQ,OK,74988,471570063002013
1354.104,35.109859,-89.99141100000001,ChIJs6JbpFyHf4gR9O01gG0a7fQ,OK,74988,471570063002013
2075.586,35.1157645,-90.022279,ChIJwZqBNMN91YcRRpdDvj5Pcr8,OK,124017,471570063002013
1644.392,35.109859,-89.99141100000001,ChIJs6JbpFyHf4gR9O01gG0a7fQ,OK,119083,471570064001019
1644.392,35.109859,-89.99141100000001,ChIJs6JbpFyHf4gR9O01gG0a7fQ,OK,119083,471570064001019
2107.602,35.1087458,-90.0211918,ChIJe6w2EsF91YcRquzVZc8M0-I,OK,147681,471570064001019
1433.552,35.109859,-89.99141100000001,ChIJs6JbpFyHf4gR9O01gG0a7fQ,OK,81107,471570064001037
1433.552,35.109859,-89.99141100000001,ChIJs6JbpFyHf4gR9O01gG0a7fQ,OK,81107,471570064001037
1720.3,35.1087458,-90.0211918,ChIJe6w2EsF91YcRquzVZc8M0-I,OK,97000,471570064001037
1329.867,35.109859,-89.99141100000001,ChIJs6JbpFyHf4gR9O01gG0a7fQ,OK,99450,471570064001003
1329.867,35.109859,-89.99141100000001,ChIJs6JbpFyHf4gR9O01gG0a7fQ,OK,99450,471570064001003
2131.927,35.107529,-89.9862127,ChIJ0WGfSUKHf4gRjDLrfGQwCV4,OK,150331,471570064001003
1594.006,35.109859,-89.99141100000001,ChIJs6JbpFyHf4gR9O01gG0a7fQ,OK,106311,471570063003007
1594.006,35.109859,-89.99141100000001,ChIJs6JbpFyHf4gR9O01gG0a7fQ,OK,106311,471570063003007
2396.066,35.107529,-89.9862127,ChIJ0WGfSUKHf4gRjDLrfGQwCV4,OK,157192,471570063003007
1585.295,35.109859,-89.99141100000001,ChIJs6JbpFyHf4gR9O01gG0a7fQ,OK,102125,471570065002006
1585.295,35.109859,-89.99141100000001,ChIJs6JbpFyHf4gR9O01gG0a7fQ,OK,102125,471570065002006
1872.043,35.1087458,-90.0211918,ChIJe6w2EsF91YcRquzVZc8M0-I,OK,118018,471570065002006
1108.376,35.109859,-89.99141100000001,ChIJs6JbpFyHf4gR9O01gG0a7fQ,OK,91841,471570064001018
1108.376,35.109859,-89.99141100000001,ChIJs6JbpFyHf4gR9O01gG0a7fQ,OK,91841,471570064001018
1910.436,35.107529,-89.9862127,ChIJ0WGfSUKHf4gRjDLrfGQwCV4,OK,142722,471570064001018
1269.962,35.109859,-89.99141100000001,ChIJs6JbpFyHf4gR9O01gG0a7fQ,OK,99422,471570064001024
1269.962,35.109859,-89.99141100000001,ChIJs6JbpFyHf4gR9O01gG0a7fQ,OK,99422,471570064001024
2072.021,35.107529,-89.9862127,ChIJ0WGfSUKHf4gRjDLrfGQwCV4,OK,150303,471570064001024
916.928,35.109859,-89.99141100000001,ChIJs6JbpFyHf4gR9O01gG0a7fQ,OK,68867,471570064001016
916.928,35.109859,-89.99141100000001,ChIJs6JbpFyHf4gR9O01gG0a7fQ,OK,68867,471570064001016
1718.988,35.107529,-89.9862127,ChIJ0WGfSUKHf4gRjDLrfGQwCV4,OK,119748,471570064001016
813.784,35.109859,-89.99141100000001,ChIJs6JbpFyHf4gR9O01gG0a7fQ,OK,56490,471570064001017
813.784,35.109859,-89.99141100000001,ChIJs6JbpFyHf4gR9O01gG0a7fQ,OK,56490,471570064001017
1615.844,35.107529,-89.9862127,ChIJ0WGfSUKHf4gRjDLrfGQwCV4,OK,107371,471570064001017
948.106,35.109859,-89.99141100000001,ChIJs6JbpFyHf4gR9O01gG0a7fQ,OK,60800,471570064001015
948.106,35.109859,-89.99141100000001,ChIJs6JbpFyHf4gR9O01gG0a7fQ,OK,60800,471570064001015
1750.166,35.107529,-89.9862127,ChIJ0WGfSUKHf4gRjDLrfGQwCV4,OK,111681,471570064001015
1299.434,35.109859,-89.99141100000001,ChIJs6JbpFyHf4gR9O01gG0a7fQ,OK,73663,471570064001038
1299.434,35.109859,-89.99141100000001,ChIJs6JbpFyHf4gR9O01gG0a7fQ,OK,73663,471570064001038
1854.949,35.10874099999999,-90.021185,ChIJrVbiDcF91YcRG9TBOTpHc3I,OK,104498,471570064001038
1675.225,35.109859,-89.99141100000001,ChIJs6JbpFyHf4gR9O01gG0a7fQ,OK,105969,471570063002003
1675.225,35.109859,-89.99141100000001,ChIJs6JbpFyHf4gR9O01gG0a7fQ,OK,105969,471570063002003
2314.374,35.13774119999999,-89.99713,ChIJtwtohKiAf4gRFxkNLUf9PgA,OK,155223,471570063002003
1480.966,35.109859,-89.99141100000001,ChIJs6JbpFyHf4gR9O01gG0a7fQ,OK,89267,471570063002007
1480.966,35.109859,-89.99141100000001,ChIJs6JbpFyHf4gR9O01gG0a7fQ,OK,89267,471570063002007
2283.026,35.107529,-89.9862127,ChIJ0WGfSUKHf4gRjDLrfGQwCV4,OK,140148,471570063002007
1828.165,35.109859,-89.99141100000001,ChIJs6JbpFyHf4gR9O01gG0a7fQ,OK,112449,471570063001010
1045.401,35.1439641,-90.0517892,ChIJL-0zBZR-1YcRj7p5p1WY4-g,OK,62364,471570042002050
1045.401,35.1439641,-90.0517892,ChIJL-0zBZR-1YcRj7p5p1WY4-g,OK,62364,471570042002050
1076.092,35.1435177,-90.0539328,ChIJ8VFg1pV-1YcRR9G8p0pZx6U,OK,62643,471570042002050
646.083,35.1439641,-90.0517892,ChIJL-0zBZR-1YcRj7p5p1WY4-g,OK,42279,471570042002043
646.083,35.1439641,-90.0517892,ChIJL-0zBZR-1YcRj7p5p1WY4-g,OK,42279,471570042002043
676.774,35.1435177,-90.0539328,ChIJ8VFg1pV-1YcRR9G8p0pZx6U,OK,42558,471570042002043
1155.071,35.1439641,-90.0517892,ChIJL-0zBZR-1YcRj7p5p1WY4-g,OK,73751,471570114001006
1155.071,35.1439641,-90.0517892,ChIJL-0zBZR-1YcRj7p5p1WY4-g,OK,73751,471570114001006
1185.761,35.1435177,-90.0539328,ChIJ8VFg1pV-1YcRR9G8p0pZx6U,OK,74030,471570114001006
1222.276,35.1439641,-90.0517892,ChIJL-0zBZR-1YcRj7p5p1WY4-g,OK,80977,471570114001024
1222.276,35.1439641,-90.0517892,ChIJL-0zBZR-1YcRj7p5p1WY4-g,OK,80977,471570114001024
1252.966,35.1435177,-90.0539328,ChIJ8VFg1pV-1YcRR9G8p0pZx6U,OK,81256,471570114001024
912.452,35.1439641,-90.0517892,ChIJL-0zBZR-1YcRj7p5p1WY4-g,OK,53732,471570114001005
912.452,35.1439641,-90.0517892,ChIJL-0zBZR-1YcRj7p5p1WY4-g,OK,53732,471570114001005
943.143,35.1435177,-90.0539328,ChIJ8VFg1pV-1YcRR9G8p0pZx6U,OK,54011,471570114001005
347.611,35.1450994,-90.0538646,ChIJne6_s5V-1YcRn_LPaqiwhrk,OK,41465,471570042001032
347.611,35.1450994,-90.0538646,ChIJne6_s5V-1YcRn_LPaqiwhrk,OK,41465,471570042001032
567.15,35.1435177,-90.0539328,ChIJ8VFg1pV-1YcRR9G8p0pZx6U,OK,50220,471570042001032
124.3,35.1450994,-90.0538646,ChIJne6_s5V-1YcRn_LPaqiwhrk,OK,12212,471570042001045
124.3,35.1450994,-90.0538646,ChIJne6_s5V-1YcRn_LPaqiwhrk,OK,12212,471570042001045
343.839,35.1435177,-90.0539328,ChIJ8VFg1pV-1YcRR9G8p0pZx6U,OK,20967,471570042001045
343.805,35.1450994,-90.0538646,ChIJne6_s5V-1YcRn_LPaqiwhrk,OK,34729,471570042001035
343.805,35.1450994,-90.0538646,ChIJne6_s5V-1YcRn_LPaqiwhrk,OK,34729,471570042001035
248.819,35.1439641,-90.0517892,ChIJL-0zBZR-1YcRj7p5p1WY4-g,OK,39783,471570042001035
549.335,35.1450994,-90.0538646,ChIJne6_s5V-1YcRn_LPaqiwhrk,OK,49068,471570042001031
549.335,35.1450994,-90.0538646,ChIJne6_s5V-1YcRn_LPaqiwhrk,OK,49068,471570042001031
768.874,35.1435177,-90.0539328,ChIJ8VFg1pV-1YcRR9G8p0pZx6U,OK,57823,471570042001031
371.943,35.1450994,-90.0538646,ChIJne6_s5V-1YcRn_LPaqiwhrk,OK,39793,471570042001042
371.943,35.1450994,-90.0538646,ChIJne6_s5V-1YcRn_LPaqiwhrk,OK,39793,471570042001042
276.957,35.1439641,-90.0517892,ChIJL-0zBZR-1YcRj7p5p1WY4-g,OK,44847,471570042001042
690.403,35.1450994,-90.0538646,ChIJne6_s5V-1YcRn_LPaqiwhrk,OK,52720,471570042001021
690.403,35.1450994,-90.0538646,ChIJne6_s5V-1YcRn_LPaqiwhrk,OK,52720,471570042001021
600.598,35.1439641,-90.0517892,ChIJL-0zBZR-1YcRj7p5p1WY4-g,OK,54412,471570042001021
452.929,35.1439641,-90.0517892,ChIJL-0zBZR-1YcRj7p5p1WY4-g,OK,41456,471570042001034
452.929,35.1439641,-90.0517892,ChIJL-0zBZR-1YcRj7p5p1WY4-g,OK,41456,471570042001034
713.783,35.1435177,-90.0539328,ChIJ8VFg1pV-1YcRR9G8p0pZx6U,OK,50661,471570042001034
55.887,35.1450994,-90.0538646,ChIJne6_s5V-1YcRn_LPaqiwhrk,OK,10058,471570042001054
55.887,35.1450994,-90.0538646,ChIJne6_s5V-1YcRn_LPaqiwhrk,OK,10058,471570042001054
289.23,35.1435177,-90.0539328,ChIJ8VFg1pV-1YcRR9G8p0pZx6U,OK,24592,471570042001054
158.332,35.1435177,-90.0539328,ChIJ8VFg1pV-1YcRR9G8p0pZx6U,OK,16448,471570042002002
158.332,35.1435177,-90.0539328,ChIJ8VFg1pV-1YcRR9G8p0pZx6U,OK,16448,471570042002002
248.497,35.1439641,-90.0517892,ChIJL-0zBZR-1YcRj7p5p1WY4-g,OK,23419,471570042002002
117.262,35.1450994,-90.0538646,ChIJne6_s5V-1YcRn_LPaqiwhrk,OK,21106,471570042001055
117.262,35.1450994,-90.0538646,ChIJne6_s5V-1YcRn_LPaqiwhrk,OK,21106,471570042001055
164.141,35.1439641,-90.0517892,ChIJL-0zBZR-1YcRj7p5p1WY4-g,OK,24542,471570042001055
249.622,35.1450994,-90.0538646,ChIJne6_s5V-1YcRn_LPaqiwhrk,OK,21234,471570042001050
249.622,35.1450994,-90.0538646,ChIJne6_s5V-1YcRn_LPaqiwhrk,OK,21234,471570042001050
469.16,35.1435177,-90.0539328,ChIJ8VFg1pV-1YcRR9G8p0pZx6U,OK,29989,471570042001050
68.422,35.1435177,-90.0539328,ChIJ8VFg1pV-1YcRR9G8p0pZx6U,OK,4104,471570042002007
68.422,35.1435177,-90.0539328,ChIJ8VFg1pV-1YcRR9G8p0pZx6U,OK,4104,471570042002007
222.58,35.1439641,-90.0517892,ChIJL-0zBZR-1YcRj7p5p1WY4-g,OK,14914,471570042002007
1123.14,35.1087458,-90.0211918,ChIJe6w2EsF91YcRquzVZc8M0-I,OK,95437,471570060002001
1123.14,35.1087458,-90.0211918,ChIJe6w2EsF91YcRquzVZc8M0-I,OK,95437,471570060002001
1123.781,35.10874099999999,-90.021185,ChIJrVbiDcF91YcRG9TBOTpHc3I,OK,95514,471570060002001
927.207,35.1087458,-90.0211918,ChIJe6w2EsF91YcRquzVZc8M0-I,OK,68212,471570060001018
927.207,35.1087458,-90.0211918,ChIJe6w2EsF91YcRquzVZc8M0-I,OK,68212,471570060001018
927.849,35.10874099999999,-90.021185,ChIJrVbiDcF91YcRG9TBOTpHc3I,OK,68289,471570060001018
1001.352,35.1087458,-90.0211918,ChIJe6w2EsF91YcRquzVZc8M0-I,OK,73394,471570060001017
1001.352,35.1087458,-90.0211918,ChIJe6w2EsF91YcRquzVZc8M0-I,OK,73394,471570060001017
1001.993,35.10874099999999,-90.021185,ChIJrVbiDcF91YcRG9TBOTpHc3I,OK,73471,471570060001017
1127.43,35.1087458,-90.0211918,ChIJe6w2EsF91YcRquzVZc8M0-I,OK,84903,471570060001016
1127.43,35.1087458,-90.0211918,ChIJe6w2EsF91YcRquzVZc8M0-I,OK,84903,471570060001016
1128.071,35.10874099999999,-90.021185,ChIJrVbiDcF91YcRG9TBOTpHc3I,OK,84980,471570060001016
1215.463,35.1087458,-90.0211918,ChIJe6w2EsF91YcRquzVZc8M0-I,OK,78132,471570060001002
1215.463,35.1087458,-90.0211918,ChIJe6w2EsF91YcRquzVZc8M0-I,OK,78132,471570060001002
1216.105,35.10874099999999,-90.021185,ChIJrVbiDcF91YcRG9TBOTpHc3I,OK,78209,471570060001002
1307.13,35.1087458,-90.0211918,ChIJe6w2EsF91YcRquzVZc8M0-I,OK,83877,471570060001001
1307.13,35.1087458,-90.0211918,ChIJe6w2EsF91YcRquzVZc8M0-I,OK,83877,471570060001001
1307.772,35.10874099999999,-90.021185,ChIJrVbiDcF91YcRG9TBOTpHc3I,OK,83954,471570060001001
1863.722,35.1087458,-90.0211918,ChIJe6w2EsF91YcRquzVZc8M0-I,OK,124384,471570065002015
3026.659,35.00495799999999,-90.0276544,ChIJuXbrrfFi1YcR97C4vX-T9Zk,OK,200174,471570227005018
3026.659,35.00495799999999,-90.0276544,ChIJuXbrrfFi1YcR97C4vX-T9Zk,OK,200174,471570227005018
5110.338,35.0326981,-90.07589809999999,ChIJ9S1ljalk1YcRvuG-_hbpimA,OK,313953,471570227005018
2721.978,35.00495799999999,-90.0276544,ChIJuXbrrfFi1YcR97C4vX-T9Zk,OK,181900,471570227004008
2721.978,35.00495799999999,-90.0276544,ChIJuXbrrfFi1YcR97C4vX-T9Zk,OK,181900,471570227004008
4338.198,34.99227370000001,-90.0232297,ChIJY7HkKF9i1YcRjKJ-3GH9XsM,OK,261926,471570227004008
2315.121,35.0225458,-90.0257415,ChIJnc94gMRi1YcRKYztFRuX2Yw,OK,150782,471570227003021
2315.121,35.0225458,-90.0257415,ChIJnc94gMRi1YcRKYztFRuX2Yw,OK,150782,471570227003021
2981.197,35.00495799999999,-90.0276544,ChIJuXbrrfFi1YcR97C4vX-T9Zk,OK,211065,471570227003021
1192.946,35.00495799999999,-90.0276544,ChIJuXbrrfFi1YcR97C4vX-T9Zk,OK,122046,471570221213014
1192.946,35.00495799999999,-90.0276544,ChIJuXbrrfFi1YcR97C4vX-T9Zk,OK,122046,471570221213014
1837.912,35.0225458,-90.0257415,ChIJnc94gMRi1YcRKYztFRuX2Yw,OK,148083,471570221213014
1134.441,35.0068452,-90.00681259999999,ChIJz3G0Jpti1YcRMCYWHOflqrA,OK,83385,471570221212004
1134.441,35.0068452,-90.00681259999999,ChIJz3G0Jpti1YcRMCYWHOflqrA,OK,83385,471570221212004
2244.516,35.021381,-90.020287,ChIJnVfwxMBi1YcR65EtGsZDcOY,OK,145346,471570221212004
1751.691,35.22619459999999,-90.0020167,ChIJvTh1mwiA1YcRLLqD5Uxq8Nc,OK,161803,471570100003002
1751.691,35.22619459999999,-90.0020167,ChIJvTh1mwiA1YcRLLqD5Uxq8Nc,OK,161803,471570100003002
2562.086,35.218332,-90.00299799999999,ChIJfRCGEgGA1YcRsZsWP_dycDI,OK,209270,471570100003002
2364.658,35.22619459999999,-90.0020167,ChIJvTh1mwiA1YcRLLqD5Uxq8Nc,OK,170770,471570100002007
2364.658,35.22619459999999,-90.0020167,ChIJvTh1mwiA1YcRLLqD5Uxq8Nc,OK,170770,471570100002007
2828.431,35.217526,-89.98935,ChIJKdhOoPd_f4gRbD5w-Ol3ovU,OK,218808,471570100002007
7271.782,35.1738374,-89.98954379999999,ChIJ_S0BIGOAf4gRU3Ph4W65cOQ,OK,353734,471570101205010
8595.183,35.21475480000001,-90.00354540000001,ChIJF6XvX_9_1YcRD4jlF4jzevw,OK,460694,471570101205010
8595.183,35.21475480000001,-90.00354540000001,ChIJF6XvX_9_1YcRD4jlF4jzevw,OK,460694,471570101205010
3758.317,35.1738374,-89.98954379999999,ChIJ_S0BIGOAf4gRU3Ph4W65cOQ,OK,246530,471570004002013
3758.317,35.1738374,-89.98954379999999,ChIJ_S0BIGOAf4gRU3Ph4W65cOQ,OK,246530,471570004002013
4301.57,35.1490317,-90.0140679,ChIJw3q9_xV-1YcRqrte6yBn1CI,OK,260927,471570004002013
4030.547,35.1439641,-90.0517892,ChIJL-0zBZR-1YcRj7p5p1WY4-g,OK,368929,471570042001005
4239.464,35.1450994,-90.0538646,ChIJne6_s5V-1YcRn_LPaqiwhrk,OK,374383,471570042001005
4239.464,35.1450994,-90.0538646,ChIJne6_s5V-1YcRn_LPaqiwhrk,OK,374383,471570042001005
1008.527,35.1450994,-90.0538646,ChIJne6_s5V-1YcRn_LPaqiwhrk,OK,101426,471570042001009
1008.527,35.1450994,-90.0538646,ChIJne6_s5V-1YcRn_LPaqiwhrk,OK,101426,471570042001009
1228.065,35.1435177,-90.0539328,ChIJ8VFg1pV-1YcRR9G8p0pZx6U,OK,110181,471570042001009
1202.12,35.1450994,-90.0538646,ChIJne6_s5V-1YcRn_LPaqiwhrk,OK,128943,471570113001040
1202.12,35.1450994,-90.0538646,ChIJne6_s5V-1YcRn_LPaqiwhrk,OK,128943,471570113001040
1421.658,35.1435177,-90.0539328,ChIJ8VFg1pV-1YcRR9G8p0pZx6U,OK,137698,471570113001040
863.021,35.1450994,-90.0538646,ChIJne6_s5V-1YcRn_LPaqiwhrk,OK,91933,471570113001069
863.021,35.1450994,-90.0538646,ChIJne6_s5V-1YcRn_LPaqiwhrk,OK,91933,471570113001069
1082.56,35.1435177,-90.0539328,ChIJ8VFg1pV-1YcRR9G8p0pZx6U,OK,100688,471570113001069
964.523,35.1439641,-90.0517892,ChIJL-0zBZR-1YcRj7p5p1WY4-g,OK,81450,471570113001071
964.523,35.1439641,-90.0517892,ChIJL-0zBZR-1YcRj7p5p1WY4-g,OK,81450,471570113001071
1173.44,35.1450994,-90.0538646,ChIJne6_s5V-1YcRn_LPaqiwhrk,OK,86904,471570113001071
2408.953,35.1439641,-90.0517892,ChIJL-0zBZR-1YcRj7p5p1WY4-g,OK,208469,471570021001008
2408.953,35.1439641,-90.0517892,ChIJL-0zBZR-1YcRj7p5p1WY4-g,OK,208469,471570021001008
2617.869,35.1450994,-90.0538646,ChIJne6_s5V-1YcRn_LPaqiwhrk,OK,213923,471570021001008
4574.777,35.1439641,-90.0517892,ChIJL-0zBZR-1YcRj7p5p1WY4-g,OK,253819,471570003002003
4574.777,35.1439641,-90.0517892,ChIJL-0zBZR-1YcRj7p5p1WY4-g,OK,253819,471570003002003
4586.683,35.1450994,-90.0538646,ChIJne6_s5V-1YcRn_LPaqiwhrk,OK,262116,471570003002003
2827.733,35.1439641,-90.0517892,ChIJL-0zBZR-1YcRj7p5p1WY4-g,OK,217292,471570021001026
2827.733,35.1439641,-90.0517892,ChIJL-0zBZR-1YcRj7p5p1WY4-g,OK,217292,471570021001026
3036.65,35.1450994,-90.0538646,ChIJne6_s5V-1YcRn_LPaqiwhrk,OK,222746,471570021001026
3567.751,35.1439641,-90.0517892,ChIJL-0zBZR-1YcRj7p5p1WY4-g,OK,199726,471570020001008
3567.751,35.1439641,-90.0517892,ChIJL-0zBZR-1YcRj7p5p1WY4-g,OK,199726,471570020001008
3760.568,35.1490317,-90.0140679,ChIJw3q9_xV-1YcRqrte6yBn1CI,OK,209210,471570020001008
1913.233,35.1439641,-90.0517892,ChIJL-0zBZR-1YcRj7p5p1WY4-g,OK,148841,471570021001072
1913.233,35.1439641,-90.0517892,ChIJL-0zBZR-1YcRj7p5p1WY4-g,OK,148841,471570021001072
2122.149,35.1450994,-90.0538646,ChIJne6_s5V-1YcRn_LPaqiwhrk,OK,154295,471570021001072
3123.178,35.22619459999999,-90.0020167,ChIJvTh1mwiA1YcRLLqD5Uxq8Nc,OK,222464,471570100002002
3123.178,35.22619459999999,-90.0020167,ChIJvTh1mwiA1YcRLLqD5Uxq8Nc,OK,222464,471570100002002
4004.826,35.222344,-89.97682999999999,ChIJ987Br45_f4gRjwrvnFN8t7k,OK,294772,471570100002002
1324.975,35.14859919999999,-89.91828060000002,ChIJRflgf-eDf4gRHX_XNYKER-s,OK,143109,471570087002010
1324.975,35.14859919999999,-89.91828060000002,ChIJRflgf-eDf4gRHX_XNYKER-s,OK,143109,471570087002010
3104.786,35.1804299,-89.9263818,ChIJIfvtv4eBf4gRJLjVGBpAzmc,OK,221713,471570087002010
911.645,35.22619459999999,-90.0020167,ChIJvTh1mwiA1YcRLLqD5Uxq8Nc,OK,83988,471570101101000
1215.212,35.2166323,-89.9945206,ChIJ4fSgw_h_f4gRx0hAJfGjdzA,OK,126956,471570101101000
1215.212,35.2166323,-89.9945206,ChIJ4fSgw_h_f4gRx0hAJfGjdzA,OK,126956,471570101101000
873.218,35.2178517,-89.9902989,ChIJT7y6Nvh_f4gR6Khps0fYRPg,OK,104783,471570102104003
873.218,35.2178517,-89.9902989,ChIJT7y6Nvh_f4gR6Khps0fYRPg,OK,104783,471570102104003
1775.746,35.125222,-90.048147,ChIJ9cKdtid81YcRKs9h6RjzQzw,OK,106959,471570114003039
1775.746,35.125222,-90.048147,ChIJ9cKdtid81YcRKs9h6RjzQzw,OK,106959,471570114003039
1777.56,35.1251709,-90.0481695,ChIJybIJtCd81YcR9Otxws-5qCM,OK,107059,471570114003039
1385.114,35.125222,-90.048147,ChIJ9cKdtid81YcRKs9h6RjzQzw,OK,123238,471570114003046
1385.114,35.125222,-90.048147,ChIJ9cKdtid81YcRKs9h6RjzQzw,OK,123238,471570114003046
1386.929,35.1251709,-90.0481695,ChIJybIJtCd81YcR9Otxws-5qCM,OK,123338,471570114003046
1892.696,35.125222,-90.048147,ChIJ9cKdtid81YcRKs9h6RjzQzw,OK,115377,471570114003038
1892.696,35.125222,-90.048147,ChIJ9cKdtid81YcRKs9h6RjzQzw,OK,115377,471570114003038
1894.51,35.1251709,-90.0481695,ChIJybIJtCd81YcR9Otxws-5qCM,OK,115477,471570114003038
1343.978,35.125222,-90.048147,ChIJ9cKdtid81YcRKs9h6RjzQzw,OK,118302,471570045001003
1343.978,35.125222,-90.048147,ChIJ9cKdtid81YcRKs9h6RjzQzw,OK,118302,471570045001003
1345.792,35.1251709,-90.0481695,ChIJybIJtCd81YcR9Otxws-5qCM,OK,118402,471570045001003
997.483,35.125222,-90.048147,ChIJ9cKdtid81YcRKs9h6RjzQzw,OK,55239,471570045001016
997.483,35.125222,-90.048147,ChIJ9cKdtid81YcRKs9h6RjzQzw,OK,55239,471570045001016
999.297,35.1251709,-90.0481695,ChIJybIJtCd81YcR9Otxws-5qCM,OK,55339,471570045001016
869.151,35.125222,-90.048147,ChIJ9cKdtid81YcRKs9h6RjzQzw,OK,69369,471570114001057
869.151,35.125222,-90.048147,ChIJ9cKdtid81YcRKs9h6RjzQzw,OK,69369,471570114001057
870.965,35.1251709,-90.0481695,ChIJybIJtCd81YcR9Otxws-5qCM,OK,69469,471570114001057
1205.213,35.125222,-90.048147,ChIJ9cKdtid81YcRKs9h6RjzQzw,OK,96190,471570116001003
1205.213,35.125222,-90.048147,ChIJ9cKdtid81YcRKs9h6RjzQzw,OK,96190,471570116001003
1207.027,35.1251709,-90.0481695,ChIJybIJtCd81YcR9Otxws-5qCM,OK,96290,471570116001003
327.268,35.125222,-90.048147,ChIJ9cKdtid81YcRKs9h6RjzQzw,OK,32219,471570116001010
327.268,35.125222,-90.048147,ChIJ9cKdtid81YcRKs9h6RjzQzw,OK,32219,471570116001010
329.082,35.1251709,-90.0481695,ChIJybIJtCd81YcR9Otxws-5qCM,OK,32319,471570116001010
706.085,35.125222,-90.048147,ChIJ9cKdtid81YcRKs9h6RjzQzw,OK,63540,471570116001009
706.085,35.125222,-90.048147,ChIJ9cKdtid81YcRKs9h6RjzQzw,OK,63540,471570116001009
707.899,35.1251709,-90.0481695,ChIJybIJtCd81YcR9Otxws-5qCM,OK,63640,471570116001009
1515.196,35.125222,-90.048147,ChIJ9cKdtid81YcRKs9h6RjzQzw,OK,113985,471570045001021
1515.196,35.125222,-90.048147,ChIJ9cKdtid81YcRKs9h6RjzQzw,OK,113985,471570045001021
1517.01,35.1251709,-90.0481695,ChIJybIJtCd81YcR9Otxws-5qCM,OK,114085,471570045001021
414.358,35.125222,-90.048147,ChIJ9cKdtid81YcRKs9h6RjzQzw,OK,28534,471570116001007
414.358,35.125222,-90.048147,ChIJ9cKdtid81YcRKs9h6RjzQzw,OK,28534,471570116001007
416.172,35.1251709,-90.0481695,ChIJybIJtCd81YcR9Otxws-5qCM,OK,28634,471570116001007
923.062,35.125222,-90.048147,ChIJ9cKdtid81YcRKs9h6RjzQzw,OK,51117,471570045001013
923.062,35.125222,-90.048147,ChIJ9cKdtid81YcRKs9h6RjzQzw,OK,51117,471570045001013
924.876,35.1251709,-90.0481695,ChIJybIJtCd81YcR9Otxws-5qCM,OK,51217,471570045001013
820.676,35.125222,-90.048147,ChIJ9cKdtid81YcRKs9h6RjzQzw,OK,55355,471570116002005
820.676,35.125222,-90.048147,ChIJ9cKdtid81YcRKs9h6RjzQzw,OK,55355,471570116002005
822.49,35.1251709,-90.0481695,ChIJybIJtCd81YcR9Otxws-5qCM,OK,55455,471570116002005
629.981,35.125222,-90.048147,ChIJ9cKdtid81YcRKs9h6RjzQzw,OK,44863,471570116001006
629.981,35.125222,-90.048147,ChIJ9cKdtid81YcRKs9h6RjzQzw,OK,44863,471570116001006
631.795,35.1251709,-90.0481695,ChIJybIJtCd81YcR9Otxws-5qCM,OK,44963,471570116001006
546.022,35.125222,-90.048147,ChIJ9cKdtid81YcRKs9h6RjzQzw,OK,58469,471570116001012
546.022,35.125222,-90.048147,ChIJ9cKdtid81YcRKs9h6RjzQzw,OK,58469,471570116001012
547.836,35.1251709,-90.0481695,ChIJybIJtCd81YcR9Otxws-5qCM,OK,58569,471570116001012
899.048,35.125222,-90.048147,ChIJ9cKdtid81YcRKs9h6RjzQzw,OK,65304,471570116002001
899.048,35.125222,-90.048147,ChIJ9cKdtid81YcRKs9h6RjzQzw,OK,65304,471570116002001
900.862,35.1251709,-90.0481695,ChIJybIJtCd81YcR9Otxws-5qCM,OK,65404,471570116002001
747.08,35.125222,-90.048147,ChIJ9cKdtid81YcRKs9h6RjzQzw,OK,41973,471570116002006
747.08,35.125222,-90.048147,ChIJ9cKdtid81YcRKs9h6RjzQzw,OK,41973,471570116002006
748.894,35.1251709,-90.0481695,ChIJybIJtCd81YcR9Otxws-5qCM,OK,42073,471570116002006
638.403,35.125222,-90.048147,ChIJ9cKdtid81YcRKs9h6RjzQzw,OK,35453,471570116002008
638.403,35.125222,-90.048147,ChIJ9cKdtid81YcRKs9h6RjzQzw,OK,35453,471570116002008
640.217,35.1251709,-90.0481695,ChIJybIJtCd81YcR9Otxws-5qCM,OK,35553,471570116002008
690.413,35.125222,-90.048147,ChIJ9cKdtid81YcRKs9h6RjzQzw,OK,38233,471570116002002
690.413,35.125222,-90.048147,ChIJ9cKdtid81YcRKs9h6RjzQzw,OK,38233,471570116002002
692.227,35.1251709,-90.0481695,ChIJybIJtCd81YcR9Otxws-5qCM,OK,38333,471570116002002
1257.383,35.125222,-90.048147,ChIJ9cKdtid81YcRKs9h6RjzQzw,OK,72601,471570045001017
1257.383,35.125222,-90.048147,ChIJ9cKdtid81YcRKs9h6RjzQzw,OK,72601,471570045001017
1259.197,35.1251709,-90.0481695,ChIJybIJtCd81YcR9Otxws-5qCM,OK,72701,471570045001017
2363.008,35.125222,-90.048147,ChIJ9cKdtid81YcRKs9h6RjzQzw,OK,158073,471570114003042
2363.008,35.125222,-90.048147,ChIJ9cKdtid81YcRKs9h6RjzQzw,OK,158073,471570114003042
2364.822,35.1251709,-90.0481695,ChIJybIJtCd81YcR9Otxws-5qCM,OK,158173,471570114003042
2063.04,35.125222,-90.048147,ChIJ9cKdtid81YcRKs9h6RjzQzw,OK,155696,471570114003044
2063.04,35.125222,-90.048147,ChIJ9cKdtid81YcRKs9h6RjzQzw,OK,155696,471570114003044
2064.854,35.1251709,-90.0481695,ChIJybIJtCd81YcR9Otxws-5qCM,OK,155796,471570114003044
1748.624,35.125222,-90.048147,ChIJ9cKdtid81YcRKs9h6RjzQzw,OK,141995,471570045001002
1748.624,35.125222,-90.048147,ChIJ9cKdtid81YcRKs9h6RjzQzw,OK,141995,471570045001002
1750.439,35.1251709,-90.0481695,ChIJybIJtCd81YcR9Otxws-5qCM,OK,142095,471570045001002
1611.135,35.125222,-90.048147,ChIJ9cKdtid81YcRKs9h6RjzQzw,OK,101469,471570045001007
2244.631,35.19067459999999,-89.8489943,ChIJ364PGjWdf4gRKbsrGLq8_XQ,OK,164250,471570211125003
4535.326,35.16339899999999,-89.855841,ChIJA_xfkC6Df4gRAjVZwLz1jqA,OK,252106,471570211125003
2601.054,35.19067459999999,-89.8489943,ChIJ364PGjWdf4gRKbsrGLq8_XQ,OK,207018,471570211125001
2601.054,35.19067459999999,-89.8489943,ChIJ364PGjWdf4gRKbsrGLq8_XQ,OK,207018,471570211125001
4913.1,35.16339899999999,-89.855841,ChIJA_xfkC6Df4gRAjVZwLz1jqA,OK,297436,471570211125001
3799.788,35.2045576,-89.81176689999999,ChIJ8ROix4Kdf4gR4Su-1OwAUMo,OK,204385,471570211212017
3799.788,35.2045576,-89.81176689999999,ChIJ8ROix4Kdf4gR4Su-1OwAUMo,OK,204385,471570211212017
7104.905,35.16339899999999,-89.855841,ChIJA_xfkC6Df4gRAjVZwLz1jqA,OK,304240,471570211212017
3804.515,35.1546312,-89.79260459999999,ChIJ8UeuSEecf4gRniit7ubZLtM,OK,237610,471570211212063
3804.515,35.1546312,-89.79260459999999,ChIJ8UeuSEecf4gRniit7ubZLtM,OK,237610,471570211212063
4184.402,35.14868459999999,-89.7948203,ChIJ4w9Lr2qcf4gRHdzl9FciAFM,OK,257110,471570211212063
1226.47,35.1546312,-89.79260459999999,ChIJ8UeuSEecf4gRniit7ubZLtM,OK,102327,471570211251011
1226.47,35.1546312,-89.79260459999999,ChIJ8UeuSEecf4gRniit7ubZLtM,OK,102327,471570211251011
1606.358,35.14868459999999,-89.7948203,ChIJ4w9Lr2qcf4gRHdzl9FciAFM,OK,121827,471570211251011
1450.157,35.1546312,-89.79260459999999,ChIJ8UeuSEecf4gRniit7ubZLtM,OK,92341,471570211353025
1450.157,35.1546312,-89.79260459999999,ChIJ8UeuSEecf4gRniit7ubZLtM,OK,92341,471570211353025
1830.045,35.14868459999999,-89.7948203,ChIJ4w9Lr2qcf4gRHdzl9FciAFM,OK,111841,471570211353025
2317.987,35.2044739,-89.76342459999999,ChIJ3XsJxyKef4gRTeWb3lonWsU,OK,215621,471570211411013
2317.987,35.2044739,-89.76342459999999,ChIJ3XsJxyKef4gRTeWb3lonWsU,OK,215621,471570211411013
4008.403,35.2074362,-89.7805166,ChIJ62ATRfudf4gRPIrPAXGVsiQ,OK,347107,471570211411013
514.816,35.1546312,-89.79260459999999,ChIJ8UeuSEecf4gRniit7ubZLtM,OK,52098,471570211353027
514.816,35.1546312,-89.79260459999999,ChIJ8UeuSEecf4gRniit7ubZLtM,OK,52098,471570211353027
1360.313,35.14868459999999,-89.7948203,ChIJ4w9Lr2qcf4gRHdzl9FciAFM,OK,79011,471570211353027
606.943,35.1546312,-89.79260459999999,ChIJ8UeuSEecf4gRniit7ubZLtM,OK,38983,471570211251000
606.943,35.1546312,-89.79260459999999,ChIJ8UeuSEecf4gRniit7ubZLtM,OK,38983,471570211251000
986.831,35.14868459999999,-89.7948203,ChIJ4w9Lr2qcf4gRHdzl9FciAFM,OK,58483,471570211251000
1227.042,35.1546312,-89.79260459999999,ChIJ8UeuSEecf4gRniit7ubZLtM,OK,89620,471570211251003
1227.042,35.1546312,-89.79260459999999,ChIJ8UeuSEecf4gRniit7ubZLtM,OK,89620,471570211251003
1606.93,35.14868459999999,-89.7948203,ChIJ4w9Lr2qcf4gRHdzl9FciAFM,OK,109120,471570211251003
1694.663,35.2044739,-89.76342459999999,ChIJ3XsJxyKef4gRTeWb3lonWsU,OK,140826,471570211411007
1694.663,35.2044739,-89.76342459999999,ChIJ3XsJxyKef4gRTeWb3lonWsU,OK,140826,471570211411007
3385.078,35.2074362,-89.7805166,ChIJ62ATRfudf4gRPIrPAXGVsiQ,OK,272312,471570211411007
1295.252,35.1546312,-89.79260459999999,ChIJ8UeuSEecf4gRniit7ubZLtM,OK,74742,471570211261039
1295.252,35.1546312,-89.79260459999999,ChIJ8UeuSEecf4gRniit7ubZLtM,OK,74742,471570211261039
1675.139,35.14868459999999,-89.7948203,ChIJ4w9Lr2qcf4gRHdzl9FciAFM,OK,94242,471570211261039
1673.034,35.1546312,-89.79260459999999,ChIJ8UeuSEecf4gRniit7ubZLtM,OK,119086,471570211261037
1673.034,35.1546312,-89.79260459999999,ChIJ8UeuSEecf4gRniit7ubZLtM,OK,119086,471570211261037
2052.921,35.14868459999999,-89.7948203,ChIJ4w9Lr2qcf4gRHdzl9FciAFM,OK,138586,471570211261037
2514.082,35.2044739,-89.76342459999999,ChIJ3XsJxyKef4gRTeWb3lonWsU,OK,239152,471570211412015
2514.082,35.2044739,-89.76342459999999,ChIJ3XsJxyKef4gRTeWb3lonWsU,OK,239152,471570211412015
4204.497,35.2074362,-89.7805166,ChIJ62ATRfudf4gRPIrPAXGVsiQ,OK,370638,471570211412015
2565.5,35.2044739,-89.76342459999999,ChIJ3XsJxyKef4gRTeWb3lonWsU,OK,245322,471570211412004
2565.5,35.2044739,-89.76342459999999,ChIJ3XsJxyKef4gRTeWb3lonWsU,OK,245322,471570211412004
4255.915,35.2074362,-89.7805166,ChIJ62ATRfudf4gRPIrPAXGVsiQ,OK,376808,471570211412004
3014.445,35.2044739,-89.76342459999999,ChIJ3XsJxyKef4gRTeWb3lonWsU,OK,258048,471570211412012
3014.445,35.2044739,-89.76342459999999,ChIJ3XsJxyKef4gRTeWb3lonWsU,OK,258048,471570211412012
5058.253,35.2072684,-89.7827147,ChIJKdJ2xvqdf4gRKLRUePlbOOs,OK,385029,471570211412012
3991.976,35.2044739,-89.76342459999999,ChIJ3XsJxyKef4gRTeWb3lonWsU,OK,312185,471570211412016
3991.976,35.2044739,-89.76342459999999,ChIJ3XsJxyKef4gRTeWb3lonWsU,OK,312185,471570211412016
5939.375,35.2072684,-89.7827147,ChIJKdJ2xvqdf4gRKLRUePlbOOs,OK,422854,471570211412016
1758.076,35.2045576,-89.81176689999999,ChIJ8ROix4Kdf4gR4Su-1OwAUMo,OK,121636,471570211123026
1758.076,35.2045576,-89.81176689999999,ChIJ8ROix4Kdf4gR4Su-1OwAUMo,OK,121636,471570211123026
3370.905,35.19067459999999,-89.8489943,ChIJ364PGjWdf4gRKbsrGLq8_XQ,OK,208734,471570211123026
4714.505,35.1546312,-89.79260459999999,ChIJ8UeuSEecf4gRniit7ubZLtM,OK,275491,471570211422028
4714.505,35.1546312,-89.79260459999999,ChIJ8UeuSEecf4gRniit7ubZLtM,OK,275491,471570211422028
4843.148,35.2072684,-89.7827147,ChIJKdJ2xvqdf4gRKLRUePlbOOs,OK,317820,471570211422028
3968,35.2044739,-89.76342459999999,ChIJ3XsJxyKef4gRTeWb3lonWsU,OK,303733,471570211422022
4937.366,35.2072684,-89.7827147,ChIJKdJ2xvqdf4gRKLRUePlbOOs,OK,335425,471570211422022
4937.366,35.2072684,-89.7827147,ChIJKdJ2xvqdf4gRKLRUePlbOOs,OK,335425,471570211422022
3621.766,35.1546312,-89.79260459999999,ChIJ8UeuSEecf4gRniit7ubZLtM,OK,232192,471570211213023
3621.766,35.1546312,-89.79260459999999,ChIJ8UeuSEecf4gRniit7ubZLtM,OK,232192,471570211213023
4001.654,35.14868459999999,-89.7948203,ChIJ4w9Lr2qcf4gRHdzl9FciAFM,OK,251692,471570211213023
5069.705,35.1546312,-89.79260459999999,ChIJ8UeuSEecf4gRniit7ubZLtM,OK,312563,471570211351004
5069.705,35.1546312,-89.79260459999999,ChIJ8UeuSEecf4gRniit7ubZLtM,OK,312563,471570211351004
5198.349,35.2072684,-89.7827147,ChIJKdJ2xvqdf4gRKLRUePlbOOs,OK,354892,471570211351004
2345.033,35.1546312,-89.79260459999999,ChIJ8UeuSEecf4gRniit7ubZLtM,OK,134955,471570211352004
3957.324,35.0493563,-89.83813929999999,ChIJjRQNzqSaf4gRxmNqB0YAYGM,OK,267452,471570213331015
3957.324,35.0493563,-89.83813929999999,ChIJjRQNzqSaf4gRxmNqB0YAYGM,OK,267452,471570213331015
3902.846,35.0512763,-89.8427476,ChIJ7VPJ3q-af4gRdxERIyaZ0gk,OK,280691,471570213331015
276.919,35.04577219999999,-89.82821469999999,ChIJL-jEaJmaf4gREtYdkYi2nAs,OK,20567,471570217463000
276.919,35.04577219999999,-89.82821469999999,ChIJL-jEaJmaf4gREtYdkYi2nAs,OK,20567,471570217463000
937.688,35.0493563,-89.83813929999999,ChIJjRQNzqSaf4gRxmNqB0YAYGM,OK,52268,471570217463000
1354.844,35.13763670000001,-90.00757159999999,ChIJl69WLQV-1YcRU3z7Tt2MyhY,OK,152099,471570035003000
1354.844,35.13763670000001,-90.00757159999999,ChIJl69WLQV-1YcRU3z7Tt2MyhY,OK,152099,471570035003000
1557.106,35.139426,-90.00714049999999,ChIJC-6kIBt-1YcRA1cskDtjsVc,OK,176369,471570035003000
3217.074,35.098685,-90.05664899999999,ChIJ31qwBkJ81YcRk2V5pdmdhrM,OK,193399,471570117001098
3217.074,35.098685,-90.05664899999999,ChIJ31qwBkJ81YcRk2V5pdmdhrM,OK,193399,471570117001098
3606.066,35.095133,-90.05542799999999,ChIJATnUo0J81YcRpbAuNwXeqRw,OK,214943,471570117001098
1254.743,35.1444038,-90.0168571,ChIJufYEjhR-1YcREff46W6Lons,OK,83108,471570036002048
1254.743,35.1444038,-90.0168571,ChIJufYEjhR-1YcREff46W6Lons,OK,83108,471570036002048
1286.309,35.13763670000001,-90.00757159999999,ChIJl69WLQV-1YcRU3z7Tt2MyhY,OK,88617,471570036002048
1140.966,35.13763670000001,-90.00757159999999,ChIJl69WLQV-1YcRU3z7Tt2MyhY,OK,94953,471570036002049
1140.966,35.13763670000001,-90.00757159999999,ChIJl69WLQV-1YcRU3z7Tt2MyhY,OK,94953,471570036002049
1374.869,35.1444038,-90.0168571,ChIJufYEjhR-1YcREff46W6Lons,OK,97523,471570036002049
1134.717,35.13763670000001,-90.00757159999999,ChIJl69WLQV-1YcRU3z7Tt2MyhY,OK,125684,471570035002010
1134.717,35.13763670000001,-90.00757159999999,ChIJl69WLQV-1YcRU3z7Tt2MyhY,OK,125684,471570035002010
1336.979,35.139426,-90.00714049999999,ChIJC-6kIBt-1YcRA1cskDtjsVc,OK,149954,471570035002010
1412.021,35.1157645,-90.022279,ChIJwZqBNMN91YcRRpdDvj5Pcr8,OK,103382,471570035003019
1412.021,35.1157645,-90.022279,ChIJwZqBNMN91YcRRpdDvj5Pcr8,OK,103382,471570035003019
2133.141,35.1087458,-90.0211918,ChIJe6w2EsF91YcRquzVZc8M0-I,OK,144772,471570035003019
1472.559,35.1157645,-90.022279,ChIJwZqBNMN91YcRRpdDvj5Pcr8,OK,98909,471570035003010
1472.559,35.1157645,-90.022279,ChIJwZqBNMN91YcRRpdDvj5Pcr8,OK,98909,471570035003010
2193.679,35.1087458,-90.0211918,ChIJe6w2EsF91YcRquzVZc8M0-I,OK,140299,471570035003010
2199.326,35.1157645,-90.022279,ChIJwZqBNMN91YcRRpdDvj5Pcr8,OK,122074,471570035003012
2199.326,35.1157645,-90.022279,ChIJwZqBNMN91YcRRpdDvj5Pcr8,OK,122074,471570035003012
2425.207,35.13763670000001,-90.00757159999999,ChIJl69WLQV-1YcRU3z7Tt2MyhY,OK,151512,471570035003012
1441.409,35.1157645,-90.022279,ChIJwZqBNMN91YcRRpdDvj5Pcr8,OK,106909,471570062001013
1441.409,35.1157645,-90.022279,ChIJwZqBNMN91YcRRpdDvj5Pcr8,OK,106909,471570062001013
2162.529,35.1087458,-90.0211918,ChIJe6w2EsF91YcRquzVZc8M0-I,OK,148299,471570062001013
2170.515,35.1157645,-90.022279,ChIJwZqBNMN91YcRRpdDvj5Pcr8,OK,120479,471570035003020
2170.515,35.1157645,-90.022279,ChIJwZqBNMN91YcRRpdDvj5Pcr8,OK,120479,471570035003020
2396.396,35.13763670000001,-90.00757159999999,ChIJl69WLQV-1YcRU3z7Tt2MyhY,OK,149917,471570035003020
782.247,35.13763670000001,-90.00757159999999,ChIJl69WLQV-1YcRU3z7Tt2MyhY,OK,83388,471570034001018
782.247,35.13763670000001,-90.00757159999999,ChIJl69WLQV-1YcRU3z7Tt2MyhY,OK,83388,471570034001018
984.509,35.139426,-90.00714049999999,ChIJC-6kIBt-1YcRA1cskDtjsVc,OK,107658,471570034001018
2104.552,35.1444038,-90.0168571,ChIJufYEjhR-1YcREff46W6Lons,OK,146356,471570035003001
2136.118,35.13763670000001,-90.00757159999999,ChIJl69WLQV-1YcRU3z7Tt2MyhY,OK,151865,471570035003001
2136.118,35.13763670000001,-90.00757159999999,ChIJl69WLQV-1YcRU3z7Tt2MyhY,OK,151865,471570035003001
2265.93,35.1157645,-90.022279,ChIJwZqBNMN91YcRRpdDvj5Pcr8,OK,126979,471570035003013
2265.93,35.1157645,-90.022279,ChIJwZqBNMN91YcRRpdDvj5Pcr8,OK,126979,471570035003013
2491.811,35.13763670000001,-90.00757159999999,ChIJl69WLQV-1YcRU3z7Tt2MyhY,OK,156417,471570035003013
901.441,35.13763670000001,-90.00757159999999,ChIJl69WLQV-1YcRU3z7Tt2MyhY,OK,89824,471570034001019
901.441,35.13763670000001,-90.00757159999999,ChIJl69WLQV-1YcRU3z7Tt2MyhY,OK,89824,471570034001019
1103.703,35.139426,-90.00714049999999,ChIJC-6kIBt-1YcRA1cskDtjsVc,OK,114094,471570034001019
1224.142,35.13763670000001,-90.00757159999999,ChIJl69WLQV-1YcRU3z7Tt2MyhY,OK,104876,471570035001001
1224.142,35.13763670000001,-90.00757159999999,ChIJl69WLQV-1YcRU3z7Tt2MyhY,OK,104876,471570035001001
1434.893,35.139426,-90.00714049999999,ChIJC-6kIBt-1YcRA1cskDtjsVc,OK,122998,471570035001001
1417.43,35.13763670000001,-90.00757159999999,ChIJl69WLQV-1YcRU3z7Tt2MyhY,OK,118882,471570035001003
1417.43,35.13763670000001,-90.00757159999999,ChIJl69WLQV-1YcRU3z7Tt2MyhY,OK,118882,471570035001003
1628.181,35.139426,-90.00714049999999,ChIJC-6kIBt-1YcRA1cskDtjsVc,OK,137004,471570035001003
3626.484,35.1546312,-89.79260459999999,ChIJ8UeuSEecf4gRniit7ubZLtM,OK,233139,471570211351021
3626.484,35.1546312,-89.79260459999999,ChIJ8UeuSEecf4gRniit7ubZLtM,OK,233139,471570211351021
4006.372,35.14868459999999,-89.7948203,ChIJ4w9Lr2qcf4gRHdzl9FciAFM,OK,252639,471570211351021
2531.446,35.1157645,-90.022279,ChIJwZqBNMN91YcRRpdDvj5Pcr8,OK,142909,471570035003015
2053.855,35.13763670000001,-90.00757159999999,ChIJl69WLQV-1YcRU3z7Tt2MyhY,OK,145799,471570035003015
2053.855,35.13763670000001,-90.00757159999999,ChIJl69WLQV-1YcRU3z7Tt2MyhY,OK,145799,471570035003015
734.34,35.13763670000001,-90.00757159999999,ChIJl69WLQV-1YcRU3z7Tt2MyhY,OK,76501,471570034001014
734.34,35.13763670000001,-90.00757159999999,ChIJl69WLQV-1YcRU3z7Tt2MyhY,OK,76501,471570034001014
936.602,35.139426,-90.00714049999999,ChIJC-6kIBt-1YcRA1cskDtjsVc,OK,100771,471570034001014
572.026,35.13763670000001,-90.00757159999999,ChIJl69WLQV-1YcRU3z7Tt2MyhY,OK,57023,471570034001009
572.026,35.13763670000001,-90.00757159999999,ChIJl69WLQV-1YcRU3z7Tt2MyhY,OK,57023,471570034001009
1519.808,35.109859,-89.99141100000001,ChIJs6JbpFyHf4gR9O01gG0a7fQ,OK,85433,471570063002015
1519.808,35.109859,-89.99141100000001,ChIJs6JbpFyHf4gR9O01gG0a7fQ,OK,85433,471570063002015
1691.182,35.1157645,-90.022279,ChIJwZqBNMN91YcRRpdDvj5Pcr8,OK,101462,471570063002015
1326.903,35.109859,-89.99141100000001,ChIJs6JbpFyHf4gR9O01gG0a7fQ,OK,74423,471570063003016
1326.903,35.109859,-89.99141100000001,ChIJs6JbpFyHf4gR9O01gG0a7fQ,OK,74423,471570063003016
1977.891,35.1157645,-90.022279,ChIJwZqBNMN91YcRRpdDvj5Pcr8,OK,119224,471570063003016
1318.964,35.109859,-89.99141100000001,ChIJs6JbpFyHf4gR9O01gG0a7fQ,OK,75689,471570063002012
1318.964,35.109859,-89.99141100000001,ChIJs6JbpFyHf4gR9O01gG0a7fQ,OK,75689,471570063002012
2040.447,35.1157645,-90.022279,ChIJwZqBNMN91YcRRpdDvj5Pcr8,OK,124718,471570063002012
3675.201,35.098685,-90.05664899999999,ChIJ31qwBkJ81YcRk2V5pdmdhrM,OK,233837,471579802001004
3675.201,35.098685,-90.05664899999999,ChIJ31qwBkJ81YcRk2V5pdmdhrM,OK,233837,471579802001004
4064.194,35.095133,-90.05542799999999,ChIJATnUo0J81YcRpbAuNwXeqRw,OK,255381,471579802001004
1721.855,35.1145886,-89.90089789999999,ChIJKWmlFW6Ef4gR0YNISWQMkss,OK,124907,471570085001020
1721.855,35.1145886,-89.90089789999999,ChIJKWmlFW6Ef4gR0YNISWQMkss,OK,124907,471570085001020
2536.609,35.1075089,-89.9318387,ChIJVboYU6KGf4gRHfEHUi8Izac,OK,217931,471570085001020
1594.061,35.1157645,-90.022279,ChIJwZqBNMN91YcRRpdDvj5Pcr8,OK,102932,471570116002035
1594.061,35.1157645,-90.022279,ChIJwZqBNMN91YcRRpdDvj5Pcr8,OK,102932,471570116002035
1652.752,35.1251709,-90.0481695,ChIJybIJtCd81YcR9Otxws-5qCM,OK,103600,471570116002035
983.528,35.125222,-90.048147,ChIJ9cKdtid81YcRKs9h6RjzQzw,OK,110966,471570050002011
983.528,35.125222,-90.048147,ChIJ9cKdtid81YcRKs9h6RjzQzw,OK,110966,471570050002011
985.342,35.1251709,-90.0481695,ChIJybIJtCd81YcR9Otxws-5qCM,OK,111066,471570050002011
1336.212,35.109859,-89.99141100000001,ChIJs6JbpFyHf4gR9O01gG0a7fQ,OK,77645,471570063003014
1336.212,35.109859,-89.99141100000001,ChIJs6JbpFyHf4gR9O01gG0a7fQ,OK,77645,471570063003014
2138.272,35.107529,-89.9862127,ChIJ0WGfSUKHf4gRjDLrfGQwCV4,OK,128526,471570063003014
1705.386,35.1145886,-89.90089789999999,ChIJKWmlFW6Ef4gR0YNISWQMkss,OK,141916,471570085001028
1705.386,35.1145886,-89.90089789999999,ChIJKWmlFW6Ef4gR0YNISWQMkss,OK,141916,471570085001028
2303.715,35.1075089,-89.9318387,ChIJVboYU6KGf4gRHfEHUi8Izac,OK,189984,471570085001028
505.789,35.1157645,-90.022279,ChIJwZqBNMN91YcRRpdDvj5Pcr8,OK,38778,471570115002011
505.789,35.1157645,-90.022279,ChIJwZqBNMN91YcRRpdDvj5Pcr8,OK,38778,471570115002011
1347.359,35.1087458,-90.0211918,ChIJe6w2EsF91YcRquzVZc8M0-I,OK,87395,471570115002011
1905.985,35.125222,-90.048147,ChIJ9cKdtid81YcRKs9h6RjzQzw,OK,111500,471570059002001
1907.799,35.1251709,-90.0481695,ChIJybIJtCd81YcR9Otxws-5qCM,OK,111600,471570059002001
1907.799,35.1251709,-90.0481695,ChIJybIJtCd81YcR9Otxws-5qCM,OK,111600,471570059002001
1232.04,35.1157645,-90.022279,ChIJwZqBNMN91YcRRpdDvj5Pcr8,OK,84015,471570059001004
1232.04,35.1157645,-90.022279,ChIJwZqBNMN91YcRRpdDvj5Pcr8,OK,84015,471570059001004
2073.609,35.1087458,-90.0211918,ChIJe6w2EsF91YcRquzVZc8M0-I,OK,132632,471570059001004
3972.03,35.1145886,-89.90089789999999,ChIJKWmlFW6Ef4gR0YNISWQMkss,OK,264361,471570096001011
3972.03,35.1145886,-89.90089789999999,ChIJKWmlFW6Ef4gR0YNISWQMkss,OK,264361,471570096001011
3942.064,35.1153996,-89.89414069999999,ChIJCb4NOWWEf4gR79YlPQoocW4,OK,269734,471570096001011
738.635,35.109859,-89.99141100000001,ChIJs6JbpFyHf4gR9O01gG0a7fQ,OK,49851,471570064001000
738.635,35.109859,-89.99141100000001,ChIJs6JbpFyHf4gR9O01gG0a7fQ,OK,49851,471570064001000
1540.695,35.107529,-89.9862127,ChIJ0WGfSUKHf4gRjDLrfGQwCV4,OK,100732,471570064001000
1741.104,35.12545849999999,-89.97454169999999,ChIJoyT3HjOHf4gRS6EdHckmff8,OK,116515,471570067003008
1741.104,35.12545849999999,-89.97454169999999,ChIJoyT3HjOHf4gRS6EdHckmff8,OK,116515,471570067003008
1880.236,35.107529,-89.9862127,ChIJ0WGfSUKHf4gRjDLrfGQwCV4,OK,126470,471570067003008
972.827,35.109859,-89.99141100000001,ChIJs6JbpFyHf4gR9O01gG0a7fQ,OK,59275,471570066001025
972.827,35.109859,-89.99141100000001,ChIJs6JbpFyHf4gR9O01gG0a7fQ,OK,59275,471570066001025
1139.708,35.107529,-89.9862127,ChIJ0WGfSUKHf4gRjDLrfGQwCV4,OK,73865,471570066001025
1233.906,35.109859,-89.99141100000001,ChIJs6JbpFyHf4gR9O01gG0a7fQ,OK,106269,471570066001026
1233.906,35.109859,-89.99141100000001,ChIJs6JbpFyHf4gR9O01gG0a7fQ,OK,106269,471570066001026
1400.787,35.107529,-89.9862127,ChIJ0WGfSUKHf4gRjDLrfGQwCV4,OK,120859,471570066001026
1097.638,35.1157645,-90.022279,ChIJwZqBNMN91YcRRpdDvj5Pcr8,OK,69076,471570059001002
1097.638,35.1157645,-90.022279,ChIJwZqBNMN91YcRRpdDvj5Pcr8,OK,69076,471570059001002
1939.208,35.1087458,-90.0211918,ChIJe6w2EsF91YcRquzVZc8M0-I,OK,117693,471570059001002
855.871,35.107529,-89.9862127,ChIJ0WGfSUKHf4gRjDLrfGQwCV4,OK,52149,471570066001027
855.871,35.107529,-89.9862127,ChIJ0WGfSUKHf4gRjDLrfGQwCV4,OK,52149,471570066001027
1169.867,35.109859,-89.99141100000001,ChIJs6JbpFyHf4gR9O01gG0a7fQ,OK,62199,471570066001027
1604.175,35.1060329,-90.039159,ChIJ231bcjV81YcRQ1quDeYAd6M,OK,115702,471570059003000
1604.175,35.1060329,-90.039159,ChIJ231bcjV81YcRQ1quDeYAd6M,OK,115702,471570059003000
1441.57,35.125222,-90.048147,ChIJ9cKdtid81YcRKs9h6RjzQzw,OK,122513,471570059003000
892.522,35.107529,-89.9862127,ChIJ0WGfSUKHf4gRjDLrfGQwCV4,OK,54034,471570066001028
892.522,35.107529,-89.9862127,ChIJ0WGfSUKHf4gRjDLrfGQwCV4,OK,54034,471570066001028
1206.518,35.109859,-89.99141100000001,ChIJs6JbpFyHf4gR9O01gG0a7fQ,OK,64084,471570066001028
1462.654,35.109859,-89.99141100000001,ChIJs6JbpFyHf4gR9O01gG0a7fQ,OK,85229,471570066001029
1462.654,35.109859,-89.99141100000001,ChIJs6JbpFyHf4gR9O01gG0a7fQ,OK,85229,471570066001029
1966.068,35.107529,-89.9862127,ChIJ0WGfSUKHf4gRjDLrfGQwCV4,OK,113087,471570066001029
7971.044,35.14868459999999,-89.7948203,ChIJ4w9Lr2qcf4gRHdzl9FciAFM,OK,521052,471570214101029
7971.044,35.14868459999999,-89.7948203,ChIJ4w9Lr2qcf4gRHdzl9FciAFM,OK,521052,471570214101029
1934.802,35.20808669999999,-89.89363879999999,ChIJa1RCwHuCf4gRSSG3nO4uWeI,OK,175257,471570205412013
1619.229,35.223866,-89.90499,ChIJJRXCRJh4f4gRcTFbl9qZzNM,OK,188942,471570205412013
1619.229,35.223866,-89.90499,ChIJJRXCRJh4f4gRcTFbl9qZzNM,OK,188942,471570205412013
2259.265,35.1738374,-89.98954379999999,ChIJ_S0BIGOAf4gRU3Ph4W65cOQ,OK,146181,471570007003007
2259.265,35.1738374,-89.98954379999999,ChIJ_S0BIGOAf4gRU3Ph4W65cOQ,OK,146181,471570007003007
2437.169,35.1490317,-90.0140679,ChIJw3q9_xV-1YcRqrte6yBn1CI,OK,165735,471570007003007
1821.617,35.2060393,-89.89459389999999,ChIJN_fdM1CCf4gRqHZ_YUZgoJo,OK,144621,471570205422007
1983.192,35.210167,-89.919383,ChIJi0gqlgaCf4gRjUvfmHxGMyw,OK,184604,471570205422007
1983.192,35.210167,-89.919383,ChIJi0gqlgaCf4gRjUvfmHxGMyw,OK,184604,471570205422007
1339.659,35.2060393,-89.89459389999999,ChIJN_fdM1CCf4gRqHZ_YUZgoJo,OK,97639,471570205422009
1339.659,35.2060393,-89.89459389999999,ChIJN_fdM1CCf4gRqHZ_YUZgoJo,OK,97639,471570205422009
1423.399,35.20808669999999,-89.89363879999999,ChIJa1RCwHuCf4gRSSG3nO4uWeI,OK,113891,471570205422009
1604.994,35.2060393,-89.89459389999999,ChIJN_fdM1CCf4gRqHZ_YUZgoJo,OK,129478,471570205422008
1604.994,35.2060393,-89.89459389999999,ChIJN_fdM1CCf4gRqHZ_YUZgoJo,OK,129478,471570205422008
1688.734,35.20808669999999,-89.89363879999999,ChIJa1RCwHuCf4gRSSG3nO4uWeI,OK,145730,471570205422008
1677.336,35.2060393,-89.89459389999999,ChIJN_fdM1CCf4gRqHZ_YUZgoJo,OK,120061,471570205412031
1564.541,35.2158947,-89.9151158,ChIJxetq6ad4f4gRD1K1cIBWUQ4,OK,169745,471570205412031
1564.541,35.2158947,-89.9151158,ChIJxetq6ad4f4gRD1K1cIBWUQ4,OK,169745,471570205412031
1516.787,35.2060393,-89.89459389999999,ChIJN_fdM1CCf4gRqHZ_YUZgoJo,OK,118893,471570205412032
1516.787,35.2060393,-89.89459389999999,ChIJN_fdM1CCf4gRqHZ_YUZgoJo,OK,118893,471570205412032
2151.532,35.210167,-89.919383,ChIJi0gqlgaCf4gRjUvfmHxGMyw,OK,193352,471570205412032
1148.468,35.2023757,-89.9218691,ChIJvw7rwByCf4gRrAscHKjp1Iw,OK,106710,471570205421003
1148.468,35.2023757,-89.9218691,ChIJvw7rwByCf4gRrAscHKjp1Iw,OK,106710,471570205421003
1314.549,35.210167,-89.919383,ChIJi0gqlgaCf4gRjUvfmHxGMyw,OK,135161,471570205421003
996.74,35.2060393,-89.89459389999999,ChIJN_fdM1CCf4gRqHZ_YUZgoJo,OK,102267,471570206211001
996.74,35.2060393,-89.89459389999999,ChIJN_fdM1CCf4gRqHZ_YUZgoJo,OK,102267,471570206211001
1080.48,35.20808669999999,-89.89363879999999,ChIJa1RCwHuCf4gRSSG3nO4uWeI,OK,118519,471570206211001
667.889,35.1804299,-89.9263818,ChIJIfvtv4eBf4gRJLjVGBpAzmc,OK,45963,471570088002011
667.889,35.1804299,-89.9263818,ChIJIfvtv4eBf4gRJLjVGBpAzmc,OK,45963,471570088002011
1624.004,35.183951,-89.93106899999999,ChIJWQ0EIo-Bf4gR6cuqlCcQuNw,OK,125052,471570088002011
91.6,35.2060393,-89.89459389999999,ChIJN_fdM1CCf4gRqHZ_YUZgoJo,OK,10149,471570206211004
91.6,35.2060393,-89.89459389999999,ChIJN_fdM1CCf4gRqHZ_YUZgoJo,OK,10149,471570206211004
378.64,35.20808669999999,-89.89363879999999,ChIJa1RCwHuCf4gRSSG3nO4uWeI,OK,37660,471570206211004
1931.641,35.2023757,-89.9218691,ChIJvw7rwByCf4gRrAscHKjp1Iw,OK,156556,471570205422011
1931.641,35.2023757,-89.9218691,ChIJvw7rwByCf4gRrAscHKjp1Iw,OK,156556,471570205422011
2097.722,35.210167,-89.919383,ChIJi0gqlgaCf4gRjUvfmHxGMyw,OK,185007,471570205422011
1151.777,35.1942326,-89.8965709,ChIJD7pM72eCf4gRg19OPcAuyDw,OK,83371,471570205423010
1151.777,35.1942326,-89.8965709,ChIJD7pM72eCf4gRg19OPcAuyDw,OK,83371,471570205423010
1336.29,35.192778,-89.895242,ChIJ2ehTh2eCf4gR95JHzr6OIMA,OK,94441,471570205423010
645.849,35.183951,-89.93106899999999,ChIJWQ0EIo-Bf4gR6cuqlCcQuNw,OK,77811,471570089003015
645.849,35.183951,-89.93106899999999,ChIJWQ0EIo-Bf4gR6cuqlCcQuNw,OK,77811,471570089003015
646.087,35.1839382,-89.93104869999999,ChIJrQx5Io-Bf4gRSwDAaGIf4WE,OK,77854,471570089003015
950.39,35.183951,-89.93106899999999,ChIJWQ0EIo-Bf4gR6cuqlCcQuNw,OK,92963,471570089001013
950.39,35.183951,-89.93106899999999,ChIJWQ0EIo-Bf4gR6cuqlCcQuNw,OK,92963,471570089001013
950.629,35.1839382,-89.93104869999999,ChIJrQx5Io-Bf4gRSwDAaGIf4WE,OK,93006,471570089001013
862.347,35.1804299,-89.9263818,ChIJIfvtv4eBf4gRJLjVGBpAzmc,OK,69625,471570089001015
690.028,35.183951,-89.93106899999999,ChIJWQ0EIo-Bf4gR6cuqlCcQuNw,OK,81011,471570089001015
690.028,35.183951,-89.93106899999999,ChIJWQ0EIo-Bf4gR6cuqlCcQuNw,OK,81011,471570089001015
7822.617,35.2023757,-89.9218691,ChIJvw7rwByCf4gRrAscHKjp1Iw,OK,370843,471570089001007
7919.792,35.183951,-89.93106899999999,ChIJWQ0EIo-Bf4gR6cuqlCcQuNw,OK,377097,471570089001007
7919.792,35.183951,-89.93106899999999,ChIJWQ0EIo-Bf4gR6cuqlCcQuNw,OK,377097,471570089001007
1605.857,35.2023757,-89.9218691,ChIJvw7rwByCf4gRrAscHKjp1Iw,OK,112955,471570089003019
1925.988,35.183951,-89.93106899999999,ChIJWQ0EIo-Bf4gR6cuqlCcQuNw,OK,125935,471570089003019
1925.988,35.183951,-89.93106899999999,ChIJWQ0EIo-Bf4gR6cuqlCcQuNw,OK,125935,471570089003019
1268.431,35.183951,-89.93106899999999,ChIJWQ0EIo-Bf4gR6cuqlCcQuNw,OK,92899,471570089001006
1268.431,35.183951,-89.93106899999999,ChIJWQ0EIo-Bf4gR6cuqlCcQuNw,OK,92899,471570089001006
1268.67,35.1839382,-89.93104869999999,ChIJrQx5Io-Bf4gRSwDAaGIf4WE,OK,92942,471570089001006
786.539,35.1804299,-89.9263818,ChIJIfvtv4eBf4gRJLjVGBpAzmc,OK,60529,471570089001016
614.221,35.183951,-89.93106899999999,ChIJWQ0EIo-Bf4gR6cuqlCcQuNw,OK,71915,471570089001016
614.221,35.183951,-89.93106899999999,ChIJWQ0EIo-Bf4gR6cuqlCcQuNw,OK,71915,471570089001016
1083.815,35.183951,-89.93106899999999,ChIJWQ0EIo-Bf4gR6cuqlCcQuNw,OK,99621,471570089001012
1083.815,35.183951,-89.93106899999999,ChIJWQ0EIo-Bf4gR6cuqlCcQuNw,OK,99621,471570089001012
1084.054,35.1839382,-89.93104869999999,ChIJrQx5Io-Bf4gRSwDAaGIf4WE,OK,99664,471570089001012
1120.755,35.2023757,-89.9218691,ChIJvw7rwByCf4gRrAscHKjp1Iw,OK,134486,471570089001001
1120.755,35.2023757,-89.9218691,ChIJvw7rwByCf4gRrAscHKjp1Iw,OK,134486,471570089001001
2783.511,35.183951,-89.93106899999999,ChIJWQ0EIo-Bf4gR6cuqlCcQuNw,OK,227375,471570089001001
1144.561,35.2023757,-89.9218691,ChIJvw7rwByCf4gRrAscHKjp1Iw,OK,137342,471570089001002
1471.548,35.20808669999999,-89.89363879999999,ChIJa1RCwHuCf4gRSSG3nO4uWeI,OK,113578,471570205411000
2859.089,35.218332,-90.00299799999999,ChIJfRCGEgGA1YcRsZsWP_dycDI,OK,172245,471570099023009
2859.089,35.218332,-90.00299799999999,ChIJfRCGEgGA1YcRsZsWP_dycDI,OK,172245,471570099023009
3066.993,35.21475480000001,-90.00354540000001,ChIJF6XvX_9_1YcRD4jlF4jzevw,OK,184719,471570099023009
3026.358,35.222344,-89.97682999999999,ChIJ987Br45_f4gRjwrvnFN8t7k,OK,183787,471570205111015
3026.358,35.222344,-89.97682999999999,ChIJ987Br45_f4gRjwrvnFN8t7k,OK,183787,471570205111015
3427.224,35.2227028,-89.97692290000001,ChIJ987Br45_f4gRMoYIhCny13Q,OK,219919,471570205111015
2794.525,35.218332,-90.00299799999999,ChIJfRCGEgGA1YcRsZsWP_dycDI,OK,165761,471570099022003
2794.525,35.218332,-90.00299799999999,ChIJfRCGEgGA1YcRsZsWP_dycDI,OK,165761,471570099022003
3002.43,35.21475480000001,-90.00354540000001,ChIJF6XvX_9_1YcRD4jlF4jzevw,OK,178235,471570099022003
3135.008,35.218332,-90.00299799999999,ChIJfRCGEgGA1YcRsZsWP_dycDI,OK,198244,471570099023013
3135.008,35.218332,-90.00299799999999,ChIJfRCGEgGA1YcRsZsWP_dycDI,OK,198244,471570099023013
3342.913,35.21475480000001,-90.00354540000001,ChIJF6XvX_9_1YcRD4jlF4jzevw,OK,210718,471570099023013
480.562,35.210167,-89.919383,ChIJi0gqlgaCf4gRjUvfmHxGMyw,OK,53971,471570205413025
480.562,35.210167,-89.919383,ChIJi0gqlgaCf4gRjUvfmHxGMyw,OK,53971,471570205413025
829.273,35.2158947,-89.9151158,ChIJxetq6ad4f4gRD1K1cIBWUQ4,OK,68510,471570205413025
454.184,35.210167,-89.919383,ChIJi0gqlgaCf4gRjUvfmHxGMyw,OK,49224,471570205413024
454.184,35.210167,-89.919383,ChIJi0gqlgaCf4gRjUvfmHxGMyw,OK,49224,471570205413024
802.895,35.2158947,-89.9151158,ChIJxetq6ad4f4gRD1K1cIBWUQ4,OK,63763,471570205413024
891.129,35.210167,-89.919383,ChIJi0gqlgaCf4gRjUvfmHxGMyw,OK,85136,471570205122003
891.129,35.210167,-89.919383,ChIJi0gqlgaCf4gRjUvfmHxGMyw,OK,85136,471570205122003
1239.84,35.2158947,-89.9151158,ChIJxetq6ad4f4gRD1K1cIBWUQ4,OK,99675,471570205122003
3387.719,35.222344,-89.97682999999999,ChIJ987Br45_f4gRjwrvnFN8t7k,OK,204723,471570205111016
3387.719,35.222344,-89.97682999999999,ChIJ987Br45_f4gRjwrvnFN8t7k,OK,204723,471570205111016
3788.586,35.2227028,-89.97692290000001,ChIJ987Br45_f4gRMoYIhCny13Q,OK,240855,471570205111016
3781.026,35.222344,-89.97682999999999,ChIJ987Br45_f4gRjwrvnFN8t7k,OK,259302,471570205123008
3781.026,35.222344,-89.97682999999999,ChIJ987Br45_f4gRjwrvnFN8t7k,OK,259302,471570205123008
4799.619,35.2023757,-89.9218691,ChIJvw7rwByCf4gRrAscHKjp1Iw,OK,361093,471570205123008
926.226,35.2060393,-89.89459389999999,ChIJN_fdM1CCf4gRqHZ_YUZgoJo,OK,72401,471570205411010
926.226,35.2060393,-89.89459389999999,ChIJN_fdM1CCf4gRqHZ_YUZgoJo,OK,72401,471570205411010
750.723,35.20808669999999,-89.89363879999999,ChIJa1RCwHuCf4gRSSG3nO4uWeI,OK,72784,471570205411010
926.337,35.210167,-89.919383,ChIJi0gqlgaCf4gRjUvfmHxGMyw,OK,96918,471570205122002
926.337,35.210167,-89.919383,ChIJi0gqlgaCf4gRjUvfmHxGMyw,OK,96918,471570205122002
1275.048,35.2158947,-89.9151158,ChIJxetq6ad4f4gRD1K1cIBWUQ4,OK,111457,471570205122002
5355.807,35.218332,-90.00299799999999,ChIJfRCGEgGA1YcRsZsWP_dycDI,OK,313975,471570099011024
5355.807,35.218332,-90.00299799999999,ChIJfRCGEgGA1YcRsZsWP_dycDI,OK,313975,471570099011024
4916.286,35.21475480000001,-90.00354540000001,ChIJF6XvX_9_1YcRD4jlF4jzevw,OK,322742,471570099011024
5681.656,35.1439641,-90.0517892,ChIJL-0zBZR-1YcRj7p5p1WY4-g,OK,415005,471570099011027
5681.656,35.1439641,-90.0517892,ChIJL-0zBZR-1YcRj7p5p1WY4-g,OK,415005,471570099011027
5890.572,35.1450994,-90.0538646,ChIJne6_s5V-1YcRn_LPaqiwhrk,OK,420459,471570099011027
1560.666,35.21475480000001,-90.00354540000001,ChIJF6XvX_9_1YcRD4jlF4jzevw,OK,114492,471570101106008
1560.666,35.21475480000001,-90.00354540000001,ChIJF6XvX_9_1YcRD4jlF4jzevw,OK,114492,471570101106008
2016.819,35.218332,-90.00299799999999,ChIJfRCGEgGA1YcRsZsWP_dycDI,OK,135671,471570101106008
5614.264,35.2064292,-89.73436359999999,ChIJP6qgZdGff4gRQoIww3TX5kM,OK,257558,471570210101005
5614.264,35.2064292,-89.73436359999999,ChIJP6qgZdGff4gRQoIww3TX5kM,OK,257558,471570210101005
8276.168,35.2044739,-89.76342459999999,ChIJ3XsJxyKef4gRTeWb3lonWsU,OK,385736,471570210101005
9006.728,35.2064292,-89.73436359999999,ChIJP6qgZdGff4gRQoIww3TX5kM,OK,408593,471570208202079
9006.728,35.2064292,-89.73436359999999,ChIJP6qgZdGff4gRQoIww3TX5kM,OK,408593,471570208202079
11668.632,35.2044739,-89.76342459999999,ChIJ3XsJxyKef4gRTeWb3lonWsU,OK,536771,471570208202079
1013.714,35.210167,-89.919383,ChIJi0gqlgaCf4gRjUvfmHxGMyw,OK,99000,471570205122001
1013.714,35.210167,-89.919383,ChIJi0gqlgaCf4gRjUvfmHxGMyw,OK,99000,471570205122001
1143.481,35.2023757,-89.9218691,ChIJvw7rwByCf4gRrAscHKjp1Iw,OK,99465,471570205122001
1110.282,35.21475480000001,-90.00354540000001,ChIJF6XvX_9_1YcRD4jlF4jzevw,OK,103267,471570101201015
1110.282,35.21475480000001,-90.00354540000001,ChIJF6XvX_9_1YcRD4jlF4jzevw,OK,103267,471570101201015
1329.179,35.2166323,-89.9945206,ChIJ4fSgw_h_f4gRx0hAJfGjdzA,OK,115056,471570101201015
3648.467,35.222344,-89.97682999999999,ChIJ987Br45_f4gRjwrvnFN8t7k,OK,232573,471570205112009
3648.467,35.222344,-89.97682999999999,ChIJ987Br45_f4gRjwrvnFN8t7k,OK,232573,471570205112009
4049.333,35.2227028,-89.97692290000001,ChIJ987Br45_f4gRMoYIhCny13Q,OK,268705,471570205112009
4291.923,35.218332,-90.00299799999999,ChIJfRCGEgGA1YcRsZsWP_dycDI,OK,277785,471570099021026
4291.923,35.218332,-90.00299799999999,ChIJfRCGEgGA1YcRsZsWP_dycDI,OK,277785,471570099021026
4499.828,35.21475480000001,-90.00354540000001,ChIJF6XvX_9_1YcRD4jlF4jzevw,OK,290259,471570099021026
593.306,35.2060393,-89.89459389999999,ChIJN_fdM1CCf4gRqHZ_YUZgoJo,OK,61381,471570206515017
593.306,35.2060393,-89.89459389999999,ChIJN_fdM1CCf4gRqHZ_YUZgoJo,OK,61381,471570206515017
677.046,35.20808669999999,-89.89363879999999,ChIJa1RCwHuCf4gRSSG3nO4uWeI,OK,77633,471570206515017
1172.663,35.2044739,-89.76342459999999,ChIJ3XsJxyKef4gRTeWb3lonWsU,OK,87444,471570208311005
1172.663,35.2044739,-89.76342459999999,ChIJ3XsJxyKef4gRTeWb3lonWsU,OK,87444,471570208311005
1789.604,35.222344,-89.97682999999999,ChIJ987Br45_f4gRjwrvnFN8t7k,OK,113490,471570102206012
1789.604,35.222344,-89.97682999999999,ChIJ987Br45_f4gRjwrvnFN8t7k,OK,113490,471570102206012
2190.47,35.2227028,-89.97692290000001,ChIJ987Br45_f4gRMoYIhCny13Q,OK,149622,471570102206012
3132.334,35.222344,-89.97682999999999,ChIJ987Br45_f4gRjwrvnFN8t7k,OK,199734,471570102206017
3132.334,35.222344,-89.97682999999999,ChIJ987Br45_f4gRjwrvnFN8t7k,OK,199734,471570102206017
3533.2,35.2227028,-89.97692290000001,ChIJ987Br45_f4gRMoYIhCny13Q,OK,235866,471570102206017
1803.356,35.222344,-89.97682999999999,ChIJ987Br45_f4gRjwrvnFN8t7k,OK,126398,471570205111002
1803.356,35.222344,-89.97682999999999,ChIJ987Br45_f4gRjwrvnFN8t7k,OK,126398,471570205111002
2204.223,35.2227028,-89.97692290000001,ChIJ987Br45_f4gRMoYIhCny13Q,OK,162530,471570205111002
1086.839,35.104197,-89.98335349999999,ChIJNST6hGqHf4gR0Mml4gyjQWk,OK,76648,471570065001026
1086.839,35.104197,-89.98335349999999,ChIJNST6hGqHf4gR0Mml4gyjQWk,OK,76648,471570065001026
1199.837,35.107529,-89.9862127,ChIJ0WGfSUKHf4gRjDLrfGQwCV4,OK,87769,471570065001026
225.44,35.104197,-89.98335349999999,ChIJNST6hGqHf4gR0Mml4gyjQWk,OK,15699,471570068002012
225.44,35.104197,-89.98335349999999,ChIJNST6hGqHf4gR0Mml4gyjQWk,OK,15699,471570068002012
354.205,35.107529,-89.9862127,ChIJ0WGfSUKHf4gRjDLrfGQwCV4,OK,28072,471570068002012
1055.635,35.104197,-89.98335349999999,ChIJNST6hGqHf4gR0Mml4gyjQWk,OK,80069,471570069003006
1055.635,35.104197,-89.98335349999999,ChIJNST6hGqHf4gR0Mml4gyjQWk,OK,80069,471570069003006
1430.449,35.107529,-89.9862127,ChIJ0WGfSUKHf4gRjDLrfGQwCV4,OK,102762,471570069003006
2184.603,35.1251709,-90.0481695,ChIJybIJtCd81YcR9Otxws-5qCM,OK,149753,471570043001077
2184.603,35.1251709,-90.0481695,ChIJybIJtCd81YcR9Otxws-5qCM,OK,149753,471570043001077
2186.417,35.125222,-90.048147,ChIJ9cKdtid81YcRKs9h6RjzQzw,OK,149854,471570043001077
3020.721,35.104197,-89.98335349999999,ChIJNST6hGqHf4gR0Mml4gyjQWk,OK,178601,471570078101006
3020.721,35.104197,-89.98335349999999,ChIJNST6hGqHf4gR0Mml4gyjQWk,OK,178601,471570078101006
3133.719,35.107529,-89.9862127,ChIJ0WGfSUKHf4gRjDLrfGQwCV4,OK,189722,471570078101006
4854.794,35.0643218,-89.9923063,ChIJb3DQuo2Hf4gRC8UI6d4pa68,OK,337112,471570078214008
4854.794,35.0643218,-89.9923063,ChIJb3DQuo2Hf4gRC8UI6d4pa68,OK,337112,471570078214008
6370.544,35.05407199999999,-90.00125899999999,ChIJIzdhk1h91YcRZT7cBcBslaM,OK,395046,471570078214008
2159.09,35.104197,-89.98335349999999,ChIJNST6hGqHf4gR0Mml4gyjQWk,OK,140370,471570078103016
2159.09,35.104197,-89.98335349999999,ChIJNST6hGqHf4gR0Mml4gyjQWk,OK,140370,471570078103016
2272.088,35.107529,-89.9862127,ChIJ0WGfSUKHf4gRjDLrfGQwCV4,OK,151491,471570078103016
924.58,35.0904795,-89.96597299999999,ChIJHfaNmAOHf4gR1d8V2K9rfSU,OK,82558,471570069003018
836.717,35.09464699999999,-89.9708677,ChIJx5uAuBqHf4gRze5MKc5WJFI,OK,84171,471570069003018
836.717,35.09464699999999,-89.9708677,ChIJx5uAuBqHf4gRze5MKc5WJFI,OK,84171,471570069003018
4001.143,35.05407199999999,-90.00125899999999,ChIJIzdhk1h91YcRZT7cBcBslaM,OK,255610,471570225001003
4001.143,35.05407199999999,-90.00125899999999,ChIJIzdhk1h91YcRZT7cBcBslaM,OK,255610,471570225001003
3757.688,35.0643218,-89.9923063,ChIJb3DQuo2Hf4gRC8UI6d4pa68,OK,277950,471570225001003
1604.642,35.0841884,-89.97146650000001,ChIJX1vb4AeHf4gRloPQ2o5nDXA,OK,111058,471570081102021
1604.642,35.0841884,-89.97146650000001,ChIJX1vb4AeHf4gRloPQ2o5nDXA,OK,111058,471570081102021
2767.484,35.0643218,-89.9923063,ChIJb3DQuo2Hf4gRC8UI6d4pa68,OK,163053,471570081102021
1661.382,35.0643218,-89.9923063,ChIJb3DQuo2Hf4gRC8UI6d4pa68,OK,109997,471579801001031
1661.382,35.0643218,-89.9923063,ChIJb3DQuo2Hf4gRC8UI6d4pa68,OK,109997,471579801001031
3443.776,35.05407199999999,-90.00125899999999,ChIJIzdhk1h91YcRZT7cBcBslaM,OK,181226,471579801001031
1278.325,35.12545849999999,-89.97454169999999,ChIJoyT3HjOHf4gRS6EdHckmff8,OK,76693,471570067002000
1278.325,35.12545849999999,-89.97454169999999,ChIJoyT3HjOHf4gRS6EdHckmff8,OK,76693,471570067002000
2523.725,35.107529,-89.9862127,ChIJ0WGfSUKHf4gRjDLrfGQwCV4,OK,146547,471570067002000
1538.097,35.148225,-89.89748700000001,ChIJC8t095eDf4gRGuXK3FleZyg,OK,111437,471570086002001
1538.097,35.148225,-89.89748700000001,ChIJC8t095eDf4gRGuXK3FleZyg,OK,111437,471570086002001
1618.643,35.1489345,-89.89838259999999,ChIJaTBvX72Df4gRiyFT0LQMnrQ,OK,116269,471570086002001
1659.347,35.0612606,-89.88628629999999,ChIJAQ_I1gqFf4gRFrt5yQeAEps,OK,118681,471570107201006
1659.347,35.0612606,-89.88628629999999,ChIJAQ_I1gqFf4gRFrt5yQeAEps,OK,118681,471570107201006
1542.747,35.0632829,-89.88727279999999,ChIJvVoQ4QqFf4gRItXZGUDZ-Hc,OK,134108,471570107201006
3292.946,35.0614623,-89.8536277,ChIJ4TWJkTWFf4gRbkNZYfkF9Jw,OK,220382,471570217101014
3292.946,35.0614623,-89.8536277,ChIJ4TWJkTWFf4gRbkNZYfkF9Jw,OK,220382,471570217101014
3138.365,35.0612606,-89.88628629999999,ChIJAQ_I1gqFf4gRFrt5yQeAEps,OK,222938,471570217101014
4257.161,35.0614623,-89.8536277,ChIJ4TWJkTWFf4gRbkNZYfkF9Jw,OK,254412,471570213202020
4257.161,35.0614623,-89.8536277,ChIJ4TWJkTWFf4gRbkNZYfkF9Jw,OK,254412,471570213202020
4341.933,35.0512763,-89.8427476,ChIJ7VPJ3q-af4gRdxERIyaZ0gk,OK,260600,471570213202020
2086.675,35.0614623,-89.8536277,ChIJ4TWJkTWFf4gRbkNZYfkF9Jw,OK,129552,471570217251001
2086.675,35.0614623,-89.8536277,ChIJ4TWJkTWFf4gRbkNZYfkF9Jw,OK,129552,471570217251001
2171.447,35.0512763,-89.8427476,ChIJ7VPJ3q-af4gRdxERIyaZ0gk,OK,135740,471570217251001
1047.792,35.062945,-89.90568519999999,ChIJjxj9mL-Ff4gRoOEx9OzDyxs,OK,106079,471570107101030
1047.792,35.062945,-89.90568519999999,ChIJjxj9mL-Ff4gRoOEx9OzDyxs,OK,106079,471570107101030
1466.98,35.063996,-89.90690699999999,ChIJn51vcb-Ff4gRvoXU4r8swrw,OK,116196,471570107101030
797.946,35.062945,-89.90568519999999,ChIJjxj9mL-Ff4gRoOEx9OzDyxs,OK,47785,471570108103004
797.946,35.062945,-89.90568519999999,ChIJjxj9mL-Ff4gRoOEx9OzDyxs,OK,47785,471570108103004
760.362,35.063996,-89.90690699999999,ChIJn51vcb-Ff4gRvoXU4r8swrw,OK,57625,471570108103004
345.55,35.02100869999999,-89.8995317,ChIJ-f6gz22Pf4gR-rWEeLgd-68,OK,16942,471570226001149
345.55,35.02100869999999,-89.8995317,ChIJ-f6gz22Pf4gR-rWEeLgd-68,OK,16942,471570226001149
356.823,35.0209193,-89.8996561,ChIJxWQfy22Pf4gRlC1jxVU1A2g,OK,17567,471570226001149
4289.324,35.1087458,-90.0211918,ChIJe6w2EsF91YcRquzVZc8M0-I,OK,214408,471570056003053
4289.965,35.10874099999999,-90.021185,ChIJrVbiDcF91YcRG9TBOTpHc3I,OK,214485,471570056003053
4289.965,35.10874099999999,-90.021185,ChIJrVbiDcF91YcRG9TBOTpHc3I,OK,214485,471570056003053
3812.223,35.2051043,-89.79754849999999,ChIJpRDMlY2df4gRQqHmUo_lzmc,OK,219651,471570211422019
3812.223,35.2051043,-89.79754849999999,ChIJpRDMlY2df4gRQqHmUo_lzmc,OK,219651,471570211422019
4277.193,35.2072684,-89.7827147,ChIJKdJ2xvqdf4gRKLRUePlbOOs,OK,277073,471570211422019
3042.171,35.16339899999999,-89.855841,ChIJA_xfkC6Df4gRAjVZwLz1jqA,OK,218476,471579804001015
3042.171,35.16339899999999,-89.855841,ChIJA_xfkC6Df4gRAjVZwLz1jqA,OK,218476,471579804001015
3117.326,35.1623785,-89.8566175,ChIJXQHWWS6Df4gRqhH5EQ9H1j0,OK,227441,471579804001015
3587.28,35.1546312,-89.79260459999999,ChIJ8UeuSEecf4gRniit7ubZLtM,OK,224679,471570211351013
3587.28,35.1546312,-89.79260459999999,ChIJ8UeuSEecf4gRniit7ubZLtM,OK,224679,471570211351013
3967.168,35.14868459999999,-89.7948203,ChIJ4w9Lr2qcf4gRHdzl9FciAFM,OK,244179,471570211351013
1338.238,35.0493493,-89.855357,ChIJH2Nw4lGFf4gRq0vxk4n5iAE,OK,136926,471570217263005
1338.238,35.0493493,-89.855357,ChIJH2Nw4lGFf4gRq0vxk4n5iAE,OK,136926,471570217263005
1599.767,35.0501932,-89.8529489,ChIJJ3DCd1KFf4gRBb2DFEnzV7w,OK,146937,471570217263005
605.439,35.0344414,-89.8319559,ChIJfcC9SguQf4gR_xf02Tpo1-w,OK,33530,471570217463006
605.439,35.0344414,-89.8319559,ChIJfcC9SguQf4gR_xf02Tpo1-w,OK,33530,471570217463006
2991.395,35.0493563,-89.83813929999999,ChIJjRQNzqSaf4gRxmNqB0YAYGM,OK,196410,471570217463006
2386.361,35.02138900000001,-89.996898,ChIJz3MQkR6If4gRIBgmNH-BQcg,OK,104223,471570220224020
6735.435,35.054745,-90.007971,ChIJXxyyQlt91YcRhldtWgjSnSE,OK,362356,471570220224020
6735.435,35.054745,-90.007971,ChIJXxyyQlt91YcRhldtWgjSnSE,OK,362356,471570220224020
3623.215,35.2337782,-89.9252472,ChIJra3pLkt_f4gRjZbqnHrruIM,OK,221512,471570205211002
3623.215,35.2337782,-89.9252472,ChIJra3pLkt_f4gRjZbqnHrruIM,OK,221512,471570205211002
7270.027,35.2158947,-89.9151158,ChIJxetq6ad4f4gRD1K1cIBWUQ4,OK,458093,471570205211002
180.191,35.2044739,-89.76342459999999,ChIJ3XsJxyKef4gRTeWb3lonWsU,OK,17715,471570208312011
180.191,35.2044739,-89.76342459999999,ChIJ3XsJxyKef4gRTeWb3lonWsU,OK,17715,471570208312011
1870.607,35.2074362,-89.7805166,ChIJ62ATRfudf4gRPIrPAXGVsiQ,OK,149201,471570208312011
4024.238,35.0854368,-89.89541919999999,ChIJf5cc-VKEf4gRF-lYLgijYQQ,OK,193589,471570213313011
4024.238,35.0854368,-89.89541919999999,ChIJf5cc-VKEf4gRF-lYLgijYQQ,OK,193589,471570213313011
5880.822,35.0612606,-89.88628629999999,ChIJAQ_I1gqFf4gRFrt5yQeAEps,OK,314845,471570213313011
907.19,35.0461089,-89.7947008,ChIJaZI6O3Oaf4gRqa_eh0DNj_s,OK,51430,471570215101014
907.19,35.0461089,-89.7947008,ChIJaZI6O3Oaf4gRqa_eh0DNj_s,OK,51430,471570215101014
1025.195,35.045091,-89.795412,ChIJVelsQnOaf4gRECqTW7fq-dY,OK,57965,471570215101014
4479.898,35.1546312,-89.79260459999999,ChIJ8UeuSEecf4gRniit7ubZLtM,OK,258315,471570211351001
4479.898,35.1546312,-89.79260459999999,ChIJ8UeuSEecf4gRniit7ubZLtM,OK,258315,471570211351001
4867.392,35.2044739,-89.76342459999999,ChIJ3XsJxyKef4gRTeWb3lonWsU,OK,343729,471570211351001
6532.608,35.2051043,-89.79754849999999,ChIJpRDMlY2df4gRQqHmUo_lzmc,OK,317368,471570211421025
6532.608,35.2051043,-89.79754849999999,ChIJpRDMlY2df4gRQqHmUo_lzmc,OK,317368,471570211421025
6997.578,35.2072684,-89.7827147,ChIJKdJ2xvqdf4gRKLRUePlbOOs,OK,374790,471570211421025
4573.333,35.0614623,-89.8536277,ChIJ4TWJkTWFf4gRbkNZYfkF9Jw,OK,298295,471570213201032
4573.333,35.0614623,-89.8536277,ChIJ4TWJkTWFf4gRbkNZYfkF9Jw,OK,298295,471570213201032
4658.105,35.0512763,-89.8427476,ChIJ7VPJ3q-af4gRdxERIyaZ0gk,OK,304483,471570213201032
8710.624,35.16339899999999,-89.855841,ChIJA_xfkC6Df4gRAjVZwLz1jqA,OK,427076,471579804001017
8710.624,35.16339899999999,-89.855841,ChIJA_xfkC6Df4gRAjVZwLz1jqA,OK,427076,471579804001017
8784.007,35.1623785,-89.8566175,ChIJXQHWWS6Df4gRqhH5EQ9H1j0,OK,435935,471579804001017
599.617,35.1546312,-89.79260459999999,ChIJ8UeuSEecf4gRniit7ubZLtM,OK,60307,471570211353041
599.617,35.1546312,-89.79260459999999,ChIJ8UeuSEecf4gRniit7ubZLtM,OK,60307,471570211353041
1153.475,35.14868459999999,-89.7948203,ChIJ4w9Lr2qcf4gRHdzl9FciAFM,OK,79865,471570211353041
373.324,35.1546312,-89.79260459999999,ChIJ8UeuSEecf4gRniit7ubZLtM,OK,33153,471570211353044
373.324,35.1546312,-89.79260459999999,ChIJ8UeuSEecf4gRniit7ubZLtM,OK,33153,471570211353044
932.628,35.14868459999999,-89.7948203,ChIJ4w9Lr2qcf4gRHdzl9FciAFM,OK,63417,471570211353044
3829.868,35.1546312,-89.79260459999999,ChIJ8UeuSEecf4gRniit7ubZLtM,OK,218360,471570211351014
3829.868,35.1546312,-89.79260459999999,ChIJ8UeuSEecf4gRniit7ubZLtM,OK,218360,471570211351014
4209.755,35.14868459999999,-89.7948203,ChIJ4w9Lr2qcf4gRHdzl9FciAFM,OK,237860,471570211351014
4862.35,35.14868459999999,-89.7948203,ChIJ4w9Lr2qcf4gRHdzl9FciAFM,OK,444499,471579804001021
4862.35,35.14868459999999,-89.7948203,ChIJ4w9Lr2qcf4gRHdzl9FciAFM,OK,444499,471579804001021
5628.512,35.1546312,-89.79260459999999,ChIJ8UeuSEecf4gRniit7ubZLtM,OK,465198,471579804001021
1909.944,35.062945,-89.90568519999999,ChIJjxj9mL-Ff4gRoOEx9OzDyxs,OK,109823,471570107101009
1909.944,35.062945,-89.90568519999999,ChIJjxj9mL-Ff4gRoOEx9OzDyxs,OK,109823,471570107101009
1896.306,35.063996,-89.90690699999999,ChIJn51vcb-Ff4gRvoXU4r8swrw,OK,123973,471570107101009
6302.037,35.14868459999999,-89.7948203,ChIJ4w9Lr2qcf4gRHdzl9FciAFM,OK,382936,471570211392011
6302.037,35.14868459999999,-89.7948203,ChIJ4w9Lr2qcf4gRHdzl9FciAFM,OK,382936,471570211392011
7068.199,35.1546312,-89.79260459999999,ChIJ8UeuSEecf4gRniit7ubZLtM,OK,403635,471570211392011
2215.297,35.02100869999999,-89.8995317,ChIJ-f6gz22Pf4gR-rWEeLgd-68,OK,102449,471570226001112
1913.877,35.1439641,-90.0517892,ChIJL-0zBZR-1YcRj7p5p1WY4-g,OK,111786,471570113001076
1944.568,35.1435177,-90.0539328,ChIJ8VFg1pV-1YcRR9G8p0pZx6U,OK,112065,471570113001076
2447.111,35.1439641,-90.0517892,ChIJL-0zBZR-1YcRj7p5p1WY4-g,OK,145063,471570113001079
2447.111,35.1439641,-90.0517892,ChIJL-0zBZR-1YcRj7p5p1WY4-g,OK,145063,471570113001079
2477.802,35.1435177,-90.0539328,ChIJ8VFg1pV-1YcRR9G8p0pZx6U,OK,145342,471570113001079
220.582,35.1435177,-90.0539328,ChIJ8VFg1pV-1YcRR9G8p0pZx6U,OK,20517,471570042002009
220.582,35.1435177,-90.0539328,ChIJ8VFg1pV-1YcRR9G8p0pZx6U,OK,20517,471570042002009
345.411,35.1450994,-90.0538646,ChIJne6_s5V-1YcRn_LPaqiwhrk,OK,32422,471570042002009
1240.2,35.1435177,-90.0539328,ChIJ8VFg1pV-1YcRR9G8p0pZx6U,OK,87495,471570042002056
1240.2,35.1435177,-90.0539328,ChIJ8VFg1pV-1YcRR9G8p0pZx6U,OK,87495,471570042002056
1338.779,35.1439641,-90.0517892,ChIJL-0zBZR-1YcRj7p5p1WY4-g,OK,97568,471570042002056
758.997,35.1439641,-90.0517892,ChIJL-0zBZR-1YcRj7p5p1WY4-g,OK,44526,471570042002042
758.997,35.1439641,-90.0517892,ChIJL-0zBZR-1YcRj7p5p1WY4-g,OK,44526,471570042002042
789.688,35.1435177,-90.0539328,ChIJ8VFg1pV-1YcRR9G8p0pZx6U,OK,44805,471570042002042
610.507,35.1450994,-90.0538646,ChIJne6_s5V-1YcRn_LPaqiwhrk,OK,41456,471570042001030
610.507,35.1450994,-90.0538646,ChIJne6_s5V-1YcRn_LPaqiwhrk,OK,41456,471570042001030
634.819,35.1439641,-90.0517892,ChIJL-0zBZR-1YcRj7p5p1WY4-g,OK,49994,471570042001030
2051.93,35.1087458,-90.0211918,ChIJe6w2EsF91YcRquzVZc8M0-I,OK,146969,471570065002019
2051.93,35.1087458,-90.0211918,ChIJe6w2EsF91YcRquzVZc8M0-I,OK,146969,471570065002019
2052.571,35.10874099999999,-90.021185,ChIJrVbiDcF91YcRG9TBOTpHc3I,OK,147046,471570065002019
1870.93,35.1087458,-90.0211918,ChIJe6w2EsF91YcRquzVZc8M0-I,OK,110595,471570065002023
1870.93,35.1087458,-90.0211918,ChIJe6w2EsF91YcRquzVZc8M0-I,OK,110595,471570065002023
1871.571,35.10874099999999,-90.021185,ChIJrVbiDcF91YcRG9TBOTpHc3I,OK,110672,471570065002023
4231.519,35.1087458,-90.0211918,ChIJe6w2EsF91YcRquzVZc8M0-I,OK,204997,471570078221005
4231.519,35.1087458,-90.0211918,ChIJe6w2EsF91YcRquzVZc8M0-I,OK,204997,471570078221005
4232.16,35.10874099999999,-90.021185,ChIJrVbiDcF91YcRG9TBOTpHc3I,OK,205074,471570078221005
4428.919,35.054745,-90.007971,ChIJXxyyQlt91YcRhldtWgjSnSE,OK,261828,471570078212004
4428.919,35.054745,-90.007971,ChIJXxyyQlt91YcRhldtWgjSnSE,OK,261828,471570078212004
4859.111,35.05407199999999,-90.00125899999999,ChIJIzdhk1h91YcRZT7cBcBslaM,OK,281512,471570078212004
2853.78,35.1087458,-90.0211918,ChIJe6w2EsF91YcRquzVZc8M0-I,OK,180512,471570078211004
2853.78,35.1087458,-90.0211918,ChIJe6w2EsF91YcRquzVZc8M0-I,OK,180512,471570078211004
2854.422,35.10874099999999,-90.021185,ChIJrVbiDcF91YcRG9TBOTpHc3I,OK,180589,471570078211004
937.266,35.167095,-89.950496,ChIJecYfJgmBf4gRJh-YY67U6V8,OK,52846,471570011002001
937.266,35.167095,-89.950496,ChIJecYfJgmBf4gRJh-YY67U6V8,OK,52846,471570011002001
2188.457,35.183951,-89.93106899999999,ChIJWQ0EIo-Bf4gR6cuqlCcQuNw,OK,145002,471570011002001
1578.249,35.1804299,-89.9263818,ChIJIfvtv4eBf4gRJLjVGBpAzmc,OK,108512,471570088004000
1578.249,35.1804299,-89.9263818,ChIJIfvtv4eBf4gRJLjVGBpAzmc,OK,108512,471570088004000
2534.363,35.183951,-89.93106899999999,ChIJWQ0EIo-Bf4gR6cuqlCcQuNw,OK,187601,471570088004000
1592.019,35.14981359999999,-89.94918609999999,ChIJVdGBGRaBf4gRsi89Rzqn8W4,OK,125604,471570012003003
1592.019,35.14981359999999,-89.94918609999999,ChIJVdGBGRaBf4gRsi89Rzqn8W4,OK,125604,471570012003003
2236.496,35.167095,-89.950496,ChIJecYfJgmBf4gRJh-YY67U6V8,OK,142008,471570012003003
1395.928,35.14981359999999,-89.94918609999999,ChIJVdGBGRaBf4gRsi89Rzqn8W4,OK,105905,471570012003008
1395.928,35.14981359999999,-89.94918609999999,ChIJVdGBGRaBf4gRsi89Rzqn8W4,OK,105905,471570012003008
1947.131,35.1497164,-89.95515999999999,ChIJcQb6ehiBf4gR-uA54eRPNq8,OK,141205,471570012003008
590.626,35.14859919999999,-89.91828060000002,ChIJRflgf-eDf4gRHX_XNYKER-s,OK,37633,471570087003014
590.626,35.14859919999999,-89.91828060000002,ChIJRflgf-eDf4gRHX_XNYKER-s,OK,37633,471570087003014
2223.678,35.14981359999999,-89.94918609999999,ChIJVdGBGRaBf4gRsi89Rzqn8W4,OK,133411,471570087003014
1575.044,35.14981359999999,-89.94918609999999,ChIJVdGBGRaBf4gRsi89Rzqn8W4,OK,94497,471570030002002
1575.044,35.14981359999999,-89.94918609999999,ChIJVdGBGRaBf4gRsi89Rzqn8W4,OK,94497,471570030002002
1719.902,35.1497164,-89.95515999999999,ChIJcQb6ehiBf4gR-uA54eRPNq8,OK,105416,471570030002002
1651.781,35.1161637,-89.9446263,ChIJ-ZiED8iGf4gR32IlfgDBKWY,OK,116974,471570072002016
1651.781,35.1161637,-89.9446263,ChIJ-ZiED8iGf4gR32IlfgDBKWY,OK,116974,471570072002016
2318.47,35.12545849999999,-89.97454169999999,ChIJoyT3HjOHf4gRS6EdHckmff8,OK,150901,471570072002016
3725.99,35.00495799999999,-90.0276544,ChIJuXbrrfFi1YcR97C4vX-T9Zk,OK,262613,471570227001003
5093.634,35.0326981,-90.07589809999999,ChIJ9S1ljalk1YcRvuG-_hbpimA,OK,333430,471570227001003
5093.634,35.0326981,-90.07589809999999,ChIJ9S1ljalk1YcRvuG-_hbpimA,OK,333430,471570227001003
3334.402,35.00495799999999,-90.0276544,ChIJuXbrrfFi1YcR97C4vX-T9Zk,OK,228758,471570227005017
3334.402,35.00495799999999,-90.0276544,ChIJuXbrrfFi1YcR97C4vX-T9Zk,OK,228758,471570227005017
4964.141,35.0326981,-90.07589809999999,ChIJ9S1ljalk1YcRvuG-_hbpimA,OK,327509,471570227005017
2590.077,35.00495799999999,-90.0276544,ChIJuXbrrfFi1YcR97C4vX-T9Zk,OK,185569,471570227002005
2590.077,35.00495799999999,-90.0276544,ChIJuXbrrfFi1YcR97C4vX-T9Zk,OK,185569,471570227002005
2817.153,35.0225458,-90.0257415,ChIJnc94gMRi1YcRKYztFRuX2Yw,OK,189588,471570227002005
2345.462,35.00495799999999,-90.0276544,ChIJuXbrrfFi1YcR97C4vX-T9Zk,OK,176563,471570227001004
2345.462,35.00495799999999,-90.0276544,ChIJuXbrrfFi1YcR97C4vX-T9Zk,OK,176563,471570227001004
3961.682,34.99227370000001,-90.0232297,ChIJY7HkKF9i1YcRjKJ-3GH9XsM,OK,256589,471570227001004
1139.663,35.0068452,-90.00681259999999,ChIJz3G0Jpti1YcRMCYWHOflqrA,OK,81614,471570221211021
1139.663,35.0068452,-90.00681259999999,ChIJz3G0Jpti1YcRMCYWHOflqrA,OK,81614,471570221211021
2294.385,35.04577219999999,-89.82821469999999,ChIJL-jEaJmaf4gREtYdkYi2nAs,OK,158525,471570213341019
2564.658,35.0493563,-89.83813929999999,ChIJjRQNzqSaf4gRxmNqB0YAYGM,OK,168606,471570213341019
2044.628,35.054745,-90.007971,ChIJXxyyQlt91YcRhldtWgjSnSE,OK,124206,471570225001062
2044.628,35.054745,-90.007971,ChIJXxyyQlt91YcRhldtWgjSnSE,OK,124206,471570225001062
2476.477,35.05407199999999,-90.00125899999999,ChIJIzdhk1h91YcRZT7cBcBslaM,OK,140245,471570225001062
2774.926,35.054745,-90.007971,ChIJXxyyQlt91YcRhldtWgjSnSE,OK,161204,471570225001061
2774.926,35.054745,-90.007971,ChIJXxyyQlt91YcRhldtWgjSnSE,OK,161204,471570225001061
3205.118,35.05407199999999,-90.00125899999999,ChIJIzdhk1h91YcRZT7cBcBslaM,OK,180888,471570225001061
1140.268,35.0614623,-89.8536277,ChIJ4TWJkTWFf4gRbkNZYfkF9Jw,OK,77144,471570217252012
1140.268,35.0614623,-89.8536277,ChIJ4TWJkTWFf4gRbkNZYfkF9Jw,OK,77144,471570217252012
1225.04,35.0512763,-89.8427476,ChIJ7VPJ3q-af4gRdxERIyaZ0gk,OK,83332,471570217252012
2238.441,35.04577219999999,-89.82821469999999,ChIJL-jEaJmaf4gREtYdkYi2nAs,OK,134367,471570213341029
2238.441,35.04577219999999,-89.82821469999999,ChIJL-jEaJmaf4gREtYdkYi2nAs,OK,134367,471570213341029
2423.944,35.05113000000001,-89.815021,ChIJAdLMX4iaf4gRUenKpoiyrBc,OK,148759,471570213341029
1162.597,35.054745,-90.007971,ChIJXxyyQlt91YcRhldtWgjSnSE,OK,77031,471570225001090
1162.597,35.054745,-90.007971,ChIJXxyyQlt91YcRhldtWgjSnSE,OK,77031,471570225001090
1594.445,35.05407199999999,-90.00125899999999,ChIJIzdhk1h91YcRZT7cBcBslaM,OK,93070,471570225001090
2452.133,35.0461089,-89.7947008,ChIJaZI6O3Oaf4gRqa_eh0DNj_s,OK,168953,471570213423023
2452.133,35.0461089,-89.7947008,ChIJaZI6O3Oaf4gRqa_eh0DNj_s,OK,168953,471570213423023
2570.138,35.045091,-89.795412,ChIJVelsQnOaf4gRECqTW7fq-dY,OK,175488,471570213423023
1113.661,35.051879,-89.95322299999999,ChIJtbdkhjqGf4gRndtG1KtFnTA,OK,66174,471579801001046
1113.661,35.051879,-89.95322299999999,ChIJtbdkhjqGf4gRndtG1KtFnTA,OK,66174,471579801001046
1553.75,35.06591589999999,-89.94154240000002,ChIJTUcfL2qGf4gRH4x-pmmajWw,OK,103641,471579801001046
1948.65,35.0461089,-89.7947008,ChIJaZI6O3Oaf4gRqa_eh0DNj_s,OK,135784,471570213423042
1948.65,35.0461089,-89.7947008,ChIJaZI6O3Oaf4gRqa_eh0DNj_s,OK,135784,471570213423042
2066.655,35.045091,-89.795412,ChIJVelsQnOaf4gRECqTW7fq-dY,OK,142319,471570213423042
3319.619,35.04577219999999,-89.82821469999999,ChIJL-jEaJmaf4gREtYdkYi2nAs,OK,251028,471570213342000
3319.619,35.04577219999999,-89.82821469999999,ChIJL-jEaJmaf4gREtYdkYi2nAs,OK,251028,471570213342000
3589.892,35.0493563,-89.83813929999999,ChIJjRQNzqSaf4gRxmNqB0YAYGM,OK,261109,471570213342000
621.598,35.062945,-89.90568519999999,ChIJjxj9mL-Ff4gRoOEx9OzDyxs,OK,37454,471570108103007
621.598,35.062945,-89.90568519999999,ChIJjxj9mL-Ff4gRoOEx9OzDyxs,OK,37454,471570108103007
584.014,35.063996,-89.90690699999999,ChIJn51vcb-Ff4gRvoXU4r8swrw,OK,47294,471570108103007
1392.688,35.0614623,-89.8536277,ChIJ4TWJkTWFf4gRbkNZYfkF9Jw,OK,92664,471570217102014
1558.191,35.050596,-89.869556,ChIJQ4vLA2iFf4gRyyCo3ihKH44,OK,93405,471570217102014
1558.191,35.050596,-89.869556,ChIJQ4vLA2iFf4gRyyCo3ihKH44,OK,93405,471570217102014
1647.973,35.0461089,-89.7947008,ChIJaZI6O3Oaf4gRqa_eh0DNj_s,OK,107960,471570213421046
1647.973,35.0461089,-89.7947008,ChIJaZI6O3Oaf4gRqa_eh0DNj_s,OK,107960,471570213421046
1765.978,35.045091,-89.795412,ChIJVelsQnOaf4gRECqTW7fq-dY,OK,114495,471570213421046
2176.442,35.0461089,-89.7947008,ChIJaZI6O3Oaf4gRqa_eh0DNj_s,OK,128449,471570213423021
2176.442,35.0461089,-89.7947008,ChIJaZI6O3Oaf4gRqa_eh0DNj_s,OK,128449,471570213423021
2294.447,35.045091,-89.795412,ChIJVelsQnOaf4gRECqTW7fq-dY,OK,134984,471570213423021
1831.648,35.0461089,-89.7947008,ChIJaZI6O3Oaf4gRqa_eh0DNj_s,OK,114037,471570213423038
1831.648,35.0461089,-89.7947008,ChIJaZI6O3Oaf4gRqa_eh0DNj_s,OK,114037,471570213423038
1949.653,35.045091,-89.795412,ChIJVelsQnOaf4gRECqTW7fq-dY,OK,120572,471570213423038
1826.245,35.0461089,-89.7947008,ChIJaZI6O3Oaf4gRqa_eh0DNj_s,OK,121095,471570213423075
1826.245,35.0461089,-89.7947008,ChIJaZI6O3Oaf4gRqa_eh0DNj_s,OK,121095,471570213423075
1944.25,35.045091,-89.795412,ChIJVelsQnOaf4gRECqTW7fq-dY,OK,127630,471570213423075
1129.401,35.0512763,-89.8427476,ChIJ7VPJ3q-af4gRdxERIyaZ0gk,OK,87943,471570217241017
1129.401,35.0512763,-89.8427476,ChIJ7VPJ3q-af4gRdxERIyaZ0gk,OK,87943,471570217241017
1374.794,35.0490562,-89.84441600000001,ChIJCUulJK6af4gR7vOP_qSrYdM,OK,92933,471570217241017
2216.313,35.0461089,-89.7947008,ChIJaZI6O3Oaf4gRqa_eh0DNj_s,OK,143132,471570213424057
2216.313,35.0461089,-89.7947008,ChIJaZI6O3Oaf4gRqa_eh0DNj_s,OK,143132,471570213424057
2334.318,35.045091,-89.795412,ChIJVelsQnOaf4gRECqTW7fq-dY,OK,149667,471570213424057
1066.311,35.0614623,-89.8536277,ChIJ4TWJkTWFf4gRbkNZYfkF9Jw,OK,73049,471570217252011
1066.311,35.0614623,-89.8536277,ChIJ4TWJkTWFf4gRbkNZYfkF9Jw,OK,73049,471570217252011
1151.083,35.0512763,-89.8427476,ChIJ7VPJ3q-af4gRdxERIyaZ0gk,OK,79237,471570217252011
1509.315,35.05113000000001,-89.815021,ChIJAdLMX4iaf4gRUenKpoiyrBc,OK,120463,471570213421084
1509.315,35.05113000000001,-89.815021,ChIJAdLMX4iaf4gRUenKpoiyrBc,OK,120463,471570213421084
1723.457,35.048632,-89.814048,ChIJqY7T64eaf4gRoqZRK7sz4Co,OK,132739,471570213421084
590.805,35.0614623,-89.8536277,ChIJ4TWJkTWFf4gRbkNZYfkF9Jw,OK,47463,471570217262002
590.805,35.0614623,-89.8536277,ChIJ4TWJkTWFf4gRbkNZYfkF9Jw,OK,47463,471570217262002
1586.185,35.0512763,-89.8427476,ChIJ7VPJ3q-af4gRdxERIyaZ0gk,OK,108285,471570217262002
1739.262,35.0461089,-89.7947008,ChIJaZI6O3Oaf4gRqa_eh0DNj_s,OK,102124,471570213423055
1739.262,35.0461089,-89.7947008,ChIJaZI6O3Oaf4gRqa_eh0DNj_s,OK,102124,471570213423055
1857.267,35.045091,-89.795412,ChIJVelsQnOaf4gRECqTW7fq-dY,OK,108659,471570213423055
1523.945,35.0477573,-89.86637909999999,ChIJ5_0L5VyFf4gR4HBEwl6nmRE,OK,84453,471570108201000
1583.167,35.050596,-89.869556,ChIJQ4vLA2iFf4gRyyCo3ihKH44,OK,94855,471570108201000
1583.167,35.050596,-89.869556,ChIJQ4vLA2iFf4gRyyCo3ihKH44,OK,94855,471570108201000
3435.872,35.0326981,-90.07589809999999,ChIJ9S1ljalk1YcRvuG-_hbpimA,OK,273870,471570223103002
3435.872,35.0326981,-90.07589809999999,ChIJ9S1ljalk1YcRvuG-_hbpimA,OK,273870,471570223103002
3823.251,35.0543926,-90.0597009,ChIJT5TzUbl81YcRiPqNjkbj9CA,OK,298783,471570223103002
1230.422,35.02138900000001,-89.996898,ChIJz3MQkR6If4gRIBgmNH-BQcg,OK,145741,471570221122006
1230.422,35.02138900000001,-89.996898,ChIJz3MQkR6If4gRIBgmNH-BQcg,OK,145741,471570221122006
2574.397,35.021381,-90.020287,ChIJnVfwxMBi1YcR65EtGsZDcOY,OK,195142,471570221122006
3416.758,34.999309,-90.118577,ChIJ9TRIjgZl1YcR3fm2jM14AHY,OK,337040,471570222101019
3416.758,34.999309,-90.118577,ChIJ9TRIjgZl1YcR3fm2jM14AHY,OK,337040,471570222101019
5798.964,35.02753099999999,-90.082077,ChIJK66rdetk1YcRwwxI9gDREks,OK,468972,471570222101019
2317.568,35.222344,-89.97682999999999,ChIJ987Br45_f4gRjwrvnFN8t7k,OK,152112,471570102101000
2317.568,35.222344,-89.97682999999999,ChIJ987Br45_f4gRjwrvnFN8t7k,OK,152112,471570102101000
2319.422,35.2227028,-89.97692290000001,ChIJ987Br45_f4gRMoYIhCny13Q,OK,164304,471570102101000
767.301,35.107529,-89.9862127,ChIJ0WGfSUKHf4gRjDLrfGQwCV4,OK,74500,471570067002032
767.301,35.107529,-89.9862127,ChIJ0WGfSUKHf4gRjDLrfGQwCV4,OK,74500,471570067002032
1208.319,35.104197,-89.98335349999999,ChIJNST6hGqHf4gR0Mml4gyjQWk,OK,94059,471570067002032
4461.148,35.0614623,-89.8536277,ChIJ4TWJkTWFf4gRbkNZYfkF9Jw,OK,333964,471570213312012
4461.148,35.0614623,-89.8536277,ChIJ4TWJkTWFf4gRbkNZYfkF9Jw,OK,333964,471570213312012
5452.743,35.0612606,-89.88628629999999,ChIJAQ_I1gqFf4gRFrt5yQeAEps,OK,388578,471570213312012
4560.447,35.0614623,-89.8536277,ChIJ4TWJkTWFf4gRbkNZYfkF9Jw,OK,345880,471570213312013
4560.447,35.0614623,-89.8536277,ChIJ4TWJkTWFf4gRbkNZYfkF9Jw,OK,345880,471570213312013
5552.042,35.0612606,-89.88628629999999,ChIJAQ_I1gqFf4gRFrt5yQeAEps,OK,400494,471570213312013
3047.932,35.0614623,-89.8536277,ChIJ4TWJkTWFf4gRbkNZYfkF9Jw,OK,187855,471570213332005
3047.932,35.0614623,-89.8536277,ChIJ4TWJkTWFf4gRbkNZYfkF9Jw,OK,187855,471570213332005
3132.704,35.0512763,-89.8427476,ChIJ7VPJ3q-af4gRdxERIyaZ0gk,OK,194043,471570213332005
2318.4,35.0220022,-89.82947999999999,ChIJxT9DeWuQf4gRf6HLF5uJHd0,OK,163569,471570217471019
2318.4,35.0220022,-89.82947999999999,ChIJxT9DeWuQf4gRf6HLF5uJHd0,OK,163569,471570217471019
2860.49,35.0078094,-89.83044679999999,ChIJpwHMo0eQf4gRIqmNFjWLuW4,OK,192547,471570217471019
1966.373,35.0220022,-89.82947999999999,ChIJxT9DeWuQf4gRf6HLF5uJHd0,OK,121327,471570217471014
1966.373,35.0220022,-89.82947999999999,ChIJxT9DeWuQf4gRf6HLF5uJHd0,OK,121327,471570217471014
2508.463,35.0078094,-89.83044679999999,ChIJpwHMo0eQf4gRIqmNFjWLuW4,OK,150305,471570217471014
1743.594,35.0220022,-89.82947999999999,ChIJxT9DeWuQf4gRf6HLF5uJHd0,OK,99235,471570217471015
1743.594,35.0220022,-89.82947999999999,ChIJxT9DeWuQf4gRf6HLF5uJHd0,OK,99235,471570217471015
2285.684,35.0078094,-89.83044679999999,ChIJpwHMo0eQf4gRIqmNFjWLuW4,OK,128213,471570217471015
3248.856,35.093591,-90.056624,ChIJgyVl92d81YcRhuRHHckl8Y4,OK,254980,471570056003056
3248.856,35.093591,-90.056624,ChIJgyVl92d81YcRhuRHHckl8Y4,OK,254980,471570056003056
3428.693,35.095133,-90.05542799999999,ChIJATnUo0J81YcRpbAuNwXeqRw,OK,264940,471570056003056
4816.999,35.14868459999999,-89.7948203,ChIJ4w9Lr2qcf4gRHdzl9FciAFM,OK,345168,471570211401015
4816.999,35.14868459999999,-89.7948203,ChIJ4w9Lr2qcf4gRHdzl9FciAFM,OK,345168,471570211401015
5583.161,35.1546312,-89.79260459999999,ChIJ8UeuSEecf4gRniit7ubZLtM,OK,365867,471570211401015
5473.578,35.14868459999999,-89.7948203,ChIJ4w9Lr2qcf4gRHdzl9FciAFM,OK,424087,471570211401033
5473.578,35.14868459999999,-89.7948203,ChIJ4w9Lr2qcf4gRHdzl9FciAFM,OK,424087,471570211401033
6239.741,35.1546312,-89.79260459999999,ChIJ8UeuSEecf4gRniit7ubZLtM,OK,444786,471570211401033
3158.326,35.054745,-90.007971,ChIJXxyyQlt91YcRhldtWgjSnSE,OK,209981,471570225001070
3590.174,35.05407199999999,-90.00125899999999,ChIJIzdhk1h91YcRZT7cBcBslaM,OK,226020,471570225001070
3590.174,35.05407199999999,-90.00125899999999,ChIJIzdhk1h91YcRZT7cBcBslaM,OK,226020,471570225001070
2656.09,35.054745,-90.007971,ChIJXxyyQlt91YcRhldtWgjSnSE,OK,173820,471570225001083
3087.938,35.05407199999999,-90.00125899999999,ChIJIzdhk1h91YcRZT7cBcBslaM,OK,189859,471570225001083
3087.938,35.05407199999999,-90.00125899999999,ChIJIzdhk1h91YcRZT7cBcBslaM,OK,189859,471570225001083
868.879,35.2023757,-89.9218691,ChIJvw7rwByCf4gRrAscHKjp1Iw,OK,72088,471570205412037
868.879,35.2023757,-89.9218691,ChIJvw7rwByCf4gRrAscHKjp1Iw,OK,72088,471570205412037
1034.959,35.210167,-89.919383,ChIJi0gqlgaCf4gRjUvfmHxGMyw,OK,100539,471570205412037
1777.373,35.167095,-89.950496,ChIJecYfJgmBf4gRJh-YY67U6V8,OK,118031,471570111001040
1777.373,35.167095,-89.950496,ChIJecYfJgmBf4gRJh-YY67U6V8,OK,118031,471570111001040
2507.163,35.183951,-89.93106899999999,ChIJWQ0EIo-Bf4gR6cuqlCcQuNw,OK,170970,471570111001040
1905.595,35.1161637,-89.9446263,ChIJ-ZiED8iGf4gR32IlfgDBKWY,OK,127734,471570072002003
1905.595,35.1161637,-89.9446263,ChIJ-ZiED8iGf4gR32IlfgDBKWY,OK,127734,471570072002003
2837.317,35.14981359999999,-89.94918609999999,ChIJVdGBGRaBf4gRsi89Rzqn8W4,OK,191621,471570072002003
2402.99,35.2337782,-89.9252472,ChIJra3pLkt_f4gRjZbqnHrruIM,OK,171420,471570205311010
2402.99,35.2337782,-89.9252472,ChIJra3pLkt_f4gRjZbqnHrruIM,OK,171420,471570205311010
4734.537,35.223866,-89.90499,ChIJJRXCRJh4f4gRcTFbl9qZzNM,OK,337259,471570205311010
1119.275,35.109859,-89.99141100000001,ChIJs6JbpFyHf4gR9O01gG0a7fQ,OK,81338,471570065002010
1119.275,35.109859,-89.99141100000001,ChIJs6JbpFyHf4gR9O01gG0a7fQ,OK,81338,471570065002010
1921.335,35.107529,-89.9862127,ChIJ0WGfSUKHf4gRjDLrfGQwCV4,OK,132219,471570065002010
827.51,35.104197,-89.98335349999999,ChIJNST6hGqHf4gR0Mml4gyjQWk,OK,51692,471570065001018
827.51,35.104197,-89.98335349999999,ChIJNST6hGqHf4gR0Mml4gyjQWk,OK,51692,471570065001018
940.508,35.107529,-89.9862127,ChIJ0WGfSUKHf4gRjDLrfGQwCV4,OK,62813,471570065001018
1993.861,35.1161637,-89.9446263,ChIJ-ZiED8iGf4gR32IlfgDBKWY,OK,146798,471570070002002
1845.563,35.125222,-90.048147,ChIJ9cKdtid81YcRKs9h6RjzQzw,OK,123280,471570116002015
1845.563,35.125222,-90.048147,ChIJ9cKdtid81YcRKs9h6RjzQzw,OK,123280,471570116002015
1847.377,35.1251709,-90.0481695,ChIJybIJtCd81YcR9Otxws-5qCM,OK,123380,471570116002015
893.016,35.054745,-90.007971,ChIJXxyyQlt91YcRhldtWgjSnSE,OK,57331,471570220232004
893.016,35.054745,-90.007971,ChIJXxyyQlt91YcRhldtWgjSnSE,OK,57331,471570220232004
1458.368,35.05407199999999,-90.00125899999999,ChIJIzdhk1h91YcRZT7cBcBslaM,OK,80764,471570220232004
7707.741,35.14868459999999,-89.7948203,ChIJ4w9Lr2qcf4gRHdzl9FciAFM,OK,504508,471570213121010
7707.741,35.14868459999999,-89.7948203,ChIJ4w9Lr2qcf4gRHdzl9FciAFM,OK,504508,471570213121010
11215.318,35.16339899999999,-89.855841,ChIJA_xfkC6Df4gRAjVZwLz1jqA,OK,730500,471570213121010
3490.745,35.0614623,-89.8536277,ChIJ4TWJkTWFf4gRbkNZYfkF9Jw,OK,199539,471570213311029
3490.745,35.0614623,-89.8536277,ChIJ4TWJkTWFf4gRbkNZYfkF9Jw,OK,199539,471570213311029
4341.05,35.0493493,-89.855357,ChIJH2Nw4lGFf4gRq0vxk4n5iAE,OK,248033,471570213311029
2473.113,35.0477573,-89.86637909999999,ChIJ5_0L5VyFf4gR4HBEwl6nmRE,OK,149473,471570217414010
2473.113,35.0477573,-89.86637909999999,ChIJ5_0L5VyFf4gR4HBEwl6nmRE,OK,149473,471570217414010
3043.951,35.050596,-89.869556,ChIJQ4vLA2iFf4gRyyCo3ihKH44,OK,188202,471570217414010
1755.103,35.1804299,-89.9263818,ChIJIfvtv4eBf4gRJLjVGBpAzmc,OK,119763,471570088001011
1755.103,35.1804299,-89.9263818,ChIJIfvtv4eBf4gRJLjVGBpAzmc,OK,119763,471570088001011
2711.217,35.183951,-89.93106899999999,ChIJWQ0EIo-Bf4gR6cuqlCcQuNw,OK,198852,471570088001011
7652.752,35.14868459999999,-89.7948203,ChIJ4w9Lr2qcf4gRHdzl9FciAFM,OK,440018,471570213112000
10096.137,35.16339899999999,-89.855841,ChIJA_xfkC6Df4gRAjVZwLz1jqA,OK,607451,471570213112000
10096.137,35.16339899999999,-89.855841,ChIJA_xfkC6Df4gRAjVZwLz1jqA,OK,607451,471570213112000
434.495,35.0508681,-89.88111619999999,ChIJ68PUi3CFf4gRLPYGzNKUdto,OK,50733,471570108203005
434.495,35.0508681,-89.88111619999999,ChIJ68PUi3CFf4gRLPYGzNKUdto,OK,50733,471570108203005
327.938,35.0531879,-89.8855975,ChIJy5TuWnaFf4gRzUE1FqfjCIk,OK,59024,471570108203005
2372.569,35.0854368,-89.89541919999999,ChIJf5cc-VKEf4gRF-lYLgijYQQ,OK,119265,471570107101001
2372.569,35.0854368,-89.89541919999999,ChIJf5cc-VKEf4gRF-lYLgijYQQ,OK,119265,471570107101001
2264.12,35.062945,-89.90568519999999,ChIJjxj9mL-Ff4gRoOEx9OzDyxs,OK,120274,471570107101001
1653.943,35.2045576,-89.81176689999999,ChIJ8ROix4Kdf4gR4Su-1OwAUMo,OK,117326,471570211131022
1653.943,35.2045576,-89.81176689999999,ChIJ8ROix4Kdf4gR4Su-1OwAUMo,OK,117326,471570211131022
2710.451,35.2051043,-89.79754849999999,ChIJpRDMlY2df4gRQqHmUo_lzmc,OK,174745,471570211131022
1637.825,35.1490317,-90.0140679,ChIJw3q9_xV-1YcRqrte6yBn1CI,OK,103831,471570017003002
1637.825,35.1490317,-90.0140679,ChIJw3q9_xV-1YcRqrte6yBn1CI,OK,103831,471570017003002
2360.063,35.1444038,-90.0168571,ChIJufYEjhR-1YcREff46W6Lons,OK,151184,471570017003002
2028.594,35.0757114,-89.9271675,ChIJ-d7FIHmGf4gR6Aa1VQWm0ps,OK,108839,471570106101001
2028.594,35.0757114,-89.9271675,ChIJ-d7FIHmGf4gR6Aa1VQWm0ps,OK,108839,471570106101001
2105.422,35.0878609,-89.931612,ChIJ78kLm4aGf4gRhPZ5eF_7ojg,OK,113150,471570106101001
1478.628,35.06591589999999,-89.94154240000002,ChIJTUcfL2qGf4gRH4x-pmmajWw,OK,98795,471570105001001
1478.628,35.06591589999999,-89.94154240000002,ChIJTUcfL2qGf4gRH4x-pmmajWw,OK,98795,471570105001001
1812.973,35.086634,-89.96355199999999,ChIJW0XU3AGHf4gRINnmxvx9m5A,OK,105915,471570105001001
1548.866,35.104197,-89.98335349999999,ChIJNST6hGqHf4gR0Mml4gyjQWk,OK,85775,471570069003021
1548.866,35.104197,-89.98335349999999,ChIJNST6hGqHf4gR0Mml4gyjQWk,OK,85775,471570069003021
1661.864,35.107529,-89.9862127,ChIJ0WGfSUKHf4gRjDLrfGQwCV4,OK,96896,471570069003021
762.582,35.1738374,-89.98954379999999,ChIJ_S0BIGOAf4gRU3Ph4W65cOQ,OK,45753,471570006001021
762.582,35.1738374,-89.98954379999999,ChIJ_S0BIGOAf4gRU3Ph4W65cOQ,OK,45753,471570006001021
2109.191,35.17410499999999,-89.97575479999999,ChIJmfYTGFmAf4gRHGKCaD0qCtI,OK,126539,471570006001021
4072.639,35.2337782,-89.9252472,ChIJra3pLkt_f4gRjZbqnHrruIM,OK,273984,471570205212001
4072.639,35.2337782,-89.9252472,ChIJra3pLkt_f4gRjZbqnHrruIM,OK,273984,471570205212001
5083.841,35.222344,-89.97682999999999,ChIJ987Br45_f4gRjwrvnFN8t7k,OK,335118,471570205212001
795.884,35.125222,-90.048147,ChIJ9cKdtid81YcRKs9h6RjzQzw,OK,44073,471570116002004
795.884,35.125222,-90.048147,ChIJ9cKdtid81YcRKs9h6RjzQzw,OK,44073,471570116002004
797.698,35.1251709,-90.0481695,ChIJybIJtCd81YcR9Otxws-5qCM,OK,44173,471570116002004
2008.926,35.0461089,-89.7947008,ChIJaZI6O3Oaf4gRqa_eh0DNj_s,OK,115014,471570213423068
2008.926,35.0461089,-89.7947008,ChIJaZI6O3Oaf4gRqa_eh0DNj_s,OK,115014,471570213423068
2126.931,35.045091,-89.795412,ChIJVelsQnOaf4gRECqTW7fq-dY,OK,121549,471570213423068
684.042,35.1927931,-89.86922029999999,ChIJAQAAAMCCf4gRZL0qi0KLjtw,OK,41977,471570206215000
684.042,35.1927931,-89.86922029999999,ChIJAQAAAMCCf4gRZL0qi0KLjtw,OK,41977,471570206215000
1684.275,35.1835367,-89.8717722,ChIJv1U5XuiCf4gRMlXiIrwnbJo,OK,111249,471570206215000
466.996,35.0515544,-89.92255089999999,ChIJG_UFGuOFf4gRyHNDzwp5is0,OK,37896,471570106303016
466.996,35.0515544,-89.92255089999999,ChIJG_UFGuOFf4gRyHNDzwp5is0,OK,37896,471570106303016
1896.79,35.05905920000001,-89.9340455,ChIJM89Mbw2Gf4gRFqf4fPnKU7k,OK,114185,471570106303016
726.602,35.0515568,-89.90630259999999,ChIJrU8jyZKFf4gRubg1AIyELWY,OK,58485,471570106303010
726.602,35.0515568,-89.90630259999999,ChIJrU8jyZKFf4gRubg1AIyELWY,OK,58485,471570106303010
1162.783,35.0515544,-89.92255089999999,ChIJG_UFGuOFf4gRyHNDzwp5is0,OK,75753,471570106303010
790.413,35.1942326,-89.8965709,ChIJD7pM72eCf4gRg19OPcAuyDw,OK,62372,471570205422022
790.413,35.1942326,-89.8965709,ChIJD7pM72eCf4gRg19OPcAuyDw,OK,62372,471570205422022
974.926,35.192778,-89.895242,ChIJ2ehTh2eCf4gR95JHzr6OIMA,OK,73442,471570205422022
7241.884,35.0614623,-89.8536277,ChIJ4TWJkTWFf4gRbkNZYfkF9Jw,OK,453062,471570213121005
1498.555,35.02379430000001,-89.96377079999999,ChIJDVntamKIf4gRlF5S6rdAlgc,OK,134545,471570110103003
1498.555,35.02379430000001,-89.96377079999999,ChIJDVntamKIf4gRlF5S6rdAlgc,OK,134545,471570110103003
4699.52,35.0374859,-89.93716700000002,ChIJESgedaeIf4gRXlLu5ht4wNo,OK,310028,471570110103003
2281.562,35.02379430000001,-89.96377079999999,ChIJDVntamKIf4gRlF5S6rdAlgc,OK,138555,471570110103013
2281.562,35.02379430000001,-89.96377079999999,ChIJDVntamKIf4gRlF5S6rdAlgc,OK,138555,471570110103013
2632.083,35.0374859,-89.93716700000002,ChIJESgedaeIf4gRXlLu5ht4wNo,OK,162864,471570110103013
942.986,35.0515544,-89.92255089999999,ChIJG_UFGuOFf4gRyHNDzwp5is0,OK,77320,471570106202004
942.986,35.0515544,-89.92255089999999,ChIJG_UFGuOFf4gRyHNDzwp5is0,OK,77320,471570106202004
2372.78,35.05905920000001,-89.9340455,ChIJM89Mbw2Gf4gRFqf4fPnKU7k,OK,153609,471570106202004
1449.838,35.062945,-89.90568519999999,ChIJjxj9mL-Ff4gRoOEx9OzDyxs,OK,95937,471570106101045
1436.2,35.063996,-89.90690699999999,ChIJn51vcb-Ff4gRvoXU4r8swrw,OK,110087,471570106101045
1436.2,35.063996,-89.90690699999999,ChIJn51vcb-Ff4gRvoXU4r8swrw,OK,110087,471570106101045
1042.459,35.222344,-89.97682999999999,ChIJ987Br45_f4gRjwrvnFN8t7k,OK,62545,471570102101016
1042.459,35.222344,-89.97682999999999,ChIJ987Br45_f4gRjwrvnFN8t7k,OK,62545,471570102101016
1443.326,35.2227028,-89.97692290000001,ChIJ987Br45_f4gRMoYIhCny13Q,OK,98677,471570102101016
19.468,35.033351,-90.02556199999999,ChIJY7ePKsxi1YcRIP55gZFchMw,OK,1078,471570221111005
19.468,35.033351,-90.02556199999999,ChIJY7ePKsxi1YcRIP55gZFchMw,OK,1078,471570221111005
19.562,35.0333519,-90.02557630000001,ChIJK8z8Ksxi1YcRt8pxxgP2SA4,OK,1083,471570221111005
1126.15,35.0515544,-89.92255089999999,ChIJG_UFGuOFf4gRyHNDzwp5is0,OK,102773,471570226001028
1126.15,35.0515544,-89.92255089999999,ChIJG_UFGuOFf4gRyHNDzwp5is0,OK,102773,471570226001028
2147.877,35.0515568,-89.90630259999999,ChIJrU8jyZKFf4gRubg1AIyELWY,OK,135702,471570226001028
1499.002,35.02753099999999,-90.082077,ChIJK66rdetk1YcRwwxI9gDREks,OK,91639,471570224102004
1499.002,35.02753099999999,-90.082077,ChIJK66rdetk1YcRwwxI9gDREks,OK,91639,471570224102004
2300.074,35.0326981,-90.07589809999999,ChIJ9S1ljalk1YcRvuG-_hbpimA,OK,136005,471570224102004
4129.899,35.1439641,-90.0517892,ChIJL-0zBZR-1YcRj7p5p1WY4-g,OK,297535,471570001002031
4129.899,35.1439641,-90.0517892,ChIJL-0zBZR-1YcRj7p5p1WY4-g,OK,297535,471570001002031
4338.815,35.1450994,-90.0538646,ChIJne6_s5V-1YcRn_LPaqiwhrk,OK,302989,471570001002031
697.496,35.00495799999999,-90.0276544,ChIJuXbrrfFi1YcR97C4vX-T9Zk,OK,63188,471570221211026
697.496,35.00495799999999,-90.0276544,ChIJuXbrrfFi1YcR97C4vX-T9Zk,OK,63188,471570221211026
2191.893,35.021381,-90.020287,ChIJnVfwxMBi1YcR65EtGsZDcOY,OK,135771,471570221211026
1947.647,34.99227370000001,-90.0232297,ChIJY7HkKF9i1YcRjKJ-3GH9XsM,OK,139408,471570221305002
1947.647,34.99227370000001,-90.0232297,ChIJY7HkKF9i1YcRjKJ-3GH9XsM,OK,139408,471570221305002
2033.081,34.9915203,-90.02290859999999,ChIJR4zh2F5i1YcRnlQUjUF62Hw,OK,144140,471570221305002
1196.65,35.1087458,-90.0211918,ChIJe6w2EsF91YcRquzVZc8M0-I,OK,68000,471570060001000
1196.65,35.1087458,-90.0211918,ChIJe6w2EsF91YcRquzVZc8M0-I,OK,68000,471570060001000
1197.291,35.10874099999999,-90.021185,ChIJrVbiDcF91YcRG9TBOTpHc3I,OK,68077,471570060001000
1332.263,35.1060329,-90.039159,ChIJ231bcjV81YcRQ1quDeYAd6M,OK,159864,471570075002003
1332.263,35.1060329,-90.039159,ChIJ231bcjV81YcRQ1quDeYAd6M,OK,159864,471570075002003
2625.559,35.1087458,-90.0211918,ChIJe6w2EsF91YcRquzVZc8M0-I,OK,237808,471570075002003
5175.635,35.1439641,-90.0517892,ChIJL-0zBZR-1YcRj7p5p1WY4-g,OK,387189,471570001001024
5175.635,35.1439641,-90.0517892,ChIJL-0zBZR-1YcRj7p5p1WY4-g,OK,387189,471570001001024
5384.551,35.1450994,-90.0538646,ChIJne6_s5V-1YcRn_LPaqiwhrk,OK,392643,471570001001024
2157.173,35.0068452,-90.00681259999999,ChIJz3G0Jpti1YcRMCYWHOflqrA,OK,169871,471570221223001
2157.173,35.0068452,-90.00681259999999,ChIJz3G0Jpti1YcRMCYWHOflqrA,OK,169871,471570221223001
1515.099,35.02138900000001,-89.996898,ChIJz3MQkR6If4gRIBgmNH-BQcg,OK,173679,471570221223001
1768.811,35.220637,-89.892425,ChIJiZ78r4Z4f4gRyy0DWRWI7n0,OK,157423,471570205411005
1768.811,35.220637,-89.892425,ChIJiZ78r4Z4f4gRyy0DWRWI7n0,OK,157423,471570205411005
1443.152,35.223866,-89.90499,ChIJJRXCRJh4f4gRcTFbl9qZzNM,OK,167813,471570205411005
584.49,35.0068452,-90.00681259999999,ChIJz3G0Jpti1YcRMCYWHOflqrA,OK,44280,471570221302007
584.49,35.0068452,-90.00681259999999,ChIJz3G0Jpti1YcRMCYWHOflqrA,OK,44280,471570221302007
1268.018,34.993343,-90.00823899999999,ChIJk-nxFn1i1YcRBckohHLWoho,OK,85290,471570221302007
1107.895,35.0068452,-90.00681259999999,ChIJz3G0Jpti1YcRMCYWHOflqrA,OK,93464,471570221301011
1107.895,35.0068452,-90.00681259999999,ChIJz3G0Jpti1YcRMCYWHOflqrA,OK,93464,471570221301011
2687.087,34.9907298,-89.99350899999999,ChIJaR6gqdOJf4gRbmqB7wctwt0,OK,181868,471570221301011
2035.217,34.9907298,-89.99350899999999,ChIJaR6gqdOJf4gRbmqB7wctwt0,OK,131951,471570221224002
1944.263,35.0068452,-90.00681259999999,ChIJz3G0Jpti1YcRMCYWHOflqrA,OK,134009,471570221224002
1944.263,35.0068452,-90.00681259999999,ChIJz3G0Jpti1YcRMCYWHOflqrA,OK,134009,471570221224002
1813.543,35.02138900000001,-89.996898,ChIJz3MQkR6If4gRIBgmNH-BQcg,OK,116279,471570221224000
1813.543,35.02138900000001,-89.996898,ChIJz3MQkR6If4gRIBgmNH-BQcg,OK,116279,471570221224000
2549.132,34.9907298,-89.99350899999999,ChIJaR6gqdOJf4gRbmqB7wctwt0,OK,165481,471570221224000
2897.195,35.02379430000001,-89.96377079999999,ChIJDVntamKIf4gRlF5S6rdAlgc,OK,225162,471570219004018
2897.195,35.02379430000001,-89.96377079999999,ChIJDVntamKIf4gRlF5S6rdAlgc,OK,225162,471570219004018
3479.86,35.02099699999999,-89.93544,ChIJW6hY3LmIf4gRWjIeu9tMgvU,OK,255945,471570219004018
3707.389,35.0614623,-89.8536277,ChIJ4TWJkTWFf4gRbkNZYfkF9Jw,OK,241212,471570213332011
3707.389,35.0614623,-89.8536277,ChIJ4TWJkTWFf4gRbkNZYfkF9Jw,OK,241212,471570213332011
3792.161,35.0512763,-89.8427476,ChIJ7VPJ3q-af4gRdxERIyaZ0gk,OK,247400,471570213332011
2457.846,35.1490317,-90.0140679,ChIJw3q9_xV-1YcRqrte6yBn1CI,OK,163159,471570007003003
2457.846,35.1490317,-90.0140679,ChIJw3q9_xV-1YcRqrte6yBn1CI,OK,163159,471570007003003
2627.965,35.1738374,-89.98954379999999,ChIJ_S0BIGOAf4gRU3Ph4W65cOQ,OK,177847,471570007003003
2323.87,35.17410499999999,-89.97575479999999,ChIJmfYTGFmAf4gRHGKCaD0qCtI,OK,205869,471570006001001
2323.87,35.17410499999999,-89.97575479999999,ChIJmfYTGFmAf4gRHGKCaD0qCtI,OK,205869,471570006001001
2687.184,35.1738374,-89.98954379999999,ChIJ_S0BIGOAf4gRU3Ph4W65cOQ,OK,275054,471570006001001
1161.25,35.1738374,-89.98954379999999,ChIJ_S0BIGOAf4gRU3Ph4W65cOQ,OK,69674,471570006001018
1161.25,35.1738374,-89.98954379999999,ChIJ_S0BIGOAf4gRU3Ph4W65cOQ,OK,69674,471570006001018
2507.859,35.17410499999999,-89.97575479999999,ChIJmfYTGFmAf4gRHGKCaD0qCtI,OK,150460,471570006001018
850.544,35.1738374,-89.98954379999999,ChIJ_S0BIGOAf4gRU3Ph4W65cOQ,OK,98955,471570006001034
850.544,35.1738374,-89.98954379999999,ChIJ_S0BIGOAf4gRU3Ph4W65cOQ,OK,98955,471570006001034
2093.584,35.17410499999999,-89.97575479999999,ChIJmfYTGFmAf4gRHGKCaD0qCtI,OK,173527,471570006001034
1493.293,35.1738374,-89.98954379999999,ChIJ_S0BIGOAf4gRU3Ph4W65cOQ,OK,98602,471570006001044
1493.293,35.1738374,-89.98954379999999,ChIJ_S0BIGOAf4gRU3Ph4W65cOQ,OK,98602,471570006001044
2839.902,35.17410499999999,-89.97575479999999,ChIJmfYTGFmAf4gRHGKCaD0qCtI,OK,179388,471570006001044
635.523,35.1738374,-89.98954379999999,ChIJ_S0BIGOAf4gRU3Ph4W65cOQ,OK,72791,471570006002003
635.523,35.1738374,-89.98954379999999,ChIJ_S0BIGOAf4gRU3Ph4W65cOQ,OK,72791,471570006002003
1893.364,35.17410499999999,-89.97575479999999,ChIJmfYTGFmAf4gRHGKCaD0qCtI,OK,149502,471570006002003
859.357,35.1738374,-89.98954379999999,ChIJ_S0BIGOAf4gRU3Ph4W65cOQ,OK,100013,471570006001035
859.357,35.1738374,-89.98954379999999,ChIJ_S0BIGOAf4gRU3Ph4W65cOQ,OK,100013,471570006001035
2102.397,35.17410499999999,-89.97575479999999,ChIJmfYTGFmAf4gRHGKCaD0qCtI,OK,174585,471570006001035
834.606,35.1738374,-89.98954379999999,ChIJ_S0BIGOAf4gRU3Ph4W65cOQ,OK,97042,471570006001036
834.606,35.1738374,-89.98954379999999,ChIJ_S0BIGOAf4gRU3Ph4W65cOQ,OK,97042,471570006001036
2001.424,35.17410499999999,-89.97575479999999,ChIJmfYTGFmAf4gRHGKCaD0qCtI,OK,169017,471570006001036
574.755,35.1738374,-89.98954379999999,ChIJ_S0BIGOAf4gRU3Ph4W65cOQ,OK,65862,471570006002002
574.755,35.1738374,-89.98954379999999,ChIJ_S0BIGOAf4gRU3Ph4W65cOQ,OK,65862,471570006002002
1817.795,35.17410499999999,-89.97575479999999,ChIJmfYTGFmAf4gRHGKCaD0qCtI,OK,140434,471570006002002
1235.427,35.1738374,-89.98954379999999,ChIJ_S0BIGOAf4gRU3Ph4W65cOQ,OK,119792,471570006001040
1235.427,35.1738374,-89.98954379999999,ChIJ_S0BIGOAf4gRU3Ph4W65cOQ,OK,119792,471570006001040
1312.493,35.17410499999999,-89.97575479999999,ChIJmfYTGFmAf4gRHGKCaD0qCtI,OK,121117,471570006001040
903.649,35.1738374,-89.98954379999999,ChIJ_S0BIGOAf4gRU3Ph4W65cOQ,OK,98778,471570006001042
903.649,35.1738374,-89.98954379999999,ChIJ_S0BIGOAf4gRU3Ph4W65cOQ,OK,98778,471570006001042
1571.771,35.17410499999999,-89.97575479999999,ChIJmfYTGFmAf4gRHGKCaD0qCtI,OK,136255,471570006001042
1372.611,35.1738374,-89.98954379999999,ChIJ_S0BIGOAf4gRU3Ph4W65cOQ,OK,136254,471570006001038
1372.611,35.1738374,-89.98954379999999,ChIJ_S0BIGOAf4gRU3Ph4W65cOQ,OK,136254,471570006001038
1770.852,35.17410499999999,-89.97575479999999,ChIJmfYTGFmAf4gRHGKCaD0qCtI,OK,160144,471570006001038
1339.914,35.1738374,-89.98954379999999,ChIJ_S0BIGOAf4gRU3Ph4W65cOQ,OK,132330,471570006001039
1339.914,35.1738374,-89.98954379999999,ChIJ_S0BIGOAf4gRU3Ph4W65cOQ,OK,132330,471570006001039
1600.947,35.17410499999999,-89.97575479999999,ChIJmfYTGFmAf4gRHGKCaD0qCtI,OK,146506,471570006001039
631.609,35.1738374,-89.98954379999999,ChIJ_S0BIGOAf4gRU3Ph4W65cOQ,OK,72684,471570006002004
631.609,35.1738374,-89.98954379999999,ChIJ_S0BIGOAf4gRU3Ph4W65cOQ,OK,72684,471570006002004
1874.649,35.17410499999999,-89.97575479999999,ChIJmfYTGFmAf4gRHGKCaD0qCtI,OK,147256,471570006002004
539.168,35.1738374,-89.98954379999999,ChIJ_S0BIGOAf4gRU3Ph4W65cOQ,OK,61592,471570006002009
539.168,35.1738374,-89.98954379999999,ChIJ_S0BIGOAf4gRU3Ph4W65cOQ,OK,61592,471570006002009
1647.581,35.17410499999999,-89.97575479999999,ChIJmfYTGFmAf4gRHGKCaD0qCtI,OK,126558,471570006002009
726.96,35.1738374,-89.98954379999999,ChIJ_S0BIGOAf4gRU3Ph4W65cOQ,OK,77577,471570006002005
726.96,35.1738374,-89.98954379999999,ChIJ_S0BIGOAf4gRU3Ph4W65cOQ,OK,77577,471570006002005
1399.092,35.17410499999999,-89.97575479999999,ChIJmfYTGFmAf4gRHGKCaD0qCtI,OK,115535,471570006002005
652.042,35.1738374,-89.98954379999999,ChIJ_S0BIGOAf4gRU3Ph4W65cOQ,OK,68587,471570006002008
652.042,35.1738374,-89.98954379999999,ChIJ_S0BIGOAf4gRU3Ph4W65cOQ,OK,68587,471570006002008
1302.182,35.17410499999999,-89.97575479999999,ChIJmfYTGFmAf4gRHGKCaD0qCtI,OK,103907,471570006002008
69.813,35.1738374,-89.98954379999999,ChIJ_S0BIGOAf4gRU3Ph4W65cOQ,OK,4188,471570006002014
69.813,35.1738374,-89.98954379999999,ChIJ_S0BIGOAf4gRU3Ph4W65cOQ,OK,4188,471570006002014
1276.797,35.17410499999999,-89.97575479999999,ChIJmfYTGFmAf4gRHGKCaD0qCtI,OK,76597,471570006002014
652.84,35.1738374,-89.98954379999999,ChIJ_S0BIGOAf4gRU3Ph4W65cOQ,OK,62642,471570007002000
652.84,35.1738374,-89.98954379999999,ChIJ_S0BIGOAf4gRU3Ph4W65cOQ,OK,62642,471570007002000
1250.005,35.17410499999999,-89.97575479999999,ChIJmfYTGFmAf4gRHGKCaD0qCtI,OK,87301,471570007002000
648.021,35.1738374,-89.98954379999999,ChIJ_S0BIGOAf4gRU3Ph4W65cOQ,OK,68105,471570006002013
648.021,35.1738374,-89.98954379999999,ChIJ_S0BIGOAf4gRU3Ph4W65cOQ,OK,68105,471570006002013
1306.204,35.17410499999999,-89.97575479999999,ChIJmfYTGFmAf4gRHGKCaD0qCtI,OK,104389,471570006002013
966.88,35.1738374,-89.98954379999999,ChIJ_S0BIGOAf4gRU3Ph4W65cOQ,OK,87568,471570006002006
966.88,35.1738374,-89.98954379999999,ChIJ_S0BIGOAf4gRU3Ph4W65cOQ,OK,87568,471570006002006
1054.883,35.17410499999999,-89.97575479999999,ChIJmfYTGFmAf4gRHGKCaD0qCtI,OK,90207,471570006002006
579.142,35.1738374,-89.98954379999999,ChIJ_S0BIGOAf4gRU3Ph4W65cOQ,OK,42499,471570006002021
909.563,35.217526,-89.98935,ChIJKdhOoPd_f4gRbD5w-Ol3ovU,OK,109144,471570102104003
2534.769,35.222344,-89.97682999999999,ChIJ987Br45_f4gRjwrvnFN8t7k,OK,178430,471570103001006
2534.769,35.222344,-89.97682999999999,ChIJ987Br45_f4gRjwrvnFN8t7k,OK,178430,471570103001006
2536.623,35.2227028,-89.97692290000001,ChIJ987Br45_f4gRMoYIhCny13Q,OK,190622,471570103001006
1967.31,35.222344,-89.97682999999999,ChIJ987Br45_f4gRjwrvnFN8t7k,OK,143402,471570100001012
1967.31,35.222344,-89.97682999999999,ChIJ987Br45_f4gRjwrvnFN8t7k,OK,143402,471570100001012
1969.163,35.2227028,-89.97692290000001,ChIJ987Br45_f4gRMoYIhCny13Q,OK,155594,471570100001012
480.301,35.2227028,-89.97692290000001,ChIJ987Br45_f4gRMoYIhCny13Q,OK,57634,471570102103006
480.301,35.2227028,-89.97692290000001,ChIJ987Br45_f4gRMoYIhCny13Q,OK,57634,471570102103006
881.167,35.222344,-89.97682999999999,ChIJ987Br45_f4gRjwrvnFN8t7k,OK,93766,471570102103006
720.844,35.222344,-89.97682999999999,ChIJ987Br45_f4gRjwrvnFN8t7k,OK,61918,471570102101007
720.844,35.222344,-89.97682999999999,ChIJ987Br45_f4gRjwrvnFN8t7k,OK,61918,471570102101007
1121.71,35.2227028,-89.97692290000001,ChIJ987Br45_f4gRMoYIhCny13Q,OK,98050,471570102101007
2362.004,35.2337782,-89.9252472,ChIJra3pLkt_f4gRjZbqnHrruIM,OK,176691,471570205231001
2362.004,35.2337782,-89.9252472,ChIJra3pLkt_f4gRjZbqnHrruIM,OK,176691,471570205231001
6008.816,35.2158947,-89.9151158,ChIJxetq6ad4f4gRD1K1cIBWUQ4,OK,413272,471570205231001
2746.367,35.2337782,-89.9252472,ChIJra3pLkt_f4gRjZbqnHrruIM,OK,222813,471570205231009
2746.367,35.2337782,-89.9252472,ChIJra3pLkt_f4gRjZbqnHrruIM,OK,222813,471570205231009
6393.179,35.2158947,-89.9151158,ChIJxetq6ad4f4gRD1K1cIBWUQ4,OK,459394,471570205231009
1491.48,35.2158947,-89.9151158,ChIJxetq6ad4f4gRD1K1cIBWUQ4,OK,101053,471570205322013
1491.48,35.2158947,-89.9151158,ChIJxetq6ad4f4gRD1K1cIBWUQ4,OK,101053,471570205322013
1683.395,35.223866,-89.90499,ChIJJRXCRJh4f4gRcTFbl9qZzNM,OK,124669,471570205322013
1872.618,35.2023757,-89.9218691,ChIJvw7rwByCf4gRrAscHKjp1Iw,OK,147992,471570205124000
1872.618,35.2023757,-89.9218691,ChIJvw7rwByCf4gRrAscHKjp1Iw,OK,147992,471570205124000
2542.66,35.210167,-89.919383,ChIJi0gqlgaCf4gRjUvfmHxGMyw,OK,189017,471570205124000
2906.323,35.2337782,-89.9252472,ChIJra3pLkt_f4gRjZbqnHrruIM,OK,195001,471570205312013
2906.323,35.2337782,-89.9252472,ChIJra3pLkt_f4gRjZbqnHrruIM,OK,195001,471570205312013
6553.135,35.2158947,-89.9151158,ChIJxetq6ad4f4gRD1K1cIBWUQ4,OK,431582,471570205312013
911.191,35.2337782,-89.9252472,ChIJra3pLkt_f4gRjZbqnHrruIM,OK,79192,471570205242018
911.191,35.2337782,-89.9252472,ChIJra3pLkt_f4gRjZbqnHrruIM,OK,79192,471570205242018
3204.354,35.210167,-89.919383,ChIJi0gqlgaCf4gRjUvfmHxGMyw,OK,240940,471570205242018
2399.176,35.2158947,-89.9151158,ChIJxetq6ad4f4gRD1K1cIBWUQ4,OK,213301,471570205323024
2399.176,35.2158947,-89.9151158,ChIJxetq6ad4f4gRD1K1cIBWUQ4,OK,213301,471570205323024
2369.197,35.223866,-89.90499,ChIJJRXCRJh4f4gRcTFbl9qZzNM,OK,236270,471570205323024
490.38,35.0068452,-90.00681259999999,ChIJz3G0Jpti1YcRMCYWHOflqrA,OK,39940,471570221303001
490.38,35.0068452,-90.00681259999999,ChIJz3G0Jpti1YcRMCYWHOflqrA,OK,39940,471570221303001
1529.29,34.993343,-90.00823899999999,ChIJk-nxFn1i1YcRBckohHLWoho,OK,116644,471570221303001
1349.184,35.0225458,-90.0257415,ChIJnc94gMRi1YcRKYztFRuX2Yw,OK,89827,471570221213004
1349.184,35.0225458,-90.0257415,ChIJnc94gMRi1YcRKYztFRuX2Yw,OK,89827,471570221213004
1705.712,35.021381,-90.020287,ChIJnVfwxMBi1YcR65EtGsZDcOY,OK,110313,471570221213004
2282.201,35.220637,-89.892425,ChIJiZ78r4Z4f4gRyy0DWRWI7n0,OK,125905,471570205323000
2282.201,35.220637,-89.892425,ChIJiZ78r4Z4f4gRyy0DWRWI7n0,OK,125905,471570205323000
2266.915,35.223866,-89.90499,ChIJJRXCRJh4f4gRcTFbl9qZzNM,OK,164829,471570205323000
6826.937,35.2051043,-89.79754849999999,ChIJpRDMlY2df4gRQqHmUo_lzmc,OK,315240,471570211421026
6826.937,35.2051043,-89.79754849999999,ChIJpRDMlY2df4gRQqHmUo_lzmc,OK,315240,471570211421026
7291.907,35.2072684,-89.7827147,ChIJKdJ2xvqdf4gRKLRUePlbOOs,OK,372662,471570211421026
1810.039,35.1435177,-90.0539328,ChIJ8VFg1pV-1YcRR9G8p0pZx6U,OK,123675,471570043001014
1810.039,35.1435177,-90.0539328,ChIJ8VFg1pV-1YcRR9G8p0pZx6U,OK,123675,471570043001014
1934.869,35.1450994,-90.0538646,ChIJne6_s5V-1YcRn_LPaqiwhrk,OK,135580,471570043001014
948.2,35.1435177,-90.0539328,ChIJ8VFg1pV-1YcRR9G8p0pZx6U,OK,65680,471570042002030
948.2,35.1435177,-90.0539328,ChIJ8VFg1pV-1YcRR9G8p0pZx6U,OK,65680,471570042002030
1073.03,35.1450994,-90.0538646,ChIJne6_s5V-1YcRn_LPaqiwhrk,OK,77585,471570042002030
4668.595,35.1251709,-90.0481695,ChIJybIJtCd81YcR9Otxws-5qCM,OK,223172,471570043001021
4668.595,35.1251709,-90.0481695,ChIJybIJtCd81YcR9Otxws-5qCM,OK,223172,471570043001021
4670.409,35.125222,-90.048147,ChIJ9cKdtid81YcRKs9h6RjzQzw,OK,223273,471570043001021
1612.73,35.1251709,-90.0481695,ChIJybIJtCd81YcR9Otxws-5qCM,OK,102531,471570043001062
1612.73,35.1251709,-90.0481695,ChIJybIJtCd81YcR9Otxws-5qCM,OK,102531,471570043001062
1614.544,35.125222,-90.048147,ChIJ9cKdtid81YcRKs9h6RjzQzw,OK,102632,471570043001062
14939.416,35.1581502,-89.72609419999999,ChIJL6yctRGff4gRqpalt07WxQs,OK,742982,471570210101002
14939.416,35.1581502,-89.72609419999999,ChIJL6yctRGff4gRqpalt07WxQs,OK,742982,471570210101002
19873.882,35.2064292,-89.73436359999999,ChIJP6qgZdGff4gRQoIww3TX5kM,OK,832388,471570210101002
1542.071,35.1251709,-90.0481695,ChIJybIJtCd81YcR9Otxws-5qCM,OK,92331,471570117001061
1542.071,35.1251709,-90.0481695,ChIJybIJtCd81YcR9Otxws-5qCM,OK,92331,471570117001061
1543.885,35.125222,-90.048147,ChIJ9cKdtid81YcRKs9h6RjzQzw,OK,92432,471570117001061
3567.017,35.218332,-90.00299799999999,ChIJfRCGEgGA1YcRsZsWP_dycDI,OK,228439,471570099012017
3567.017,35.218332,-90.00299799999999,ChIJfRCGEgGA1YcRsZsWP_dycDI,OK,228439,471570099012017
3774.921,35.21475480000001,-90.00354540000001,ChIJF6XvX_9_1YcRD4jlF4jzevw,OK,240913,471570099012017
4005.324,35.218332,-90.00299799999999,ChIJfRCGEgGA1YcRsZsWP_dycDI,OK,243767,471570099022012
1144.561,35.2023757,-89.9218691,ChIJvw7rwByCf4gRrAscHKjp1Iw,OK,137342,471570089001002
2807.317,35.183951,-89.93106899999999,ChIJWQ0EIo-Bf4gR6cuqlCcQuNw,OK,230231,471570089001002
1189.246,35.0745932,-89.9204618,ChIJPX58KNGFf4gRLgBWAHPwusk,OK,84076,471570106102008
1189.246,35.0745932,-89.9204618,ChIJPX58KNGFf4gRLgBWAHPwusk,OK,84076,471570106102008
1087.732,35.0757114,-89.9271675,ChIJ-d7FIHmGf4gR6Aa1VQWm0ps,OK,113940,471570106102008
7986.175,35.183951,-89.93106899999999,ChIJWQ0EIo-Bf4gR6cuqlCcQuNw,OK,365909,471570089001003
7986.414,35.1839382,-89.93104869999999,ChIJrQx5Io-Bf4gRSwDAaGIf4WE,OK,365952,471570089001003
7986.414,35.1839382,-89.93104869999999,ChIJrQx5Io-Bf4gRSwDAaGIf4WE,OK,365952,471570089001003
1248.333,35.183951,-89.93106899999999,ChIJWQ0EIo-Bf4gR6cuqlCcQuNw,OK,119362,471570089001009
1248.333,35.183951,-89.93106899999999,ChIJWQ0EIo-Bf4gR6cuqlCcQuNw,OK,119362,471570089001009
1248.572,35.1839382,-89.93104869999999,ChIJrQx5Io-Bf4gRSwDAaGIf4WE,OK,119405,471570089001009
2280.309,35.1489345,-89.89838259999999,ChIJaTBvX72Df4gRiyFT0LQMnrQ,OK,129553,471570091001008
2280.309,35.1489345,-89.89838259999999,ChIJaTBvX72Df4gRiyFT0LQMnrQ,OK,129553,471570091001008
2360.855,35.148225,-89.89748700000001,ChIJC8t095eDf4gRGuXK3FleZyg,OK,134386,471570091001008
154.191,35.1913738,-89.8964247,ChIJwQffFF2Cf4gRzaR3rfvt3f4,OK,10225,471570205423009
154.191,35.1913738,-89.8964247,ChIJwQffFF2Cf4gRzaR3rfvt3f4,OK,10225,471570205423009
181.399,35.192778,-89.895242,ChIJ2ehTh2eCf4gR95JHzr6OIMA,OK,10333,471570205423009
542.668,35.1804299,-89.9263818,ChIJIfvtv4eBf4gRJLjVGBpAzmc,OK,62563,471570089002009
542.668,35.1804299,-89.9263818,ChIJIfvtv4eBf4gRJLjVGBpAzmc,OK,62563,471570089002009
1498.782,35.183951,-89.93106899999999,ChIJWQ0EIo-Bf4gR6cuqlCcQuNw,OK,141652,471570089002009
516.501,35.1804299,-89.9263818,ChIJIfvtv4eBf4gRJLjVGBpAzmc,OK,59424,471570089002013
516.501,35.1804299,-89.9263818,ChIJIfvtv4eBf4gRJLjVGBpAzmc,OK,59424,471570089002013
1222.509,35.183951,-89.93106899999999,ChIJWQ0EIo-Bf4gR6cuqlCcQuNw,OK,120237,471570089002013
232.626,35.1804299,-89.9263818,ChIJIfvtv4eBf4gRJLjVGBpAzmc,OK,25359,471570089002014
232.626,35.1804299,-89.9263818,ChIJIfvtv4eBf4gRJLjVGBpAzmc,OK,25359,471570089002014
1000.167,35.183951,-89.93106899999999,ChIJWQ0EIo-Bf4gR6cuqlCcQuNw,OK,93557,471570089002014
396.414,35.1804299,-89.9263818,ChIJIfvtv4eBf4gRJLjVGBpAzmc,OK,38384,471570089002011
396.414,35.1804299,-89.9263818,ChIJIfvtv4eBf4gRJLjVGBpAzmc,OK,38384,471570089002011
711.745,35.183951,-89.93106899999999,ChIJWQ0EIo-Bf4gR6cuqlCcQuNw,OK,77978,471570089002011
472.71,35.1804299,-89.9263818,ChIJIfvtv4eBf4gRJLjVGBpAzmc,OK,47539,471570089002010
472.71,35.1804299,-89.9263818,ChIJIfvtv4eBf4gRJLjVGBpAzmc,OK,47539,471570089002010
789.392,35.183951,-89.93106899999999,ChIJWQ0EIo-Bf4gR6cuqlCcQuNw,OK,87295,471570089002010
55.51,35.1804299,-89.9263818,ChIJIfvtv4eBf4gRJLjVGBpAzmc,OK,3330,471570089002016
55.51,35.1804299,-89.9263818,ChIJIfvtv4eBf4gRJLjVGBpAzmc,OK,3330,471570089002016
900.605,35.183951,-89.93106899999999,ChIJWQ0EIo-Bf4gR6cuqlCcQuNw,OK,75758,471570089002016
293.983,35.1804299,-89.9263818,ChIJIfvtv4eBf4gRJLjVGBpAzmc,OK,19501,471570088002009
293.983,35.1804299,-89.9263818,ChIJIfvtv4eBf4gRJLjVGBpAzmc,OK,19501,471570088002009
1250.097,35.183951,-89.93106899999999,ChIJWQ0EIo-Bf4gR6cuqlCcQuNw,OK,98590,471570088002009
947.363,35.1804299,-89.9263818,ChIJIfvtv4eBf4gRJLjVGBpAzmc,OK,56838,471570088003022
947.363,35.1804299,-89.9263818,ChIJIfvtv4eBf4gRJLjVGBpAzmc,OK,56838,471570088003022
1903.478,35.183951,-89.93106899999999,ChIJWQ0EIo-Bf4gR6cuqlCcQuNw,OK,135927,471570088003022
1301.882,35.1804299,-89.9263818,ChIJIfvtv4eBf4gRJLjVGBpAzmc,OK,79069,471570088003028
1301.882,35.1804299,-89.9263818,ChIJIfvtv4eBf4gRJLjVGBpAzmc,OK,79069,471570088003028
2257.996,35.183951,-89.93106899999999,ChIJWQ0EIo-Bf4gR6cuqlCcQuNw,OK,158158,471570088003028
1217.34,35.1804299,-89.9263818,ChIJIfvtv4eBf4gRJLjVGBpAzmc,OK,94083,471570088003027
1217.34,35.1804299,-89.9263818,ChIJIfvtv4eBf4gRJLjVGBpAzmc,OK,94083,471570088003027
2173.455,35.183951,-89.93106899999999,ChIJWQ0EIo-Bf4gR6cuqlCcQuNw,OK,173172,471570088003027
1793.324,35.1804299,-89.9263818,ChIJIfvtv4eBf4gRJLjVGBpAzmc,OK,122903,471570088003024
1793.324,35.1804299,-89.9263818,ChIJIfvtv4eBf4gRJLjVGBpAzmc,OK,122903,471570088003024
2749.439,35.183951,-89.93106899999999,ChIJWQ0EIo-Bf4gR6cuqlCcQuNw,OK,201992,471570088003024
465.878,35.1804299,-89.9263818,ChIJIfvtv4eBf4gRJLjVGBpAzmc,OK,37701,471570088002012
465.878,35.1804299,-89.9263818,ChIJIfvtv4eBf4gRJLjVGBpAzmc,OK,37701,471570088002012
1421.992,35.183951,-89.93106899999999,ChIJWQ0EIo-Bf4gR6cuqlCcQuNw,OK,116790,471570088002012
600.8,35.1804299,-89.9263818,ChIJIfvtv4eBf4gRJLjVGBpAzmc,OK,41592,471570088002000
600.8,35.1804299,-89.9263818,ChIJIfvtv4eBf4gRJLjVGBpAzmc,OK,41592,471570088002000
1556.915,35.183951,-89.93106899999999,ChIJWQ0EIo-Bf4gR6cuqlCcQuNw,OK,120681,471570088002000
383.244,35.1804299,-89.9263818,ChIJIfvtv4eBf4gRJLjVGBpAzmc,OK,32686,471570088002008
383.244,35.1804299,-89.9263818,ChIJIfvtv4eBf4gRJLjVGBpAzmc,OK,32686,471570088002008
1339.358,35.183951,-89.93106899999999,ChIJWQ0EIo-Bf4gR6cuqlCcQuNw,OK,111775,471570088002008
3316.526,35.2064292,-89.73436359999999,ChIJP6qgZdGff4gRQoIww3TX5kM,OK,186931,471570208311005
1154.936,35.2060393,-89.89459389999999,ChIJN_fdM1CCf4gRqHZ_YUZgoJo,OK,69820,471570205422004
1154.936,35.2060393,-89.89459389999999,ChIJN_fdM1CCf4gRqHZ_YUZgoJo,OK,69820,471570205422004
1238.676,35.20808669999999,-89.89363879999999,ChIJa1RCwHuCf4gRSSG3nO4uWeI,OK,86072,471570205422004
774.633,35.2060393,-89.89459389999999,ChIJN_fdM1CCf4gRqHZ_YUZgoJo,OK,47893,471570205422002
774.633,35.2060393,-89.89459389999999,ChIJN_fdM1CCf4gRqHZ_YUZgoJo,OK,47893,471570205422002
858.374,35.20808669999999,-89.89363879999999,ChIJa1RCwHuCf4gRSSG3nO4uWeI,OK,64145,471570205422002
611.707,35.2060393,-89.89459389999999,ChIJN_fdM1CCf4gRqHZ_YUZgoJo,OK,38116,471570205422001
611.707,35.2060393,-89.89459389999999,ChIJN_fdM1CCf4gRqHZ_YUZgoJo,OK,38116,471570205422001
695.447,35.20808669999999,-89.89363879999999,ChIJa1RCwHuCf4gRSSG3nO4uWeI,OK,54368,471570205422001
808.478,35.2060393,-89.89459389999999,ChIJN_fdM1CCf4gRqHZ_YUZgoJo,OK,49922,471570205422000
808.478,35.2060393,-89.89459389999999,ChIJN_fdM1CCf4gRqHZ_YUZgoJo,OK,49922,471570205422000
892.218,35.20808669999999,-89.89363879999999,ChIJa1RCwHuCf4gRSSG3nO4uWeI,OK,66174,471570205422000
1135.195,35.2060393,-89.89459389999999,ChIJN_fdM1CCf4gRqHZ_YUZgoJo,OK,67640,471570205422005
1135.195,35.2060393,-89.89459389999999,ChIJN_fdM1CCf4gRqHZ_YUZgoJo,OK,67640,471570205422005
1218.935,35.20808669999999,-89.89363879999999,ChIJa1RCwHuCf4gRSSG3nO4uWeI,OK,83892,471570205422005
3599.314,35.218332,-90.00299799999999,ChIJfRCGEgGA1YcRsZsWP_dycDI,OK,207146,471570099021001
3599.314,35.218332,-90.00299799999999,ChIJfRCGEgGA1YcRsZsWP_dycDI,OK,207146,471570099021001
3159.793,35.21475480000001,-90.00354540000001,ChIJF6XvX_9_1YcRD4jlF4jzevw,OK,215913,471570099021001
479.394,35.2060393,-89.89459389999999,ChIJN_fdM1CCf4gRqHZ_YUZgoJo,OK,28292,471570206211007
479.394,35.2060393,-89.89459389999999,ChIJN_fdM1CCf4gRqHZ_YUZgoJo,OK,28292,471570206211007
563.134,35.20808669999999,-89.89363879999999,ChIJa1RCwHuCf4gRSSG3nO4uWeI,OK,44544,471570206211007
1446.007,35.2023757,-89.9218691,ChIJvw7rwByCf4gRrAscHKjp1Iw,OK,105658,471570205422020
1612.088,35.210167,-89.919383,ChIJi0gqlgaCf4gRjUvfmHxGMyw,OK,134109,471570205422020
1612.088,35.210167,-89.919383,ChIJi0gqlgaCf4gRjUvfmHxGMyw,OK,134109,471570205422020
4169.885,35.222344,-89.97682999999999,ChIJ987Br45_f4gRjwrvnFN8t7k,OK,256932,471570205123015
4169.885,35.222344,-89.97682999999999,ChIJ987Br45_f4gRjwrvnFN8t7k,OK,256932,471570205123015
4570.752,35.2227028,-89.97692290000001,ChIJ987Br45_f4gRMoYIhCny13Q,OK,293064,471570205123015
4434.378,35.218332,-90.00299799999999,ChIJfRCGEgGA1YcRsZsWP_dycDI,OK,259044,471570099021004
4434.378,35.218332,-90.00299799999999,ChIJfRCGEgGA1YcRsZsWP_dycDI,OK,259044,471570099021004
3994.856,35.21475480000001,-90.00354540000001,ChIJF6XvX_9_1YcRD4jlF4jzevw,OK,267811,471570099021004
38.731,35.2060393,-89.89459389999999,ChIJN_fdM1CCf4gRqHZ_YUZgoJo,OK,2145,471570206211005
38.731,35.2060393,-89.89459389999999,ChIJN_fdM1CCf4gRqHZ_YUZgoJo,OK,2145,471570206211005
248.31,35.20808669999999,-89.89363879999999,ChIJa1RCwHuCf4gRSSG3nO4uWeI,OK,25365,471570206211005
1085.882,35.2023757,-89.9218691,ChIJvw7rwByCf4gRrAscHKjp1Iw,OK,84053,471570205422036
1085.882,35.2023757,-89.9218691,ChIJvw7rwByCf4gRrAscHKjp1Iw,OK,84053,471570205422036
1251.963,35.210167,-89.919383,ChIJi0gqlgaCf4gRjUvfmHxGMyw,OK,112504,471570205422036
943.183,35.21475480000001,-90.00354540000001,ChIJF6XvX_9_1YcRD4jlF4jzevw,OK,56586,471570101203002
943.183,35.21475480000001,-90.00354540000001,ChIJF6XvX_9_1YcRD4jlF4jzevw,OK,56586,471570101203002
1341.672,35.218332,-90.00299799999999,ChIJfRCGEgGA1YcRsZsWP_dycDI,OK,80495,471570101203002
823.262,35.2060393,-89.89459389999999,ChIJN_fdM1CCf4gRqHZ_YUZgoJo,OK,48923,471570206211000
823.262,35.2060393,-89.89459389999999,ChIJN_fdM1CCf4gRqHZ_YUZgoJo,OK,48923,471570206211000
907.002,35.20808669999999,-89.89363879999999,ChIJa1RCwHuCf4gRSSG3nO4uWeI,OK,65175,471570206211000
865.487,35.2023757,-89.9218691,ChIJvw7rwByCf4gRrAscHKjp1Iw,OK,70830,471570205421001
865.487,35.2023757,-89.9218691,ChIJvw7rwByCf4gRrAscHKjp1Iw,OK,70830,471570205421001
1031.568,35.210167,-89.919383,ChIJi0gqlgaCf4gRjUvfmHxGMyw,OK,99281,471570205421001
890.988,35.2045576,-89.81176689999999,ChIJ8ROix4Kdf4gR4Su-1OwAUMo,OK,93072,471570206322027
890.988,35.2045576,-89.81176689999999,ChIJ8ROix4Kdf4gR4Su-1OwAUMo,OK,93072,471570206322027
1704.111,35.2051043,-89.79754849999999,ChIJpRDMlY2df4gRQqHmUo_lzmc,OK,131662,471570206322027
1265.313,35.2060393,-89.89459389999999,ChIJN_fdM1CCf4gRqHZ_YUZgoJo,OK,76394,471570206212019
1265.313,35.2060393,-89.89459389999999,ChIJN_fdM1CCf4gRqHZ_YUZgoJo,OK,76394,471570206212019
1349.053,35.20808669999999,-89.89363879999999,ChIJa1RCwHuCf4gRSSG3nO4uWeI,OK,92646,471570206212019
1249.415,35.21475480000001,-90.00354540000001,ChIJF6XvX_9_1YcRD4jlF4jzevw,OK,96089,471570101203001
1249.415,35.21475480000001,-90.00354540000001,ChIJF6XvX_9_1YcRD4jlF4jzevw,OK,96089,471570101203001
1647.904,35.218332,-90.00299799999999,ChIJfRCGEgGA1YcRsZsWP_dycDI,OK,119998,471570101203001
2152.732,35.19067459999999,-89.8489943,ChIJ364PGjWdf4gRKbsrGLq8_XQ,OK,119225,471570211123017
2152.732,35.19067459999999,-89.8489943,ChIJ364PGjWdf4gRKbsrGLq8_XQ,OK,119225,471570211123017
2363.493,35.2045576,-89.81176689999999,ChIJ8ROix4Kdf4gR4Su-1OwAUMo,OK,131988,471570211123017
710.103,35.2023757,-89.9218691,ChIJvw7rwByCf4gRrAscHKjp1Iw,OK,61508,471570205421005
710.103,35.2023757,-89.9218691,ChIJvw7rwByCf4gRrAscHKjp1Iw,OK,61508,471570205421005
876.183,35.210167,-89.919383,ChIJi0gqlgaCf4gRjUvfmHxGMyw,OK,89959,471570205421005
2232.928,35.19067459999999,-89.8489943,ChIJ364PGjWdf4gRKbsrGLq8_XQ,OK,123667,471570211123016
2232.928,35.19067459999999,-89.8489943,ChIJ364PGjWdf4gRKbsrGLq8_XQ,OK,123667,471570211123016
2443.688,35.2045576,-89.81176689999999,ChIJ8ROix4Kdf4gR4Su-1OwAUMo,OK,136430,471570211123016
978.605,35.19067459999999,-89.8489943,ChIJ364PGjWdf4gRKbsrGLq8_XQ,OK,54198,471570211111000
3127.999,35.1927931,-89.86922029999999,ChIJAQAAAMCCf4gRZL0qi0KLjtw,OK,205048,471570211111000
796.923,35.0543926,-90.0597009,ChIJT5TzUbl81YcRiPqNjkbj9CA,OK,55031,471570223212000
796.923,35.0543926,-90.0597009,ChIJT5TzUbl81YcRiPqNjkbj9CA,OK,55031,471570223212000
1378.278,35.06128,-90.05978399999999,ChIJm06f8ZV81YcRTjzAsJPcBKY,OK,87228,471570223212000
2239.243,35.0854368,-89.89541919999999,ChIJf5cc-VKEf4gRF-lYLgijYQQ,OK,151519,471570094001027
2292.322,35.1145886,-89.90089789999999,ChIJKWmlFW6Ef4gR0YNISWQMkss,OK,167272,471570094001027
2292.322,35.1145886,-89.90089789999999,ChIJKWmlFW6Ef4gR0YNISWQMkss,OK,167272,471570094001027
2117.238,35.1161637,-89.9446263,ChIJ-ZiED8iGf4gR32IlfgDBKWY,OK,140604,471570029004013
2117.238,35.1161637,-89.9446263,ChIJ-ZiED8iGf4gR32IlfgDBKWY,OK,140604,471570029004013
2330.982,35.14981359999999,-89.94918609999999,ChIJVdGBGRaBf4gRsi89Rzqn8W4,OK,147355,471570029004013
1988.786,35.1439641,-90.0517892,ChIJL-0zBZR-1YcRj7p5p1WY4-g,OK,110024,471570113001086
1988.786,35.1439641,-90.0517892,ChIJL-0zBZR-1YcRj7p5p1WY4-g,OK,110024,471570113001086
2019.477,35.1435177,-90.0539328,ChIJ8VFg1pV-1YcRR9G8p0pZx6U,OK,110303,471570113001086
2990.672,35.1490317,-90.0140679,ChIJw3q9_xV-1YcRqrte6yBn1CI,OK,202951,471570019001005
2990.672,35.1490317,-90.0140679,ChIJw3q9_xV-1YcRqrte6yBn1CI,OK,202951,471570019001005
3712.91,35.1444038,-90.0168571,ChIJufYEjhR-1YcREff46W6Lons,OK,250304,471570019001005
1530.981,35.054745,-90.007971,ChIJXxyyQlt91YcRhldtWgjSnSE,OK,115759,471570220233005
1530.981,35.054745,-90.007971,ChIJXxyyQlt91YcRhldtWgjSnSE,OK,115759,471570220233005
2096.333,35.05407199999999,-90.00125899999999,ChIJIzdhk1h91YcRZT7cBcBslaM,OK,139192,471570220233005
1741.726,34.9907298,-89.99350899999999,ChIJaR6gqdOJf4gRbmqB7wctwt0,OK,119668,471570221301002
1741.726,34.9907298,-89.99350899999999,ChIJaR6gqdOJf4gRbmqB7wctwt0,OK,119668,471570221301002
1657.846,35.0068452,-90.00681259999999,ChIJz3G0Jpti1YcRMCYWHOflqrA,OK,121476,471570221301002
4611.02,35.0543926,-90.0597009,ChIJT5TzUbl81YcRiPqNjkbj9CA,OK,287435,471570222103004
4873.947,35.0326981,-90.07589809999999,ChIJ9S1ljalk1YcRvuG-_hbpimA,OK,301863,471570222103004
4873.947,35.0326981,-90.07589809999999,ChIJ9S1ljalk1YcRvuG-_hbpimA,OK,301863,471570222103004
3502.524,35.0326981,-90.07589809999999,ChIJ9S1ljalk1YcRvuG-_hbpimA,OK,256018,471570223105010
3502.524,35.0326981,-90.07589809999999,ChIJ9S1ljalk1YcRvuG-_hbpimA,OK,256018,471570223105010
3889.903,35.0543926,-90.0597009,ChIJT5TzUbl81YcRiPqNjkbj9CA,OK,280931,471570223105010
6461.161,35.0614623,-89.8536277,ChIJ4TWJkTWFf4gRbkNZYfkF9Jw,OK,443624,471570213122001
6461.161,35.0614623,-89.8536277,ChIJ4TWJkTWFf4gRbkNZYfkF9Jw,OK,443624,471570213122001
6545.933,35.0512763,-89.8427476,ChIJ7VPJ3q-af4gRdxERIyaZ0gk,OK,449812,471570213122001
4382.855,35.0543926,-90.0597009,ChIJT5TzUbl81YcRiPqNjkbj9CA,OK,328026,471570222102019
5876.103,35.0326981,-90.07589809999999,ChIJ9S1ljalk1YcRvuG-_hbpimA,OK,405519,471570222102019
5876.103,35.0326981,-90.07589809999999,ChIJ9S1ljalk1YcRvuG-_hbpimA,OK,405519,471570222102019
2608.591,35.04577219999999,-89.82821469999999,ChIJL-jEaJmaf4gREtYdkYi2nAs,OK,158031,471570213331003
2794.094,35.05113000000001,-89.815021,ChIJAdLMX4iaf4gRUenKpoiyrBc,OK,172423,471570213331003
2794.094,35.05113000000001,-89.815021,ChIJAdLMX4iaf4gRUenKpoiyrBc,OK,172423,471570213331003
2511.228,35.04577219999999,-89.82821469999999,ChIJL-jEaJmaf4gREtYdkYi2nAs,OK,149646,471570213331019
2696.731,35.05113000000001,-89.815021,ChIJAdLMX4iaf4gRUenKpoiyrBc,OK,164038,471570213331019
2696.731,35.05113000000001,-89.815021,ChIJAdLMX4iaf4gRUenKpoiyrBc,OK,164038,471570213331019
2636.862,35.04577219999999,-89.82821469999999,ChIJL-jEaJmaf4gREtYdkYi2nAs,OK,158883,471570213331021
2822.365,35.05113000000001,-89.815021,ChIJAdLMX4iaf4gRUenKpoiyrBc,OK,173275,471570213331021
2822.365,35.05113000000001,-89.815021,ChIJAdLMX4iaf4gRUenKpoiyrBc,OK,173275,471570213331021
2868.256,35.05113000000001,-89.815021,ChIJAdLMX4iaf4gRUenKpoiyrBc,OK,186475,471570213331022
2868.256,35.05113000000001,-89.815021,ChIJAdLMX4iaf4gRUenKpoiyrBc,OK,186475,471570213331022
3082.398,35.048632,-89.814048,ChIJqY7T64eaf4gRoqZRK7sz4Co,OK,198751,471570213331022
1520.427,35.17410499999999,-89.97575479999999,ChIJmfYTGFmAf4gRHGKCaD0qCtI,OK,91220,471570008001004
1520.427,35.17410499999999,-89.97575479999999,ChIJmfYTGFmAf4gRHGKCaD0qCtI,OK,91220,471570008001004
2758.851,35.1738374,-89.98954379999999,ChIJ_S0BIGOAf4gRU3Ph4W65cOQ,OK,165516,471570008001004
2592.366,35.183951,-89.93106899999999,ChIJWQ0EIo-Bf4gR6cuqlCcQuNw,OK,216039,471570205124030
2592.366,35.183951,-89.93106899999999,ChIJWQ0EIo-Bf4gR6cuqlCcQuNw,OK,216039,471570205124030
2592.604,35.1839382,-89.93104869999999,ChIJrQx5Io-Bf4gRSwDAaGIf4WE,OK,216082,471570205124030
167.178,35.0531879,-89.8855975,ChIJy5TuWnaFf4gRzUE1FqfjCIk,OK,21070,471570108101014
167.178,35.0531879,-89.8855975,ChIJy5TuWnaFf4gRzUE1FqfjCIk,OK,21070,471570108101014
936.092,35.0508681,-89.88111619999999,ChIJ68PUi3CFf4gRLPYGzNKUdto,OK,61233,471570108101014
1105.212,35.0220022,-89.82947999999999,ChIJxT9DeWuQf4gRf6HLF5uJHd0,OK,65320,471570217512008
1105.212,35.0220022,-89.82947999999999,ChIJxT9DeWuQf4gRf6HLF5uJHd0,OK,65320,471570217512008
1647.301,35.0078094,-89.83044679999999,ChIJpwHMo0eQf4gRIqmNFjWLuW4,OK,94298,471570217512008
655.353,35.0220022,-89.82947999999999,ChIJxT9DeWuQf4gRf6HLF5uJHd0,OK,58508,471570217444007
655.353,35.0220022,-89.82947999999999,ChIJxT9DeWuQf4gRf6HLF5uJHd0,OK,58508,471570217444007
1234.871,35.0344414,-89.8319559,ChIJfcC9SguQf4gR_xf02Tpo1-w,OK,99320,471570217444007
3186.241,35.14868459999999,-89.7948203,ChIJ4w9Lr2qcf4gRHdzl9FciAFM,OK,205171,471570211402002
3186.241,35.14868459999999,-89.7948203,ChIJ4w9Lr2qcf4gRHdzl9FciAFM,OK,205171,471570211402002
3952.403,35.1546312,-89.79260459999999,ChIJ8UeuSEecf4gRniit7ubZLtM,OK,225870,471570211402002
1309.56,35.125222,-90.048147,ChIJ9cKdtid81YcRKs9h6RjzQzw,OK,82842,471570114003050
1347.142,35.0612606,-89.88628629999999,ChIJAQ_I1gqFf4gRFrt5yQeAEps,OK,106522,471570107103016
1347.142,35.0612606,-89.88628629999999,ChIJAQ_I1gqFf4gRFrt5yQeAEps,OK,106522,471570107103016
1529.308,35.062945,-89.90568519999999,ChIJjxj9mL-Ff4gRoOEx9OzDyxs,OK,109325,471570107103016
597.036,35.13763670000001,-90.00757159999999,ChIJl69WLQV-1YcRU3z7Tt2MyhY,OK,53488,471570036002034
597.036,35.13763670000001,-90.00757159999999,ChIJl69WLQV-1YcRU3z7Tt2MyhY,OK,53488,471570036002034
705.819,35.139426,-90.00714049999999,ChIJC-6kIBt-1YcRA1cskDtjsVc,OK,66541,471570036002034
877.813,35.0612606,-89.88628629999999,ChIJAQ_I1gqFf4gRFrt5yQeAEps,OK,58167,471570108103000
877.813,35.0612606,-89.88628629999999,ChIJAQ_I1gqFf4gRFrt5yQeAEps,OK,58167,471570108103000
775.863,35.0632829,-89.88727279999999,ChIJvVoQ4QqFf4gRItXZGUDZ-Hc,OK,68635,471570108103000
563.722,35.0515568,-89.90630259999999,ChIJrU8jyZKFf4gRubg1AIyELWY,OK,51529,471570226001003
563.722,35.0515568,-89.90630259999999,ChIJrU8jyZKFf4gRubg1AIyELWY,OK,51529,471570226001003
1214.017,35.05018,-89.89110199999999,ChIJNUozxJyFf4gRrJ8tUHk1p2Q,OK,78108,471570226001003
777.264,35.0515568,-89.90630259999999,ChIJrU8jyZKFf4gRubg1AIyELWY,OK,58836,471570226002007
777.264,35.0515568,-89.90630259999999,ChIJrU8jyZKFf4gRubg1AIyELWY,OK,58836,471570226002007
1099.426,35.05018,-89.89110199999999,ChIJNUozxJyFf4gRrJ8tUHk1p2Q,OK,78955,471570226002007
914.314,35.05018,-89.89110199999999,ChIJNUozxJyFf4gRrJ8tUHk1p2Q,OK,98020,471570108102004
914.314,35.05018,-89.89110199999999,ChIJNUozxJyFf4gRrJ8tUHk1p2Q,OK,98020,471570108102004
1682.364,35.0515568,-89.90630259999999,ChIJrU8jyZKFf4gRubg1AIyELWY,OK,135674,471570108102004
1455.261,35.0612606,-89.88628629999999,ChIJAQ_I1gqFf4gRFrt5yQeAEps,OK,99106,471570107103005
1455.261,35.0612606,-89.88628629999999,ChIJAQ_I1gqFf4gRFrt5yQeAEps,OK,99106,471570107103005
1338.661,35.0632829,-89.88727279999999,ChIJvVoQ4QqFf4gRItXZGUDZ-Hc,OK,114533,471570107103005
2541.411,35.1157645,-90.022279,ChIJwZqBNMN91YcRRpdDvj5Pcr8,OK,137105,471570046001042
2541.411,35.1157645,-90.022279,ChIJwZqBNMN91YcRRpdDvj5Pcr8,OK,137105,471570046001042
3262.531,35.1087458,-90.0211918,ChIJe6w2EsF91YcRquzVZc8M0-I,OK,178495,471570046001042
2116.094,35.1157645,-90.022279,ChIJwZqBNMN91YcRRpdDvj5Pcr8,OK,116869,471570046001032
2116.094,35.1157645,-90.022279,ChIJwZqBNMN91YcRRpdDvj5Pcr8,OK,116869,471570046001032
2810.325,35.1444038,-90.0168571,ChIJufYEjhR-1YcREff46W6Lons,OK,163351,471570046001032
1630.449,35.1157645,-90.022279,ChIJwZqBNMN91YcRRpdDvj5Pcr8,OK,90570,471570046001036
1630.449,35.1157645,-90.022279,ChIJwZqBNMN91YcRRpdDvj5Pcr8,OK,90570,471570046001036
2324.68,35.1444038,-90.0168571,ChIJufYEjhR-1YcREff46W6Lons,OK,137052,471570046001036
3534.809,35.1157645,-90.022279,ChIJwZqBNMN91YcRRpdDvj5Pcr8,OK,181805,471570115002012
3534.809,35.1157645,-90.022279,ChIJwZqBNMN91YcRRpdDvj5Pcr8,OK,181805,471570115002012
4255.929,35.1087458,-90.0211918,ChIJe6w2EsF91YcRquzVZc8M0-I,OK,223195,471570115002012
45.592,35.1444038,-90.0168571,ChIJufYEjhR-1YcREff46W6Lons,OK,7169,471570036002000
45.592,35.1444038,-90.0168571,ChIJufYEjhR-1YcREff46W6Lons,OK,7169,471570036002000
676.647,35.1490317,-90.0140679,ChIJw3q9_xV-1YcRqrte6yBn1CI,OK,40182,471570036002000
834.486,35.1444038,-90.0168571,ChIJufYEjhR-1YcREff46W6Lons,OK,66316,471570036002009
834.486,35.1444038,-90.0168571,ChIJufYEjhR-1YcREff46W6Lons,OK,66316,471570036002009
1286.63,35.1490317,-90.0140679,ChIJw3q9_xV-1YcRqrte6yBn1CI,OK,89422,471570036002009
717.796,35.1444038,-90.0168571,ChIJufYEjhR-1YcREff46W6Lons,OK,58450,471570036002024
717.796,35.1444038,-90.0168571,ChIJufYEjhR-1YcREff46W6Lons,OK,58450,471570036002024
808.204,35.13763670000001,-90.00757159999999,ChIJl69WLQV-1YcRU3z7Tt2MyhY,OK,74443,471570036002024
2356.897,35.222344,-89.97682999999999,ChIJ987Br45_f4gRjwrvnFN8t7k,OK,204642,471570102206002
2356.897,35.222344,-89.97682999999999,ChIJ987Br45_f4gRjwrvnFN8t7k,OK,204642,471570102206002
2757.764,35.2227028,-89.97692290000001,ChIJ987Br45_f4gRMoYIhCny13Q,OK,240774,471570102206002
4213.609,35.17410499999999,-89.97575479999999,ChIJmfYTGFmAf4gRHGKCaD0qCtI,OK,276143,471570205112019
4213.609,35.17410499999999,-89.97575479999999,ChIJmfYTGFmAf4gRHGKCaD0qCtI,OK,276143,471570205112019
4592.449,35.222344,-89.97682999999999,ChIJ987Br45_f4gRjwrvnFN8t7k,OK,297054,471570205112019
5237.213,35.17410499999999,-89.97575479999999,ChIJmfYTGFmAf4gRHGKCaD0qCtI,OK,281447,471570102206019
5237.213,35.17410499999999,-89.97575479999999,ChIJmfYTGFmAf4gRHGKCaD0qCtI,OK,281447,471570102206019
6475.636,35.1738374,-89.98954379999999,ChIJ_S0BIGOAf4gRU3Ph4W65cOQ,OK,355743,471570102206019
911.224,35.17410499999999,-89.97575479999999,ChIJmfYTGFmAf4gRHGKCaD0qCtI,OK,84694,471570008002003
911.224,35.17410499999999,-89.97575479999999,ChIJmfYTGFmAf4gRHGKCaD0qCtI,OK,84694,471570008002003
1496.515,35.1738374,-89.98954379999999,ChIJ_S0BIGOAf4gRU3Ph4W65cOQ,OK,121524,471570008002003
794.176,35.17410499999999,-89.97575479999999,ChIJmfYTGFmAf4gRHGKCaD0qCtI,JSONDecodeError,58924,471570008002013
794.176,35.17410499999999,-89.97575479999999,ChIJmfYTGFmAf4gRHGKCaD0qCtI,JSONDecodeError,58924,471570008002013
928.35,35.1738374,-89.98954379999999,ChIJ_S0BIGOAf4gRU3Ph4W65cOQ,JSONDecodeError,66972,471570008002013
805.912,35.17410499999999,-89.97575479999999,ChIJmfYTGFmAf4gRHGKCaD0qCtI,OK,72057,471570008002001
805.912,35.17410499999999,-89.97575479999999,ChIJmfYTGFmAf4gRHGKCaD0qCtI,OK,72057,471570008002001
1608.858,35.1738374,-89.98954379999999,ChIJ_S0BIGOAf4gRU3Ph4W65cOQ,OK,128374,471570008002001
1309.56,35.125222,-90.048147,ChIJ9cKdtid81YcRKs9h6RjzQzw,OK,82842,471570114003050
1311.374,35.1251709,-90.0481695,ChIJybIJtCd81YcR9Otxws-5qCM,OK,82942,471570114003050
3216.775,35.05113000000001,-89.815021,ChIJAdLMX4iaf4gRUenKpoiyrBc,OK,231544,471570217443008
3390.696,35.048632,-89.814048,ChIJqY7T64eaf4gRoqZRK7sz4Co,OK,243964,471570217443008
3390.696,35.048632,-89.814048,ChIJqY7T64eaf4gRoqZRK7sz4Co,OK,243964,471570217443008
462.021,35.04577219999999,-89.82821469999999,ChIJL-jEaJmaf4gREtYdkYi2nAs,OK,50782,471570217442002
462.021,35.04577219999999,-89.82821469999999,ChIJL-jEaJmaf4gREtYdkYi2nAs,OK,50782,471570217442002
935.714,35.0493563,-89.83813929999999,ChIJjRQNzqSaf4gRxmNqB0YAYGM,OK,66384,471570217442002
881.209,35.1145886,-89.90089789999999,ChIJKWmlFW6Ef4gR0YNISWQMkss,OK,60676,471570095001000
881.209,35.1145886,-89.90089789999999,ChIJKWmlFW6Ef4gR0YNISWQMkss,OK,60676,471570095001000
851.243,35.1153996,-89.89414069999999,ChIJCb4NOWWEf4gR79YlPQoocW4,OK,66049,471570095001000
1279.823,35.125222,-90.048147,ChIJ9cKdtid81YcRKs9h6RjzQzw,OK,72263,471570114003048
1279.823,35.125222,-90.048147,ChIJ9cKdtid81YcRKs9h6RjzQzw,OK,72263,471570114003048
1281.637,35.1251709,-90.0481695,ChIJybIJtCd81YcR9Otxws-5qCM,OK,72363,471570114003048
1325.297,35.125222,-90.048147,ChIJ9cKdtid81YcRKs9h6RjzQzw,OK,87725,471570114003052
1325.297,35.125222,-90.048147,ChIJ9cKdtid81YcRKs9h6RjzQzw,OK,87725,471570114003052
1327.111,35.1251709,-90.0481695,ChIJybIJtCd81YcR9Otxws-5qCM,OK,87825,471570114003052
1358.705,35.125222,-90.048147,ChIJ9cKdtid81YcRKs9h6RjzQzw,OK,91734,471570114003049
1358.705,35.125222,-90.048147,ChIJ9cKdtid81YcRKs9h6RjzQzw,OK,91734,471570114003049
1360.519,35.1251709,-90.0481695,ChIJybIJtCd81YcR9Otxws-5qCM,OK,91834,471570114003049
1338.934,35.125222,-90.048147,ChIJ9cKdtid81YcRKs9h6RjzQzw,OK,89361,471570114003047
1338.934,35.125222,-90.048147,ChIJ9cKdtid81YcRKs9h6RjzQzw,OK,89361,471570114003047
1340.749,35.1251709,-90.0481695,ChIJybIJtCd81YcR9Otxws-5qCM,OK,89461,471570114003047
1032.25,35.125222,-90.048147,ChIJ9cKdtid81YcRKs9h6RjzQzw,OK,54237,471570114003057
1032.25,35.125222,-90.048147,ChIJ9cKdtid81YcRKs9h6RjzQzw,OK,54237,471570114003057
1034.065,35.1251709,-90.0481695,ChIJybIJtCd81YcR9Otxws-5qCM,OK,54337,471570114003057
1397.816,35.125222,-90.048147,ChIJ9cKdtid81YcRKs9h6RjzQzw,OK,90395,471570114001035
1397.816,35.125222,-90.048147,ChIJ9cKdtid81YcRKs9h6RjzQzw,OK,90395,471570114001035
1399.63,35.1251709,-90.0481695,ChIJybIJtCd81YcR9Otxws-5qCM,OK,90495,471570114001035
1485.938,35.2023757,-89.9218691,ChIJvw7rwByCf4gRrAscHKjp1Iw,OK,119512,471570205421017
1485.938,35.2023757,-89.9218691,ChIJvw7rwByCf4gRrAscHKjp1Iw,OK,119512,471570205421017
1652.019,35.210167,-89.919383,ChIJi0gqlgaCf4gRjUvfmHxGMyw,OK,147963,471570205421017
1159.487,35.19067459999999,-89.8489943,ChIJ364PGjWdf4gRKbsrGLq8_XQ,OK,89179,471570211111010
1159.487,35.19067459999999,-89.8489943,ChIJ364PGjWdf4gRKbsrGLq8_XQ,OK,89179,471570211111010
2527.992,35.1835367,-89.8717722,ChIJv1U5XuiCf4gRMlXiIrwnbJo,OK,181711,471570211111010
1181.872,35.0614623,-89.8536277,ChIJ4TWJkTWFf4gRbkNZYfkF9Jw,OK,79448,471570217252006
1181.872,35.0614623,-89.8536277,ChIJ4TWJkTWFf4gRbkNZYfkF9Jw,OK,79448,471570217252006
1266.643,35.0512763,-89.8427476,ChIJ7VPJ3q-af4gRdxERIyaZ0gk,OK,85636,471570217252006
1007.643,35.164068,-89.8770782,ChIJpUMbExuDf4gRyW4QpPURe54,OK,102389,471570211113052
1007.643,35.164068,-89.8770782,ChIJpUMbExuDf4gRyW4QpPURe54,OK,102389,471570211113052
1626.486,35.16339899999999,-89.855841,ChIJA_xfkC6Df4gRAjVZwLz1jqA,OK,107160,471570211113052
776.67,35.2044739,-89.76342459999999,ChIJ3XsJxyKef4gRTeWb3lonWsU,OK,70530,471570211421052
776.67,35.2044739,-89.76342459999999,ChIJ3XsJxyKef4gRTeWb3lonWsU,OK,70530,471570211421052
2467.085,35.2074362,-89.7805166,ChIJ62ATRfudf4gRPIrPAXGVsiQ,OK,202016,471570211421052
2005.525,35.164068,-89.8770782,ChIJpUMbExuDf4gRyW4QpPURe54,OK,142036,471570206102010
2005.525,35.164068,-89.8770782,ChIJpUMbExuDf4gRyW4QpPURe54,OK,142036,471570206102010
2114.732,35.1835367,-89.8717722,ChIJv1U5XuiCf4gRMlXiIrwnbJo,OK,159171,471570206102010
1692.624,35.1835367,-89.8717722,ChIJv1U5XuiCf4gRMlXiIrwnbJo,OK,127262,471570206102011
1692.624,35.1835367,-89.8717722,ChIJv1U5XuiCf4gRMlXiIrwnbJo,OK,127262,471570206102011
2208.073,35.164068,-89.8770782,ChIJpUMbExuDf4gRyW4QpPURe54,OK,147601,471570206102011
2811.92,35.2044739,-89.76342459999999,ChIJ3XsJxyKef4gRTeWb3lonWsU,OK,230091,471570211413012
2811.92,35.2044739,-89.76342459999999,ChIJ3XsJxyKef4gRTeWb3lonWsU,OK,230091,471570211413012
4502.336,35.2074362,-89.7805166,ChIJ62ATRfudf4gRPIrPAXGVsiQ,OK,361577,471570211413012
1669.55,35.1497164,-89.95515999999999,ChIJcQb6ehiBf4gR-uA54eRPNq8,OK,107586,471570027001001
1120.102,35.1507888,-89.977317,ChIJdVWrOuqAf4gR-V7s1E3qo7g,OK,72005,471570027001000
1120.102,35.1507888,-89.977317,ChIJdVWrOuqAf4gR-V7s1E3qo7g,OK,72005,471570027001000
1663.079,35.1497164,-89.95515999999999,ChIJcQb6ehiBf4gR-uA54eRPNq8,OK,106809,471570027001000
1872.986,35.1507888,-89.977317,ChIJdVWrOuqAf4gR-V7s1E3qo7g,OK,162351,471570027001020
1872.986,35.1507888,-89.977317,ChIJdVWrOuqAf4gR-V7s1E3qo7g,OK,162351,471570027001020
3967.348,35.13418100000001,-89.98599,ChIJnf1_yraAf4gR9pQmD7CXhgg,OK,277444,471570027001020
1691.092,35.1507888,-89.977317,ChIJdVWrOuqAf4gR-V7s1E3qo7g,OK,140524,471570027001016
1691.092,35.1507888,-89.977317,ChIJdVWrOuqAf4gR-V7s1E3qo7g,OK,140524,471570027001016
2234.068,35.1497164,-89.95515999999999,ChIJcQb6ehiBf4gR-uA54eRPNq8,OK,175328,471570027001016
2284.811,35.2051043,-89.79754849999999,ChIJpRDMlY2df4gRQqHmUo_lzmc,OK,148820,471570211422015
2284.811,35.2051043,-89.79754849999999,ChIJpRDMlY2df4gRQqHmUo_lzmc,OK,148820,471570211422015
2749.781,35.2072684,-89.7827147,ChIJKdJ2xvqdf4gRKLRUePlbOOs,OK,206242,471570211422015
1692.222,35.1161637,-89.9446263,ChIJ-ZiED8iGf4gR32IlfgDBKWY,OK,129891,471570070002003
1692.222,35.1161637,-89.9446263,ChIJ-ZiED8iGf4gR32IlfgDBKWY,OK,129891,471570070002003
2240.507,35.108097,-89.941227,ChIJwxJT-r6Gf4gRhLDuFpyb128,OK,158967,471570070002003
1322.978,35.1161637,-89.9446263,ChIJ-ZiED8iGf4gR32IlfgDBKWY,OK,85443,471570070002000
1322.978,35.1161637,-89.9446263,ChIJ-ZiED8iGf4gR32IlfgDBKWY,OK,85443,471570070002000
2404.922,35.108097,-89.941227,ChIJwxJT-r6Gf4gRhLDuFpyb128,OK,146535,471570070002000
1668.797,35.062945,-89.90568519999999,ChIJjxj9mL-Ff4gRoOEx9OzDyxs,OK,106432,471570107101010
1668.797,35.062945,-89.90568519999999,ChIJjxj9mL-Ff4gRoOEx9OzDyxs,OK,106432,471570107101010
1655.159,35.063996,-89.90690699999999,ChIJn51vcb-Ff4gRvoXU4r8swrw,OK,120582,471570107101010
384.352,35.1087458,-90.0211918,ChIJe6w2EsF91YcRquzVZc8M0-I,OK,33092,471570115004032
384.352,35.1087458,-90.0211918,ChIJe6w2EsF91YcRquzVZc8M0-I,OK,33092,471570115004032
384.994,35.10874099999999,-90.021185,ChIJrVbiDcF91YcRG9TBOTpHc3I,OK,33169,471570115004032
1086.118,35.0854368,-89.89541919999999,ChIJf5cc-VKEf4gRF-lYLgijYQQ,OK,110090,471570095004023
1086.118,35.0854368,-89.89541919999999,ChIJf5cc-VKEf4gRF-lYLgijYQQ,OK,110090,471570095004023
4343.219,35.0612606,-89.88628629999999,ChIJAQ_I1gqFf4gRFrt5yQeAEps,OK,300939,471570095004023
2337.456,35.148225,-89.89748700000001,ChIJC8t095eDf4gRGuXK3FleZyg,OK,161339,471570092004007
2337.456,35.148225,-89.89748700000001,ChIJC8t095eDf4gRGuXK3FleZyg,OK,161339,471570092004007
2418.002,35.1489345,-89.89838259999999,ChIJaTBvX72Df4gRiyFT0LQMnrQ,OK,166171,471570092004007
1099.338,35.125222,-90.048147,ChIJ9cKdtid81YcRKs9h6RjzQzw,OK,124864,471570116001037
1099.338,35.125222,-90.048147,ChIJ9cKdtid81YcRKs9h6RjzQzw,OK,124864,471570116001037
1101.152,35.1251709,-90.0481695,ChIJybIJtCd81YcR9Otxws-5qCM,OK,124964,471570116001037
986.481,35.12545849999999,-89.97454169999999,ChIJoyT3HjOHf4gRS6EdHckmff8,OK,78366,471570031001001
2094.98,35.13418100000001,-89.98599,ChIJnf1_yraAf4gR9pQmD7CXhgg,OK,148749,471570031001001
5.663,35.12545849999999,-89.97454169999999,ChIJoyT3HjOHf4gRS6EdHckmff8,OK,339,471570066002000
5.663,35.12545849999999,-89.97454169999999,ChIJoyT3HjOHf4gRS6EdHckmff8,OK,339,471570066002000
1801.099,35.13418100000001,-89.98599,ChIJnf1_yraAf4gR9pQmD7CXhgg,OK,110998,471570066002000
434.419,35.12545849999999,-89.97454169999999,ChIJoyT3HjOHf4gRS6EdHckmff8,OK,26063,471570066002001
434.419,35.12545849999999,-89.97454169999999,ChIJoyT3HjOHf4gRS6EdHckmff8,OK,26063,471570066002001
1994.529,35.13418100000001,-89.98599,ChIJnf1_yraAf4gR9pQmD7CXhgg,OK,122603,471570066002001
875.059,35.12545849999999,-89.97454169999999,ChIJoyT3HjOHf4gRS6EdHckmff8,OK,75497,471570067001003
875.059,35.12545849999999,-89.97454169999999,ChIJoyT3HjOHf4gRS6EdHckmff8,OK,75497,471570067001003
2435.17,35.13418100000001,-89.98599,ChIJnf1_yraAf4gR9pQmD7CXhgg,OK,172037,471570067001003
545.261,35.12545849999999,-89.97454169999999,ChIJoyT3HjOHf4gRS6EdHckmff8,OK,54310,471570071001027
545.261,35.12545849999999,-89.97454169999999,ChIJoyT3HjOHf4gRS6EdHckmff8,OK,54310,471570071001027
2352.023,35.13418100000001,-89.98599,ChIJnf1_yraAf4gR9pQmD7CXhgg,OK,165649,471570071001027
312.827,35.12545849999999,-89.97454169999999,ChIJoyT3HjOHf4gRS6EdHckmff8,OK,21845,471570071001031
312.827,35.12545849999999,-89.97454169999999,ChIJoyT3HjOHf4gRS6EdHckmff8,OK,21845,471570071001031
2119.589,35.13418100000001,-89.98599,ChIJnf1_yraAf4gR9pQmD7CXhgg,OK,133184,471570071001031
671.939,35.12545849999999,-89.97454169999999,ChIJoyT3HjOHf4gRS6EdHckmff8,OK,53446,471570071002004
671.939,35.12545849999999,-89.97454169999999,ChIJoyT3HjOHf4gRS6EdHckmff8,OK,53446,471570071002004
2478.7,35.13418100000001,-89.98599,ChIJnf1_yraAf4gR9pQmD7CXhgg,OK,164785,471570071002004
488.504,35.12545849999999,-89.97454169999999,ChIJoyT3HjOHf4gRS6EdHckmff8,OK,37435,471570067001000
488.504,35.12545849999999,-89.97454169999999,ChIJoyT3HjOHf4gRS6EdHckmff8,OK,37435,471570067001000
2295.265,35.13418100000001,-89.98599,ChIJnf1_yraAf4gR9pQmD7CXhgg,OK,148774,471570067001000
669.04,35.12545849999999,-89.97454169999999,ChIJoyT3HjOHf4gRS6EdHckmff8,OK,59098,471570067001002
669.04,35.12545849999999,-89.97454169999999,ChIJoyT3HjOHf4gRS6EdHckmff8,OK,59098,471570067001002
2475.802,35.13418100000001,-89.98599,ChIJnf1_yraAf4gR9pQmD7CXhgg,OK,170437,471570067001002
887.717,35.12545849999999,-89.97454169999999,ChIJoyT3HjOHf4gRS6EdHckmff8,OK,63433,471570067001005
887.717,35.12545849999999,-89.97454169999999,ChIJoyT3HjOHf4gRS6EdHckmff8,OK,63433,471570067001005
2671.986,35.107529,-89.9862127,ChIJ0WGfSUKHf4gRjDLrfGQwCV4,OK,194128,471570067001005
1634.643,35.1507888,-89.977317,ChIJdVWrOuqAf4gR-V7s1E3qo7g,OK,102168,471570028002027
1634.643,35.1507888,-89.977317,ChIJdVWrOuqAf4gR-V7s1E3qo7g,OK,102168,471570028002027
1813.887,35.1497164,-89.95515999999999,ChIJcQb6ehiBf4gR-uA54eRPNq8,OK,115150,471570028002027
1962.681,35.0960067,-89.93138279999999,ChIJFfDYDZuGf4gR5IbqhV7MTAo,OK,143008,471570080003016
1962.681,35.0960067,-89.93138279999999,ChIJFfDYDZuGf4gR5IbqhV7MTAo,OK,143008,471570080003016
2322.829,35.108097,-89.941227,ChIJwxJT-r6Gf4gRhLDuFpyb128,OK,151990,471570080003016
2148.521,35.1507888,-89.977317,ChIJdVWrOuqAf4gR-V7s1E3qo7g,OK,128897,471570028003009
2148.521,35.1507888,-89.977317,ChIJdVWrOuqAf4gR-V7s1E3qo7g,OK,128897,471570028003009
2327.765,35.1497164,-89.95515999999999,ChIJcQb6ehiBf4gR-uA54eRPNq8,OK,141879,471570028003009
1752.299,35.1507888,-89.977317,ChIJdVWrOuqAf4gR-V7s1E3qo7g,OK,113009,471570028002032
1752.299,35.1507888,-89.977317,ChIJdVWrOuqAf4gR-V7s1E3qo7g,OK,113009,471570028002032
1598.349,35.1497164,-89.95515999999999,ChIJcQb6ehiBf4gR-uA54eRPNq8,OK,119646,471570028002032
2829.572,35.0326981,-90.07589809999999,ChIJ9S1ljalk1YcRvuG-_hbpimA,OK,205334,471570223302008
3620.911,35.02753099999999,-90.082077,ChIJK66rdetk1YcRwwxI9gDREks,OK,235510,471570223302008
3331.206,35.0326981,-90.07589809999999,ChIJ9S1ljalk1YcRvuG-_hbpimA,OK,229234,471570223105013
3331.206,35.0326981,-90.07589809999999,ChIJ9S1ljalk1YcRvuG-_hbpimA,OK,229234,471570223105013
3718.585,35.0543926,-90.0597009,ChIJT5TzUbl81YcRiPqNjkbj9CA,OK,254147,471570223105013
1617.292,35.1546312,-89.79260459999999,ChIJ8UeuSEecf4gRniit7ubZLtM,OK,128583,471570211252017
1617.292,35.1546312,-89.79260459999999,ChIJ8UeuSEecf4gRniit7ubZLtM,OK,128583,471570211252017
1997.179,35.14868459999999,-89.7948203,ChIJ4w9Lr2qcf4gRHdzl9FciAFM,OK,148083,471570211252017
2253.483,35.02753099999999,-90.082077,ChIJK66rdetk1YcRwwxI9gDREks,OK,151104,471570222101030
2253.483,35.02753099999999,-90.082077,ChIJK66rdetk1YcRwwxI9gDREks,OK,151104,471570222101030
3054.555,35.0326981,-90.07589809999999,ChIJ9S1ljalk1YcRvuG-_hbpimA,OK,195470,471570222101030
3322.535,35.02753099999999,-90.082077,ChIJK66rdetk1YcRwwxI9gDREks,OK,225397,471570222101026
3322.535,35.02753099999999,-90.082077,ChIJK66rdetk1YcRwwxI9gDREks,OK,225397,471570222101026
3890.064,35.0326981,-90.07589809999999,ChIJ9S1ljalk1YcRvuG-_hbpimA,OK,261908,471570222101026
2806.396,35.02753099999999,-90.082077,ChIJK66rdetk1YcRwwxI9gDREks,OK,211803,471570222101005
2806.396,35.02753099999999,-90.082077,ChIJK66rdetk1YcRwwxI9gDREks,OK,211803,471570222101005
3607.468,35.0326981,-90.07589809999999,ChIJ9S1ljalk1YcRvuG-_hbpimA,OK,256169,471570222101005
2176.125,35.02753099999999,-90.082077,ChIJK66rdetk1YcRwwxI9gDREks,OK,141821,471570222101029
2176.125,35.02753099999999,-90.082077,ChIJK66rdetk1YcRwwxI9gDREks,OK,141821,471570222101029
2977.197,35.0326981,-90.07589809999999,ChIJ9S1ljalk1YcRvuG-_hbpimA,OK,186187,471570222101029
2841.702,35.02753099999999,-90.082077,ChIJK66rdetk1YcRwwxI9gDREks,OK,216040,471570222101012
2841.702,35.02753099999999,-90.082077,ChIJK66rdetk1YcRwwxI9gDREks,OK,216040,471570222101012
3642.774,35.0326981,-90.07589809999999,ChIJ9S1ljalk1YcRvuG-_hbpimA,OK,260406,471570222101012
2999.048,35.02753099999999,-90.082077,ChIJK66rdetk1YcRwwxI9gDREks,OK,234920,471570222101008
2999.048,35.02753099999999,-90.082077,ChIJK66rdetk1YcRwwxI9gDREks,OK,234920,471570222101008
3800.12,35.0326981,-90.07589809999999,ChIJ9S1ljalk1YcRvuG-_hbpimA,OK,279286,471570222101008
2092.011,35.02753099999999,-90.082077,ChIJK66rdetk1YcRwwxI9gDREks,OK,184202,471570224104000
2092.011,35.02753099999999,-90.082077,ChIJK66rdetk1YcRwwxI9gDREks,OK,184202,471570224104000
2893.083,35.0326981,-90.07589809999999,ChIJ9S1ljalk1YcRvuG-_hbpimA,OK,228568,471570224104000
2186.868,35.0326981,-90.07589809999999,ChIJ9S1ljalk1YcRvuG-_hbpimA,OK,146233,471570223302013
2186.868,35.0326981,-90.07589809999999,ChIJ9S1ljalk1YcRvuG-_hbpimA,OK,146233,471570223302013
1592.095,35.02753099999999,-90.082077,ChIJK66rdetk1YcRwwxI9gDREks,OK,182824,471570223302013
3373.221,35.02753099999999,-90.082077,ChIJK66rdetk1YcRwwxI9gDREks,OK,231479,471570222101027
3373.221,35.02753099999999,-90.082077,ChIJK66rdetk1YcRwwxI9gDREks,OK,231479,471570222101027
3940.75,35.0326981,-90.07589809999999,ChIJ9S1ljalk1YcRvuG-_hbpimA,OK,267990,471570222101027
1740.861,35.02753099999999,-90.082077,ChIJK66rdetk1YcRwwxI9gDREks,OK,100221,471570224105001
1740.861,35.02753099999999,-90.082077,ChIJK66rdetk1YcRwwxI9gDREks,OK,100221,471570224105001
2541.933,35.0326981,-90.07589809999999,ChIJ9S1ljalk1YcRvuG-_hbpimA,OK,144587,471570224105001
2696.881,35.02753099999999,-90.082077,ChIJK66rdetk1YcRwwxI9gDREks,OK,198661,471570222101028
2696.881,35.02753099999999,-90.082077,ChIJK66rdetk1YcRwwxI9gDREks,OK,198661,471570222101028
3497.953,35.0326981,-90.07589809999999,ChIJ9S1ljalk1YcRvuG-_hbpimA,OK,243027,471570222101028
1341.587,35.13779299999999,-89.99118349999999,ChIJUQlZ-K-Af4gRkRKK62-ap5w,OK,94124,471570033001001
1341.587,35.13779299999999,-89.99118349999999,ChIJUQlZ-K-Af4gRkRKK62-ap5w,OK,94124,471570033001001
1049.139,35.13418100000001,-89.98599,ChIJnf1_yraAf4gR9pQmD7CXhgg,OK,65883,471570032003015
1115.418,35.13779299999999,-89.99118349999999,ChIJUQlZ-K-Af4gRkRKK62-ap5w,OK,75381,471570032003015
1115.418,35.13779299999999,-89.99118349999999,ChIJUQlZ-K-Af4gRkRKK62-ap5w,OK,75381,471570032003015
2065.526,35.13418100000001,-89.98599,ChIJnf1_yraAf4gR9pQmD7CXhgg,OK,133974,471570033002020
2078.107,35.13774119999999,-89.99713,ChIJtwtohKiAf4gRFxkNLUf9PgA,OK,136946,471570033002020
2078.107,35.13774119999999,-89.99713,ChIJtwtohKiAf4gRFxkNLUf9PgA,OK,136946,471570033002020
1428.822,35.09464699999999,-89.9708677,ChIJx5uAuBqHf4gRze5MKc5WJFI,OK,93598,471570081202005
1728.383,35.086634,-89.96355199999999,ChIJW0XU3AGHf4gRINnmxvx9m5A,OK,110222,471570081202005
1728.383,35.086634,-89.96355199999999,ChIJW0XU3AGHf4gRINnmxvx9m5A,OK,110222,471570081202005
1419.487,35.09464699999999,-89.9708677,ChIJx5uAuBqHf4gRze5MKc5WJFI,OK,105090,471570079005009
1719.049,35.086634,-89.96355199999999,ChIJW0XU3AGHf4gRINnmxvx9m5A,OK,121714,471570079005009
1719.049,35.086634,-89.96355199999999,ChIJW0XU3AGHf4gRINnmxvx9m5A,OK,121714,471570079005009
1231.379,35.086634,-89.96355199999999,ChIJW0XU3AGHf4gRINnmxvx9m5A,OK,107355,471570081202008
1231.379,35.086634,-89.96355199999999,ChIJW0XU3AGHf4gRINnmxvx9m5A,OK,107355,471570081202008
1656.858,35.09464699999999,-89.9708677,ChIJx5uAuBqHf4gRze5MKc5WJFI,OK,120961,471570081202008
898.778,35.086634,-89.96355199999999,ChIJW0XU3AGHf4gRINnmxvx9m5A,OK,67444,471570081202021
898.778,35.086634,-89.96355199999999,ChIJW0XU3AGHf4gRINnmxvx9m5A,OK,67444,471570081202021
1373.32,35.0904795,-89.96597299999999,ChIJHfaNmAOHf4gR1d8V2K9rfSU,OK,93725,471570081202021
2098.584,35.086634,-89.96355199999999,ChIJW0XU3AGHf4gRINnmxvx9m5A,OK,160157,471570082001000
2098.584,35.086634,-89.96355199999999,ChIJW0XU3AGHf4gRINnmxvx9m5A,OK,160157,471570082001000
1869.476,35.0878609,-89.931612,ChIJ78kLm4aGf4gRhPZ5eF_7ojg,OK,216866,471570082001000
1027.942,35.093591,-90.056624,ChIJgyVl92d81YcRhuRHHckl8Y4,OK,58060,471570055003026
1027.942,35.093591,-90.056624,ChIJgyVl92d81YcRhuRHHckl8Y4,OK,58060,471570055003026
1207.779,35.095133,-90.05542799999999,ChIJATnUo0J81YcRpbAuNwXeqRw,OK,68020,471570055003026
770.728,35.086634,-89.96355199999999,ChIJW0XU3AGHf4gRINnmxvx9m5A,OK,65586,471570081202026
770.728,35.086634,-89.96355199999999,ChIJW0XU3AGHf4gRINnmxvx9m5A,OK,65586,471570081202026
1245.27,35.0904795,-89.96597299999999,ChIJHfaNmAOHf4gR1d8V2K9rfSU,OK,91867,471570081202026
681.053,35.086634,-89.96355199999999,ChIJW0XU3AGHf4gRINnmxvx9m5A,OK,54825,471570081202027
681.053,35.086634,-89.96355199999999,ChIJW0XU3AGHf4gRINnmxvx9m5A,OK,54825,471570081202027
1155.595,35.0904795,-89.96597299999999,ChIJHfaNmAOHf4gR1d8V2K9rfSU,OK,81106,471570081202027
1833.254,35.086634,-89.96355199999999,ChIJW0XU3AGHf4gRINnmxvx9m5A,OK,98712,471570081203019
1833.254,35.086634,-89.96355199999999,ChIJW0XU3AGHf4gRINnmxvx9m5A,OK,98712,471570081203019
2307.796,35.0904795,-89.96597299999999,ChIJHfaNmAOHf4gR1d8V2K9rfSU,OK,124993,471570081203019
2291.33,35.086634,-89.96355199999999,ChIJW0XU3AGHf4gRINnmxvx9m5A,OK,156342,471579801001019
2291.33,35.086634,-89.96355199999999,ChIJW0XU3AGHf4gRINnmxvx9m5A,OK,156342,471579801001019
2765.872,35.0904795,-89.96597299999999,ChIJHfaNmAOHf4gR1d8V2K9rfSU,OK,182623,471579801001019
1696.18,35.086634,-89.96355199999999,ChIJW0XU3AGHf4gRINnmxvx9m5A,OK,91519,471579801001004
1696.18,35.086634,-89.96355199999999,ChIJW0XU3AGHf4gRINnmxvx9m5A,OK,91519,471579801001004
1662.544,35.06591589999999,-89.94154240000002,ChIJTUcfL2qGf4gRH4x-pmmajWw,OK,99863,471579801001004
1692.581,35.1490317,-90.0140679,ChIJw3q9_xV-1YcRqrte6yBn1CI,OK,106987,471570025001012
2414.819,35.1444038,-90.0168571,ChIJufYEjhR-1YcREff46W6Lons,OK,154340,471570025001012
1748.993,35.1546312,-89.79260459999999,ChIJ8UeuSEecf4gRniit7ubZLtM,OK,113277,471570211362060
1748.993,35.1546312,-89.79260459999999,ChIJ8UeuSEecf4gRniit7ubZLtM,OK,113277,471570211362060
2696.455,35.14868459999999,-89.7948203,ChIJ4w9Lr2qcf4gRHdzl9FciAFM,OK,166829,471570211362060
2030.581,35.1507888,-89.977317,ChIJdVWrOuqAf4gR-V7s1E3qo7g,OK,128781,471570016002015
2030.581,35.1507888,-89.977317,ChIJdVWrOuqAf4gR-V7s1E3qo7g,OK,128781,471570016002015
2069.047,35.1738374,-89.98954379999999,ChIJ_S0BIGOAf4gRU3Ph4W65cOQ,OK,157831,471570016002015
1548.085,35.1490317,-90.0140679,ChIJw3q9_xV-1YcRqrte6yBn1CI,OK,103156,471570025001011
1548.085,35.1490317,-90.0140679,ChIJw3q9_xV-1YcRqrte6yBn1CI,OK,103156,471570025001011
2270.323,35.1444038,-90.0168571,ChIJufYEjhR-1YcREff46W6Lons,OK,150509,471570025001011
1194.337,35.1490317,-90.0140679,ChIJw3q9_xV-1YcRqrte6yBn1CI,OK,90063,471570025001010
1194.337,35.1490317,-90.0140679,ChIJw3q9_xV-1YcRqrte6yBn1CI,OK,90063,471570025001010
1916.575,35.1444038,-90.0168571,ChIJufYEjhR-1YcREff46W6Lons,OK,137416,471570025001010
2431.15,35.1738374,-89.98954379999999,ChIJ_S0BIGOAf4gRU3Ph4W65cOQ,OK,153048,471570016002017
2431.15,35.1738374,-89.98954379999999,ChIJ_S0BIGOAf4gRU3Ph4W65cOQ,OK,153048,471570016002017
2421.77,35.142439,-90.006118,ChIJeUPo2Rt-1YcRdoG2a54M-d0,OK,154148,471570016002017
904.189,35.1490317,-90.0140679,ChIJw3q9_xV-1YcRqrte6yBn1CI,OK,58905,471570025001021
904.189,35.1490317,-90.0140679,ChIJw3q9_xV-1YcRqrte6yBn1CI,OK,58905,471570025001021
1626.427,35.1444038,-90.0168571,ChIJufYEjhR-1YcREff46W6Lons,OK,106258,471570025001021
1063.341,35.1490317,-90.0140679,ChIJw3q9_xV-1YcRqrte6yBn1CI,OK,70459,471570025001009
1063.341,35.1490317,-90.0140679,ChIJw3q9_xV-1YcRqrte6yBn1CI,OK,70459,471570025001009
1785.579,35.1444038,-90.0168571,ChIJufYEjhR-1YcREff46W6Lons,OK,117812,471570025001009
1237.511,35.1497164,-89.95515999999999,ChIJcQb6ehiBf4gR-uA54eRPNq8,OK,118366,471570014001011
1237.511,35.1497164,-89.95515999999999,ChIJcQb6ehiBf4gR-uA54eRPNq8,OK,118366,471570014001011
1656.138,35.167095,-89.950496,ChIJecYfJgmBf4gRJh-YY67U6V8,OK,128431,471570014001011
910.115,35.1490317,-90.0140679,ChIJw3q9_xV-1YcRqrte6yBn1CI,OK,59616,471570017003012
910.115,35.1490317,-90.0140679,ChIJw3q9_xV-1YcRqrte6yBn1CI,OK,59616,471570017003012
1632.353,35.1444038,-90.0168571,ChIJufYEjhR-1YcREff46W6Lons,OK,106969,471570017003012
1107.002,35.1490317,-90.0140679,ChIJw3q9_xV-1YcRqrte6yBn1CI,OK,75699,471570017003013
1107.002,35.1490317,-90.0140679,ChIJw3q9_xV-1YcRqrte6yBn1CI,OK,75699,471570017003013
1829.24,35.1444038,-90.0168571,ChIJufYEjhR-1YcREff46W6Lons,OK,123052,471570017003013
323.562,35.19067459999999,-89.8489943,ChIJ364PGjWdf4gRKbsrGLq8_XQ,OK,21946,471570211111008
323.562,35.19067459999999,-89.8489943,ChIJ364PGjWdf4gRKbsrGLq8_XQ,OK,21946,471570211111008
2310.449,35.1927931,-89.86922029999999,ChIJAQAAAMCCf4gRZL0qi0KLjtw,OK,163796,471570211111008
935.917,35.19067459999999,-89.8489943,ChIJ364PGjWdf4gRKbsrGLq8_XQ,OK,68570,471570211111006
935.917,35.19067459999999,-89.8489943,ChIJ364PGjWdf4gRKbsrGLq8_XQ,OK,68570,471570211111006
2922.804,35.1927931,-89.86922029999999,ChIJAQAAAMCCf4gRZL0qi0KLjtw,OK,210420,471570211111006
1276.407,35.19067459999999,-89.8489943,ChIJ364PGjWdf4gRKbsrGLq8_XQ,OK,117079,471570211111011
1276.407,35.19067459999999,-89.8489943,ChIJ364PGjWdf4gRKbsrGLq8_XQ,OK,117079,471570211111011
5926.486,35.16339899999999,-89.855841,ChIJA_xfkC6Df4gRAjVZwLz1jqA,OK,349917,471570211111011
2766.4,35.19067459999999,-89.8489943,ChIJ364PGjWdf4gRKbsrGLq8_XQ,OK,224110,471570211124001
2766.4,35.19067459999999,-89.8489943,ChIJ364PGjWdf4gRKbsrGLq8_XQ,OK,224110,471570211124001
4080.828,35.2045576,-89.81176689999999,ChIJ8ROix4Kdf4gR4Su-1OwAUMo,OK,296303,471570211124001
1234.322,35.19067459999999,-89.8489943,ChIJ364PGjWdf4gRKbsrGLq8_XQ,OK,112028,471570211111014
1234.322,35.19067459999999,-89.8489943,ChIJ364PGjWdf4gRKbsrGLq8_XQ,OK,112028,471570211111014
3221.209,35.1927931,-89.86922029999999,ChIJAQAAAMCCf4gRZL0qi0KLjtw,OK,253878,471570211111014
1452.711,35.19067459999999,-89.8489943,ChIJ364PGjWdf4gRKbsrGLq8_XQ,OK,138233,471570211111015
1452.711,35.19067459999999,-89.8489943,ChIJ364PGjWdf4gRKbsrGLq8_XQ,OK,138233,471570211111015
5766.943,35.16339899999999,-89.855841,ChIJA_xfkC6Df4gRAjVZwLz1jqA,OK,342921,471570211111015
1404.895,35.19067459999999,-89.8489943,ChIJ364PGjWdf4gRKbsrGLq8_XQ,OK,118627,471570211111012
1404.895,35.19067459999999,-89.8489943,ChIJ364PGjWdf4gRKbsrGLq8_XQ,OK,118627,471570211111012
2773.401,35.1835367,-89.8717722,ChIJv1U5XuiCf4gRMlXiIrwnbJo,OK,211159,471570211111012
1451.474,35.19067459999999,-89.8489943,ChIJ364PGjWdf4gRKbsrGLq8_XQ,OK,111852,471570211112009
1451.474,35.19067459999999,-89.8489943,ChIJ364PGjWdf4gRKbsrGLq8_XQ,OK,111852,471570211112009
2255.846,35.1835367,-89.8717722,ChIJv1U5XuiCf4gRMlXiIrwnbJo,OK,165169,471570211112009
2286.714,35.19067459999999,-89.8489943,ChIJ364PGjWdf4gRKbsrGLq8_XQ,OK,136477,471570211112006
2286.714,35.19067459999999,-89.8489943,ChIJ364PGjWdf4gRKbsrGLq8_XQ,OK,136477,471570211112006
3706.827,35.16339899999999,-89.855841,ChIJA_xfkC6Df4gRAjVZwLz1jqA,OK,217306,471570211112006
1558.579,35.19067459999999,-89.8489943,ChIJ364PGjWdf4gRKbsrGLq8_XQ,OK,124705,471570211112007
1558.579,35.19067459999999,-89.8489943,ChIJ364PGjWdf4gRKbsrGLq8_XQ,OK,124705,471570211112007
2161.597,35.1835367,-89.8717722,ChIJv1U5XuiCf4gRMlXiIrwnbJo,OK,153860,471570211112007
1659.285,35.19067459999999,-89.8489943,ChIJ364PGjWdf4gRKbsrGLq8_XQ,OK,136790,471570211112004
1659.285,35.19067459999999,-89.8489943,ChIJ364PGjWdf4gRKbsrGLq8_XQ,OK,136790,471570211112004
4061.661,35.16339899999999,-89.855841,ChIJA_xfkC6Df4gRAjVZwLz1jqA,OK,272017,471570211112004
2215.514,35.19067459999999,-89.8489943,ChIJ364PGjWdf4gRKbsrGLq8_XQ,OK,163841,471570211123021
2215.514,35.19067459999999,-89.8489943,ChIJ364PGjWdf4gRKbsrGLq8_XQ,OK,163841,471570211123021
3518.018,35.2045576,-89.81176689999999,ChIJ8ROix4Kdf4gR4Su-1OwAUMo,OK,252502,471570211123021
1179.241,35.1489345,-89.89838259999999,ChIJaTBvX72Df4gRiyFT0LQMnrQ,OK,81643,471570086003003
1259.786,35.148225,-89.89748700000001,ChIJC8t095eDf4gRGuXK3FleZyg,OK,86476,471570086003003
750.147,35.148225,-89.89748700000001,ChIJC8t095eDf4gRGuXK3FleZyg,OK,56306,471570086003031
750.147,35.148225,-89.89748700000001,ChIJC8t095eDf4gRGuXK3FleZyg,OK,56306,471570086003031
830.693,35.1489345,-89.89838259999999,ChIJaTBvX72Df4gRiyFT0LQMnrQ,OK,61138,471570086003031
2614.827,35.1804299,-89.9263818,ChIJIfvtv4eBf4gRJLjVGBpAzmc,OK,174542,471570088001013
2614.827,35.1804299,-89.9263818,ChIJIfvtv4eBf4gRJLjVGBpAzmc,OK,174542,471570088001013
2645.865,35.14859919999999,-89.91828060000002,ChIJRflgf-eDf4gRHX_XNYKER-s,OK,196953,471570088001013
2709.308,35.1804299,-89.9263818,ChIJIfvtv4eBf4gRJLjVGBpAzmc,OK,185879,471570088001012
2709.308,35.1804299,-89.9263818,ChIJIfvtv4eBf4gRJLjVGBpAzmc,OK,185879,471570088001012
2740.345,35.14859919999999,-89.91828060000002,ChIJRflgf-eDf4gRHX_XNYKER-s,OK,208290,471570088001012
2537.177,35.1804299,-89.9263818,ChIJIfvtv4eBf4gRJLjVGBpAzmc,OK,165225,471570088001015
2537.177,35.1804299,-89.9263818,ChIJIfvtv4eBf4gRJLjVGBpAzmc,OK,165225,471570088001015
2568.215,35.14859919999999,-89.91828060000002,ChIJRflgf-eDf4gRHX_XNYKER-s,OK,187636,471570088001015
2843.376,35.148225,-89.89748700000001,ChIJC8t095eDf4gRGuXK3FleZyg,OK,213111,471570092004012
2843.376,35.148225,-89.89748700000001,ChIJC8t095eDf4gRGuXK3FleZyg,OK,213111,471570092004012
2923.921,35.1489345,-89.89838259999999,ChIJaTBvX72Df4gRiyFT0LQMnrQ,OK,217943,471570092004012
3982.181,35.0614623,-89.8536277,ChIJ4TWJkTWFf4gRbkNZYfkF9Jw,OK,261008,471570213311003
3982.181,35.0614623,-89.8536277,ChIJ4TWJkTWFf4gRbkNZYfkF9Jw,OK,261008,471570213311003
4066.953,35.0512763,-89.8427476,ChIJ7VPJ3q-af4gRdxERIyaZ0gk,OK,267196,471570213311003
1564.943,35.1145886,-89.90089789999999,ChIJKWmlFW6Ef4gR0YNISWQMkss,OK,96239,471570096004018
1564.943,35.1145886,-89.90089789999999,ChIJKWmlFW6Ef4gR0YNISWQMkss,OK,96239,471570096004018
1534.977,35.1153996,-89.89414069999999,ChIJCb4NOWWEf4gR79YlPQoocW4,OK,101612,471570096004018
774.288,35.139426,-90.00714049999999,ChIJC-6kIBt-1YcRA1cskDtjsVc,OK,81293,471570034001009
1096.636,35.13763670000001,-90.00757159999999,ChIJl69WLQV-1YcRU3z7Tt2MyhY,OK,89575,471570035001000
1096.636,35.13763670000001,-90.00757159999999,ChIJl69WLQV-1YcRU3z7Tt2MyhY,OK,89575,471570035001000
1307.387,35.139426,-90.00714049999999,ChIJC-6kIBt-1YcRA1cskDtjsVc,OK,107697,471570035001000
2117.562,35.13763670000001,-90.00757159999999,ChIJl69WLQV-1YcRU3z7Tt2MyhY,OK,158891,471570035003014
2117.562,35.13763670000001,-90.00757159999999,ChIJl69WLQV-1YcRU3z7Tt2MyhY,OK,158891,471570035003014
2776.758,35.1157645,-90.022279,ChIJwZqBNMN91YcRRpdDvj5Pcr8,OK,166897,471570035003014
2379.631,35.1157645,-90.022279,ChIJwZqBNMN91YcRRpdDvj5Pcr8,OK,133800,471570035003016
2205.669,35.13763670000001,-90.00757159999999,ChIJl69WLQV-1YcRU3z7Tt2MyhY,OK,154907,471570035003016
2205.669,35.13763670000001,-90.00757159999999,ChIJl69WLQV-1YcRU3z7Tt2MyhY,OK,154907,471570035003016
2004.502,35.13763670000001,-90.00757159999999,ChIJl69WLQV-1YcRU3z7Tt2MyhY,OK,155669,471570035001014
2004.502,35.13763670000001,-90.00757159999999,ChIJl69WLQV-1YcRU3z7Tt2MyhY,OK,155669,471570035001014
2830.136,35.1157645,-90.022279,ChIJwZqBNMN91YcRRpdDvj5Pcr8,OK,173302,471570035001014
2669.134,35.1157645,-90.022279,ChIJwZqBNMN91YcRRpdDvj5Pcr8,OK,148090,471570062001003
2669.134,35.1157645,-90.022279,ChIJwZqBNMN91YcRRpdDvj5Pcr8,OK,148090,471570062001003
2895.015,35.13763670000001,-90.00757159999999,ChIJl69WLQV-1YcRU3z7Tt2MyhY,OK,177528,471570062001003
1538.69,35.1157645,-90.022279,ChIJwZqBNMN91YcRRpdDvj5Pcr8,OK,123787,471570062001011
1538.69,35.1157645,-90.022279,ChIJwZqBNMN91YcRRpdDvj5Pcr8,OK,123787,471570062001011
2259.81,35.1087458,-90.0211918,ChIJe6w2EsF91YcRquzVZc8M0-I,OK,165177,471570062001011
1953.912,35.1157645,-90.022279,ChIJwZqBNMN91YcRRpdDvj5Pcr8,OK,158402,471570062001002
1953.912,35.1157645,-90.022279,ChIJwZqBNMN91YcRRpdDvj5Pcr8,OK,158402,471570062001002
3316.458,35.13763670000001,-90.00757159999999,ChIJl69WLQV-1YcRU3z7Tt2MyhY,OK,210005,471570062001002
2185.085,35.13763670000001,-90.00757159999999,ChIJl69WLQV-1YcRU3z7Tt2MyhY,OK,166994,471570035001015
2185.085,35.13763670000001,-90.00757159999999,ChIJl69WLQV-1YcRU3z7Tt2MyhY,OK,166994,471570035001015
1966.102,35.1157645,-90.022279,ChIJwZqBNMN91YcRRpdDvj5Pcr8,OK,169880,471570035001015
6477.731,35.098685,-90.05664899999999,ChIJ31qwBkJ81YcRk2V5pdmdhrM,OK,507879,471579802001018
6477.731,35.098685,-90.05664899999999,ChIJ31qwBkJ81YcRk2V5pdmdhrM,OK,507879,471579802001018
6866.723,35.095133,-90.05542799999999,ChIJATnUo0J81YcRpbAuNwXeqRw,OK,529423,471579802001018
6572.42,35.098685,-90.05664899999999,ChIJ31qwBkJ81YcRk2V5pdmdhrM,OK,521675,471579802001036
6572.42,35.098685,-90.05664899999999,ChIJ31qwBkJ81YcRk2V5pdmdhrM,OK,521675,471579802001036
6961.412,35.095133,-90.05542799999999,ChIJATnUo0J81YcRpbAuNwXeqRw,OK,543219,471579802001036
2633.631,35.02379430000001,-89.96377079999999,ChIJDVntamKIf4gRlF5S6rdAlgc,OK,193537,471570219004023
2633.631,35.02379430000001,-89.96377079999999,ChIJDVntamKIf4gRlF5S6rdAlgc,OK,193537,471570219004023
3216.296,35.02099699999999,-89.93544,ChIJW6hY3LmIf4gRWjIeu9tMgvU,OK,224320,471570219004023
3708.319,35.015991,-89.935953,ChIJSSHzkseIf4gRnqbOP98HojY,OK,263236,471570219004014
3708.319,35.015991,-89.935953,ChIJSSHzkseIf4gRnqbOP98HojY,OK,263236,471570219004014
3773.995,35.02379430000001,-89.96377079999999,ChIJDVntamKIf4gRlF5S6rdAlgc,OK,268370,471570219004014
1818.017,35.02379430000001,-89.96377079999999,ChIJDVntamKIf4gRlF5S6rdAlgc,OK,116265,471570219003002
1818.017,35.02379430000001,-89.96377079999999,ChIJDVntamKIf4gRlF5S6rdAlgc,OK,116265,471570219003002
2400.682,35.02099699999999,-89.93544,ChIJW6hY3LmIf4gRWjIeu9tMgvU,OK,147048,471570219003002
1101.922,35.086634,-89.96355199999999,ChIJW0XU3AGHf4gRINnmxvx9m5A,OK,60053,471579801001012
1101.922,35.086634,-89.96355199999999,ChIJW0XU3AGHf4gRINnmxvx9m5A,OK,60053,471579801001012
1576.464,35.0904795,-89.96597299999999,ChIJHfaNmAOHf4gR1d8V2K9rfSU,OK,86334,471579801001012
798.489,35.015991,-89.935953,ChIJSSHzkseIf4gRnqbOP98HojY,OK,78286,471570219002000
798.489,35.015991,-89.935953,ChIJSSHzkseIf4gRnqbOP98HojY,OK,78286,471570219002000
906.607,35.02099699999999,-89.93544,ChIJW6hY3LmIf4gRWjIeu9tMgvU,OK,84272,471570219002000
970.779,35.02099699999999,-89.93544,ChIJW6hY3LmIf4gRWjIeu9tMgvU,OK,60963,471570219002003
970.779,35.02099699999999,-89.93544,ChIJW6hY3LmIf4gRWjIeu9tMgvU,OK,60963,471570219002003
1357.824,35.015991,-89.935953,ChIJSSHzkseIf4gRnqbOP98HojY,OK,82397,471570219002003
703.917,35.02099699999999,-89.93544,ChIJW6hY3LmIf4gRWjIeu9tMgvU,OK,44318,471570219002002
703.917,35.02099699999999,-89.93544,ChIJW6hY3LmIf4gRWjIeu9tMgvU,OK,44318,471570219002002
1090.963,35.015991,-89.935953,ChIJSSHzkseIf4gRnqbOP98HojY,OK,65752,471570219002002
1901.047,35.20808669999999,-89.89363879999999,ChIJa1RCwHuCf4gRSSG3nO4uWeI,OK,171206,471570205412022
1646.117,35.223866,-89.90499,ChIJJRXCRJh4f4gRcTFbl9qZzNM,OK,192167,471570205412022
1646.117,35.223866,-89.90499,ChIJJRXCRJh4f4gRcTFbl9qZzNM,OK,192167,471570205412022
1828.165,35.109859,-89.99141100000001,ChIJs6JbpFyHf4gR9O01gG0a7fQ,OK,112449,471570063001010
2286.032,35.13774119999999,-89.99713,ChIJtwtohKiAf4gRFxkNLUf9PgA,OK,150821,471570063001010
1594.014,35.109859,-89.99141100000001,ChIJs6JbpFyHf4gR9O01gG0a7fQ,OK,98310,471570063003002
1594.014,35.109859,-89.99141100000001,ChIJs6JbpFyHf4gR9O01gG0a7fQ,OK,98310,471570063003002
2396.074,35.107529,-89.9862127,ChIJ0WGfSUKHf4gRjDLrfGQwCV4,OK,149191,471570063003002
1316.968,35.109859,-89.99141100000001,ChIJs6JbpFyHf4gR9O01gG0a7fQ,OK,93253,471570063003008
1316.968,35.109859,-89.99141100000001,ChIJs6JbpFyHf4gR9O01gG0a7fQ,OK,93253,471570063003008
2119.028,35.107529,-89.9862127,ChIJ0WGfSUKHf4gRjDLrfGQwCV4,OK,144134,471570063003008
1488.339,35.109859,-89.99141100000001,ChIJs6JbpFyHf4gR9O01gG0a7fQ,OK,92173,471570063003003
1488.339,35.109859,-89.99141100000001,ChIJs6JbpFyHf4gR9O01gG0a7fQ,OK,92173,471570063003003
2290.399,35.107529,-89.9862127,ChIJ0WGfSUKHf4gRjDLrfGQwCV4,OK,143054,471570063003003
1415.472,35.109859,-89.99141100000001,ChIJs6JbpFyHf4gR9O01gG0a7fQ,OK,108796,471570063003004
1415.472,35.109859,-89.99141100000001,ChIJs6JbpFyHf4gR9O01gG0a7fQ,OK,108796,471570063003004
2217.532,35.107529,-89.9862127,ChIJ0WGfSUKHf4gRjDLrfGQwCV4,OK,159677,471570063003004
1415.308,35.109859,-89.99141100000001,ChIJs6JbpFyHf4gR9O01gG0a7fQ,OK,108776,471570063003001
1415.308,35.109859,-89.99141100000001,ChIJs6JbpFyHf4gR9O01gG0a7fQ,OK,108776,471570063003001
2217.368,35.107529,-89.9862127,ChIJ0WGfSUKHf4gRjDLrfGQwCV4,OK,159657,471570063003001
1395.018,35.109859,-89.99141100000001,ChIJs6JbpFyHf4gR9O01gG0a7fQ,JSONDecodeError,77946,471570063003015
1395.018,35.109859,-89.99141100000001,ChIJs6JbpFyHf4gR9O01gG0a7fQ,JSONDecodeError,77946,471570063003015
2197.078,35.107529,-89.9862127,ChIJ0WGfSUKHf4gRjDLrfGQwCV4,JSONDecodeError,128827,471570063003015
926.923,35.109859,-89.99141100000001,ChIJs6JbpFyHf4gR9O01gG0a7fQ,OK,53088,471570063003013
926.923,35.109859,-89.99141100000001,ChIJs6JbpFyHf4gR9O01gG0a7fQ,OK,53088,471570063003013
1728.983,35.107529,-89.9862127,ChIJ0WGfSUKHf4gRjDLrfGQwCV4,OK,103969,471570063003013
1863.722,35.1087458,-90.0211918,ChIJe6w2EsF91YcRquzVZc8M0-I,OK,124384,471570065002015
1864.363,35.10874099999999,-90.021185,ChIJrVbiDcF91YcRG9TBOTpHc3I,OK,124461,471570065002015
1291.491,35.1087458,-90.0211918,ChIJe6w2EsF91YcRquzVZc8M0-I,OK,96646,471570060001010
1291.491,35.1087458,-90.0211918,ChIJe6w2EsF91YcRquzVZc8M0-I,OK,96646,471570060001010
1292.132,35.10874099999999,-90.021185,ChIJrVbiDcF91YcRG9TBOTpHc3I,OK,96723,471570060001010
3038.605,35.1087458,-90.0211918,ChIJe6w2EsF91YcRquzVZc8M0-I,OK,195899,471570078221026
3038.605,35.1087458,-90.0211918,ChIJe6w2EsF91YcRquzVZc8M0-I,OK,195899,471570078221026
3039.246,35.10874099999999,-90.021185,ChIJrVbiDcF91YcRG9TBOTpHc3I,OK,195976,471570078221026
1826.567,35.1087458,-90.0211918,ChIJe6w2EsF91YcRquzVZc8M0-I,OK,126678,471570060002000
1826.567,35.1087458,-90.0211918,ChIJe6w2EsF91YcRquzVZc8M0-I,OK,126678,471570060002000
1827.209,35.10874099999999,-90.021185,ChIJrVbiDcF91YcRG9TBOTpHc3I,OK,126755,471570060002000
2120.707,35.1087458,-90.0211918,ChIJe6w2EsF91YcRquzVZc8M0-I,OK,145135,471570078102061
2120.707,35.1087458,-90.0211918,ChIJe6w2EsF91YcRquzVZc8M0-I,OK,145135,471570078102061
2121.348,35.10874099999999,-90.021185,ChIJrVbiDcF91YcRG9TBOTpHc3I,OK,145212,471570078102061
2342.882,35.1087458,-90.0211918,ChIJe6w2EsF91YcRquzVZc8M0-I,OK,179178,471570078102019
2342.882,35.1087458,-90.0211918,ChIJe6w2EsF91YcRquzVZc8M0-I,OK,179178,471570078102019
2343.523,35.10874099999999,-90.021185,ChIJrVbiDcF91YcRG9TBOTpHc3I,OK,179255,471570078102019
1993.861,35.1161637,-89.9446263,ChIJ-ZiED8iGf4gR32IlfgDBKWY,OK,146798,471570070002002
2603.695,35.12545849999999,-89.97454169999999,ChIJoyT3HjOHf4gRS6EdHckmff8,OK,188207,471570070002002
1801.85,35.1161637,-89.9446263,ChIJ-ZiED8iGf4gR32IlfgDBKWY,OK,123757,471570070002001
1801.85,35.1161637,-89.9446263,ChIJ-ZiED8iGf4gR32IlfgDBKWY,OK,123757,471570070002001
2411.683,35.12545849999999,-89.97454169999999,ChIJoyT3HjOHf4gRS6EdHckmff8,OK,165166,471570070002001
3316.794,35.0854368,-89.89541919999999,ChIJf5cc-VKEf4gRF-lYLgijYQQ,OK,189560,471570107102002
3316.794,35.0854368,-89.89541919999999,ChIJf5cc-VKEf4gRF-lYLgijYQQ,OK,189560,471570107102002
3249.565,35.0612606,-89.88628629999999,ChIJAQ_I1gqFf4gRFrt5yQeAEps,OK,205471,471570107102002
3489.029,35.2044739,-89.76342459999999,ChIJ3XsJxyKef4gRTeWb3lonWsU,OK,244698,471570211413010
3489.029,35.2044739,-89.76342459999999,ChIJ3XsJxyKef4gRTeWb3lonWsU,OK,244698,471570211413010
5277.903,35.2064292,-89.73436359999999,ChIJP6qgZdGff4gRQoIww3TX5kM,OK,294751,471570211413010
3888.896,35.14868459999999,-89.7948203,ChIJ4w9Lr2qcf4gRHdzl9FciAFM,OK,249408,471570211401019
3888.896,35.14868459999999,-89.7948203,ChIJ4w9Lr2qcf4gRHdzl9FciAFM,OK,249408,471570211401019
4655.058,35.1546312,-89.79260459999999,ChIJ8UeuSEecf4gRniit7ubZLtM,OK,270107,471570211401019
1400.322,35.0344414,-89.8319559,ChIJfcC9SguQf4gR_xf02Tpo1-w,OK,130951,471570217444005
1400.322,35.0344414,-89.8319559,ChIJfcC9SguQf4gR_xf02Tpo1-w,OK,130951,471570217444005
1579.958,35.0220022,-89.82947999999999,ChIJxT9DeWuQf4gRf6HLF5uJHd0,OK,139800,471570217444005
579.142,35.1738374,-89.98954379999999,ChIJ_S0BIGOAf4gRU3Ph4W65cOQ,OK,42499,471570006002021
1025.904,35.17410499999999,-89.97575479999999,ChIJmfYTGFmAf4gRHGKCaD0qCtI,OK,69299,471570006002021
478.862,35.1738374,-89.98954379999999,ChIJ_S0BIGOAf4gRU3Ph4W65cOQ,OK,35471,471570006002017
478.862,35.1738374,-89.98954379999999,ChIJ_S0BIGOAf4gRU3Ph4W65cOQ,OK,35471,471570006002017
1092.453,35.17410499999999,-89.97575479999999,ChIJmfYTGFmAf4gRHGKCaD0qCtI,OK,72279,471570006002017
648.79,35.1738374,-89.98954379999999,ChIJ_S0BIGOAf4gRU3Ph4W65cOQ,OK,50856,471570006002022
648.79,35.1738374,-89.98954379999999,ChIJ_S0BIGOAf4gRU3Ph4W65cOQ,OK,50856,471570006002022
1095.552,35.17410499999999,-89.97575479999999,ChIJmfYTGFmAf4gRHGKCaD0qCtI,OK,77656,471570006002022
737.391,35.222344,-89.97682999999999,ChIJ987Br45_f4gRjwrvnFN8t7k,OK,52112,471570102202002
737.391,35.222344,-89.97682999999999,ChIJ987Br45_f4gRjwrvnFN8t7k,OK,52112,471570102202002
1119.354,35.217526,-89.98935,ChIJKdhOoPd_f4gRbD5w-Ol3ovU,OK,77521,471570102202002
1518.19,35.222344,-89.97682999999999,ChIJ987Br45_f4gRjwrvnFN8t7k,OK,137328,471570102202012
1518.19,35.222344,-89.97682999999999,ChIJ987Br45_f4gRjwrvnFN8t7k,OK,137328,471570102202012
1617.529,35.217526,-89.98935,ChIJKdhOoPd_f4gRbD5w-Ol3ovU,OK,145781,471570102202012
1064.505,35.222344,-89.97682999999999,ChIJ987Br45_f4gRjwrvnFN8t7k,OK,82886,471570102202008
1064.505,35.222344,-89.97682999999999,ChIJ987Br45_f4gRjwrvnFN8t7k,OK,82886,471570102202008
1163.844,35.217526,-89.98935,ChIJKdhOoPd_f4gRbD5w-Ol3ovU,OK,91339,471570102202008
11478.621,35.16339899999999,-89.855841,ChIJA_xfkC6Df4gRAjVZwLz1jqA,OK,747044,471570214101029
696.653,35.1161637,-89.9446263,ChIJ-ZiED8iGf4gR32IlfgDBKWY,OK,55387,471570070001003
696.653,35.1161637,-89.9446263,ChIJ-ZiED8iGf4gR32IlfgDBKWY,OK,55387,471570070001003
1244.939,35.108097,-89.941227,ChIJwxJT-r6Gf4gRhLDuFpyb128,OK,84463,471570070001003
1091.621,35.1060329,-90.039159,ChIJ231bcjV81YcRQ1quDeYAd6M,OK,120528,471570059002006
1091.621,35.1060329,-90.039159,ChIJ231bcjV81YcRQ1quDeYAd6M,OK,120528,471570059002006
2163.835,35.125222,-90.048147,ChIJ9cKdtid81YcRKs9h6RjzQzw,OK,136855,471570059002006
1107.456,35.1060329,-90.039159,ChIJ231bcjV81YcRQ1quDeYAd6M,OK,128632,471570059002005
1107.456,35.1060329,-90.039159,ChIJ231bcjV81YcRQ1quDeYAd6M,OK,128632,471570059002005
2011.921,35.125222,-90.048147,ChIJ9cKdtid81YcRKs9h6RjzQzw,OK,130091,471570059002005
1865.703,35.125222,-90.048147,ChIJ9cKdtid81YcRKs9h6RjzQzw,OK,121995,471570059002004
1867.517,35.1251709,-90.0481695,ChIJybIJtCd81YcR9Otxws-5qCM,OK,122095,471570059002004
1867.517,35.1251709,-90.0481695,ChIJybIJtCd81YcR9Otxws-5qCM,OK,122095,471570059002004
3612.609,35.1145886,-89.90089789999999,ChIJKWmlFW6Ef4gR0YNISWQMkss,OK,299663,471570096001014
3612.609,35.1145886,-89.90089789999999,ChIJKWmlFW6Ef4gR0YNISWQMkss,OK,299663,471570096001014
3582.643,35.1153996,-89.89414069999999,ChIJCb4NOWWEf4gR79YlPQoocW4,OK,305036,471570096001014
259.539,35.0612606,-89.88628629999999,ChIJAQ_I1gqFf4gRFrt5yQeAEps,OK,32346,471570108202005
259.539,35.0612606,-89.88628629999999,ChIJAQ_I1gqFf4gRFrt5yQeAEps,OK,32346,471570108202005
632.448,35.0632829,-89.88727279999999,ChIJvVoQ4QqFf4gRItXZGUDZ-Hc,OK,70646,471570108202005
159.241,35.05905920000001,-89.9340455,ChIJM89Mbw2Gf4gRFqf4fPnKU7k,OK,25789,471570105001026
159.241,35.05905920000001,-89.9340455,ChIJM89Mbw2Gf4gRFqf4fPnKU7k,OK,25789,471570105001026
1535.822,35.0515544,-89.92255089999999,ChIJG_UFGuOFf4gRyHNDzwp5is0,OK,98248,471570105001026
1030.23,35.0512763,-89.8427476,ChIJ7VPJ3q-af4gRdxERIyaZ0gk,OK,72544,471570217262000
1030.23,35.0512763,-89.8427476,ChIJ7VPJ3q-af4gRdxERIyaZ0gk,OK,72544,471570217262000
1058.529,35.0614623,-89.8536277,ChIJ4TWJkTWFf4gRbkNZYfkF9Jw,OK,72618,471570217262000
1849.134,35.0512763,-89.8427476,ChIJ7VPJ3q-af4gRdxERIyaZ0gk,OK,144258,471570217241022
1849.134,35.0512763,-89.8427476,ChIJ7VPJ3q-af4gRdxERIyaZ0gk,OK,144258,471570217241022
2231.325,35.049031,-89.841437,ChIJt6vl46-af4gRvoN8Yvkmx9A,OK,155300,471570217241022
910.093,35.0512763,-89.8427476,ChIJ7VPJ3q-af4gRdxERIyaZ0gk,OK,65891,471570217262008
910.093,35.0512763,-89.8427476,ChIJ7VPJ3q-af4gRdxERIyaZ0gk,OK,65891,471570217262008
1155.486,35.0490562,-89.84441600000001,ChIJCUulJK6af4gR7vOP_qSrYdM,OK,70881,471570217262008
2345.033,35.1546312,-89.79260459999999,ChIJ8UeuSEecf4gRniit7ubZLtM,OK,134955,471570211352004
2724.921,35.14868459999999,-89.7948203,ChIJ4w9Lr2qcf4gRHdzl9FciAFM,OK,154455,471570211352004
1996.475,35.1546312,-89.79260459999999,ChIJ8UeuSEecf4gRniit7ubZLtM,OK,110589,471570211261020
1996.475,35.1546312,-89.79260459999999,ChIJ8UeuSEecf4gRniit7ubZLtM,OK,110589,471570211261020
2376.362,35.14868459999999,-89.7948203,ChIJ4w9Lr2qcf4gRHdzl9FciAFM,OK,130089,471570211261020
2893.686,35.1546312,-89.79260459999999,ChIJ8UeuSEecf4gRniit7ubZLtM,OK,200791,471570211352009
2893.686,35.1546312,-89.79260459999999,ChIJ8UeuSEecf4gRniit7ubZLtM,OK,200791,471570211352009
3273.573,35.14868459999999,-89.7948203,ChIJ4w9Lr2qcf4gRHdzl9FciAFM,OK,220291,471570211352009
3059.403,35.1546312,-89.79260459999999,ChIJ8UeuSEecf4gRniit7ubZLtM,OK,220676,471570211352008
3059.403,35.1546312,-89.79260459999999,ChIJ8UeuSEecf4gRniit7ubZLtM,OK,220676,471570211352008
3439.291,35.14868459999999,-89.7948203,ChIJ4w9Lr2qcf4gRHdzl9FciAFM,OK,240176,471570211352008
3329.181,35.1546312,-89.79260459999999,ChIJ8UeuSEecf4gRniit7ubZLtM,OK,253048,471570211353010
3329.181,35.1546312,-89.79260459999999,ChIJ8UeuSEecf4gRniit7ubZLtM,OK,253048,471570211353010
3709.068,35.14868459999999,-89.7948203,ChIJ4w9Lr2qcf4gRHdzl9FciAFM,OK,272548,471570211353010
4005.324,35.218332,-90.00299799999999,ChIJfRCGEgGA1YcRsZsWP_dycDI,OK,243767,471570099022012
3565.803,35.21475480000001,-90.00354540000001,ChIJF6XvX_9_1YcRD4jlF4jzevw,OK,252534,471570099022012
5236.492,35.21475480000001,-90.00354540000001,ChIJF6XvX_9_1YcRD4jlF4jzevw,OK,483085,471570001001007
5236.492,35.21475480000001,-90.00354540000001,ChIJF6XvX_9_1YcRD4jlF4jzevw,OK,483085,471570001001007
9607.151,35.1439641,-90.0517892,ChIJL-0zBZR-1YcRj7p5p1WY4-g,OK,681886,471570001001007
6181.566,35.1439641,-90.0517892,ChIJL-0zBZR-1YcRj7p5p1WY4-g,OK,375739,471570001001012
6181.566,35.1439641,-90.0517892,ChIJL-0zBZR-1YcRj7p5p1WY4-g,OK,375739,471570001001012
6212.256,35.1435177,-90.0539328,ChIJ8VFg1pV-1YcRR9G8p0pZx6U,OK,376018,471570001001012
4923.981,35.1439641,-90.0517892,ChIJL-0zBZR-1YcRj7p5p1WY4-g,OK,287861,471570001001053
4935.887,35.1450994,-90.0538646,ChIJne6_s5V-1YcRn_LPaqiwhrk,OK,296158,471570001001053
4935.887,35.1450994,-90.0538646,ChIJne6_s5V-1YcRn_LPaqiwhrk,OK,296158,471570001001053
2215.297,35.02100869999999,-89.8995317,ChIJ-f6gz22Pf4gR-rWEeLgd-68,OK,102449,471570226001112
2226.569,35.0209193,-89.8996561,ChIJxWQfy22Pf4gRlC1jxVU1A2g,OK,103074,471570226001112
1098.446,35.0745932,-89.9204618,ChIJPX58KNGFf4gRLgBWAHPwusk,OK,65905,471570106101037
2695.135,35.062945,-89.90568519999999,ChIJjxj9mL-Ff4gRoOEx9OzDyxs,OK,156946,471570106101037
2695.135,35.062945,-89.90568519999999,ChIJjxj9mL-Ff4gRoOEx9OzDyxs,OK,156946,471570106101037
1761.037,35.04677619999999,-89.8859339,ChIJycTJ_niFf4gR5esliSzp17E,OK,101339,471570226002030
1761.037,35.04677619999999,-89.8859339,ChIJycTJ_niFf4gR5esliSzp17E,OK,101339,471570226002030
2679.539,35.0508681,-89.88111619999999,ChIJ68PUi3CFf4gRLPYGzNKUdto,OK,156352,471570226002030
8722.789,35.16339899999999,-89.855841,ChIJA_xfkC6Df4gRAjVZwLz1jqA,OK,540889,471570213121005
8722.789,35.16339899999999,-89.855841,ChIJA_xfkC6Df4gRAjVZwLz1jqA,OK,540889,471570213121005
1913.509,35.104197,-89.98335349999999,ChIJNST6hGqHf4gR0Mml4gyjQWk,OK,110900,471570078103014
1913.509,35.104197,-89.98335349999999,ChIJNST6hGqHf4gR0Mml4gyjQWk,OK,110900,471570078103014
2026.507,35.107529,-89.9862127,ChIJ0WGfSUKHf4gRjDLrfGQwCV4,OK,122021,471570078103014
10719.687,35.061362,-90.05986399999999,ChIJL_Gh8ZV81YcRDlMHRKqR_IA,OK,601566,471579803001036
13530.886,35.0326981,-90.07589809999999,ChIJ9S1ljalk1YcRvuG-_hbpimA,OK,785327,471579803001036
13530.886,35.0326981,-90.07589809999999,ChIJ9S1ljalk1YcRvuG-_hbpimA,OK,785327,471579803001036
895.223,35.1251709,-90.0481695,ChIJybIJtCd81YcR9Otxws-5qCM,OK,60775,471570050001003
895.223,35.1251709,-90.0481695,ChIJybIJtCd81YcR9Otxws-5qCM,OK,60775,471570050001003
897.037,35.125222,-90.048147,ChIJ9cKdtid81YcRKs9h6RjzQzw,OK,60876,471570050001003
712.363,35.0614623,-89.8536277,ChIJ4TWJkTWFf4gRbkNZYfkF9Jw,OK,60803,471570217213000
712.363,35.0614623,-89.8536277,ChIJ4TWJkTWFf4gRbkNZYfkF9Jw,OK,60803,471570217213000
1403.632,35.0493493,-89.855357,ChIJH2Nw4lGFf4gRq0vxk4n5iAE,OK,100489,471570217213000
1611.135,35.125222,-90.048147,ChIJ9cKdtid81YcRKs9h6RjzQzw,OK,101469,471570045001007
1612.949,35.1251709,-90.0481695,ChIJybIJtCd81YcR9Otxws-5qCM,OK,101569,471570045001007
1574.12,35.125222,-90.048147,ChIJ9cKdtid81YcRKs9h6RjzQzw,OK,121055,471570045001001
1574.12,35.125222,-90.048147,ChIJ9cKdtid81YcRKs9h6RjzQzw,OK,121055,471570045001001
1575.934,35.1251709,-90.0481695,ChIJybIJtCd81YcR9Otxws-5qCM,OK,121155,471570045001001
1300.068,35.00495799999999,-90.0276544,ChIJuXbrrfFi1YcR97C4vX-T9Zk,OK,100712,471570221211021
839.686,35.0068452,-90.00681259999999,ChIJz3G0Jpti1YcRMCYWHOflqrA,OK,70790,471570221212017
839.686,35.0068452,-90.00681259999999,ChIJz3G0Jpti1YcRMCYWHOflqrA,OK,70790,471570221212017
2226.217,34.993343,-90.00823899999999,ChIJk-nxFn1i1YcRBckohHLWoho,OK,153980,471570221212017
2380.607,35.19067459999999,-89.8489943,ChIJ364PGjWdf4gRKbsrGLq8_XQ,OK,183651,471570211123022
2380.607,35.19067459999999,-89.8489943,ChIJ364PGjWdf4gRKbsrGLq8_XQ,OK,183651,471570211123022
3683.111,35.2045576,-89.81176689999999,ChIJ8ROix4Kdf4gR4Su-1OwAUMo,OK,272312,471570211123022
540.708,35.2023757,-89.9218691,ChIJvw7rwByCf4gRrAscHKjp1Iw,OK,52288,471570205421007
540.708,35.2023757,-89.9218691,ChIJvw7rwByCf4gRrAscHKjp1Iw,OK,52288,471570205421007
675.349,35.210167,-89.919383,ChIJi0gqlgaCf4gRjUvfmHxGMyw,OK,76967,471570205421007
2857.975,35.222344,-89.97682999999999,ChIJ987Br45_f4gRjwrvnFN8t7k,OK,209666,471570103001017
806.515,35.02138900000001,-89.996898,ChIJz3MQkR6If4gRIBgmNH-BQcg,OK,88651,471570221222000
2857.975,35.222344,-89.97682999999999,ChIJ987Br45_f4gRjwrvnFN8t7k,OK,209666,471570103001017
806.515,35.02138900000001,-89.996898,ChIJz3MQkR6If4gRIBgmNH-BQcg,OK,88651,471570221222000
2859.828,35.2227028,-89.97692290000001,ChIJ987Br45_f4gRMoYIhCny13Q,OK,221858,471570103001017
1907.687,35.0068452,-90.00681259999999,ChIJz3G0Jpti1YcRMCYWHOflqrA,OK,144660,471570221222000
2779.254,35.06128,-90.05978399999999,ChIJm06f8ZV81YcRTjzAsJPcBKY,OK,220958,471570222202004
2779.254,35.06128,-90.05978399999999,ChIJm06f8ZV81YcRTjzAsJPcBKY,OK,220958,471570222202004
3444.292,35.0543926,-90.0597009,ChIJT5TzUbl81YcRiPqNjkbj9CA,OK,221103,471570222202004
3289.509,35.1546312,-89.79260459999999,ChIJ8UeuSEecf4gRniit7ubZLtM,OK,248287,471570211352013
3289.509,35.1546312,-89.79260459999999,ChIJ8UeuSEecf4gRniit7ubZLtM,OK,248287,471570211352013
3669.397,35.14868459999999,-89.7948203,ChIJ4w9Lr2qcf4gRHdzl9FciAFM,OK,267787,471570211352013
1678.064,35.1087458,-90.0211918,ChIJe6w2EsF91YcRquzVZc8M0-I,OK,100252,471570078102011
1678.064,35.1087458,-90.0211918,ChIJe6w2EsF91YcRquzVZc8M0-I,OK,100252,471570078102011
2444.745,35.125222,-90.048147,ChIJ9cKdtid81YcRKs9h6RjzQzw,OK,154412,471570037001011
1678.706,35.10874099999999,-90.021185,ChIJrVbiDcF91YcRG9TBOTpHc3I,OK,100329,471570078102011
2444.745,35.125222,-90.048147,ChIJ9cKdtid81YcRKs9h6RjzQzw,OK,154412,471570037001011
2446.559,35.1251709,-90.0481695,ChIJybIJtCd81YcR9Otxws-5qCM,OK,154512,471570037001011
2587.741,35.21475480000001,-90.00354540000001,ChIJF6XvX_9_1YcRD4jlF4jzevw,OK,186878,471570101204004
2587.741,35.21475480000001,-90.00354540000001,ChIJF6XvX_9_1YcRD4jlF4jzevw,OK,186878,471570101204004
3199.865,35.218332,-90.00299799999999,ChIJfRCGEgGA1YcRsZsWP_dycDI,OK,195825,471570101204004
2868.752,35.2044739,-89.76342459999999,ChIJ3XsJxyKef4gRTeWb3lonWsU,OK,221317,471570211413013
2868.752,35.2044739,-89.76342459999999,ChIJ3XsJxyKef4gRTeWb3lonWsU,OK,221317,471570211413013
4559.168,35.2074362,-89.7805166,ChIJ62ATRfudf4gRPIrPAXGVsiQ,OK,352803,471570211413013
1585.863,35.1490317,-90.0140679,ChIJw3q9_xV-1YcRqrte6yBn1CI,OK,108041,471570017001044
1585.863,35.1490317,-90.0140679,ChIJw3q9_xV-1YcRqrte6yBn1CI,OK,108041,471570017001044
1821.042,35.142439,-90.006118,ChIJeUPo2Rt-1YcRdoG2a54M-d0,OK,138283,471570017001044
2501.439,35.148225,-89.89748700000001,ChIJC8t095eDf4gRGuXK3FleZyg,OK,189891,471570092004000
2501.439,35.148225,-89.89748700000001,ChIJC8t095eDf4gRGuXK3FleZyg,OK,189891,471570092004000
2581.985,35.1489345,-89.89838259999999,ChIJaTBvX72Df4gRiyFT0LQMnrQ,OK,194723,471570092004000
1022.026,35.1060329,-90.039159,ChIJ231bcjV81YcRQ1quDeYAd6M,OK,112177,471570059002007
1022.026,35.1060329,-90.039159,ChIJ231bcjV81YcRQ1quDeYAd6M,OK,112177,471570059002007
2233.43,35.125222,-90.048147,ChIJ9cKdtid81YcRKs9h6RjzQzw,OK,145206,471570059002007
2903.914,35.0326981,-90.07589809999999,ChIJ9S1ljalk1YcRvuG-_hbpimA,OK,172464,471570223105015
2903.914,35.0326981,-90.07589809999999,ChIJ9S1ljalk1YcRvuG-_hbpimA,OK,172464,471570223105015
3640.741,35.02753099999999,-90.082077,ChIJK66rdetk1YcRwwxI9gDREks,OK,214211,471570223105015
6581.325,35.098685,-90.05664899999999,ChIJ31qwBkJ81YcRk2V5pdmdhrM,OK,522744,471579802001037
6581.325,35.098685,-90.05664899999999,ChIJ31qwBkJ81YcRk2V5pdmdhrM,OK,522744,471579802001037
6970.318,35.095133,-90.05542799999999,ChIJATnUo0J81YcRpbAuNwXeqRw,OK,544288,471579802001037
964.852,35.16339899999999,-89.855841,ChIJA_xfkC6Df4gRAjVZwLz1jqA,OK,75060,471570211223004
964.852,35.16339899999999,-89.855841,ChIJA_xfkC6Df4gRAjVZwLz1jqA,OK,75060,471570211223004
1040.008,35.1623785,-89.8566175,ChIJXQHWWS6Df4gRqhH5EQ9H1j0,OK,84025,471570211223004
2107.007,35.086634,-89.96355199999999,ChIJW0XU3AGHf4gRINnmxvx9m5A,OK,134223,471579801001005
2107.007,35.086634,-89.96355199999999,ChIJW0XU3AGHf4gRINnmxvx9m5A,OK,134223,471579801001005
2073.372,35.06591589999999,-89.94154240000002,ChIJTUcfL2qGf4gRH4x-pmmajWw,OK,142567,471579801001005
2665.095,35.2044739,-89.76342459999999,ChIJ3XsJxyKef4gRTeWb3lonWsU,OK,212472,471570211413003
2665.095,35.2044739,-89.76342459999999,ChIJ3XsJxyKef4gRTeWb3lonWsU,OK,212472,471570211413003
4355.51,35.2074362,-89.7805166,ChIJ62ATRfudf4gRPIrPAXGVsiQ,OK,343958,471570211413003
1804.833,35.1087458,-90.0211918,ChIJe6w2EsF91YcRquzVZc8M0-I,OK,114612,471570078102010
1804.833,35.1087458,-90.0211918,ChIJe6w2EsF91YcRquzVZc8M0-I,OK,114612,471570078102010
1805.475,35.10874099999999,-90.021185,ChIJrVbiDcF91YcRG9TBOTpHc3I,OK,114689,471570078102010
2371.175,35.21475480000001,-90.00354540000001,ChIJF6XvX_9_1YcRD4jlF4jzevw,OK,168961,471570101204000
2371.175,35.21475480000001,-90.00354540000001,ChIJF6XvX_9_1YcRD4jlF4jzevw,OK,168961,471570101204000
2769.664,35.218332,-90.00299799999999,ChIJfRCGEgGA1YcRsZsWP_dycDI,OK,192870,471570101204000
1851.082,35.1507888,-89.977317,ChIJdVWrOuqAf4gR-V7s1E3qo7g,OK,118949,471570028003000
1851.082,35.1507888,-89.977317,ChIJdVWrOuqAf4gR-V7s1E3qo7g,OK,118949,471570028003000
1921.752,35.1507888,-89.977317,ChIJdVWrOuqAf4gR-V7s1E3qo7g,OK,122304,471570016002018
1700.506,35.1497164,-89.95515999999999,ChIJcQb6ehiBf4gR-uA54eRPNq8,OK,131904,471570028003000
156.781,35.1439641,-90.0517892,ChIJL-0zBZR-1YcRj7p5p1WY4-g,OK,10844,471570042002011
156.781,35.1439641,-90.0517892,ChIJL-0zBZR-1YcRj7p5p1WY4-g,OK,10844,471570042002011
187.471,35.1435177,-90.0539328,ChIJ8VFg1pV-1YcRR9G8p0pZx6U,OK,11123,471570042002011
3034.21,35.1075089,-89.9318387,ChIJVboYU6KGf4gRHfEHUi8Izac,OK,198713,471570029005015
3042.735,35.1161637,-89.9446263,ChIJ-ZiED8iGf4gR32IlfgDBKWY,OK,205293,471570029005015
3042.735,35.1161637,-89.9446263,ChIJ-ZiED8iGf4gR32IlfgDBKWY,OK,205293,471570029005015
1210.139,35.109859,-89.99141100000001,ChIJs6JbpFyHf4gR9O01gG0a7fQ,OK,70080,471570063003009
1210.139,35.109859,-89.99141100000001,ChIJs6JbpFyHf4gR9O01gG0a7fQ,OK,70080,471570063003009
2012.199,35.107529,-89.9862127,ChIJ0WGfSUKHf4gRjDLrfGQwCV4,OK,120961,471570063003009
1757.437,35.0512763,-89.8427476,ChIJ7VPJ3q-af4gRdxERIyaZ0gk,OK,133255,471570217241003
699.665,35.1804299,-89.9263818,ChIJIfvtv4eBf4gRJLjVGBpAzmc,OK,55210,471570088002025
699.665,35.1804299,-89.9263818,ChIJIfvtv4eBf4gRJLjVGBpAzmc,OK,55210,471570088002025
1655.78,35.183951,-89.93106899999999,ChIJWQ0EIo-Bf4gR6cuqlCcQuNw,OK,134299,471570088002025
1757.437,35.0512763,-89.8427476,ChIJ7VPJ3q-af4gRdxERIyaZ0gk,OK,133255,471570217241003
2139.629,35.049031,-89.841437,ChIJt6vl46-af4gRvoN8Yvkmx9A,OK,144297,471570217241003
4643.527,35.222344,-89.97682999999999,ChIJ987Br45_f4gRjwrvnFN8t7k,OK,295729,471570205124005
4643.527,35.222344,-89.97682999999999,ChIJ987Br45_f4gRjwrvnFN8t7k,OK,295729,471570205124005
5747.042,35.183951,-89.93106899999999,ChIJWQ0EIo-Bf4gR6cuqlCcQuNw,OK,321625,471570205124005
1213.25,35.0614623,-89.8536277,ChIJ4TWJkTWFf4gRbkNZYfkF9Jw,OK,95376,471570217213004
1213.25,35.0614623,-89.8536277,ChIJ4TWJkTWFf4gRbkNZYfkF9Jw,OK,95376,471570217213004
1204.135,35.0493493,-89.855357,ChIJH2Nw4lGFf4gRq0vxk4n5iAE,OK,96272,471570217213004
1091.655,35.086634,-89.96355199999999,ChIJW0XU3AGHf4gRINnmxvx9m5A,OK,119227,471570081202015
1091.655,35.086634,-89.96355199999999,ChIJW0XU3AGHf4gRINnmxvx9m5A,OK,119227,471570081202015
1566.197,35.0904795,-89.96597299999999,ChIJHfaNmAOHf4gR1d8V2K9rfSU,OK,145508,471570081202015
770.774,35.1439641,-90.0517892,ChIJL-0zBZR-1YcRj7p5p1WY4-g,OK,60459,471570114002019
770.774,35.1439641,-90.0517892,ChIJL-0zBZR-1YcRj7p5p1WY4-g,OK,60459,471570114002019
801.464,35.1435177,-90.0539328,ChIJ8VFg1pV-1YcRR9G8p0pZx6U,OK,60738,471570114002019
896.041,35.109859,-89.99141100000001,ChIJs6JbpFyHf4gR9O01gG0a7fQ,OK,66361,471570064001006
896.041,35.109859,-89.99141100000001,ChIJs6JbpFyHf4gR9O01gG0a7fQ,OK,66361,471570064001006
1698.101,35.107529,-89.9862127,ChIJ0WGfSUKHf4gRjDLrfGQwCV4,OK,117242,471570064001006
868.894,35.1804299,-89.9263818,ChIJIfvtv4eBf4gRJLjVGBpAzmc,OK,64513,471570088002028
868.894,35.1804299,-89.9263818,ChIJIfvtv4eBf4gRJLjVGBpAzmc,OK,64513,471570088002028
1825.008,35.183951,-89.93106899999999,ChIJWQ0EIo-Bf4gR6cuqlCcQuNw,OK,143602,471570088002028
494.647,35.220637,-89.892425,ChIJiZ78r4Z4f4gRyy0DWRWI7n0,OK,52294,471570206443026
494.647,35.220637,-89.892425,ChIJiZ78r4Z4f4gRyy0DWRWI7n0,OK,52294,471570206443026
1817.291,35.223866,-89.90499,ChIJJRXCRJh4f4gRcTFbl9qZzNM,OK,152353,471570206443026
998.091,35.086634,-89.96355199999999,ChIJW0XU3AGHf4gRINnmxvx9m5A,OK,105277,471570081202022
998.091,35.086634,-89.96355199999999,ChIJW0XU3AGHf4gRINnmxvx9m5A,OK,105277,471570081202022
832.573,35.1804299,-89.9263818,ChIJIfvtv4eBf4gRJLjVGBpAzmc,OK,76545,471570088002015
1472.634,35.0904795,-89.96597299999999,ChIJHfaNmAOHf4gR1d8V2K9rfSU,OK,131558,471570081202022
832.573,35.1804299,-89.9263818,ChIJIfvtv4eBf4gRJLjVGBpAzmc,OK,76545,471570088002015
1788.687,35.183951,-89.93106899999999,ChIJWQ0EIo-Bf4gR6cuqlCcQuNw,OK,155634,471570088002015
1149.443,35.1439641,-90.0517892,ChIJL-0zBZR-1YcRj7p5p1WY4-g,OK,65818,471570114003011
1149.443,35.1439641,-90.0517892,ChIJL-0zBZR-1YcRj7p5p1WY4-g,OK,65818,471570114003011
1180.133,35.1435177,-90.0539328,ChIJ8VFg1pV-1YcRR9G8p0pZx6U,OK,66097,471570114003011
1156.601,35.0461089,-89.7947008,ChIJaZI6O3Oaf4gRqa_eh0DNj_s,OK,65433,471570213423066
1156.601,35.0461089,-89.7947008,ChIJaZI6O3Oaf4gRqa_eh0DNj_s,OK,65433,471570213423066
1123.733,35.109859,-89.99141100000001,ChIJs6JbpFyHf4gR9O01gG0a7fQ,OK,71828,471570064001002
1123.733,35.109859,-89.99141100000001,ChIJs6JbpFyHf4gR9O01gG0a7fQ,OK,71828,471570064001002
1274.606,35.045091,-89.795412,ChIJVelsQnOaf4gRECqTW7fq-dY,OK,71968,471570213423066
1925.793,35.107529,-89.9862127,ChIJ0WGfSUKHf4gRjDLrfGQwCV4,OK,122709,471570064001002
896.456,35.220637,-89.892425,ChIJiZ78r4Z4f4gRyy0DWRWI7n0,OK,74632,471570206443021
896.456,35.220637,-89.892425,ChIJiZ78r4Z4f4gRyy0DWRWI7n0,OK,74632,471570206443021
1867.212,35.223866,-89.90499,ChIJJRXCRJh4f4gRcTFbl9qZzNM,OK,153578,471570206443021
1707.131,35.1251709,-90.0481695,ChIJybIJtCd81YcR9Otxws-5qCM,OK,106297,471570043001049
1707.131,35.1251709,-90.0481695,ChIJybIJtCd81YcR9Otxws-5qCM,OK,106297,471570043001049
1708.945,35.125222,-90.048147,ChIJ9cKdtid81YcRKs9h6RjzQzw,OK,106398,471570043001049
1262.52,35.1804299,-89.9263818,ChIJIfvtv4eBf4gRJLjVGBpAzmc,OK,122751,471570088002023
1262.52,35.1804299,-89.9263818,ChIJIfvtv4eBf4gRJLjVGBpAzmc,OK,122751,471570088002023
2218.634,35.183951,-89.93106899999999,ChIJWQ0EIo-Bf4gR6cuqlCcQuNw,OK,201840,471570088002023
1963.404,35.0461089,-89.7947008,ChIJaZI6O3Oaf4gRqa_eh0DNj_s,OK,149640,471570213423039
1963.404,35.0461089,-89.7947008,ChIJaZI6O3Oaf4gRqa_eh0DNj_s,OK,149640,471570213423039
2081.41,35.045091,-89.795412,ChIJVelsQnOaf4gRECqTW7fq-dY,OK,156175,471570213423039
772.097,35.109859,-89.99141100000001,ChIJs6JbpFyHf4gR9O01gG0a7fQ,OK,42757,471570064001004
772.097,35.109859,-89.99141100000001,ChIJs6JbpFyHf4gR9O01gG0a7fQ,OK,42757,471570064001004
1574.156,35.107529,-89.9862127,ChIJ0WGfSUKHf4gRjDLrfGQwCV4,OK,93638,471570064001004
3732.835,35.2051043,-89.79754849999999,ChIJpRDMlY2df4gRQqHmUo_lzmc,OK,243002,471570211213005
1921.752,35.1507888,-89.977317,ChIJdVWrOuqAf4gR-V7s1E3qo7g,OK,122304,471570016002018
2178.716,35.1738374,-89.98954379999999,ChIJ_S0BIGOAf4gRU3Ph4W65cOQ,OK,164460,471570016002018
1782.965,35.1490317,-90.0140679,ChIJw3q9_xV-1YcRqrte6yBn1CI,OK,106414,471570017001029
1782.965,35.1490317,-90.0140679,ChIJw3q9_xV-1YcRqrte6yBn1CI,OK,106414,471570017001029
1725.698,35.142439,-90.006118,ChIJeUPo2Rt-1YcRdoG2a54M-d0,OK,126842,471570017001029
3094.736,35.1444038,-90.0168571,ChIJufYEjhR-1YcREff46W6Lons,OK,177778,471570025001013
3094.736,35.1444038,-90.0168571,ChIJufYEjhR-1YcREff46W6Lons,OK,177778,471570025001013
3546.88,35.1490317,-90.0140679,ChIJw3q9_xV-1YcRqrte6yBn1CI,OK,200884,471570025001013
976.589,35.1490317,-90.0140679,ChIJw3q9_xV-1YcRqrte6yBn1CI,OK,55791,471570026002004
976.589,35.1490317,-90.0140679,ChIJw3q9_xV-1YcRqrte6yBn1CI,OK,55791,471570026002004
1698.827,35.1444038,-90.0168571,ChIJufYEjhR-1YcREff46W6Lons,OK,103144,471570026002004
1787.19,35.1490317,-90.0140679,ChIJw3q9_xV-1YcRqrte6yBn1CI,OK,104431,471570017001030
1787.19,35.1490317,-90.0140679,ChIJw3q9_xV-1YcRqrte6yBn1CI,OK,104431,471570017001030
1729.923,35.142439,-90.006118,ChIJeUPo2Rt-1YcRdoG2a54M-d0,OK,124859,471570017001030
1431.773,35.16339899999999,-89.855841,ChIJA_xfkC6Df4gRAjVZwLz1jqA,OK,150422,471570212001012
1431.773,35.16339899999999,-89.855841,ChIJA_xfkC6Df4gRAjVZwLz1jqA,OK,150422,471570212001012
1505.156,35.1623785,-89.8566175,ChIJXQHWWS6Df4gRqhH5EQ9H1j0,OK,159281,471570212001012
1168.314,35.1507888,-89.977317,ChIJdVWrOuqAf4gR-V7s1E3qo7g,OK,90746,471570016001011
1168.314,35.1507888,-89.977317,ChIJdVWrOuqAf4gR-V7s1E3qo7g,OK,90746,471570016001011
3070.533,35.13774119999999,-89.99713,ChIJtwtohKiAf4gRFxkNLUf9PgA,OK,208675,471570016001011
1902.8,35.1490317,-90.0140679,ChIJw3q9_xV-1YcRqrte6yBn1CI,OK,120794,471570017001039
1902.8,35.1490317,-90.0140679,ChIJw3q9_xV-1YcRqrte6yBn1CI,OK,120794,471570017001039
1845.533,35.142439,-90.006118,ChIJeUPo2Rt-1YcRdoG2a54M-d0,OK,141222,471570017001039
4736.442,35.148225,-89.89748700000001,ChIJC8t095eDf4gRGuXK3FleZyg,OK,235744,471570098001034
5228.458,35.1503395,-89.89321,ChIJRaSiF6KDf4gRNIqqt1VnH58,OK,267485,471570098001034
5228.458,35.1503395,-89.89321,ChIJRaSiF6KDf4gRNIqqt1VnH58,OK,267485,471570098001034
1978.798,35.1507888,-89.977317,ChIJdVWrOuqAf4gR-V7s1E3qo7g,OK,126052,471570016001014
1978.798,35.1507888,-89.977317,ChIJdVWrOuqAf4gR-V7s1E3qo7g,OK,126052,471570016001014
2127.146,35.1738374,-89.98954379999999,ChIJ_S0BIGOAf4gRU3Ph4W65cOQ,OK,161692,471570016001014
2305.473,35.1490317,-90.0140679,ChIJw3q9_xV-1YcRqrte6yBn1CI,OK,124619,471570113001031
2305.473,35.1490317,-90.0140679,ChIJw3q9_xV-1YcRqrte6yBn1CI,OK,124619,471570113001031
2620.96,35.1444038,-90.0168571,ChIJufYEjhR-1YcREff46W6Lons,OK,167160,471570113001031
2194.906,35.1507888,-89.977317,ChIJdVWrOuqAf4gR-V7s1E3qo7g,OK,164949,471570016001004
2194.906,35.1507888,-89.977317,ChIJdVWrOuqAf4gR-V7s1E3qo7g,OK,164949,471570016001004
2343.254,35.1738374,-89.98954379999999,ChIJ_S0BIGOAf4gRU3Ph4W65cOQ,OK,200589,471570016001004
2161.061,35.1490317,-90.0140679,ChIJw3q9_xV-1YcRqrte6yBn1CI,OK,117193,471570024001017
2161.061,35.1490317,-90.0140679,ChIJw3q9_xV-1YcRqrte6yBn1CI,OK,117193,471570024001017
2476.548,35.1444038,-90.0168571,ChIJufYEjhR-1YcREff46W6Lons,OK,159734,471570024001017
2235.456,35.1490317,-90.0140679,ChIJw3q9_xV-1YcRqrte6yBn1CI,OK,121496,471570024001016
2235.456,35.1490317,-90.0140679,ChIJw3q9_xV-1YcRqrte6yBn1CI,OK,121496,471570024001016
2504.575,35.1444038,-90.0168571,ChIJufYEjhR-1YcREff46W6Lons,OK,160699,471570024001016
1047.784,35.16339899999999,-89.855841,ChIJA_xfkC6Df4gRAjVZwLz1jqA,OK,115716,471570211222011
1047.784,35.16339899999999,-89.855841,ChIJA_xfkC6Df4gRAjVZwLz1jqA,OK,115716,471570211222011
1121.167,35.1623785,-89.8566175,ChIJXQHWWS6Df4gRqhH5EQ9H1j0,OK,124575,471570211222011
1808.694,35.1507888,-89.977317,ChIJdVWrOuqAf4gR-V7s1E3qo7g,OK,115409,471570016002021
1808.694,35.1507888,-89.977317,ChIJdVWrOuqAf4gR-V7s1E3qo7g,OK,115409,471570016002021
2905.277,35.13774119999999,-89.99713,ChIJtwtohKiAf4gRFxkNLUf9PgA,OK,190659,471570016002021
2986.251,35.1444038,-90.0168571,ChIJufYEjhR-1YcREff46W6Lons,OK,172199,471570025001028
2986.251,35.1444038,-90.0168571,ChIJufYEjhR-1YcREff46W6Lons,OK,172199,471570025001028
3438.395,35.1490317,-90.0140679,ChIJw3q9_xV-1YcRqrte6yBn1CI,OK,195305,471570025001028
1531.355,35.1490317,-90.0140679,ChIJw3q9_xV-1YcRqrte6yBn1CI,OK,86429,471570017003017
1531.355,35.1490317,-90.0140679,ChIJw3q9_xV-1YcRqrte6yBn1CI,OK,86429,471570017003017
2253.593,35.1444038,-90.0168571,ChIJufYEjhR-1YcREff46W6Lons,OK,133782,471570017003017
1879.326,35.1490317,-90.0140679,ChIJw3q9_xV-1YcRqrte6yBn1CI,OK,104384,471570024001015
1879.326,35.1490317,-90.0140679,ChIJw3q9_xV-1YcRqrte6yBn1CI,OK,104384,471570024001015
2601.564,35.1444038,-90.0168571,ChIJufYEjhR-1YcREff46W6Lons,OK,151737,471570024001015
1674.283,35.1503395,-89.89321,ChIJRaSiF6KDf4gRNIqqt1VnH58,OK,153127,471570098001003
1674.283,35.1503395,-89.89321,ChIJRaSiF6KDf4gRNIqqt1VnH58,OK,153127,471570098001003
2075.764,35.156962,-89.88851749999999,ChIJaVmJmQmDf4gR3ZGZP7kcoeo,OK,178790,471570098001003
1608.835,35.16339899999999,-89.855841,ChIJA_xfkC6Df4gRAjVZwLz1jqA,OK,171668,471570212001010
1608.835,35.16339899999999,-89.855841,ChIJA_xfkC6Df4gRAjVZwLz1jqA,OK,171668,471570212001010
1682.219,35.1623785,-89.8566175,ChIJXQHWWS6Df4gRqhH5EQ9H1j0,OK,180527,471570212001010
1410.496,35.1490317,-90.0140679,ChIJw3q9_xV-1YcRqrte6yBn1CI,OK,78594,471570024001014
1410.496,35.1490317,-90.0140679,ChIJw3q9_xV-1YcRqrte6yBn1CI,OK,78594,471570024001014
2132.734,35.1444038,-90.0168571,ChIJufYEjhR-1YcREff46W6Lons,OK,125947,471570024001014
5088.867,35.1490317,-90.0140679,ChIJw3q9_xV-1YcRqrte6yBn1CI,OK,261985,471570025001030
5088.867,35.1490317,-90.0140679,ChIJw3q9_xV-1YcRqrte6yBn1CI,OK,261985,471570025001030
5811.105,35.1444038,-90.0168571,ChIJufYEjhR-1YcREff46W6Lons,OK,309338,471570025001030
4732.275,35.148225,-89.89748700000001,ChIJC8t095eDf4gRGuXK3FleZyg,OK,235626,471570098001033
8521.713,35.14868459999999,-89.7948203,ChIJ4w9Lr2qcf4gRHdzl9FciAFM,OK,527329,471570213534037
8521.713,35.14868459999999,-89.7948203,ChIJ4w9Lr2qcf4gRHdzl9FciAFM,OK,527329,471570213534037
9287.875,35.1546312,-89.79260459999999,ChIJ8UeuSEecf4gRniit7ubZLtM,OK,548028,471570213534037
971.209,35.086634,-89.96355199999999,ChIJW0XU3AGHf4gRINnmxvx9m5A,OK,102051,471570081202018
971.209,35.086634,-89.96355199999999,ChIJW0XU3AGHf4gRINnmxvx9m5A,OK,102051,471570081202018
1445.751,35.0904795,-89.96597299999999,ChIJHfaNmAOHf4gR1d8V2K9rfSU,OK,128332,471570081202018
1220.574,35.086634,-89.96355199999999,ChIJW0XU3AGHf4gRINnmxvx9m5A,OK,90644,471570081202007
1220.574,35.086634,-89.96355199999999,ChIJW0XU3AGHf4gRINnmxvx9m5A,OK,90644,471570081202007
1428.133,35.09464699999999,-89.9708677,ChIJx5uAuBqHf4gRze5MKc5WJFI,OK,104446,471570081202007
1241.302,35.09464699999999,-89.9708677,ChIJx5uAuBqHf4gRze5MKc5WJFI,OK,83708,471570081202006
1246.642,35.086634,-89.96355199999999,ChIJW0XU3AGHf4gRINnmxvx9m5A,OK,93773,471570081202006
1246.642,35.086634,-89.96355199999999,ChIJW0XU3AGHf4gRINnmxvx9m5A,OK,93773,471570081202006
2594.729,35.1804299,-89.9263818,ChIJIfvtv4eBf4gRJLjVGBpAzmc,OK,188103,471570091002015
2594.729,35.1804299,-89.9263818,ChIJIfvtv4eBf4gRJLjVGBpAzmc,OK,188103,471570091002015
2583.036,35.14859919999999,-89.91828060000002,ChIJRflgf-eDf4gRHX_XNYKER-s,OK,201238,471570091002015
3364.103,35.2051043,-89.79754849999999,ChIJpRDMlY2df4gRQqHmUo_lzmc,OK,216348,471570211421020
3829.073,35.2072684,-89.7827147,ChIJKdJ2xvqdf4gRKLRUePlbOOs,OK,273770,471570211421020
3829.073,35.2072684,-89.7827147,ChIJKdJ2xvqdf4gRKLRUePlbOOs,OK,273770,471570211421020
2338.833,35.148225,-89.89748700000001,ChIJC8t095eDf4gRGuXK3FleZyg,OK,161504,471570092004010
2338.833,35.148225,-89.89748700000001,ChIJC8t095eDf4gRGuXK3FleZyg,OK,161504,471570092004010
2419.379,35.1489345,-89.89838259999999,ChIJaTBvX72Df4gRiyFT0LQMnrQ,OK,166336,471570092004010
1661.464,35.1435177,-90.0539328,ChIJ8VFg1pV-1YcRR9G8p0pZx6U,OK,105233,471570043001041
1661.464,35.1435177,-90.0539328,ChIJ8VFg1pV-1YcRR9G8p0pZx6U,OK,105233,471570043001041
2080.715,35.1251709,-90.0481695,ChIJybIJtCd81YcR9Otxws-5qCM,OK,124617,471570043001041
4819.648,35.1439641,-90.0517892,ChIJL-0zBZR-1YcRj7p5p1WY4-g,OK,285459,471570001001050
4819.648,35.1439641,-90.0517892,ChIJL-0zBZR-1YcRj7p5p1WY4-g,OK,285459,471570001001050
4850.338,35.1435177,-90.0539328,ChIJ8VFg1pV-1YcRR9G8p0pZx6U,OK,285738,471570001001050
1573.578,35.2158947,-89.9151158,ChIJxetq6ad4f4gRD1K1cIBWUQ4,OK,170829,471570205412006
1573.578,35.2158947,-89.9151158,ChIJxetq6ad4f4gRD1K1cIBWUQ4,OK,170829,471570205412006
1592.267,35.223866,-89.90499,ChIJJRXCRJh4f4gRcTFbl9qZzNM,OK,185708,471570205412006
226.887,35.2158947,-89.9151158,ChIJxetq6ad4f4gRD1K1cIBWUQ4,OK,36952,471570205412005
226.887,35.2158947,-89.9151158,ChIJxetq6ad4f4gRD1K1cIBWUQ4,OK,36952,471570205412005
1034.649,35.210167,-89.919383,ChIJi0gqlgaCf4gRjUvfmHxGMyw,OK,86461,471570205412005
1119.898,35.1439641,-90.0517892,ChIJL-0zBZR-1YcRj7p5p1WY4-g,OK,85382,471570114001007
1119.898,35.1439641,-90.0517892,ChIJL-0zBZR-1YcRj7p5p1WY4-g,OK,85382,471570114001007
1150.589,35.1435177,-90.0539328,ChIJ8VFg1pV-1YcRR9G8p0pZx6U,OK,85661,471570114001007
1133.724,35.1439641,-90.0517892,ChIJL-0zBZR-1YcRj7p5p1WY4-g,OK,71189,471570114001023
1133.724,35.1439641,-90.0517892,ChIJL-0zBZR-1YcRj7p5p1WY4-g,OK,71189,471570114001023
1164.415,35.1435177,-90.0539328,ChIJ8VFg1pV-1YcRR9G8p0pZx6U,OK,71468,471570114001023
3659.192,35.10874099999999,-90.021185,ChIJrVbiDcF91YcRG9TBOTpHc3I,OK,216654,471570078221035
4500.862,35.054745,-90.007971,ChIJXxyyQlt91YcRhldtWgjSnSE,OK,258156,471570078221035
4500.862,35.054745,-90.007971,ChIJXxyyQlt91YcRhldtWgjSnSE,OK,258156,471570078221035
957.298,35.125222,-90.048147,ChIJ9cKdtid81YcRKs9h6RjzQzw,OK,53711,471570114001040
957.298,35.125222,-90.048147,ChIJ9cKdtid81YcRKs9h6RjzQzw,OK,53711,471570114001040
959.112,35.1251709,-90.0481695,ChIJybIJtCd81YcR9Otxws-5qCM,OK,53811,471570114001040
5243.638,35.1439641,-90.0517892,ChIJL-0zBZR-1YcRj7p5p1WY4-g,OK,383911,471570001002038
5243.638,35.1439641,-90.0517892,ChIJL-0zBZR-1YcRj7p5p1WY4-g,OK,383911,471570001002038
5452.554,35.1450994,-90.0538646,ChIJne6_s5V-1YcRn_LPaqiwhrk,OK,389365,471570001002038
4039.689,35.1439641,-90.0517892,ChIJL-0zBZR-1YcRj7p5p1WY4-g,OK,290162,471570001002027
4039.689,35.1439641,-90.0517892,ChIJL-0zBZR-1YcRj7p5p1WY4-g,OK,290162,471570001002027
4248.605,35.1450994,-90.0538646,ChIJne6_s5V-1YcRn_LPaqiwhrk,OK,295616,471570001002027
395.607,35.1444038,-90.0168571,ChIJufYEjhR-1YcREff46W6Lons,OK,27075,471570025002038
395.607,35.1444038,-90.0168571,ChIJufYEjhR-1YcREff46W6Lons,OK,27075,471570025002038
628.864,35.1490317,-90.0140679,ChIJw3q9_xV-1YcRqrte6yBn1CI,OK,38944,471570025002038
1260.094,35.125222,-90.048147,ChIJ9cKdtid81YcRKs9h6RjzQzw,OK,103539,471570116002011
1260.094,35.125222,-90.048147,ChIJ9cKdtid81YcRKs9h6RjzQzw,OK,103539,471570116002011
1261.908,35.1251709,-90.0481695,ChIJybIJtCd81YcR9Otxws-5qCM,OK,103639,471570116002011
1388.902,35.0493493,-89.855357,ChIJH2Nw4lGFf4gRq0vxk4n5iAE,OK,121445,471570217322018
1388.902,35.0493493,-89.855357,ChIJH2Nw4lGFf4gRq0vxk4n5iAE,OK,121445,471570217322018
1650.432,35.0501932,-89.8529489,ChIJJ3DCd1KFf4gRBb2DFEnzV7w,OK,131456,471570217322018
1978.11,35.02138900000001,-89.996898,ChIJz3MQkR6If4gRIBgmNH-BQcg,OK,136027,471570221224005
1978.11,35.02138900000001,-89.996898,ChIJz3MQkR6If4gRIBgmNH-BQcg,OK,136027,471570221224005
2539.745,34.9907298,-89.99350899999999,ChIJaR6gqdOJf4gRbmqB7wctwt0,OK,164355,471570221224005
177.168,35.054745,-90.007971,ChIJXxyyQlt91YcRhldtWgjSnSE,OK,17907,471570220222000
177.168,35.054745,-90.007971,ChIJXxyyQlt91YcRhldtWgjSnSE,OK,17907,471570220222000
609.016,35.05407199999999,-90.00125899999999,ChIJIzdhk1h91YcRZT7cBcBslaM,OK,33946,471570220222000
1287.869,35.0543926,-90.0597009,ChIJT5TzUbl81YcRiPqNjkbj9CA,OK,104666,471570222205007
974.571,35.061362,-90.05986399999999,ChIJL_Gh8ZV81YcRDlMHRKqR_IA,OK,116947,471570222205007
1187.3,35.2044739,-89.76342459999999,ChIJ3XsJxyKef4gRTeWb3lonWsU,OK,71625,471570208311011
1187.3,35.2044739,-89.76342459999999,ChIJ3XsJxyKef4gRTeWb3lonWsU,OK,71625,471570208311011
1736.051,35.2064292,-89.73436359999999,ChIJP6qgZdGff4gRQoIww3TX5kM,OK,87920,471570208311011
1261.935,35.2060393,-89.89459389999999,ChIJN_fdM1CCf4gRqHZ_YUZgoJo,OK,75242,471570206212022
1261.935,35.2060393,-89.89459389999999,ChIJN_fdM1CCf4gRqHZ_YUZgoJo,OK,75242,471570206212022
1345.675,35.20808669999999,-89.89363879999999,ChIJa1RCwHuCf4gRSSG3nO4uWeI,OK,91494,471570206212022
1422.629,35.2023757,-89.9218691,ChIJvw7rwByCf4gRrAscHKjp1Iw,OK,121707,471570205422019
1422.629,35.2023757,-89.9218691,ChIJvw7rwByCf4gRrAscHKjp1Iw,OK,121707,471570205422019
1588.71,35.210167,-89.919383,ChIJi0gqlgaCf4gRjUvfmHxGMyw,OK,150158,471570205422019
179.187,35.2072684,-89.7827147,ChIJKdJ2xvqdf4gRKLRUePlbOOs,OK,32252,471570208321060
179.187,35.2072684,-89.7827147,ChIJKdJ2xvqdf4gRKLRUePlbOOs,OK,32252,471570208321060
382.875,35.2074362,-89.7805166,ChIJ62ATRfudf4gRPIrPAXGVsiQ,OK,68909,471570208321060
520.859,35.2060393,-89.89459389999999,ChIJN_fdM1CCf4gRqHZ_YUZgoJo,OK,29683,471570205422014
520.859,35.2060393,-89.89459389999999,ChIJN_fdM1CCf4gRqHZ_YUZgoJo,OK,29683,471570205422014
807.899,35.20808669999999,-89.89363879999999,ChIJa1RCwHuCf4gRSSG3nO4uWeI,OK,57194,471570205422014
1463.652,35.2060393,-89.89459389999999,ChIJN_fdM1CCf4gRqHZ_YUZgoJo,OK,87345,471570206212005
1463.652,35.2060393,-89.89459389999999,ChIJN_fdM1CCf4gRqHZ_YUZgoJo,OK,87345,471570206212005
1547.392,35.20808669999999,-89.89363879999999,ChIJa1RCwHuCf4gRSSG3nO4uWeI,OK,103597,471570206212005
584.087,35.2045576,-89.81176689999999,ChIJ8ROix4Kdf4gR4Su-1OwAUMo,OK,34941,471570206322025
584.087,35.2045576,-89.81176689999999,ChIJ8ROix4Kdf4gR4Su-1OwAUMo,OK,34941,471570206322025
1640.595,35.2051043,-89.79754849999999,ChIJpRDMlY2df4gRQqHmUo_lzmc,OK,92360,471570206322025
261.235,35.2051043,-89.79754849999999,ChIJpRDMlY2df4gRQqHmUo_lzmc,OK,39064,471570206321048
261.235,35.2051043,-89.79754849999999,ChIJpRDMlY2df4gRQqHmUo_lzmc,OK,39064,471570206321048
375.261,35.2071893,-89.79833029999999,ChIJQ0zWJIydf4gRstwjg5hObuM,OK,67543,471570206321048
58.634,35.2071893,-89.79833029999999,ChIJQ0zWJIydf4gRstwjg5hObuM,OK,10553,471570206321047
58.634,35.2071893,-89.79833029999999,ChIJQ0zWJIydf4gRstwjg5hObuM,OK,10553,471570206321047
383.688,35.2051043,-89.79754849999999,ChIJpRDMlY2df4gRQqHmUo_lzmc,OK,61104,471570206321047
3906.18,35.222344,-89.97682999999999,ChIJ987Br45_f4gRjwrvnFN8t7k,OK,252442,471570205112014
3906.18,35.222344,-89.97682999999999,ChIJ987Br45_f4gRjwrvnFN8t7k,OK,252442,471570205112014
4307.046,35.2227028,-89.97692290000001,ChIJ987Br45_f4gRMoYIhCny13Q,OK,288574,471570205112014
2533.898,35.19067459999999,-89.8489943,ChIJ364PGjWdf4gRKbsrGLq8_XQ,OK,140336,471570211123002
2533.898,35.19067459999999,-89.8489943,ChIJ364PGjWdf4gRKbsrGLq8_XQ,OK,140336,471570211123002
2744.659,35.2045576,-89.81176689999999,ChIJ8ROix4Kdf4gR4Su-1OwAUMo,OK,153099,471570211123002
535.073,35.2045576,-89.81176689999999,ChIJ8ROix4Kdf4gR4Su-1OwAUMo,OK,31078,471570211131005
535.073,35.2045576,-89.81176689999999,ChIJ8ROix4Kdf4gR4Su-1OwAUMo,OK,31078,471570211131005
1591.581,35.2051043,-89.79754849999999,ChIJpRDMlY2df4gRQqHmUo_lzmc,OK,88497,471570211131005
197.092,35.2051043,-89.79754849999999,ChIJpRDMlY2df4gRQqHmUo_lzmc,OK,13435,471570211132009
197.092,35.2051043,-89.79754849999999,ChIJpRDMlY2df4gRQqHmUo_lzmc,OK,13435,471570211132009
489.09,35.2071893,-89.79833029999999,ChIJQ0zWJIydf4gRstwjg5hObuM,OK,73948,471570211132009
638.127,35.2045576,-89.81176689999999,ChIJ8ROix4Kdf4gR4Su-1OwAUMo,OK,36724,471570211131004
638.127,35.2045576,-89.81176689999999,ChIJ8ROix4Kdf4gR4Su-1OwAUMo,OK,36724,471570211131004
1694.636,35.2051043,-89.79754849999999,ChIJpRDMlY2df4gRQqHmUo_lzmc,OK,94143,471570211131004
200.597,35.2045576,-89.81176689999999,ChIJ8ROix4Kdf4gR4Su-1OwAUMo,OK,11109,471570211131002
200.597,35.2045576,-89.81176689999999,ChIJ8ROix4Kdf4gR4Su-1OwAUMo,OK,11109,471570211131002
1290.96,35.2051043,-89.79754849999999,ChIJpRDMlY2df4gRQqHmUo_lzmc,OK,72590,471570211131002
556.741,35.2051043,-89.79754849999999,ChIJpRDMlY2df4gRQqHmUo_lzmc,OK,31149,471570211132011
556.741,35.2051043,-89.79754849999999,ChIJpRDMlY2df4gRQqHmUo_lzmc,OK,31149,471570211132011
952.955,35.2045576,-89.81176689999999,ChIJ8ROix4Kdf4gR4Su-1OwAUMo,OK,52776,471570211132011
462.897,35.2045576,-89.81176689999999,ChIJ8ROix4Kdf4gR4Su-1OwAUMo,OK,25635,471570211131001
462.897,35.2045576,-89.81176689999999,ChIJ8ROix4Kdf4gR4Su-1OwAUMo,OK,25635,471570211131001
1175.815,35.2051043,-89.79754849999999,ChIJpRDMlY2df4gRQqHmUo_lzmc,OK,65188,471570211131001
394.107,35.2044739,-89.76342459999999,ChIJ3XsJxyKef4gRTeWb3lonWsU,OK,24071,471570208311015
394.107,35.2044739,-89.76342459999999,ChIJ3XsJxyKef4gRTeWb3lonWsU,OK,24071,471570208311015
2205.413,35.2074362,-89.7805166,ChIJ62ATRfudf4gRPIrPAXGVsiQ,OK,162252,471570208311015
1921.007,35.2045576,-89.81176689999999,ChIJ8ROix4Kdf4gR4Su-1OwAUMo,OK,108566,471570211123001
1921.007,35.2045576,-89.81176689999999,ChIJ8ROix4Kdf4gR4Su-1OwAUMo,OK,108566,471570211123001
2678.373,35.19067459999999,-89.8489943,ChIJ364PGjWdf4gRKbsrGLq8_XQ,OK,148337,471570211123001
504.045,35.2051043,-89.79754849999999,ChIJpRDMlY2df4gRQqHmUo_lzmc,OK,31462,471570211132022
504.045,35.2051043,-89.79754849999999,ChIJpRDMlY2df4gRQqHmUo_lzmc,OK,31462,471570211132022
796.043,35.2071893,-89.79833029999999,ChIJQ0zWJIydf4gRstwjg5hObuM,OK,91975,471570211132022
1116.219,35.2051043,-89.79754849999999,ChIJpRDMlY2df4gRQqHmUo_lzmc,OK,66799,471570211132006
1116.219,35.2051043,-89.79754849999999,ChIJpRDMlY2df4gRQqHmUo_lzmc,OK,66799,471570211132006
909.035,35.2072684,-89.7827147,ChIJKdJ2xvqdf4gRKLRUePlbOOs,OK,84444,471570211132006
296.977,35.2072684,-89.7827147,ChIJKdJ2xvqdf4gRKLRUePlbOOs,OK,50548,471570211132004
296.977,35.2072684,-89.7827147,ChIJKdJ2xvqdf4gRKLRUePlbOOs,OK,50548,471570211132004
479.298,35.2074362,-89.7805166,ChIJ62ATRfudf4gRPIrPAXGVsiQ,OK,71511,471570211132004
2018.941,35.16339899999999,-89.855841,ChIJA_xfkC6Df4gRAjVZwLz1jqA,OK,132035,471570211211009
2018.941,35.16339899999999,-89.855841,ChIJA_xfkC6Df4gRAjVZwLz1jqA,OK,132035,471570211211009
2094.096,35.1623785,-89.8566175,ChIJXQHWWS6Df4gRqhH5EQ9H1j0,OK,141000,471570211211009
1957.429,35.164068,-89.8770782,ChIJpUMbExuDf4gRyW4QpPURe54,OK,116865,471570206102028
1957.429,35.164068,-89.8770782,ChIJpUMbExuDf4gRyW4QpPURe54,OK,116865,471570206102028
2620.325,35.1835367,-89.8717722,ChIJv1U5XuiCf4gRMlXiIrwnbJo,OK,167220,471570206102028
598.369,35.142439,-90.006118,ChIJeUPo2Rt-1YcRdoG2a54M-d0,OK,47401,471570026001009
598.369,35.142439,-90.006118,ChIJeUPo2Rt-1YcRdoG2a54M-d0,OK,47401,471570026001009
1078.36,35.139426,-90.00714049999999,ChIJC-6kIBt-1YcRA1cskDtjsVc,OK,96111,471570026001009
584.343,35.0477573,-89.86637909999999,ChIJ5_0L5VyFf4gR4HBEwl6nmRE,OK,32352,471570108204013
643.565,35.050596,-89.869556,ChIJQ4vLA2iFf4gRyyCo3ihKH44,OK,42754,471570108204013
643.565,35.050596,-89.869556,ChIJQ4vLA2iFf4gRyyCo3ihKH44,OK,42754,471570108204013
2733.765,35.14868459999999,-89.7948203,ChIJ4w9Lr2qcf4gRHdzl9FciAFM,OK,168248,471579804001055
2733.765,35.14868459999999,-89.7948203,ChIJ4w9Lr2qcf4gRHdzl9FciAFM,OK,168248,471579804001055
3499.927,35.1546312,-89.79260459999999,ChIJ8UeuSEecf4gRniit7ubZLtM,OK,188947,471579804001055
4825.824,35.2044739,-89.76342459999999,ChIJ3XsJxyKef4gRTeWb3lonWsU,OK,346423,471570211413016
4825.824,35.2044739,-89.76342459999999,ChIJ3XsJxyKef4gRTeWb3lonWsU,OK,346423,471570211413016
6030.519,35.2072684,-89.7827147,ChIJKdJ2xvqdf4gRKLRUePlbOOs,OK,403307,471570211413016
2595.572,35.02100869999999,-89.8995317,ChIJ-f6gz22Pf4gR-rWEeLgd-68,OK,143745,471570226001086
2595.572,35.02100869999999,-89.8995317,ChIJ-f6gz22Pf4gR-rWEeLgd-68,OK,143745,471570226001086
2606.845,35.0209193,-89.8996561,ChIJxWQfy22Pf4gRlC1jxVU1A2g,OK,144370,471570226001086
404.824,35.1913738,-89.8964247,ChIJwQffFF2Cf4gRzaR3rfvt3f4,OK,24105,471570206101002
404.824,35.1913738,-89.8964247,ChIJwQffFF2Cf4gRzaR3rfvt3f4,OK,24105,471570206101002
688.22,35.192778,-89.895242,ChIJ2ehTh2eCf4gR95JHzr6OIMA,OK,38401,471570206101002
4147.186,35.054745,-90.007971,ChIJXxyyQlt91YcRhldtWgjSnSE,OK,220987,471570078221022
4147.186,35.054745,-90.007971,ChIJXxyyQlt91YcRhldtWgjSnSE,OK,220987,471570078221022
7483.818,35.1087458,-90.0211918,ChIJe6w2EsF91YcRquzVZc8M0-I,OK,397530,471570078221022
3295.754,35.0512763,-89.8427476,ChIJ7VPJ3q-af4gRdxERIyaZ0gk,OK,184468,471570217241018
3919.045,35.0493563,-89.83813929999999,ChIJjRQNzqSaf4gRxmNqB0YAYGM,OK,203832,471570217241018
3919.045,35.0493563,-89.83813929999999,ChIJjRQNzqSaf4gRxmNqB0YAYGM,OK,203832,471570217241018
2285.455,35.0461089,-89.7947008,ChIJaZI6O3Oaf4gRqa_eh0DNj_s,OK,151926,471570213423046
2285.455,35.0461089,-89.7947008,ChIJaZI6O3Oaf4gRqa_eh0DNj_s,OK,151926,471570213423046
2403.46,35.045091,-89.795412,ChIJVelsQnOaf4gRECqTW7fq-dY,OK,158461,471570213423046
942.979,35.1507888,-89.977317,ChIJdVWrOuqAf4gR-V7s1E3qo7g,OK,56548,471570016001005
942.979,35.1507888,-89.977317,ChIJdVWrOuqAf4gR-V7s1E3qo7g,OK,56548,471570016001005
2473.033,35.17410499999999,-89.97575479999999,ChIJmfYTGFmAf4gRHGKCaD0qCtI,OK,147919,471570016001005
2595.202,35.05113000000001,-89.815021,ChIJAdLMX4iaf4gRUenKpoiyrBc,OK,168115,471570213341003
2595.202,35.05113000000001,-89.815021,ChIJAdLMX4iaf4gRUenKpoiyrBc,OK,168115,471570213341003
2809.344,35.048632,-89.814048,ChIJqY7T64eaf4gRoqZRK7sz4Co,OK,180391,471570213341003
762.493,35.2060393,-89.89459389999999,ChIJN_fdM1CCf4gRqHZ_YUZgoJo,OK,45278,471570205422003
762.493,35.2060393,-89.89459389999999,ChIJN_fdM1CCf4gRqHZ_YUZgoJo,OK,45278,471570205422003
846.233,35.20808669999999,-89.89363879999999,ChIJa1RCwHuCf4gRSSG3nO4uWeI,OK,61530,471570205422003
966.799,35.0326981,-90.07589809999999,ChIJ9S1ljalk1YcRvuG-_hbpimA,OK,67487,471570223224005
966.799,35.0326981,-90.07589809999999,ChIJ9S1ljalk1YcRvuG-_hbpimA,OK,67487,471570223224005
1767.871,35.02753099999999,-90.082077,ChIJK66rdetk1YcRwwxI9gDREks,OK,111853,471570223224005
2444.422,35.2045576,-89.81176689999999,ChIJ8ROix4Kdf4gR4Su-1OwAUMo,OK,154031,471570211131036
2444.422,35.2045576,-89.81176689999999,ChIJ8ROix4Kdf4gR4Su-1OwAUMo,OK,154031,471570211131036
3500.931,35.2051043,-89.79754849999999,ChIJpRDMlY2df4gRQqHmUo_lzmc,OK,211450,471570211131036
527.355,35.02138900000001,-89.996898,ChIJz3MQkR6If4gRIBgmNH-BQcg,OK,37122,471570221121019
527.355,35.02138900000001,-89.996898,ChIJz3MQkR6If4gRIBgmNH-BQcg,OK,37122,471570221121019
2662.647,35.021384,-90.019407,ChIJk8DCu8Bi1YcRUnUQCgCMr-E,OK,156126,471570221121019
4183.38,35.054745,-90.007971,ChIJXxyyQlt91YcRhldtWgjSnSE,OK,259103,471570078221037
4183.38,35.054745,-90.007971,ChIJXxyyQlt91YcRhldtWgjSnSE,OK,259103,471570078221037
4613.572,35.05407199999999,-90.00125899999999,ChIJIzdhk1h91YcRZT7cBcBslaM,OK,278787,471570078221037
2238.898,35.0515568,-89.90630259999999,ChIJrU8jyZKFf4gRubg1AIyELWY,OK,137109,471570226001210
2238.898,35.0515568,-89.90630259999999,ChIJrU8jyZKFf4gRubg1AIyELWY,OK,137109,471570226001210
3663.499,35.02100869999999,-89.8995317,ChIJ-f6gz22Pf4gR-rWEeLgd-68,OK,185119,471570226001210
2023.794,35.086634,-89.96355199999999,ChIJW0XU3AGHf4gRINnmxvx9m5A,OK,107460,471570081203017
2023.794,35.086634,-89.96355199999999,ChIJW0XU3AGHf4gRINnmxvx9m5A,OK,107460,471570081203017
2498.336,35.0904795,-89.96597299999999,ChIJHfaNmAOHf4gR1d8V2K9rfSU,OK,133741,471570081203017
1657.094,35.04677619999999,-89.8859339,ChIJycTJ_niFf4gR5esliSzp17E,OK,158047,471570217311007
1657.094,35.04677619999999,-89.8859339,ChIJycTJ_niFf4gR5esliSzp17E,OK,158047,471570217311007
2360.414,35.0505832,-89.86958199999999,ChIJAfPLA2iFf4gRetxnyV4zn3o,OK,197689,471570217311007
294.939,35.05905920000001,-89.9340455,ChIJM89Mbw2Gf4gRFqf4fPnKU7k,OK,24935,471570105001027
294.939,35.05905920000001,-89.9340455,ChIJM89Mbw2Gf4gRFqf4fPnKU7k,OK,24935,471570105001027
1699.692,35.0515544,-89.92255089999999,ChIJG_UFGuOFf4gRyHNDzwp5is0,OK,98744,471570105001027
798.24,35.05113000000001,-89.815021,ChIJAdLMX4iaf4gRUenKpoiyrBc,OK,53439,471570213421058
1368.707,35.125222,-90.048147,ChIJ9cKdtid81YcRKs9h6RjzQzw,OK,81323,471570045001019
1368.707,35.125222,-90.048147,ChIJ9cKdtid81YcRKs9h6RjzQzw,OK,81323,471570045001019
1370.521,35.1251709,-90.0481695,ChIJybIJtCd81YcR9Otxws-5qCM,OK,81423,471570045001019
1779.278,35.125222,-90.048147,ChIJ9cKdtid81YcRKs9h6RjzQzw,OK,121645,471570045001000
1779.278,35.125222,-90.048147,ChIJ9cKdtid81YcRKs9h6RjzQzw,OK,121645,471570045001000
1781.092,35.1251709,-90.0481695,ChIJybIJtCd81YcR9Otxws-5qCM,OK,121745,471570045001000
1584.644,35.125222,-90.048147,ChIJ9cKdtid81YcRKs9h6RjzQzw,OK,98290,471570046001023
1584.644,35.125222,-90.048147,ChIJ9cKdtid81YcRKs9h6RjzQzw,OK,98290,471570046001023
1586.458,35.1251709,-90.0481695,ChIJybIJtCd81YcR9Otxws-5qCM,OK,98390,471570046001023
3226.073,35.0225458,-90.0257415,ChIJnc94gMRi1YcRKYztFRuX2Yw,OK,197839,471570227003009
3574.78,35.0326981,-90.07589809999999,ChIJ9S1ljalk1YcRvuG-_hbpimA,OK,217817,471570227003009
3574.78,35.0326981,-90.07589809999999,ChIJ9S1ljalk1YcRvuG-_hbpimA,OK,217817,471570227003009
3070.18,35.0225458,-90.0257415,ChIJnc94gMRi1YcRKYztFRuX2Yw,OK,198481,471570227003010
3070.18,35.0225458,-90.0257415,ChIJnc94gMRi1YcRKYztFRuX2Yw,OK,198481,471570227003010
3853.317,35.0326981,-90.07589809999999,ChIJ9S1ljalk1YcRvuG-_hbpimA,OK,244523,471570227003010
2812.898,35.0326981,-90.07589809999999,ChIJ9S1ljalk1YcRvuG-_hbpimA,OK,197619,471570223222015
2812.898,35.0326981,-90.07589809999999,ChIJ9S1ljalk1YcRvuG-_hbpimA,OK,197619,471570223222015
3488.282,35.0543926,-90.0597009,ChIJT5TzUbl81YcRiPqNjkbj9CA,OK,257885,471570223222015
2905.433,35.0333519,-90.02557630000001,ChIJK8z8Ksxi1YcRt8pxxgP2SA4,OK,182852,471570223222011
3404.192,35.03203000000001,-90.025994,ChIJr7k5Z85i1YcR_daVhG2vNFM,OK,226528,471570223222011
3404.192,35.03203000000001,-90.025994,ChIJr7k5Z85i1YcR_daVhG2vNFM,OK,226528,471570223222011
2905.373,35.0326981,-90.07589809999999,ChIJ9S1ljalk1YcRvuG-_hbpimA,OK,205655,471570223222017
2905.373,35.0326981,-90.07589809999999,ChIJ9S1ljalk1YcRvuG-_hbpimA,OK,205655,471570223222017
3248.237,35.0333519,-90.02557630000001,ChIJK8z8Ksxi1YcRt8pxxgP2SA4,OK,218307,471570223222017
3340.795,35.0225458,-90.0257415,ChIJnc94gMRi1YcRKYztFRuX2Yw,OK,223475,471570223223000
3340.795,35.0225458,-90.0257415,ChIJnc94gMRi1YcRKYztFRuX2Yw,OK,223475,471570223223000
3648.153,35.0333519,-90.02557630000001,ChIJK8z8Ksxi1YcRt8pxxgP2SA4,OK,244239,471570223223000
3150.976,35.0333519,-90.02557630000001,ChIJK8z8Ksxi1YcRt8pxxgP2SA4,OK,206637,471570223222019
3150.976,35.0333519,-90.02557630000001,ChIJK8z8Ksxi1YcRt8pxxgP2SA4,OK,206637,471570223222019
3151.071,35.033351,-90.02556199999999,ChIJY7ePKsxi1YcRIP55gZFchMw,OK,206642,471570223222019
2778.492,35.0333519,-90.02557630000001,ChIJK8z8Ksxi1YcRt8pxxgP2SA4,OK,206095,471570223222020
2778.492,35.0333519,-90.02557630000001,ChIJK8z8Ksxi1YcRt8pxxgP2SA4,OK,206095,471570223222020
2778.586,35.033351,-90.02556199999999,ChIJY7ePKsxi1YcRIP55gZFchMw,OK,206100,471570223222020
3299.827,35.0225458,-90.0257415,ChIJnc94gMRi1YcRKYztFRuX2Yw,OK,218559,471570223221007
3299.827,35.0225458,-90.0257415,ChIJnc94gMRi1YcRKYztFRuX2Yw,OK,218559,471570223221007
3607.185,35.0333519,-90.02557630000001,ChIJK8z8Ksxi1YcRt8pxxgP2SA4,OK,239323,471570223221007
2674.026,35.0333519,-90.02557630000001,ChIJK8z8Ksxi1YcRt8pxxgP2SA4,OK,193559,471570223222021
2674.026,35.0333519,-90.02557630000001,ChIJK8z8Ksxi1YcRt8pxxgP2SA4,OK,193559,471570223222021
2674.12,35.033351,-90.02556199999999,ChIJY7ePKsxi1YcRIP55gZFchMw,OK,193564,471570223222021
3005.371,35.0225458,-90.0257415,ChIJnc94gMRi1YcRKYztFRuX2Yw,OK,200052,471570227003011
3005.371,35.0225458,-90.0257415,ChIJnc94gMRi1YcRKYztFRuX2Yw,OK,200052,471570227003011
3941.237,35.0326981,-90.07589809999999,ChIJ9S1ljalk1YcRvuG-_hbpimA,OK,255073,471570227003011
2689.799,35.0225458,-90.0257415,ChIJnc94gMRi1YcRKYztFRuX2Yw,OK,170183,471570227003004
2689.799,35.0225458,-90.0257415,ChIJnc94gMRi1YcRKYztFRuX2Yw,OK,170183,471570227003004
3889.673,35.03203000000001,-90.025994,ChIJr7k5Z85i1YcR_daVhG2vNFM,OK,252687,471570227003004
2988.941,35.0225458,-90.0257415,ChIJnc94gMRi1YcRKYztFRuX2Yw,OK,206079,471570227003015
2988.941,35.0225458,-90.0257415,ChIJnc94gMRi1YcRKYztFRuX2Yw,OK,206079,471570227003015
3480.72,35.00495799999999,-90.0276544,ChIJuXbrrfFi1YcR97C4vX-T9Zk,OK,283341,471570227003015
3129.199,35.0225458,-90.0257415,ChIJnc94gMRi1YcRKYztFRuX2Yw,OK,214910,471570227003014
3129.199,35.0225458,-90.0257415,ChIJnc94gMRi1YcRKYztFRuX2Yw,OK,214910,471570227003014
4223.925,35.0326981,-90.07589809999999,ChIJ9S1ljalk1YcRvuG-_hbpimA,OK,279646,471570227003014
2231.617,35.0225458,-90.0257415,ChIJnc94gMRi1YcRKYztFRuX2Yw,OK,159509,471570223221008
2231.617,35.0225458,-90.0257415,ChIJnc94gMRi1YcRKYztFRuX2Yw,OK,159509,471570223221008
3433.358,35.0333519,-90.02557630000001,ChIJK8z8Ksxi1YcRt8pxxgP2SA4,OK,226062,471570223221008
2488.275,35.0225458,-90.0257415,ChIJnc94gMRi1YcRKYztFRuX2Yw,OK,190308,471570223221009
2488.275,35.0225458,-90.0257415,ChIJnc94gMRi1YcRKYztFRuX2Yw,OK,190308,471570223221009
3690.016,35.0333519,-90.02557630000001,ChIJK8z8Ksxi1YcRt8pxxgP2SA4,OK,256861,471570223221009
413.546,35.192778,-89.895242,ChIJ2ehTh2eCf4gR95JHzr6OIMA,OK,24811,471570206212026
413.546,35.192778,-89.895242,ChIJ2ehTh2eCf4gR95JHzr6OIMA,OK,24811,471570206212026
598.058,35.1942326,-89.8965709,ChIJD7pM72eCf4gRg19OPcAuyDw,OK,35881,471570206212026
2223.513,35.0333519,-90.02557630000001,ChIJK8z8Ksxi1YcRt8pxxgP2SA4,OK,161135,471570221114006
2223.513,35.0333519,-90.02557630000001,ChIJK8z8Ksxi1YcRt8pxxgP2SA4,OK,161135,471570221114006
2223.607,35.033351,-90.02556199999999,ChIJY7ePKsxi1YcRIP55gZFchMw,OK,161140,471570221114006
2343.108,35.0225458,-90.0257415,ChIJnc94gMRi1YcRKYztFRuX2Yw,OK,147381,471570227003003
2343.108,35.0225458,-90.0257415,ChIJnc94gMRi1YcRKYztFRuX2Yw,OK,147381,471570227003003
3542.982,35.03203000000001,-90.025994,ChIJr7k5Z85i1YcR_daVhG2vNFM,OK,229885,471570227003003
3053.503,35.0333519,-90.02557630000001,ChIJK8z8Ksxi1YcRt8pxxgP2SA4,OK,239095,471570223221000
3053.503,35.0333519,-90.02557630000001,ChIJK8z8Ksxi1YcRt8pxxgP2SA4,OK,239095,471570223221000
170.278,35.0531879,-89.8855975,ChIJy5TuWnaFf4gRzUE1FqfjCIk,OK,21442,471570108101010
170.278,35.0531879,-89.8855975,ChIJy5TuWnaFf4gRzUE1FqfjCIk,OK,21442,471570108101010
939.193,35.0508681,-89.88111619999999,ChIJ68PUi3CFf4gRLPYGzNKUdto,OK,61605,471570108101010
1162.601,35.050596,-89.869556,ChIJQ4vLA2iFf4gRyyCo3ihKH44,OK,97901,471570217311001
1162.601,35.050596,-89.869556,ChIJQ4vLA2iFf4gRyyCo3ihKH44,OK,97901,471570217311001
1164.922,35.0505832,-89.86958199999999,ChIJAfPLA2iFf4gRetxnyV4zn3o,OK,98319,471570217311001
1789.7,35.0333519,-90.02557630000001,ChIJK8z8Ksxi1YcRt8pxxgP2SA4,OK,124054,471570221124002
1789.7,35.0333519,-90.02557630000001,ChIJK8z8Ksxi1YcRt8pxxgP2SA4,OK,124054,471570221124002
1789.795,35.033351,-90.02556199999999,ChIJY7ePKsxi1YcRIP55gZFchMw,OK,124059,471570221124002
3153.512,35.02138900000001,-89.996898,ChIJz3MQkR6If4gRIBgmNH-BQcg,OK,198420,471570220225005
3153.512,35.02138900000001,-89.996898,ChIJz3MQkR6If4gRIBgmNH-BQcg,OK,198420,471570220225005
3811.801,35.05407199999999,-90.00125899999999,ChIJIzdhk1h91YcRZT7cBcBslaM,OK,234878,471570220225005
2564.001,35.0326981,-90.07589809999999,ChIJ9S1ljalk1YcRvuG-_hbpimA,OK,184220,471570223103010
2564.001,35.0326981,-90.07589809999999,ChIJ9S1ljalk1YcRvuG-_hbpimA,OK,184220,471570223103010
2951.38,35.0543926,-90.0597009,ChIJT5TzUbl81YcRiPqNjkbj9CA,OK,209133,471570223103010
2097.349,35.0326981,-90.07589809999999,ChIJ9S1ljalk1YcRvuG-_hbpimA,OK,133107,471570223103011
2097.349,35.0326981,-90.07589809999999,ChIJ9S1ljalk1YcRvuG-_hbpimA,OK,133107,471570223103011
2484.728,35.0543926,-90.0597009,ChIJT5TzUbl81YcRiPqNjkbj9CA,OK,158020,471570223103011
2467.832,35.0225458,-90.0257415,ChIJnc94gMRi1YcRKYztFRuX2Yw,OK,162348,471570227003017
2467.832,35.0225458,-90.0257415,ChIJnc94gMRi1YcRKYztFRuX2Yw,OK,162348,471570227003017
3667.706,35.03203000000001,-90.025994,ChIJr7k5Z85i1YcR_daVhG2vNFM,OK,244852,471570227003017
2098.655,35.2337782,-89.9252472,ChIJra3pLkt_f4gRjZbqnHrruIM,OK,169209,471570205243006
2098.655,35.2337782,-89.9252472,ChIJra3pLkt_f4gRjZbqnHrruIM,OK,169209,471570205243006
5731.4,35.222344,-89.97682999999999,ChIJ987Br45_f4gRjwrvnFN8t7k,OK,370498,471570205243006
1226.15,35.2337782,-89.9252472,ChIJra3pLkt_f4gRjZbqnHrruIM,OK,101467,471570205243016
1226.15,35.2337782,-89.9252472,ChIJra3pLkt_f4gRjZbqnHrruIM,OK,101467,471570205243016
4524.251,35.210167,-89.919383,ChIJi0gqlgaCf4gRjUvfmHxGMyw,OK,323509,471570205243016
791.176,35.02138900000001,-89.996898,ChIJz3MQkR6If4gRIBgmNH-BQcg,OK,86811,471570221221016
791.176,35.02138900000001,-89.996898,ChIJz3MQkR6If4gRIBgmNH-BQcg,OK,86811,471570221221016
2140.478,35.0068452,-90.00681259999999,ChIJz3G0Jpti1YcRMCYWHOflqrA,OK,157459,471570221221016
666.496,35.02138900000001,-89.996898,ChIJz3MQkR6If4gRIBgmNH-BQcg,OK,78070,471570221221001
666.496,35.02138900000001,-89.996898,ChIJz3MQkR6If4gRIBgmNH-BQcg,OK,78070,471570221221001
2452.936,35.0068452,-90.00681259999999,ChIJz3G0Jpti1YcRMCYWHOflqrA,OK,194952,471570221221001
3462.061,35.0225458,-90.0257415,ChIJnc94gMRi1YcRKYztFRuX2Yw,OK,254852,471570227003022
4187.896,35.0326981,-90.07589809999999,ChIJ9S1ljalk1YcRvuG-_hbpimA,OK,278816,471570227003022
4187.896,35.0326981,-90.07589809999999,ChIJ9S1ljalk1YcRvuG-_hbpimA,OK,278816,471570227003022
2101.685,35.1738374,-89.98954379999999,ChIJ_S0BIGOAf4gRU3Ph4W65cOQ,OK,126096,471570006001011
2101.685,35.1738374,-89.98954379999999,ChIJ_S0BIGOAf4gRU3Ph4W65cOQ,OK,126096,471570006001011
3142.234,35.1490317,-90.0140679,ChIJw3q9_xV-1YcRqrte6yBn1CI,OK,188513,471570006001011
2582.53,35.22619459999999,-90.0020167,ChIJvTh1mwiA1YcRLLqD5Uxq8Nc,OK,185205,471570100003004
2582.53,35.22619459999999,-90.0020167,ChIJvTh1mwiA1YcRLLqD5Uxq8Nc,OK,185205,471570100003004
3392.925,35.218332,-90.00299799999999,ChIJfRCGEgGA1YcRsZsWP_dycDI,OK,232672,471570100003004
130.907,35.22619459999999,-90.0020167,ChIJvTh1mwiA1YcRLLqD5Uxq8Nc,OK,9009,471570100005017
130.907,35.22619459999999,-90.0020167,ChIJvTh1mwiA1YcRLLqD5Uxq8Nc,OK,9009,471570100005017
872.113,35.218332,-90.00299799999999,ChIJfRCGEgGA1YcRsZsWP_dycDI,OK,52325,471570100005017
789.368,35.22619459999999,-90.0020167,ChIJvTh1mwiA1YcRLLqD5Uxq8Nc,OK,78044,471570100005001
789.368,35.22619459999999,-90.0020167,ChIJvTh1mwiA1YcRLLqD5Uxq8Nc,OK,78044,471570100005001
1792.387,35.218332,-90.00299799999999,ChIJfRCGEgGA1YcRsZsWP_dycDI,OK,139379,471570100005001
6940.673,35.218332,-90.00299799999999,ChIJfRCGEgGA1YcRsZsWP_dycDI,OK,363035,471570101205017
6501.152,35.21475480000001,-90.00354540000001,ChIJF6XvX_9_1YcRD4jlF4jzevw,OK,371802,471570101205017
6501.152,35.21475480000001,-90.00354540000001,ChIJF6XvX_9_1YcRD4jlF4jzevw,OK,371802,471570101205017
2903.444,35.21475480000001,-90.00354540000001,ChIJF6XvX_9_1YcRD4jlF4jzevw,OK,202679,471570101205007
2903.444,35.21475480000001,-90.00354540000001,ChIJF6XvX_9_1YcRD4jlF4jzevw,OK,202679,471570101205007
3301.933,35.218332,-90.00299799999999,ChIJfRCGEgGA1YcRsZsWP_dycDI,OK,226588,471570101205007
4377.141,35.21475480000001,-90.00354540000001,ChIJF6XvX_9_1YcRD4jlF4jzevw,OK,381610,471570101205026
4377.141,35.21475480000001,-90.00354540000001,ChIJF6XvX_9_1YcRD4jlF4jzevw,OK,381610,471570101205026
4775.63,35.218332,-90.00299799999999,ChIJfRCGEgGA1YcRsZsWP_dycDI,OK,405519,471570101205026
3326.224,35.1738374,-89.98954379999999,ChIJ_S0BIGOAf4gRU3Ph4W65cOQ,OK,205900,471570004002022
3869.477,35.1490317,-90.0140679,ChIJw3q9_xV-1YcRqrte6yBn1CI,OK,220297,471570004002022
3869.477,35.1490317,-90.0140679,ChIJw3q9_xV-1YcRqrte6yBn1CI,OK,220297,471570004002022
2869.347,35.1439641,-90.0517892,ChIJL-0zBZR-1YcRj7p5p1WY4-g,OK,249124,471570002001003
2869.347,35.1439641,-90.0517892,ChIJL-0zBZR-1YcRj7p5p1WY4-g,OK,249124,471570002001003
3078.263,35.1450994,-90.0538646,ChIJne6_s5V-1YcRn_LPaqiwhrk,OK,254578,471570002001003
896.311,35.1450994,-90.0538646,ChIJne6_s5V-1YcRn_LPaqiwhrk,OK,86263,471570042001012
896.311,35.1450994,-90.0538646,ChIJne6_s5V-1YcRn_LPaqiwhrk,OK,86263,471570042001012
1115.849,35.1435177,-90.0539328,ChIJ8VFg1pV-1YcRR9G8p0pZx6U,OK,95018,471570042001012
1365.125,35.19067459999999,-89.8489943,ChIJ364PGjWdf4gRKbsrGLq8_XQ,OK,127724,471570211111013
1297.911,35.222344,-89.97682999999999,ChIJ987Br45_f4gRjwrvnFN8t7k,OK,110894,471570102202011
1365.125,35.19067459999999,-89.8489943,ChIJ364PGjWdf4gRKbsrGLq8_XQ,OK,127724,471570211111013
1297.911,35.222344,-89.97682999999999,ChIJ987Br45_f4gRjwrvnFN8t7k,OK,110894,471570102202011
5854.038,35.16339899999999,-89.855841,ChIJA_xfkC6Df4gRAjVZwLz1jqA,OK,353372,471570211111013
1397.25,35.217526,-89.98935,ChIJKdhOoPd_f4gRbD5w-Ol3ovU,OK,119347,471570102202011
1500.124,35.107529,-89.9862127,ChIJ0WGfSUKHf4gRjDLrfGQwCV4,OK,103167,471570067002010
1500.124,35.107529,-89.9862127,ChIJ0WGfSUKHf4gRjDLrfGQwCV4,OK,103167,471570067002010
1941.142,35.104197,-89.98335349999999,ChIJNST6hGqHf4gR0Mml4gyjQWk,OK,122726,471570067002010
2928.791,35.16339899999999,-89.855841,ChIJA_xfkC6Df4gRAjVZwLz1jqA,OK,130577,471570211211001
2928.791,35.16339899999999,-89.855841,ChIJA_xfkC6Df4gRAjVZwLz1jqA,OK,130577,471570211211001
3002.174,35.1623785,-89.8566175,ChIJXQHWWS6Df4gRqhH5EQ9H1j0,OK,139436,471570211211001
1742.523,35.222344,-89.97682999999999,ChIJ987Br45_f4gRjwrvnFN8t7k,OK,138378,471570102202013
1838.108,35.217526,-89.98935,ChIJKdhOoPd_f4gRbD5w-Ol3ovU,OK,172248,471570102202013
1838.108,35.217526,-89.98935,ChIJKdhOoPd_f4gRbD5w-Ol3ovU,OK,172248,471570102202013
1182.749,35.12545849999999,-89.97454169999999,ChIJoyT3HjOHf4gRS6EdHckmff8,OK,88410,471570067001006
1182.749,35.12545849999999,-89.97454169999999,ChIJoyT3HjOHf4gRS6EdHckmff8,OK,88410,471570067001006
2377.798,35.107529,-89.9862127,ChIJ0WGfSUKHf4gRjDLrfGQwCV4,OK,185411,471570067001006
1253.747,35.1060329,-90.039159,ChIJ231bcjV81YcRQ1quDeYAd6M,OK,84839,471570059002017
1253.747,35.1060329,-90.039159,ChIJ231bcjV81YcRQ1quDeYAd6M,OK,84839,471570059002017
1922.746,35.1157645,-90.022279,ChIJwZqBNMN91YcRRpdDvj5Pcr8,OK,116966,471570059002017
2280.519,35.222344,-89.97682999999999,ChIJ987Br45_f4gRjwrvnFN8t7k,OK,165012,471570102205003
2205.196,35.217526,-89.98935,ChIJKdhOoPd_f4gRbD5w-Ol3ovU,OK,168469,471570102205003
2205.196,35.217526,-89.98935,ChIJKdhOoPd_f4gRbD5w-Ol3ovU,OK,168469,471570102205003
574.883,35.1060329,-90.039159,ChIJ231bcjV81YcRQ1quDeYAd6M,OK,54233,471570059002022
574.883,35.1060329,-90.039159,ChIJ231bcjV81YcRQ1quDeYAd6M,OK,54233,471570059002022
1682.199,35.1087458,-90.0211918,ChIJe6w2EsF91YcRquzVZc8M0-I,OK,111517,471570059002022
1495.412,35.107529,-89.9862127,ChIJ0WGfSUKHf4gRjDLrfGQwCV4,OK,116126,471570067003015
1495.412,35.107529,-89.9862127,ChIJ0WGfSUKHf4gRjDLrfGQwCV4,OK,116126,471570067003015
1936.43,35.104197,-89.98335349999999,ChIJNST6hGqHf4gR0Mml4gyjQWk,OK,135685,471570067003015
1248.332,35.222344,-89.97682999999999,ChIJ987Br45_f4gRjwrvnFN8t7k,OK,122462,471570102202007
1248.332,35.222344,-89.97682999999999,ChIJ987Br45_f4gRjwrvnFN8t7k,OK,122462,471570102202007
1590.814,35.217526,-89.98935,ChIJKdhOoPd_f4gRbD5w-Ol3ovU,OK,142575,471570102202007
1822.6,35.12545849999999,-89.97454169999999,ChIJoyT3HjOHf4gRS6EdHckmff8,OK,133453,471570067003003
1822.6,35.12545849999999,-89.97454169999999,ChIJoyT3HjOHf4gRS6EdHckmff8,OK,133453,471570067003003
2088.206,35.107529,-89.9862127,ChIJ0WGfSUKHf4gRjDLrfGQwCV4,OK,146975,471570067003003
1489.328,35.1157645,-90.022279,ChIJwZqBNMN91YcRRpdDvj5Pcr8,OK,89351,471570059001006
1489.328,35.1157645,-90.022279,ChIJwZqBNMN91YcRRpdDvj5Pcr8,OK,89351,471570059001006
1418.729,35.1060329,-90.039159,ChIJ231bcjV81YcRQ1quDeYAd6M,OK,93127,471570059001006
1248.209,35.222344,-89.97682999999999,ChIJ987Br45_f4gRjwrvnFN8t7k,OK,91973,471570102202004
1248.209,35.222344,-89.97682999999999,ChIJ987Br45_f4gRjwrvnFN8t7k,OK,91973,471570102202004
1649.076,35.2227028,-89.97692290000001,ChIJ987Br45_f4gRMoYIhCny13Q,OK,128105,471570102202004
718.073,35.222344,-89.97682999999999,ChIJ987Br45_f4gRjwrvnFN8t7k,OK,61588,471570102201004
718.073,35.222344,-89.97682999999999,ChIJ987Br45_f4gRjwrvnFN8t7k,OK,61588,471570102201004
1118.94,35.2227028,-89.97692290000001,ChIJ987Br45_f4gRMoYIhCny13Q,OK,97720,471570102201004
423.503,35.107529,-89.9862127,ChIJ0WGfSUKHf4gRjDLrfGQwCV4,OK,35498,471570068002006
423.503,35.107529,-89.9862127,ChIJ0WGfSUKHf4gRjDLrfGQwCV4,OK,35498,471570068002006
518.685,35.104197,-89.98335349999999,ChIJNST6hGqHf4gR0Mml4gyjQWk,OK,49463,471570068002006
1209.127,35.1060329,-90.039159,ChIJ231bcjV81YcRQ1quDeYAd6M,OK,80551,471570059001007
1209.127,35.1060329,-90.039159,ChIJ231bcjV81YcRQ1quDeYAd6M,OK,80551,471570059001007
1698.93,35.1157645,-90.022279,ChIJwZqBNMN91YcRRpdDvj5Pcr8,OK,101927,471570059001007
4267.109,35.222344,-89.97682999999999,ChIJ987Br45_f4gRjwrvnFN8t7k,OK,256015,471570205112017
4267.109,35.222344,-89.97682999999999,ChIJ987Br45_f4gRjwrvnFN8t7k,OK,256015,471570205112017
4436,35.17410499999999,-89.97575479999999,ChIJmfYTGFmAf4gRHGKCaD0qCtI,OK,266148,471570205112017
1318.087,35.104197,-89.98335349999999,ChIJNST6hGqHf4gR0Mml4gyjQWk,OK,106822,471570068001005
1318.087,35.104197,-89.98335349999999,ChIJNST6hGqHf4gR0Mml4gyjQWk,OK,106822,471570068001005
1426.898,35.107529,-89.9862127,ChIJ0WGfSUKHf4gRjDLrfGQwCV4,OK,107904,471570068001005
1638.545,35.222344,-89.97682999999999,ChIJ987Br45_f4gRjwrvnFN8t7k,OK,121398,471570205111010
1638.545,35.222344,-89.97682999999999,ChIJ987Br45_f4gRjwrvnFN8t7k,OK,121398,471570205111010
2039.411,35.2227028,-89.97692290000001,ChIJ987Br45_f4gRMoYIhCny13Q,OK,157530,471570205111010
779.487,35.104197,-89.98335349999999,ChIJNST6hGqHf4gR0Mml4gyjQWk,OK,43170,471570069001000
779.487,35.104197,-89.98335349999999,ChIJNST6hGqHf4gR0Mml4gyjQWk,OK,43170,471570069001000
880.864,35.09464699999999,-89.9708677,ChIJx5uAuBqHf4gRze5MKc5WJFI,OK,49868,471570069001000
1363.451,35.1157645,-90.022279,ChIJwZqBNMN91YcRRpdDvj5Pcr8,OK,88761,471570059001005
1363.451,35.1157645,-90.022279,ChIJwZqBNMN91YcRRpdDvj5Pcr8,OK,88761,471570059001005
1533.92,35.1060329,-90.039159,ChIJ231bcjV81YcRQ1quDeYAd6M,OK,113335,471570059001005
4062.601,35.222344,-89.97682999999999,ChIJ987Br45_f4gRjwrvnFN8t7k,OK,270205,471570205111007
7913.225,35.098685,-90.05664899999999,ChIJ31qwBkJ81YcRk2V5pdmdhrM,OK,682571,471579802001010
7913.225,35.098685,-90.05664899999999,ChIJ31qwBkJ81YcRk2V5pdmdhrM,OK,682571,471579802001010
8302.217,35.095133,-90.05542799999999,ChIJATnUo0J81YcRpbAuNwXeqRw,OK,704115,471579802001010
3076.507,35.1251709,-90.0481695,ChIJybIJtCd81YcR9Otxws-5qCM,OK,154658,471579802001027
3076.507,35.1251709,-90.0481695,ChIJybIJtCd81YcR9Otxws-5qCM,OK,154658,471579802001027
3078.321,35.125222,-90.048147,ChIJ9cKdtid81YcRKs9h6RjzQzw,OK,154759,471579802001027
5587.607,35.098685,-90.05664899999999,ChIJ31qwBkJ81YcRk2V5pdmdhrM,OK,403498,471579802001031
5587.607,35.098685,-90.05664899999999,ChIJ31qwBkJ81YcRk2V5pdmdhrM,OK,403498,471579802001031
5976.6,35.095133,-90.05542799999999,ChIJATnUo0J81YcRpbAuNwXeqRw,OK,425042,471579802001031
2889.445,35.093591,-90.056624,ChIJgyVl92d81YcRhuRHHckl8Y4,OK,158374,471570053003054
2889.445,35.093591,-90.056624,ChIJgyVl92d81YcRhuRHHckl8Y4,OK,158374,471570053003054
3069.282,35.095133,-90.05542799999999,ChIJATnUo0J81YcRpbAuNwXeqRw,OK,168334,471570053003054
4939.937,35.098685,-90.05664899999999,ChIJ31qwBkJ81YcRk2V5pdmdhrM,OK,324181,471579802001021
4939.937,35.098685,-90.05664899999999,ChIJ31qwBkJ81YcRk2V5pdmdhrM,OK,324181,471579802001021
5328.929,35.095133,-90.05542799999999,ChIJATnUo0J81YcRpbAuNwXeqRw,OK,345725,471579802001021
4441.073,35.098685,-90.05664899999999,ChIJ31qwBkJ81YcRk2V5pdmdhrM,OK,283058,471579802001024
4441.073,35.098685,-90.05664899999999,ChIJ31qwBkJ81YcRk2V5pdmdhrM,OK,283058,471579802001024
4830.066,35.095133,-90.05542799999999,ChIJATnUo0J81YcRpbAuNwXeqRw,OK,304602,471579802001024
4770.61,35.098685,-90.05664899999999,ChIJ31qwBkJ81YcRk2V5pdmdhrM,OK,265443,471570053003001
4770.61,35.098685,-90.05664899999999,ChIJ31qwBkJ81YcRk2V5pdmdhrM,OK,265443,471570053003001
5159.603,35.095133,-90.05542799999999,ChIJATnUo0J81YcRpbAuNwXeqRw,OK,286987,471570053003001
4106.602,35.098685,-90.05664899999999,ChIJ31qwBkJ81YcRk2V5pdmdhrM,OK,258977,471579802001003
4106.602,35.098685,-90.05664899999999,ChIJ31qwBkJ81YcRk2V5pdmdhrM,OK,258977,471579802001003
4495.595,35.095133,-90.05542799999999,ChIJATnUo0J81YcRpbAuNwXeqRw,OK,280521,471579802001003
2818.5,35.1251709,-90.0481695,ChIJybIJtCd81YcR9Otxws-5qCM,OK,141301,471570117001039
2818.5,35.1251709,-90.0481695,ChIJybIJtCd81YcR9Otxws-5qCM,OK,141301,471570117001039
2820.314,35.125222,-90.048147,ChIJ9cKdtid81YcRKs9h6RjzQzw,OK,141402,471570117001039
3706.098,35.098685,-90.05664899999999,ChIJ31qwBkJ81YcRk2V5pdmdhrM,OK,216087,471570117001085
3706.098,35.098685,-90.05664899999999,ChIJ31qwBkJ81YcRk2V5pdmdhrM,OK,216087,471570117001085
4095.091,35.095133,-90.05542799999999,ChIJATnUo0J81YcRpbAuNwXeqRw,OK,237631,471570117001085
2928.277,35.1251709,-90.0481695,ChIJybIJtCd81YcR9Otxws-5qCM,OK,147037,471570117001146
2928.277,35.1251709,-90.0481695,ChIJybIJtCd81YcR9Otxws-5qCM,OK,147037,471570117001146
2930.091,35.125222,-90.048147,ChIJ9cKdtid81YcRKs9h6RjzQzw,OK,147138,471570117001146
4080.789,35.098685,-90.05664899999999,ChIJ31qwBkJ81YcRk2V5pdmdhrM,OK,217812,471570117001083
4080.789,35.098685,-90.05664899999999,ChIJ31qwBkJ81YcRk2V5pdmdhrM,OK,217812,471570117001083
5854.23,35.1251709,-90.0481695,ChIJybIJtCd81YcR9Otxws-5qCM,OK,279142,471570117001083
3235.649,35.1251709,-90.0481695,ChIJybIJtCd81YcR9Otxws-5qCM,OK,164848,471579802001028
3235.649,35.1251709,-90.0481695,ChIJybIJtCd81YcR9Otxws-5qCM,OK,164848,471579802001028
3237.463,35.125222,-90.048147,ChIJ9cKdtid81YcRKs9h6RjzQzw,OK,164949,471579802001028
3925.471,35.098685,-90.05664899999999,ChIJ31qwBkJ81YcRk2V5pdmdhrM,OK,225959,471570117001086
3925.471,35.098685,-90.05664899999999,ChIJ31qwBkJ81YcRk2V5pdmdhrM,OK,225959,471570117001086
4314.464,35.095133,-90.05542799999999,ChIJATnUo0J81YcRpbAuNwXeqRw,OK,247503,471570117001086
2518.444,35.098685,-90.05664899999999,ChIJ31qwBkJ81YcRk2V5pdmdhrM,OK,146504,471570117001092
2518.444,35.098685,-90.05664899999999,ChIJ31qwBkJ81YcRk2V5pdmdhrM,OK,146504,471570117001092
2907.437,35.095133,-90.05542799999999,ChIJATnUo0J81YcRpbAuNwXeqRw,OK,168048,471570117001092
2756.427,35.098685,-90.05664899999999,ChIJ31qwBkJ81YcRk2V5pdmdhrM,OK,191413,471570117001097
2756.427,35.098685,-90.05664899999999,ChIJ31qwBkJ81YcRk2V5pdmdhrM,OK,191413,471570117001097
3145.419,35.095133,-90.05542799999999,ChIJATnUo0J81YcRpbAuNwXeqRw,OK,212957,471570117001097
4020.963,35.098685,-90.05664899999999,ChIJ31qwBkJ81YcRk2V5pdmdhrM,OK,214735,471570117001077
4020.963,35.098685,-90.05664899999999,ChIJ31qwBkJ81YcRk2V5pdmdhrM,OK,214735,471570117001077
5794.405,35.1251709,-90.0481695,ChIJybIJtCd81YcR9Otxws-5qCM,OK,276065,471570117001077
2795.986,35.098685,-90.05664899999999,ChIJ31qwBkJ81YcRk2V5pdmdhrM,OK,162696,471570053001009
2795.986,35.098685,-90.05664899999999,ChIJ31qwBkJ81YcRk2V5pdmdhrM,OK,162696,471570053001009
3184.978,35.095133,-90.05542799999999,ChIJATnUo0J81YcRpbAuNwXeqRw,OK,184240,471570053001009
3280.318,35.098685,-90.05664899999999,ChIJ31qwBkJ81YcRk2V5pdmdhrM,OK,210260,471570053001007
3280.318,35.098685,-90.05664899999999,ChIJ31qwBkJ81YcRk2V5pdmdhrM,OK,210260,471570053001007
2911.752,35.095133,-90.05542799999999,ChIJATnUo0J81YcRpbAuNwXeqRw,OK,216700,471570053001007
2791.975,35.098685,-90.05664899999999,ChIJ31qwBkJ81YcRk2V5pdmdhrM,OK,169168,471570053001006
2791.975,35.098685,-90.05664899999999,ChIJ31qwBkJ81YcRk2V5pdmdhrM,OK,169168,471570053001006
3180.967,35.095133,-90.05542799999999,ChIJATnUo0J81YcRpbAuNwXeqRw,OK,190712,471570053001006
2999.205,35.098685,-90.05664899999999,ChIJ31qwBkJ81YcRk2V5pdmdhrM,OK,184923,471570053001010
2999.205,35.098685,-90.05664899999999,ChIJ31qwBkJ81YcRk2V5pdmdhrM,OK,184923,471570053001010
3388.197,35.095133,-90.05542799999999,ChIJATnUo0J81YcRpbAuNwXeqRw,OK,206467,471570053001010
3086.478,35.095133,-90.05542799999999,ChIJATnUo0J81YcRpbAuNwXeqRw,OK,221500,471570053003006
3247.881,35.098685,-90.05664899999999,ChIJ31qwBkJ81YcRk2V5pdmdhrM,OK,230439,471570053003006
3247.881,35.098685,-90.05664899999999,ChIJ31qwBkJ81YcRk2V5pdmdhrM,OK,230439,471570053003006
1286.446,35.05407199999999,-90.00125899999999,ChIJIzdhk1h91YcRZT7cBcBslaM,OK,99616,471570225001119
1286.446,35.05407199999999,-90.00125899999999,ChIJIzdhk1h91YcRZT7cBcBslaM,OK,99616,471570225001119
1491.156,35.054745,-90.007971,ChIJXxyyQlt91YcRhldtWgjSnSE,OK,109109,471570225001119
725.878,35.054745,-90.007971,ChIJXxyyQlt91YcRhldtWgjSnSE,OK,62562,471570220221012
725.878,35.054745,-90.007971,ChIJXxyyQlt91YcRhldtWgjSnSE,OK,62562,471570220221012
1157.726,35.05407199999999,-90.00125899999999,ChIJIzdhk1h91YcRZT7cBcBslaM,OK,78601,471570220221012
190.416,35.05407199999999,-90.00125899999999,ChIJIzdhk1h91YcRZT7cBcBslaM,OK,10545,471570220221018
190.416,35.05407199999999,-90.00125899999999,ChIJIzdhk1h91YcRZT7cBcBslaM,OK,10545,471570220221018
501.363,35.054745,-90.007971,ChIJXxyyQlt91YcRhldtWgjSnSE,OK,35643,471570220221018
443.402,35.054745,-90.007971,ChIJXxyyQlt91YcRhldtWgjSnSE,OK,33880,471570220222006
443.402,35.054745,-90.007971,ChIJXxyyQlt91YcRhldtWgjSnSE,OK,33880,471570220222006
875.25,35.05407199999999,-90.00125899999999,ChIJIzdhk1h91YcRZT7cBcBslaM,OK,49919,471570220222006
493.937,35.05407199999999,-90.00125899999999,ChIJIzdhk1h91YcRZT7cBcBslaM,OK,55567,471570220224005
493.937,35.05407199999999,-90.00125899999999,ChIJIzdhk1h91YcRZT7cBcBslaM,OK,55567,471570220224005
1071.147,35.054745,-90.007971,ChIJXxyyQlt91YcRhldtWgjSnSE,OK,95412,471570220224005
610.839,35.05407199999999,-90.00125899999999,ChIJIzdhk1h91YcRZT7cBcBslaM,OK,69594,471570220224001
610.839,35.05407199999999,-90.00125899999999,ChIJIzdhk1h91YcRZT7cBcBslaM,OK,69594,471570220224001
1188.049,35.054745,-90.007971,ChIJXxyyQlt91YcRhldtWgjSnSE,OK,109439,471570220224001
616.188,35.1439641,-90.0517892,ChIJL-0zBZR-1YcRj7p5p1WY4-g,OK,48462,471570114002003
616.188,35.1439641,-90.0517892,ChIJL-0zBZR-1YcRj7p5p1WY4-g,OK,48462,471570114002003
825.104,35.1450994,-90.0538646,ChIJne6_s5V-1YcRn_LPaqiwhrk,OK,53916,471570114002003
459.913,35.05407199999999,-90.00125899999999,ChIJIzdhk1h91YcRZT7cBcBslaM,OK,51485,471570220224009
459.913,35.05407199999999,-90.00125899999999,ChIJIzdhk1h91YcRZT7cBcBslaM,OK,51485,471570220224009
1037.123,35.054745,-90.007971,ChIJXxyyQlt91YcRhldtWgjSnSE,OK,91330,471570220224009
520.833,35.054745,-90.007971,ChIJXxyyQlt91YcRhldtWgjSnSE,OK,51668,471570220222011
520.833,35.054745,-90.007971,ChIJXxyyQlt91YcRhldtWgjSnSE,OK,51668,471570220222011
952.681,35.05407199999999,-90.00125899999999,ChIJIzdhk1h91YcRZT7cBcBslaM,OK,67707,471570220222011
739.265,35.054745,-90.007971,ChIJXxyyQlt91YcRhldtWgjSnSE,OK,60848,471570220222010
739.265,35.054745,-90.007971,ChIJXxyyQlt91YcRhldtWgjSnSE,OK,60848,471570220222010
1171.113,35.05407199999999,-90.00125899999999,ChIJIzdhk1h91YcRZT7cBcBslaM,OK,76887,471570220222010
684.143,35.054745,-90.007971,ChIJXxyyQlt91YcRhldtWgjSnSE,OK,48324,471570220222008
684.143,35.054745,-90.007971,ChIJXxyyQlt91YcRhldtWgjSnSE,OK,48324,471570220222008
1115.991,35.05407199999999,-90.00125899999999,ChIJIzdhk1h91YcRZT7cBcBslaM,OK,64363,471570220222008
524.633,35.054745,-90.007971,ChIJXxyyQlt91YcRhldtWgjSnSE,OK,45021,471570220223011
524.633,35.054745,-90.007971,ChIJXxyyQlt91YcRhldtWgjSnSE,OK,45021,471570220223011
956.481,35.05407199999999,-90.00125899999999,ChIJIzdhk1h91YcRZT7cBcBslaM,OK,61060,471570220223011
749.146,35.054745,-90.007971,ChIJXxyyQlt91YcRhldtWgjSnSE,OK,71961,471570220223012
749.146,35.054745,-90.007971,ChIJXxyyQlt91YcRhldtWgjSnSE,OK,71961,471570220223012
1180.994,35.05407199999999,-90.00125899999999,ChIJIzdhk1h91YcRZT7cBcBslaM,OK,88000,471570220223012
497.877,35.054745,-90.007971,ChIJXxyyQlt91YcRhldtWgjSnSE,OK,41810,471570220223007
497.877,35.054745,-90.007971,ChIJXxyyQlt91YcRhldtWgjSnSE,OK,41810,471570220223007
929.725,35.05407199999999,-90.00125899999999,ChIJIzdhk1h91YcRZT7cBcBslaM,OK,57849,471570220223007
577.331,35.054745,-90.007971,ChIJXxyyQlt91YcRhldtWgjSnSE,OK,51344,471570220223010
577.331,35.054745,-90.007971,ChIJXxyyQlt91YcRhldtWgjSnSE,OK,51344,471570220223010
1009.179,35.05407199999999,-90.00125899999999,ChIJIzdhk1h91YcRZT7cBcBslaM,OK,67383,471570220223010
549.139,35.054745,-90.007971,ChIJXxyyQlt91YcRhldtWgjSnSE,OK,47961,471570220223008
549.139,35.054745,-90.007971,ChIJXxyyQlt91YcRhldtWgjSnSE,OK,47961,471570220223008
980.988,35.05407199999999,-90.00125899999999,ChIJIzdhk1h91YcRZT7cBcBslaM,OK,64000,471570220223008
866.819,35.054745,-90.007971,ChIJXxyyQlt91YcRhldtWgjSnSE,OK,67786,471570220224017
866.819,35.054745,-90.007971,ChIJXxyyQlt91YcRhldtWgjSnSE,OK,67786,471570220224017
1298.667,35.05407199999999,-90.00125899999999,ChIJIzdhk1h91YcRZT7cBcBslaM,OK,83825,471570220224017
741.212,35.054745,-90.007971,ChIJXxyyQlt91YcRhldtWgjSnSE,OK,71008,471570220223013
741.212,35.054745,-90.007971,ChIJXxyyQlt91YcRhldtWgjSnSE,OK,71008,471570220223013
1173.061,35.05407199999999,-90.00125899999999,ChIJIzdhk1h91YcRZT7cBcBslaM,OK,87047,471570220223013
635.533,35.054745,-90.007971,ChIJXxyyQlt91YcRhldtWgjSnSE,OK,58328,471570220223009
635.533,35.054745,-90.007971,ChIJXxyyQlt91YcRhldtWgjSnSE,OK,58328,471570220223009
1067.381,35.05407199999999,-90.00125899999999,ChIJIzdhk1h91YcRZT7cBcBslaM,OK,74367,471570220223009
873.676,35.05407199999999,-90.00125899999999,ChIJIzdhk1h91YcRZT7cBcBslaM,OK,101132,471570220224016
873.676,35.05407199999999,-90.00125899999999,ChIJIzdhk1h91YcRZT7cBcBslaM,OK,101132,471570220224016
1151.572,35.054745,-90.007971,ChIJXxyyQlt91YcRhldtWgjSnSE,OK,101955,471570220224016
603.021,35.054745,-90.007971,ChIJXxyyQlt91YcRhldtWgjSnSE,OK,54426,471570220223004
603.021,35.054745,-90.007971,ChIJXxyyQlt91YcRhldtWgjSnSE,OK,54426,471570220223004
1034.869,35.05407199999999,-90.00125899999999,ChIJIzdhk1h91YcRZT7cBcBslaM,OK,70465,471570220223004
584.85,35.05407199999999,-90.00125899999999,ChIJIzdhk1h91YcRZT7cBcBslaM,OK,66476,471570220223017
584.85,35.05407199999999,-90.00125899999999,ChIJIzdhk1h91YcRZT7cBcBslaM,OK,66476,471570220223017
828.344,35.054745,-90.007971,ChIJXxyyQlt91YcRhldtWgjSnSE,OK,81464,471570220223017
1270.598,35.1546312,-89.79260459999999,ChIJ8UeuSEecf4gRniit7ubZLtM,OK,93735,471570211252021
1270.598,35.1546312,-89.79260459999999,ChIJ8UeuSEecf4gRniit7ubZLtM,OK,93735,471570211252021
1650.486,35.14868459999999,-89.7948203,ChIJ4w9Lr2qcf4gRHdzl9FciAFM,OK,113235,471570211252021
2904.178,35.0326981,-90.07589809999999,ChIJ9S1ljalk1YcRvuG-_hbpimA,OK,197296,471570223105014
2904.178,35.0326981,-90.07589809999999,ChIJ9S1ljalk1YcRvuG-_hbpimA,OK,197296,471570223105014
3079.073,35.02753099999999,-90.082077,ChIJK66rdetk1YcRwwxI9gDREks,OK,239465,471570223105014
2523.927,35.0326981,-90.07589809999999,ChIJ9S1ljalk1YcRvuG-_hbpimA,OK,168658,471570223302007
2523.927,35.0326981,-90.07589809999999,ChIJ9S1ljalk1YcRvuG-_hbpimA,OK,168658,471570223302007
2698.822,35.02753099999999,-90.082077,ChIJK66rdetk1YcRwwxI9gDREks,OK,210827,471570223302007
2726.927,35.0326981,-90.07589809999999,ChIJ9S1ljalk1YcRvuG-_hbpimA,OK,193017,471570223302010
2726.927,35.0326981,-90.07589809999999,ChIJ9S1ljalk1YcRvuG-_hbpimA,OK,193017,471570223302010
1746.355,35.02753099999999,-90.082077,ChIJK66rdetk1YcRwwxI9gDREks,OK,201333,471570223302010
2529.315,35.0326981,-90.07589809999999,ChIJ9S1ljalk1YcRvuG-_hbpimA,OK,169304,471570223302012
2529.315,35.0326981,-90.07589809999999,ChIJ9S1ljalk1YcRvuG-_hbpimA,OK,169304,471570223302012
1630.273,35.02753099999999,-90.082077,ChIJK66rdetk1YcRwwxI9gDREks,OK,187404,471570223302012
2731.362,35.0326981,-90.07589809999999,ChIJ9S1ljalk1YcRvuG-_hbpimA,OK,193549,471570223302011
2731.362,35.0326981,-90.07589809999999,ChIJ9S1ljalk1YcRvuG-_hbpimA,OK,193549,471570223302011
1745.599,35.02753099999999,-90.082077,ChIJK66rdetk1YcRwwxI9gDREks,OK,201242,471570223302011
1646.247,35.0326981,-90.07589809999999,ChIJ9S1ljalk1YcRvuG-_hbpimA,OK,144665,471570223104007
1646.247,35.0326981,-90.07589809999999,ChIJ9S1ljalk1YcRvuG-_hbpimA,OK,144665,471570223104007
1821.142,35.02753099999999,-90.082077,ChIJK66rdetk1YcRwwxI9gDREks,OK,186834,471570223104007
2135.771,35.0326981,-90.07589809999999,ChIJ9S1ljalk1YcRvuG-_hbpimA,OK,140102,471570223302004
2135.771,35.0326981,-90.07589809999999,ChIJ9S1ljalk1YcRvuG-_hbpimA,OK,140102,471570223302004
1481.344,35.02753099999999,-90.082077,ChIJK66rdetk1YcRwwxI9gDREks,OK,169535,471570223302004
2101.784,35.0326981,-90.07589809999999,ChIJ9S1ljalk1YcRvuG-_hbpimA,OK,136023,471570223302014
2101.784,35.0326981,-90.07589809999999,ChIJ9S1ljalk1YcRvuG-_hbpimA,OK,136023,471570223302014
1486.02,35.02753099999999,-90.082077,ChIJK66rdetk1YcRwwxI9gDREks,OK,170096,471570223302014
1622.85,35.0326981,-90.07589809999999,ChIJ9S1ljalk1YcRvuG-_hbpimA,OK,108970,471570223302003
1622.85,35.0326981,-90.07589809999999,ChIJ9S1ljalk1YcRvuG-_hbpimA,OK,108970,471570223302003
1797.745,35.02753099999999,-90.082077,ChIJK66rdetk1YcRwwxI9gDREks,OK,151139,471570223302003
2154.492,35.0326981,-90.07589809999999,ChIJ9S1ljalk1YcRvuG-_hbpimA,OK,157972,471570223302016
2154.492,35.0326981,-90.07589809999999,ChIJ9S1ljalk1YcRvuG-_hbpimA,OK,157972,471570223302016
1472.792,35.02753099999999,-90.082077,ChIJK66rdetk1YcRwwxI9gDREks,OK,168508,471570223302016
2244.518,35.0326981,-90.07589809999999,ChIJ9S1ljalk1YcRvuG-_hbpimA,OK,153150,471570223302017
2244.518,35.0326981,-90.07589809999999,ChIJ9S1ljalk1YcRvuG-_hbpimA,OK,153150,471570223302017
1465.265,35.02753099999999,-90.082077,ChIJK66rdetk1YcRwwxI9gDREks,OK,167605,471570223302017
1592.187,35.0326981,-90.07589809999999,ChIJ9S1ljalk1YcRvuG-_hbpimA,OK,105290,471570223302002
1592.187,35.0326981,-90.07589809999999,ChIJ9S1ljalk1YcRvuG-_hbpimA,OK,105290,471570223302002
1235.749,35.02753099999999,-90.082077,ChIJK66rdetk1YcRwwxI9gDREks,OK,127984,471570223302002
1017.125,35.02753099999999,-90.082077,ChIJK66rdetk1YcRwwxI9gDREks,OK,113829,471570223303007
1017.125,35.02753099999999,-90.082077,ChIJK66rdetk1YcRwwxI9gDREks,OK,113829,471570223303007
1818.197,35.0326981,-90.07589809999999,ChIJ9S1ljalk1YcRvuG-_hbpimA,OK,158195,471570223303007
2574.047,35.02753099999999,-90.082077,ChIJK66rdetk1YcRwwxI9gDREks,OK,183920,471570223303011
2574.047,35.02753099999999,-90.082077,ChIJK66rdetk1YcRwwxI9gDREks,OK,183920,471570223303011
3375.119,35.0326981,-90.07589809999999,ChIJ9S1ljalk1YcRvuG-_hbpimA,OK,228286,471570223303011
1424.274,35.02753099999999,-90.082077,ChIJK66rdetk1YcRwwxI9gDREks,OK,162687,471570223303014
1424.274,35.02753099999999,-90.082077,ChIJK66rdetk1YcRwwxI9gDREks,OK,162687,471570223303014
2225.346,35.0326981,-90.07589809999999,ChIJ9S1ljalk1YcRvuG-_hbpimA,OK,207053,471570223303014
1368.626,35.02753099999999,-90.082077,ChIJK66rdetk1YcRwwxI9gDREks,OK,156010,471570223303013
1368.626,35.02753099999999,-90.082077,ChIJK66rdetk1YcRwwxI9gDREks,OK,156010,471570223303013
2169.698,35.0326981,-90.07589809999999,ChIJ9S1ljalk1YcRvuG-_hbpimA,OK,200376,471570223303013
1310.854,35.02753099999999,-90.082077,ChIJK66rdetk1YcRwwxI9gDREks,OK,149077,471570223303018
1310.854,35.02753099999999,-90.082077,ChIJK66rdetk1YcRwwxI9gDREks,OK,149077,471570223303018
2111.926,35.0326981,-90.07589809999999,ChIJ9S1ljalk1YcRvuG-_hbpimA,OK,193443,471570223303018
1187.174,35.02753099999999,-90.082077,ChIJK66rdetk1YcRwwxI9gDREks,OK,134237,471570223301012
1187.174,35.02753099999999,-90.082077,ChIJK66rdetk1YcRwwxI9gDREks,OK,134237,471570223301012
1988.246,35.0326981,-90.07589809999999,ChIJ9S1ljalk1YcRvuG-_hbpimA,OK,178603,471570223301012
1105.163,35.06128,-90.05978399999999,ChIJm06f8ZV81YcRTjzAsJPcBKY,OK,119271,471570222201008
1105.163,35.06128,-90.05978399999999,ChIJm06f8ZV81YcRTjzAsJPcBKY,OK,119271,471570222201008
1007.863,35.061362,-90.05986399999999,ChIJL_Gh8ZV81YcRDlMHRKqR_IA,OK,120942,471570222201008
1828.307,35.02753099999999,-90.082077,ChIJK66rdetk1YcRwwxI9gDREks,OK,127605,471570223301013
1828.307,35.02753099999999,-90.082077,ChIJK66rdetk1YcRwwxI9gDREks,OK,127605,471570223301013
2629.379,35.0326981,-90.07589809999999,ChIJ9S1ljalk1YcRvuG-_hbpimA,OK,171971,471570223301013
1499.307,35.02753099999999,-90.082077,ChIJK66rdetk1YcRwwxI9gDREks,OK,83036,471570224105000
1499.307,35.02753099999999,-90.082077,ChIJK66rdetk1YcRwwxI9gDREks,OK,83036,471570224105000
390.955,35.1546312,-89.79260459999999,ChIJ8UeuSEecf4gRniit7ubZLtM,OK,41296,471570211353035
390.955,35.1546312,-89.79260459999999,ChIJ8UeuSEecf4gRniit7ubZLtM,OK,41296,471570211353035
897.538,35.14868459999999,-89.7948203,ChIJ4w9Lr2qcf4gRHdzl9FciAFM,OK,76266,471570211353035
2400.9,35.1546312,-89.79260459999999,ChIJ8UeuSEecf4gRniit7ubZLtM,OK,175566,471570211353016
2400.9,35.1546312,-89.79260459999999,ChIJ8UeuSEecf4gRniit7ubZLtM,OK,175566,471570211353016
2780.788,35.14868459999999,-89.7948203,ChIJ4w9Lr2qcf4gRHdzl9FciAFM,OK,195066,471570211353016
5172.195,35.2044739,-89.76342459999999,ChIJ3XsJxyKef4gRTeWb3lonWsU,OK,369642,471570211413018
5172.195,35.2044739,-89.76342459999999,ChIJ3XsJxyKef4gRTeWb3lonWsU,OK,369642,471570211413018
6683.055,35.2072684,-89.7827147,ChIJKdJ2xvqdf4gRKLRUePlbOOs,OK,461259,471570211413018
3596.647,35.14868459999999,-89.7948203,ChIJ4w9Lr2qcf4gRHdzl9FciAFM,OK,233772,471570211371007
3596.647,35.14868459999999,-89.7948203,ChIJ4w9Lr2qcf4gRHdzl9FciAFM,OK,233772,471570211371007
3445.793,35.1546312,-89.79260459999999,ChIJ8UeuSEecf4gRniit7ubZLtM,OK,252661,471570211371007
1878.029,35.14868459999999,-89.7948203,ChIJ4w9Lr2qcf4gRHdzl9FciAFM,OK,131468,471570211251051
1878.029,35.14868459999999,-89.7948203,ChIJ4w9Lr2qcf4gRHdzl9FciAFM,OK,131468,471570211251051
2644.192,35.1546312,-89.79260459999999,ChIJ8UeuSEecf4gRniit7ubZLtM,OK,152167,471570211251051
2703.378,35.14868459999999,-89.7948203,ChIJ4w9Lr2qcf4gRHdzl9FciAFM,OK,230452,471570211372016
2703.378,35.14868459999999,-89.7948203,ChIJ4w9Lr2qcf4gRHdzl9FciAFM,OK,230452,471570211372016
3125.624,35.1546312,-89.79260459999999,ChIJ8UeuSEecf4gRniit7ubZLtM,OK,246918,471570211372016
2328.719,35.14868459999999,-89.7948203,ChIJ4w9Lr2qcf4gRHdzl9FciAFM,OK,185496,471570211372002
2328.719,35.14868459999999,-89.7948203,ChIJ4w9Lr2qcf4gRHdzl9FciAFM,OK,185496,471570211372002
2750.966,35.1546312,-89.79260459999999,ChIJ8UeuSEecf4gRniit7ubZLtM,OK,201962,471570211372002
4679.539,35.1546312,-89.79260459999999,ChIJ8UeuSEecf4gRniit7ubZLtM,OK,270106,471570211413025
4498.654,35.2044739,-89.76342459999999,ChIJ3XsJxyKef4gRTeWb3lonWsU,OK,322867,471570211413025
4498.654,35.2044739,-89.76342459999999,ChIJ3XsJxyKef4gRTeWb3lonWsU,OK,322867,471570211413025
1858.257,35.14868459999999,-89.7948203,ChIJ4w9Lr2qcf4gRHdzl9FciAFM,OK,138757,471570211372005
1858.257,35.14868459999999,-89.7948203,ChIJ4w9Lr2qcf4gRHdzl9FciAFM,OK,138757,471570211372005
2624.419,35.1546312,-89.79260459999999,ChIJ8UeuSEecf4gRniit7ubZLtM,OK,159456,471570211372005
1353.871,35.14868459999999,-89.7948203,ChIJ4w9Lr2qcf4gRHdzl9FciAFM,OK,138617,471570211372001
1353.871,35.14868459999999,-89.7948203,ChIJ4w9Lr2qcf4gRHdzl9FciAFM,OK,138617,471570211372001
2473.96,35.1546312,-89.79260459999999,ChIJ8UeuSEecf4gRniit7ubZLtM,OK,170458,471570211372001
1798.278,35.14868459999999,-89.7948203,ChIJ4w9Lr2qcf4gRHdzl9FciAFM,OK,131560,471570211372023
1798.278,35.14868459999999,-89.7948203,ChIJ4w9Lr2qcf4gRHdzl9FciAFM,OK,131560,471570211372023
2564.44,35.1546312,-89.79260459999999,ChIJ8UeuSEecf4gRniit7ubZLtM,OK,152259,471570211372023
1422.838,35.14868459999999,-89.7948203,ChIJ4w9Lr2qcf4gRHdzl9FciAFM,OK,105298,471570211372019
1422.838,35.14868459999999,-89.7948203,ChIJ4w9Lr2qcf4gRHdzl9FciAFM,OK,105298,471570211372019
2189.001,35.1546312,-89.79260459999999,ChIJ8UeuSEecf4gRniit7ubZLtM,OK,125997,471570211372019
1448.396,35.14868459999999,-89.7948203,ChIJ4w9Lr2qcf4gRHdzl9FciAFM,OK,108365,471570211372007
1448.396,35.14868459999999,-89.7948203,ChIJ4w9Lr2qcf4gRHdzl9FciAFM,OK,108365,471570211372007
2214.558,35.1546312,-89.79260459999999,ChIJ8UeuSEecf4gRniit7ubZLtM,OK,129064,471570211372007
3072.983,35.14868459999999,-89.7948203,ChIJ4w9Lr2qcf4gRHdzl9FciAFM,OK,193374,471570211372021
3072.983,35.14868459999999,-89.7948203,ChIJ4w9Lr2qcf4gRHdzl9FciAFM,OK,193374,471570211372021
3839.145,35.1546312,-89.79260459999999,ChIJ8UeuSEecf4gRniit7ubZLtM,OK,214073,471570211372021
6038.107,35.14868459999999,-89.7948203,ChIJ4w9Lr2qcf4gRHdzl9FciAFM,OK,428989,471570211392013
6038.107,35.14868459999999,-89.7948203,ChIJ4w9Lr2qcf4gRHdzl9FciAFM,OK,428989,471570211392013
6804.269,35.1546312,-89.79260459999999,ChIJ8UeuSEecf4gRniit7ubZLtM,OK,449688,471570211392013
4401.66,35.14868459999999,-89.7948203,ChIJ4w9Lr2qcf4gRHdzl9FciAFM,OK,262444,471570211401000
4401.66,35.14868459999999,-89.7948203,ChIJ4w9Lr2qcf4gRHdzl9FciAFM,OK,262444,471570211401000
5167.822,35.1546312,-89.79260459999999,ChIJ8UeuSEecf4gRniit7ubZLtM,OK,283143,471570211401000
1397.554,35.14868459999999,-89.7948203,ChIJ4w9Lr2qcf4gRHdzl9FciAFM,OK,143859,471570211372000
1397.554,35.14868459999999,-89.7948203,ChIJ4w9Lr2qcf4gRHdzl9FciAFM,OK,143859,471570211372000
2517.643,35.1546312,-89.79260459999999,ChIJ8UeuSEecf4gRniit7ubZLtM,OK,175700,471570211372000
2441.666,35.02753099999999,-90.082077,ChIJK66rdetk1YcRwwxI9gDREks,OK,153343,471570224101006
2441.666,35.02753099999999,-90.082077,ChIJK66rdetk1YcRwwxI9gDREks,OK,153343,471570224101006
3242.738,35.0326981,-90.07589809999999,ChIJ9S1ljalk1YcRvuG-_hbpimA,OK,197709,471570224101006
1788.221,35.1546312,-89.79260459999999,ChIJ8UeuSEecf4gRniit7ubZLtM,OK,133723,471570211374053
1788.221,35.1546312,-89.79260459999999,ChIJ8UeuSEecf4gRniit7ubZLtM,OK,133723,471570211374053
1571.282,35.14868459999999,-89.7948203,ChIJ4w9Lr2qcf4gRHdzl9FciAFM,OK,140774,471570211374053
1150.966,35.14868459999999,-89.7948203,ChIJ4w9Lr2qcf4gRHdzl9FciAFM,OK,106912,471570211373016
1150.966,35.14868459999999,-89.7948203,ChIJ4w9Lr2qcf4gRHdzl9FciAFM,OK,106912,471570211373016
1559.609,35.1546312,-89.79260459999999,ChIJ8UeuSEecf4gRniit7ubZLtM,OK,113663,471570211373016
922.872,35.14868459999999,-89.7948203,ChIJ4w9Lr2qcf4gRHdzl9FciAFM,OK,74162,471570211251042
922.872,35.14868459999999,-89.7948203,ChIJ4w9Lr2qcf4gRHdzl9FciAFM,OK,74162,471570211251042
1689.034,35.1546312,-89.79260459999999,ChIJ8UeuSEecf4gRniit7ubZLtM,OK,94861,471570211251042
5088.834,35.1546312,-89.79260459999999,ChIJ8UeuSEecf4gRniit7ubZLtM,OK,334863,471570211381029
5088.834,35.1546312,-89.79260459999999,ChIJ8UeuSEecf4gRniit7ubZLtM,OK,334863,471570211381029
1654.768,35.1087458,-90.0211918,ChIJe6w2EsF91YcRquzVZc8M0-I,OK,111128,471570078102017
1654.768,35.1087458,-90.0211918,ChIJe6w2EsF91YcRquzVZc8M0-I,OK,111128,471570078102017
1655.41,35.10874099999999,-90.021185,ChIJrVbiDcF91YcRG9TBOTpHc3I,OK,111205,471570078102017
3644.899,35.1087458,-90.0211918,ChIJe6w2EsF91YcRquzVZc8M0-I,OK,205185,471570078221003
3644.899,35.1087458,-90.0211918,ChIJe6w2EsF91YcRquzVZc8M0-I,OK,205185,471570078221003
3645.541,35.10874099999999,-90.021185,ChIJrVbiDcF91YcRG9TBOTpHc3I,OK,205262,471570078221003
2726.331,35.1087458,-90.0211918,ChIJe6w2EsF91YcRquzVZc8M0-I,OK,205457,471570075001007
2726.331,35.1087458,-90.0211918,ChIJe6w2EsF91YcRquzVZc8M0-I,OK,205457,471570075001007
2726.972,35.10874099999999,-90.021185,ChIJrVbiDcF91YcRG9TBOTpHc3I,OK,205534,471570075001007
3843.722,35.1087458,-90.0211918,ChIJe6w2EsF91YcRquzVZc8M0-I,OK,188780,471570075002013
3844.363,35.10874099999999,-90.021185,ChIJrVbiDcF91YcRG9TBOTpHc3I,OK,188857,471570075002013
3844.363,35.10874099999999,-90.021185,ChIJrVbiDcF91YcRG9TBOTpHc3I,OK,188857,471570075002013
3859.327,35.1087458,-90.0211918,ChIJe6w2EsF91YcRquzVZc8M0-I,OK,189582,471570075002014
3859.327,35.1087458,-90.0211918,ChIJe6w2EsF91YcRquzVZc8M0-I,OK,189582,471570075002014
3859.969,35.10874099999999,-90.021185,ChIJrVbiDcF91YcRG9TBOTpHc3I,OK,189659,471570075002014
2835.355,35.1087458,-90.0211918,ChIJe6w2EsF91YcRquzVZc8M0-I,OK,178544,471570078221002
2835.355,35.1087458,-90.0211918,ChIJe6w2EsF91YcRquzVZc8M0-I,OK,178544,471570078221002
2835.997,35.10874099999999,-90.021185,ChIJrVbiDcF91YcRG9TBOTpHc3I,OK,178621,471570078221002
3157.463,35.1087458,-90.0211918,ChIJe6w2EsF91YcRquzVZc8M0-I,OK,210162,471570078221025
3157.463,35.1087458,-90.0211918,ChIJe6w2EsF91YcRquzVZc8M0-I,OK,210162,471570078221025
3158.104,35.10874099999999,-90.021185,ChIJrVbiDcF91YcRG9TBOTpHc3I,OK,210239,471570078221025
4568.377,35.093591,-90.056624,ChIJgyVl92d81YcRhuRHHckl8Y4,OK,325046,471570078221013
4568.377,35.093591,-90.056624,ChIJgyVl92d81YcRhuRHHckl8Y4,OK,325046,471570078221013
5078.777,35.1060329,-90.039159,ChIJ231bcjV81YcRQ1quDeYAd6M,OK,326545,471570078221013
3900.436,35.054745,-90.007971,ChIJXxyyQlt91YcRhldtWgjSnSE,OK,208923,471570078221021
3900.436,35.054745,-90.007971,ChIJXxyyQlt91YcRhldtWgjSnSE,OK,208923,471570078221021
7237.709,35.10874099999999,-90.021185,ChIJrVbiDcF91YcRG9TBOTpHc3I,OK,385543,471570078221021
4554.901,35.093591,-90.056624,ChIJgyVl92d81YcRhuRHHckl8Y4,OK,323429,471570078221011
4554.901,35.093591,-90.056624,ChIJgyVl92d81YcRhuRHHckl8Y4,OK,323429,471570078221011
5065.301,35.1060329,-90.039159,ChIJ231bcjV81YcRQ1quDeYAd6M,OK,324928,471570078221011
4289.716,35.093591,-90.056624,ChIJgyVl92d81YcRhuRHHckl8Y4,OK,291607,471570078221009
4800.116,35.1060329,-90.039159,ChIJ231bcjV81YcRQ1quDeYAd6M,OK,293106,471570078221009
4800.116,35.1060329,-90.039159,ChIJ231bcjV81YcRQ1quDeYAd6M,OK,293106,471570078221009
4520.34,35.093591,-90.056624,ChIJgyVl92d81YcRhuRHHckl8Y4,OK,319282,471570078221018
5307.344,35.1060329,-90.039159,ChIJ231bcjV81YcRQ1quDeYAd6M,OK,319424,471570078221018
5307.344,35.1060329,-90.039159,ChIJ231bcjV81YcRQ1quDeYAd6M,OK,319424,471570078221018
5328.112,35.1060329,-90.039159,ChIJ231bcjV81YcRQ1quDeYAd6M,OK,321916,471570078221014
5328.112,35.1060329,-90.039159,ChIJ231bcjV81YcRQ1quDeYAd6M,OK,321916,471570078221014
4885.037,35.093591,-90.056624,ChIJgyVl92d81YcRhuRHHckl8Y4,OK,324455,471570078221014
5561.744,35.1060329,-90.039159,ChIJ231bcjV81YcRQ1quDeYAd6M,OK,349952,471570078221012
5118.669,35.093591,-90.056624,ChIJgyVl92d81YcRhuRHHckl8Y4,OK,352491,471570078221012
5118.669,35.093591,-90.056624,ChIJgyVl92d81YcRhuRHHckl8Y4,OK,352491,471570078221012
4449.516,35.054745,-90.007971,ChIJXxyyQlt91YcRhldtWgjSnSE,OK,244990,471570078221019
4449.516,35.054745,-90.007971,ChIJXxyyQlt91YcRhldtWgjSnSE,OK,244990,471570078221019
8991.327,35.06128,-90.05978399999999,ChIJm06f8ZV81YcRTjzAsJPcBKY,OK,437392,471570078221019
4337.012,35.054745,-90.007971,ChIJXxyyQlt91YcRhldtWgjSnSE,OK,239204,471570078221051
4337.012,35.054745,-90.007971,ChIJXxyyQlt91YcRhldtWgjSnSE,OK,239204,471570078221051
8878.824,35.06128,-90.05978399999999,ChIJm06f8ZV81YcRTjzAsJPcBKY,OK,431606,471570078221051
3110.129,35.054745,-90.007971,ChIJXxyyQlt91YcRhldtWgjSnSE,OK,173363,471570225001039
3110.129,35.054745,-90.007971,ChIJXxyyQlt91YcRhldtWgjSnSE,OK,173363,471570225001039
3541.977,35.05407199999999,-90.00125899999999,ChIJIzdhk1h91YcRZT7cBcBslaM,OK,189402,471570225001039
1799.035,35.1087458,-90.0211918,ChIJe6w2EsF91YcRquzVZc8M0-I,OK,119031,471570078102026
1799.035,35.1087458,-90.0211918,ChIJe6w2EsF91YcRquzVZc8M0-I,OK,119031,471570078102026
1799.676,35.10874099999999,-90.021185,ChIJrVbiDcF91YcRG9TBOTpHc3I,OK,119108,471570078102026
4867.772,35.10874099999999,-90.021185,ChIJrVbiDcF91YcRG9TBOTpHc3I,OK,234708,471570078221010
5029.999,35.1060329,-90.039159,ChIJ231bcjV81YcRQ1quDeYAd6M,OK,254605,471570078221010
5029.999,35.1060329,-90.039159,ChIJ231bcjV81YcRQ1quDeYAd6M,OK,254605,471570078221010
3435.659,35.1087458,-90.0211918,ChIJe6w2EsF91YcRquzVZc8M0-I,OK,202089,471570078221024
3435.659,35.1087458,-90.0211918,ChIJe6w2EsF91YcRquzVZc8M0-I,OK,202089,471570078221024
3436.3,35.10874099999999,-90.021185,ChIJrVbiDcF91YcRG9TBOTpHc3I,OK,202166,471570078221024
3666.477,35.054745,-90.007971,ChIJXxyyQlt91YcRhldtWgjSnSE,OK,198396,471570078221020
3666.477,35.054745,-90.007971,ChIJXxyyQlt91YcRhldtWgjSnSE,OK,198396,471570078221020
4098.325,35.05407199999999,-90.00125899999999,ChIJIzdhk1h91YcRZT7cBcBslaM,OK,214435,471570078221020
3786.632,35.054745,-90.007971,ChIJXxyyQlt91YcRhldtWgjSnSE,OK,213962,471570078221048
3786.632,35.054745,-90.007971,ChIJXxyyQlt91YcRhldtWgjSnSE,OK,213962,471570078221048
4218.48,35.05407199999999,-90.00125899999999,ChIJIzdhk1h91YcRZT7cBcBslaM,OK,230001,471570078221048
4710.53,35.06128,-90.05978399999999,ChIJm06f8ZV81YcRTjzAsJPcBKY,OK,232978,471570078221047
10243.549,35.054745,-90.007971,ChIJXxyyQlt91YcRhldtWgjSnSE,OK,501862,471570078221047
2785.636,35.2044739,-89.76342459999999,ChIJ3XsJxyKef4gRTeWb3lonWsU,OK,211344,471570211413014
2785.636,35.2044739,-89.76342459999999,ChIJ3XsJxyKef4gRTeWb3lonWsU,OK,211344,471570211413014
4476.051,35.2074362,-89.7805166,ChIJ62ATRfudf4gRPIrPAXGVsiQ,OK,342830,471570211413014
3018.243,35.2044739,-89.76342459999999,ChIJ3XsJxyKef4gRTeWb3lonWsU,OK,239255,471570211413011
3018.243,35.2044739,-89.76342459999999,ChIJ3XsJxyKef4gRTeWb3lonWsU,OK,239255,471570211413011
4807.117,35.2064292,-89.73436359999999,ChIJP6qgZdGff4gRQoIww3TX5kM,OK,289308,471570211413011
1749.508,35.1546312,-89.79260459999999,ChIJ8UeuSEecf4gRniit7ubZLtM,OK,125895,471570211252024
1749.508,35.1546312,-89.79260459999999,ChIJ8UeuSEecf4gRniit7ubZLtM,OK,125895,471570211252024
2129.396,35.14868459999999,-89.7948203,ChIJ4w9Lr2qcf4gRHdzl9FciAFM,OK,145395,471570211252024
1978.903,35.05113000000001,-89.815021,ChIJAdLMX4iaf4gRUenKpoiyrBc,OK,155083,471570217441008
2174.208,35.04577219999999,-89.82821469999999,ChIJL-jEaJmaf4gREtYdkYi2nAs,OK,161787,471570217441008
2174.208,35.04577219999999,-89.82821469999999,ChIJL-jEaJmaf4gREtYdkYi2nAs,OK,161787,471570217441008
2447.488,35.1546312,-89.79260459999999,ChIJ8UeuSEecf4gRniit7ubZLtM,OK,180104,471570211261005
2447.488,35.1546312,-89.79260459999999,ChIJ8UeuSEecf4gRniit7ubZLtM,OK,180104,471570211261005
2827.376,35.14868459999999,-89.7948203,ChIJ4w9Lr2qcf4gRHdzl9FciAFM,OK,199604,471570211261005
2806.568,35.04577219999999,-89.82821469999999,ChIJL-jEaJmaf4gREtYdkYi2nAs,OK,181788,471570213331002
2992.071,35.05113000000001,-89.815021,ChIJAdLMX4iaf4gRUenKpoiyrBc,OK,196180,471570213331002
2992.071,35.05113000000001,-89.815021,ChIJAdLMX4iaf4gRUenKpoiyrBc,OK,196180,471570213331002
458.996,35.0344414,-89.8319559,ChIJfcC9SguQf4gR_xf02Tpo1-w,OK,54211,471570217442007
458.996,35.0344414,-89.8319559,ChIJfcC9SguQf4gR_xf02Tpo1-w,OK,54211,471570217442007
1775.585,35.0220022,-89.82947999999999,ChIJxT9DeWuQf4gRf6HLF5uJHd0,OK,127126,471570217442007
679.828,35.0220022,-89.82947999999999,ChIJxT9DeWuQf4gRf6HLF5uJHd0,OK,37650,471570217461013
679.828,35.0220022,-89.82947999999999,ChIJxT9DeWuQf4gRf6HLF5uJHd0,OK,37650,471570217461013
863.093,35.0344414,-89.8319559,ChIJfcC9SguQf4gR_xf02Tpo1-w,OK,48801,471570217461013
1069.336,35.0344414,-89.8319559,ChIJfcC9SguQf4gR_xf02Tpo1-w,OK,91234,471570217444004
1069.336,35.0344414,-89.8319559,ChIJfcC9SguQf4gR_xf02Tpo1-w,OK,91234,471570217444004
1130.937,35.0220022,-89.82947999999999,ChIJxT9DeWuQf4gRf6HLF5uJHd0,OK,97688,471570217444004
1027.362,35.0220022,-89.82947999999999,ChIJxT9DeWuQf4gRf6HLF5uJHd0,OK,57942,471570217542001
1027.362,35.0220022,-89.82947999999999,ChIJxT9DeWuQf4gRf6HLF5uJHd0,OK,57942,471570217542001
1235.271,35.0078094,-89.83044679999999,ChIJpwHMo0eQf4gRIqmNFjWLuW4,OK,68412,471570217542001
1369.426,35.0220022,-89.82947999999999,ChIJxT9DeWuQf4gRf6HLF5uJHd0,OK,106849,471570217472004
1369.426,35.0220022,-89.82947999999999,ChIJxT9DeWuQf4gRf6HLF5uJHd0,OK,106849,471570217472004
1521.641,35.0344414,-89.8319559,ChIJfcC9SguQf4gR_xf02Tpo1-w,OK,114274,471570217472004
746.746,35.0220022,-89.82947999999999,ChIJxT9DeWuQf4gRf6HLF5uJHd0,OK,42401,471570217472011
746.746,35.0220022,-89.82947999999999,ChIJxT9DeWuQf4gRf6HLF5uJHd0,OK,42401,471570217472011
1451.898,35.0344414,-89.8319559,ChIJfcC9SguQf4gR_xf02Tpo1-w,OK,80407,471570217472011
2837.6,35.05113000000001,-89.815021,ChIJAdLMX4iaf4gRUenKpoiyrBc,OK,184350,471570213341004
2837.6,35.05113000000001,-89.815021,ChIJAdLMX4iaf4gRUenKpoiyrBc,OK,184350,471570213341004
3051.742,35.048632,-89.814048,ChIJqY7T64eaf4gRoqZRK7sz4Co,OK,196626,471570213341004
2693.994,35.2044739,-89.76342459999999,ChIJ3XsJxyKef4gRTeWb3lonWsU,OK,210071,471570211412006
2693.994,35.2044739,-89.76342459999999,ChIJ3XsJxyKef4gRTeWb3lonWsU,OK,210071,471570211412006
4384.409,35.2074362,-89.7805166,ChIJ62ATRfudf4gRPIrPAXGVsiQ,OK,341557,471570211412006
348.281,35.0461089,-89.7947008,ChIJaZI6O3Oaf4gRqa_eh0DNj_s,OK,19288,471570213421073
348.281,35.0461089,-89.7947008,ChIJaZI6O3Oaf4gRqa_eh0DNj_s,OK,19288,471570213421073
466.286,35.045091,-89.795412,ChIJVelsQnOaf4gRECqTW7fq-dY,OK,25823,471570213421073
1525.58,35.05113000000001,-89.815021,ChIJAdLMX4iaf4gRUenKpoiyrBc,OK,119428,471570217441006
1720.886,35.04577219999999,-89.82821469999999,ChIJL-jEaJmaf4gREtYdkYi2nAs,OK,126132,471570217441006
1720.886,35.04577219999999,-89.82821469999999,ChIJL-jEaJmaf4gREtYdkYi2nAs,OK,126132,471570217441006
2379.119,35.12545849999999,-89.97454169999999,ChIJoyT3HjOHf4gRS6EdHckmff8,OK,181993,471570071001002
2379.119,35.12545849999999,-89.97454169999999,ChIJoyT3HjOHf4gRS6EdHckmff8,OK,181993,471570071001002
3132.052,35.1497164,-89.95515999999999,ChIJcQb6ehiBf4gR-uA54eRPNq8,OK,211411,471570071001002
1113.22,35.2044739,-89.76342459999999,ChIJ3XsJxyKef4gRTeWb3lonWsU,OK,79142,471570211421086
1113.22,35.2044739,-89.76342459999999,ChIJ3XsJxyKef4gRTeWb3lonWsU,OK,79142,471570211421086
2803.635,35.2074362,-89.7805166,ChIJ62ATRfudf4gRPIrPAXGVsiQ,OK,210628,471570211421086
1787.052,35.05113000000001,-89.815021,ChIJAdLMX4iaf4gRUenKpoiyrBc,OK,150804,471570217441001
1787.052,35.05113000000001,-89.815021,ChIJAdLMX4iaf4gRUenKpoiyrBc,OK,150804,471570217441001
1960.973,35.048632,-89.814048,ChIJqY7T64eaf4gRoqZRK7sz4Co,OK,163224,471570217441001
3421.136,35.05113000000001,-89.815021,ChIJAdLMX4iaf4gRUenKpoiyrBc,OK,185854,471570213421049
3421.136,35.05113000000001,-89.815021,ChIJAdLMX4iaf4gRUenKpoiyrBc,OK,185854,471570213421049
3595.057,35.048632,-89.814048,ChIJqY7T64eaf4gRoqZRK7sz4Co,OK,198274,471570213421049
2574.265,35.05113000000001,-89.815021,ChIJAdLMX4iaf4gRUenKpoiyrBc,OK,204234,471570213421034
2574.265,35.05113000000001,-89.815021,ChIJAdLMX4iaf4gRUenKpoiyrBc,OK,204234,471570213421034
2788.407,35.048632,-89.814048,ChIJqY7T64eaf4gRoqZRK7sz4Co,OK,216510,471570213421034
2903.243,35.05113000000001,-89.815021,ChIJAdLMX4iaf4gRUenKpoiyrBc,OK,240554,471570213421031
2903.243,35.05113000000001,-89.815021,ChIJAdLMX4iaf4gRUenKpoiyrBc,OK,240554,471570213421031
3117.385,35.048632,-89.814048,ChIJqY7T64eaf4gRoqZRK7sz4Co,OK,252830,471570213421031
3133.676,35.0225458,-90.0257415,ChIJnc94gMRi1YcRKYztFRuX2Yw,OK,188367,471570223224016
3482.383,35.0326981,-90.07589809999999,ChIJ9S1ljalk1YcRvuG-_hbpimA,OK,208345,471570223224016
3482.383,35.0326981,-90.07589809999999,ChIJ9S1ljalk1YcRvuG-_hbpimA,OK,208345,471570223224016
2916.379,35.0225458,-90.0257415,ChIJnc94gMRi1YcRKYztFRuX2Yw,OK,180025,471570223223009
3699.515,35.0326981,-90.07589809999999,ChIJ9S1ljalk1YcRvuG-_hbpimA,OK,226067,471570223223009
3699.515,35.0326981,-90.07589809999999,ChIJ9S1ljalk1YcRvuG-_hbpimA,OK,226067,471570223223009
685.733,34.993343,-90.00823899999999,ChIJk-nxFn1i1YcRBckohHLWoho,OK,54361,471570221305004
685.733,34.993343,-90.00823899999999,ChIJk-nxFn1i1YcRBckohHLWoho,OK,54361,471570221305004
1300.264,35.0068452,-90.00681259999999,ChIJz3G0Jpti1YcRMCYWHOflqrA,OK,91231,471570221305004
2175.55,35.0225458,-90.0257415,ChIJnc94gMRi1YcRKYztFRuX2Yw,OK,138686,471570223221014
2175.55,35.0225458,-90.0257415,ChIJnc94gMRi1YcRKYztFRuX2Yw,OK,138686,471570223221014
3377.291,35.0333519,-90.02557630000001,ChIJK8z8Ksxi1YcRt8pxxgP2SA4,OK,205239,471570223221014
2393.249,35.0225458,-90.0257415,ChIJnc94gMRi1YcRKYztFRuX2Yw,OK,164809,471570223221013
2393.249,35.0225458,-90.0257415,ChIJnc94gMRi1YcRKYztFRuX2Yw,OK,164809,471570223221013
3594.99,35.0333519,-90.02557630000001,ChIJK8z8Ksxi1YcRt8pxxgP2SA4,OK,231362,471570223221013
2277.414,35.0225458,-90.0257415,ChIJnc94gMRi1YcRKYztFRuX2Yw,OK,146257,471570227003020
2277.414,35.0225458,-90.0257415,ChIJnc94gMRi1YcRKYztFRuX2Yw,OK,146257,471570227003020
2943.49,35.00495799999999,-90.0276544,ChIJuXbrrfFi1YcR97C4vX-T9Zk,OK,206540,471570227003020
905.768,35.2060393,-89.89459389999999,ChIJN_fdM1CCf4gRqHZ_YUZgoJo,OK,60529,471570206515020
905.768,35.2060393,-89.89459389999999,ChIJN_fdM1CCf4gRqHZ_YUZgoJo,OK,60529,471570206515020
989.508,35.20808669999999,-89.89363879999999,ChIJa1RCwHuCf4gRSSG3nO4uWeI,OK,76781,471570206515020
1511.845,35.2060393,-89.89459389999999,ChIJN_fdM1CCf4gRqHZ_YUZgoJo,OK,119548,471570206515016
1511.845,35.2060393,-89.89459389999999,ChIJN_fdM1CCf4gRqHZ_YUZgoJo,OK,119548,471570206515016
1595.585,35.20808669999999,-89.89363879999999,ChIJa1RCwHuCf4gRSSG3nO4uWeI,OK,135800,471570206515016
932.691,35.2060393,-89.89459389999999,ChIJN_fdM1CCf4gRqHZ_YUZgoJo,OK,59896,471570205412023
932.691,35.2060393,-89.89459389999999,ChIJN_fdM1CCf4gRqHZ_YUZgoJo,OK,59896,471570205412023
1016.431,35.20808669999999,-89.89363879999999,ChIJa1RCwHuCf4gRSSG3nO4uWeI,OK,76148,471570205412023
954.494,35.192778,-89.895242,ChIJ2ehTh2eCf4gR95JHzr6OIMA,OK,95595,471570206212028
954.494,35.192778,-89.895242,ChIJ2ehTh2eCf4gR95JHzr6OIMA,OK,95595,471570206212028
1139.006,35.1942326,-89.8965709,ChIJD7pM72eCf4gRg19OPcAuyDw,OK,106665,471570206212028
768.76,35.1738374,-89.98954379999999,ChIJ_S0BIGOAf4gRU3Ph4W65cOQ,OK,65948,471570007002003
768.76,35.1738374,-89.98954379999999,ChIJ_S0BIGOAf4gRU3Ph4W65cOQ,OK,65948,471570007002003
2115.369,35.17410499999999,-89.97575479999999,ChIJmfYTGFmAf4gRHGKCaD0qCtI,OK,146734,471570007002003
906.995,35.192778,-89.895242,ChIJ2ehTh2eCf4gR95JHzr6OIMA,OK,89895,471570206212027
906.995,35.192778,-89.895242,ChIJ2ehTh2eCf4gR95JHzr6OIMA,OK,89895,471570206212027
1091.508,35.1942326,-89.8965709,ChIJD7pM72eCf4gRg19OPcAuyDw,OK,100965,471570206212027
3269.711,35.1738374,-89.98954379999999,ChIJ_S0BIGOAf4gRU3Ph4W65cOQ,OK,214666,471570004002026
3812.964,35.1490317,-90.0140679,ChIJw3q9_xV-1YcRqrte6yBn1CI,OK,229063,471570004002026
3812.964,35.1490317,-90.0140679,ChIJw3q9_xV-1YcRqrte6yBn1CI,OK,229063,471570004002026
848.262,35.021381,-90.020287,ChIJnVfwxMBi1YcR65EtGsZDcOY,OK,56215,471570221211001
848.262,35.021381,-90.020287,ChIJnVfwxMBi1YcR65EtGsZDcOY,OK,56215,471570221211001
848.601,35.021384,-90.019407,ChIJk8DCu8Bi1YcRUnUQCgCMr-E,OK,56240,471570221211001
1532.449,35.109859,-89.99141100000001,ChIJs6JbpFyHf4gR9O01gG0a7fQ,OK,84864,471570063002010
1532.449,35.109859,-89.99141100000001,ChIJs6JbpFyHf4gR9O01gG0a7fQ,OK,84864,471570063002010
2253.931,35.1157645,-90.022279,ChIJwZqBNMN91YcRRpdDvj5Pcr8,OK,133893,471570063002010
1107.537,35.1927931,-89.86922029999999,ChIJAQAAAMCCf4gRZL0qi0KLjtw,OK,86621,471570206214017
1107.537,35.1927931,-89.86922029999999,ChIJAQAAAMCCf4gRZL0qi0KLjtw,OK,86621,471570206214017
2107.771,35.1835367,-89.8717722,ChIJv1U5XuiCf4gRMlXiIrwnbJo,OK,155893,471570206214017
1346.573,35.109859,-89.99141100000001,ChIJs6JbpFyHf4gR9O01gG0a7fQ,OK,95521,471570065001020
1346.573,35.109859,-89.99141100000001,ChIJs6JbpFyHf4gR9O01gG0a7fQ,OK,95521,471570065001020
1834.783,35.104197,-89.98335349999999,ChIJNST6hGqHf4gR0Mml4gyjQWk,OK,119407,471570065001020
1389.766,35.109859,-89.99141100000001,ChIJs6JbpFyHf4gR9O01gG0a7fQ,OK,129393,471570065001015
1389.766,35.109859,-89.99141100000001,ChIJs6JbpFyHf4gR9O01gG0a7fQ,OK,129393,471570065001015
1991.62,35.104197,-89.98335349999999,ChIJNST6hGqHf4gR0Mml4gyjQWk,OK,157457,471570065001015
2177.989,35.0841884,-89.97146650000001,ChIJX1vb4AeHf4gRloPQ2o5nDXA,OK,118681,471579801001035
2177.989,35.0841884,-89.97146650000001,ChIJX1vb4AeHf4gRloPQ2o5nDXA,OK,118681,471579801001035
1995.71,35.0643218,-89.9923063,ChIJb3DQuo2Hf4gRC8UI6d4pa68,OK,125496,471579801001035
356.98,35.05018,-89.89110199999999,ChIJNUozxJyFf4gRrJ8tUHk1p2Q,OK,28662,471570108102001
356.98,35.05018,-89.89110199999999,ChIJNUozxJyFf4gRrJ8tUHk1p2Q,OK,28662,471570108102001
1218.032,35.04677619999999,-89.8859339,ChIJycTJ_niFf4gR5esliSzp17E,OK,72360,471570108102001
1066.889,35.1444038,-90.0168571,ChIJufYEjhR-1YcREff46W6Lons,OK,85346,471570036002012
1066.889,35.1444038,-90.0168571,ChIJufYEjhR-1YcREff46W6Lons,OK,85346,471570036002012
1279.835,35.13763670000001,-90.00757159999999,ChIJl69WLQV-1YcRU3z7Tt2MyhY,OK,95907,471570036002012
5847.193,35.0614623,-89.8536277,ChIJ4TWJkTWFf4gRbkNZYfkF9Jw,OK,402671,471570213201022
5847.193,35.0614623,-89.8536277,ChIJ4TWJkTWFf4gRbkNZYfkF9Jw,OK,402671,471570213201022
5931.965,35.0512763,-89.8427476,ChIJ7VPJ3q-af4gRdxERIyaZ0gk,OK,408859,471570213201022
6295.968,35.098685,-90.05664899999999,ChIJ31qwBkJ81YcRk2V5pdmdhrM,OK,488501,471579802001032
1513.478,35.0614623,-89.8536277,ChIJ4TWJkTWFf4gRbkNZYfkF9Jw,OK,110567,471570217252001
1513.478,35.0614623,-89.8536277,ChIJ4TWJkTWFf4gRbkNZYfkF9Jw,OK,110567,471570217252001
1598.249,35.0512763,-89.8427476,ChIJ7VPJ3q-af4gRdxERIyaZ0gk,OK,116755,471570217252001
119.061,35.0614623,-89.8536277,ChIJ4TWJkTWFf4gRbkNZYfkF9Jw,OK,14287,471570217253008
119.061,35.0614623,-89.8536277,ChIJ4TWJkTWFf4gRbkNZYfkF9Jw,OK,14287,471570217253008
2029.797,35.0493493,-89.855357,ChIJH2Nw4lGFf4gRq0vxk4n5iAE,OK,145141,471570217253008
2104.306,35.0477573,-89.86637909999999,ChIJ5_0L5VyFf4gR4HBEwl6nmRE,OK,138967,471570217414002
2104.306,35.0477573,-89.86637909999999,ChIJ5_0L5VyFf4gR4HBEwl6nmRE,OK,138967,471570217414002
2675.143,35.050596,-89.869556,ChIJQ4vLA2iFf4gRyyCo3ihKH44,OK,177696,471570217414002
256.121,35.0220022,-89.82947999999999,ChIJxT9DeWuQf4gRf6HLF5uJHd0,OK,29249,471570217453006
256.121,35.0220022,-89.82947999999999,ChIJxT9DeWuQf4gRf6HLF5uJHd0,OK,29249,471570217453006
1654.665,35.0344414,-89.8319559,ChIJfcC9SguQf4gR_xf02Tpo1-w,OK,106701,471570217453006
700.833,35.04577219999999,-89.82821469999999,ChIJL-jEaJmaf4gREtYdkYi2nAs,OK,84097,471570217463003
700.833,35.04577219999999,-89.82821469999999,ChIJL-jEaJmaf4gREtYdkYi2nAs,OK,84097,471570217463003
1753.492,35.0493563,-89.83813929999999,ChIJjRQNzqSaf4gRxmNqB0YAYGM,OK,137500,471570217463003
2559.333,35.109859,-89.99141100000001,ChIJs6JbpFyHf4gR9O01gG0a7fQ,OK,193109,471570078102001
2559.333,35.109859,-89.99141100000001,ChIJs6JbpFyHf4gR9O01gG0a7fQ,OK,193109,471570078102001
2742.047,35.104197,-89.98335349999999,ChIJNST6hGqHf4gR0Mml4gyjQWk,OK,195001,471570078102001
678.02,35.054745,-90.007971,ChIJXxyyQlt91YcRhldtWgjSnSE,OK,70528,471570220222009
678.02,35.054745,-90.007971,ChIJXxyyQlt91YcRhldtWgjSnSE,OK,70528,471570220222009
1109.868,35.05407199999999,-90.00125899999999,ChIJIzdhk1h91YcRZT7cBcBslaM,OK,86567,471570220222009
6482.143,35.1439641,-90.0517892,ChIJL-0zBZR-1YcRj7p5p1WY4-g,OK,517213,471570201011041
6691.06,35.1450994,-90.0538646,ChIJne6_s5V-1YcRn_LPaqiwhrk,OK,522667,471570201011041
6691.06,35.1450994,-90.0538646,ChIJne6_s5V-1YcRn_LPaqiwhrk,OK,522667,471570201011041
3144.312,35.1439641,-90.0517892,ChIJL-0zBZR-1YcRj7p5p1WY4-g,OK,239852,471570001003036
3353.228,35.1450994,-90.0538646,ChIJne6_s5V-1YcRn_LPaqiwhrk,OK,245306,471570001003036
3353.228,35.1450994,-90.0538646,ChIJne6_s5V-1YcRn_LPaqiwhrk,OK,245306,471570001003036
5037.211,35.1439641,-90.0517892,ChIJL-0zBZR-1YcRj7p5p1WY4-g,OK,362273,471570001001040
5037.211,35.1439641,-90.0517892,ChIJL-0zBZR-1YcRj7p5p1WY4-g,OK,362273,471570001001040
5246.128,35.1450994,-90.0538646,ChIJne6_s5V-1YcRn_LPaqiwhrk,OK,367727,471570001001040
5402.379,35.1439641,-90.0517892,ChIJL-0zBZR-1YcRj7p5p1WY4-g,OK,382515,471570001001018
5402.379,35.1439641,-90.0517892,ChIJL-0zBZR-1YcRj7p5p1WY4-g,OK,382515,471570001001018
5611.295,35.1450994,-90.0538646,ChIJne6_s5V-1YcRn_LPaqiwhrk,OK,387969,471570001001018
2854.599,35.1439641,-90.0517892,ChIJL-0zBZR-1YcRj7p5p1WY4-g,OK,199086,471570001003034
2854.599,35.1439641,-90.0517892,ChIJL-0zBZR-1YcRj7p5p1WY4-g,OK,199086,471570001003034
3063.515,35.1450994,-90.0538646,ChIJne6_s5V-1YcRn_LPaqiwhrk,OK,204540,471570001003034
3111.952,35.104197,-89.98335349999999,ChIJNST6hGqHf4gR0Mml4gyjQWk,OK,243949,471570078101028
3111.952,35.104197,-89.98335349999999,ChIJNST6hGqHf4gR0Mml4gyjQWk,OK,243949,471570078101028
3224.95,35.107529,-89.9862127,ChIJ0WGfSUKHf4gRjDLrfGQwCV4,OK,255070,471570078101028
76.513,35.1251709,-90.0481695,ChIJybIJtCd81YcR9Otxws-5qCM,OK,4237,471570050001004
76.513,35.1251709,-90.0481695,ChIJybIJtCd81YcR9Otxws-5qCM,OK,4237,471570050001004
78.327,35.125222,-90.048147,ChIJ9cKdtid81YcRKs9h6RjzQzw,OK,4338,471570050001004
1008.314,35.125222,-90.048147,ChIJ9cKdtid81YcRKs9h6RjzQzw,OK,57646,471570114001061
1008.314,35.125222,-90.048147,ChIJ9cKdtid81YcRKs9h6RjzQzw,OK,57646,471570114001061
1010.128,35.1251709,-90.0481695,ChIJybIJtCd81YcR9Otxws-5qCM,OK,57746,471570114001061
2122.191,35.1157645,-90.022279,ChIJwZqBNMN91YcRRpdDvj5Pcr8,OK,184043,471570115002014
2122.191,35.1157645,-90.022279,ChIJwZqBNMN91YcRRpdDvj5Pcr8,OK,184043,471570115002014
2843.311,35.1087458,-90.0211918,ChIJe6w2EsF91YcRquzVZc8M0-I,OK,225433,471570115002014
1079.273,35.125222,-90.048147,ChIJ9cKdtid81YcRKs9h6RjzQzw,OK,86538,471570050001001
1079.273,35.125222,-90.048147,ChIJ9cKdtid81YcRKs9h6RjzQzw,OK,86538,471570050001001
1081.087,35.1251709,-90.0481695,ChIJybIJtCd81YcR9Otxws-5qCM,OK,86638,471570050001001
1822.6,35.12545849999999,-89.97454169999999,ChIJoyT3HjOHf4gRS6EdHckmff8,OK,133453,471570067003002
1822.6,35.12545849999999,-89.97454169999999,ChIJoyT3HjOHf4gRS6EdHckmff8,OK,133453,471570067003002
2088.207,35.107529,-89.9862127,ChIJ0WGfSUKHf4gRjDLrfGQwCV4,OK,146975,471570067003002
1771.902,35.13763670000001,-90.00757159999999,ChIJl69WLQV-1YcRU3z7Tt2MyhY,OK,128883,471570035001009
1771.902,35.13763670000001,-90.00757159999999,ChIJl69WLQV-1YcRU3z7Tt2MyhY,OK,128883,471570035001009
2190.496,35.13774119999999,-89.99713,ChIJtwtohKiAf4gRFxkNLUf9PgA,OK,136574,471570035001009
3764.021,35.1087458,-90.0211918,ChIJe6w2EsF91YcRquzVZc8M0-I,OK,214252,471570078221023
3764.021,35.1087458,-90.0211918,ChIJe6w2EsF91YcRquzVZc8M0-I,OK,214252,471570078221023
3764.662,35.10874099999999,-90.021185,ChIJrVbiDcF91YcRG9TBOTpHc3I,OK,214329,471570078221023
3598.466,35.098685,-90.05664899999999,ChIJ31qwBkJ81YcRk2V5pdmdhrM,OK,195600,471570117001087
3598.466,35.098685,-90.05664899999999,ChIJ31qwBkJ81YcRk2V5pdmdhrM,OK,195600,471570117001087
3987.459,35.095133,-90.05542799999999,ChIJATnUo0J81YcRpbAuNwXeqRw,OK,217144,471570117001087
1958.531,35.17410499999999,-89.97575479999999,ChIJmfYTGFmAf4gRHGKCaD0qCtI,OK,142533,471570111001007
1958.531,35.17410499999999,-89.97575479999999,ChIJmfYTGFmAf4gRHGKCaD0qCtI,OK,142533,471570111001007
3165.567,35.167095,-89.950496,ChIJecYfJgmBf4gRJh-YY67U6V8,OK,228930,471570111001007
1126.521,35.1450994,-90.0538646,ChIJne6_s5V-1YcRn_LPaqiwhrk,OK,115325,471570113001043
1126.521,35.1450994,-90.0538646,ChIJne6_s5V-1YcRn_LPaqiwhrk,OK,115325,471570113001043
410.664,35.1145886,-89.90089789999999,ChIJKWmlFW6Ef4gR0YNISWQMkss,OK,26985,471570085002027
410.664,35.1145886,-89.90089789999999,ChIJKWmlFW6Ef4gR0YNISWQMkss,OK,26985,471570085002027
485.37,35.1153996,-89.89414069999999,ChIJCb4NOWWEf4gR79YlPQoocW4,OK,38638,471570085002027
453.212,35.109859,-89.99141100000001,ChIJs6JbpFyHf4gR9O01gG0a7fQ,OK,25099,471570064001036
453.212,35.109859,-89.99141100000001,ChIJs6JbpFyHf4gR9O01gG0a7fQ,OK,25099,471570064001036
1255.272,35.107529,-89.9862127,ChIJ0WGfSUKHf4gRjDLrfGQwCV4,OK,75980,471570064001036
1598.151,35.1060329,-90.039159,ChIJ231bcjV81YcRQ1quDeYAd6M,OK,129505,471570058001013
1598.151,35.1060329,-90.039159,ChIJ231bcjV81YcRQ1quDeYAd6M,OK,129505,471570058001013
1362.391,35.125222,-90.048147,ChIJ9cKdtid81YcRKs9h6RjzQzw,OK,159442,471570058001013
1425.67,35.1060329,-90.039159,ChIJ231bcjV81YcRQ1quDeYAd6M,OK,110645,471570059003004
1425.67,35.1060329,-90.039159,ChIJ231bcjV81YcRQ1quDeYAd6M,OK,110645,471570059003004
1668.531,35.125222,-90.048147,ChIJ9cKdtid81YcRKs9h6RjzQzw,OK,146648,471570059003004
4110.185,35.098685,-90.05664899999999,ChIJ31qwBkJ81YcRk2V5pdmdhrM,OK,260086,471579802001001
4110.185,35.098685,-90.05664899999999,ChIJ31qwBkJ81YcRk2V5pdmdhrM,OK,260086,471579802001001
4499.178,35.095133,-90.05542799999999,ChIJATnUo0J81YcRpbAuNwXeqRw,OK,281630,471579802001001
3921.686,35.098685,-90.05664899999999,ChIJ31qwBkJ81YcRk2V5pdmdhrM,OK,225789,471579802001025
3921.686,35.098685,-90.05664899999999,ChIJ31qwBkJ81YcRk2V5pdmdhrM,OK,225789,471579802001025
4310.679,35.095133,-90.05542799999999,ChIJATnUo0J81YcRpbAuNwXeqRw,OK,247333,471579802001025
971.933,35.1060329,-90.039159,ChIJ231bcjV81YcRQ1quDeYAd6M,OK,112370,471570059002012
971.933,35.1060329,-90.039159,ChIJ231bcjV81YcRQ1quDeYAd6M,OK,112370,471570059002012
2149.417,35.125222,-90.048147,ChIJ9cKdtid81YcRKs9h6RjzQzw,OK,146591,471570059002012
974.365,35.1060329,-90.039159,ChIJ231bcjV81YcRQ1quDeYAd6M,OK,112661,471570059002011
974.365,35.1060329,-90.039159,ChIJ231bcjV81YcRQ1quDeYAd6M,OK,112661,471570059002011
2003.496,35.125222,-90.048147,ChIJ9cKdtid81YcRKs9h6RjzQzw,OK,138530,471570059002011
1611.103,35.109859,-89.99141100000001,ChIJs6JbpFyHf4gR9O01gG0a7fQ,OK,115089,471570064001020
1611.103,35.109859,-89.99141100000001,ChIJs6JbpFyHf4gR9O01gG0a7fQ,OK,115089,471570064001020
2219.213,35.10874099999999,-90.021185,ChIJrVbiDcF91YcRG9TBOTpHc3I,OK,152234,471570064001020
1677.848,35.1251709,-90.0481695,ChIJybIJtCd81YcR9Otxws-5qCM,OK,115108,471570058001010
1677.848,35.1251709,-90.0481695,ChIJybIJtCd81YcR9Otxws-5qCM,OK,115108,471570058001010
1679.662,35.125222,-90.048147,ChIJ9cKdtid81YcRKs9h6RjzQzw,OK,115209,471570058001010
1354.381,35.1060329,-90.039159,ChIJ231bcjV81YcRQ1quDeYAd6M,OK,101685,471570059003010
1354.381,35.1060329,-90.039159,ChIJ231bcjV81YcRQ1quDeYAd6M,OK,101685,471570059003010
2357.987,35.1251709,-90.0481695,ChIJybIJtCd81YcR9Otxws-5qCM,OK,166715,471570059003010
3487.069,35.1145886,-89.90089789999999,ChIJKWmlFW6Ef4gR0YNISWQMkss,OK,277066,471570096001017
3487.069,35.1145886,-89.90089789999999,ChIJKWmlFW6Ef4gR0YNISWQMkss,OK,277066,471570096001017
3457.103,35.1153996,-89.89414069999999,ChIJCb4NOWWEf4gR79YlPQoocW4,OK,282439,471570096001017
3534.76,35.1145886,-89.90089789999999,ChIJKWmlFW6Ef4gR0YNISWQMkss,OK,285650,471570096001029
3534.76,35.1145886,-89.90089789999999,ChIJKWmlFW6Ef4gR0YNISWQMkss,OK,285650,471570096001029
3504.794,35.1153996,-89.89414069999999,ChIJCb4NOWWEf4gR79YlPQoocW4,OK,291023,471570096001029
3227.837,35.1145886,-89.90089789999999,ChIJKWmlFW6Ef4gR0YNISWQMkss,OK,230405,471570096001018
3227.837,35.1145886,-89.90089789999999,ChIJKWmlFW6Ef4gR0YNISWQMkss,OK,230405,471570096001018
3197.871,35.1153996,-89.89414069999999,ChIJCb4NOWWEf4gR79YlPQoocW4,OK,235778,471570096001018
920.822,35.1060329,-90.039159,ChIJ231bcjV81YcRQ1quDeYAd6M,OK,100033,471570059002013
920.822,35.1060329,-90.039159,ChIJ231bcjV81YcRQ1quDeYAd6M,OK,100033,471570059002013
2334.633,35.125222,-90.048147,ChIJ9cKdtid81YcRKs9h6RjzQzw,OK,157351,471570059002013
1414.647,35.1060329,-90.039159,ChIJ231bcjV81YcRQ1quDeYAd6M,OK,102078,471570059002010
1414.647,35.1060329,-90.039159,ChIJ231bcjV81YcRQ1quDeYAd6M,OK,102078,471570059002010
1634.981,35.1157645,-90.022279,ChIJwZqBNMN91YcRRpdDvj5Pcr8,OK,115117,471570059002010
1553.795,35.109859,-89.99141100000001,ChIJs6JbpFyHf4gR9O01gG0a7fQ,OK,108212,471570064001021
1553.795,35.109859,-89.99141100000001,ChIJs6JbpFyHf4gR9O01gG0a7fQ,OK,108212,471570064001021
2161.905,35.10874099999999,-90.021185,ChIJrVbiDcF91YcRG9TBOTpHc3I,OK,145357,471570064001021
3575.579,35.1145886,-89.90089789999999,ChIJKWmlFW6Ef4gR0YNISWQMkss,OK,292997,471570096001012
3575.579,35.1145886,-89.90089789999999,ChIJKWmlFW6Ef4gR0YNISWQMkss,OK,292997,471570096001012
3545.613,35.1153996,-89.89414069999999,ChIJCb4NOWWEf4gR79YlPQoocW4,OK,298370,471570096001012
1125.374,35.1157645,-90.022279,ChIJwZqBNMN91YcRRpdDvj5Pcr8,OK,95438,471570062002004
1846.494,35.1087458,-90.0211918,ChIJe6w2EsF91YcRquzVZc8M0-I,OK,136828,471570062002004
1846.494,35.1087458,-90.0211918,ChIJe6w2EsF91YcRquzVZc8M0-I,OK,136828,471570062002004
445.685,35.107529,-89.9862127,ChIJ0WGfSUKHf4gRjDLrfGQwCV4,OK,29543,471570067002029
445.685,35.107529,-89.9862127,ChIJ0WGfSUKHf4gRjDLrfGQwCV4,OK,29543,471570067002029
886.703,35.104197,-89.98335349999999,ChIJNST6hGqHf4gR0Mml4gyjQWk,OK,49102,471570067002029
720.768,35.1157645,-90.022279,ChIJwZqBNMN91YcRRpdDvj5Pcr8,OK,58100,471570115003007
720.768,35.1157645,-90.022279,ChIJwZqBNMN91YcRRpdDvj5Pcr8,OK,58100,471570115003007
1065.754,35.1087458,-90.0211918,ChIJe6w2EsF91YcRquzVZc8M0-I,OK,80485,471570115003007
3259.204,35.1145886,-89.90089789999999,ChIJKWmlFW6Ef4gR0YNISWQMkss,OK,236052,471570096001015
3259.204,35.1145886,-89.90089789999999,ChIJKWmlFW6Ef4gR0YNISWQMkss,OK,236052,471570096001015
3229.238,35.1153996,-89.89414069999999,ChIJCb4NOWWEf4gR79YlPQoocW4,OK,241425,471570096001015
852.154,35.1087458,-90.0211918,ChIJe6w2EsF91YcRquzVZc8M0-I,OK,48556,471570115004005
852.154,35.1087458,-90.0211918,ChIJe6w2EsF91YcRquzVZc8M0-I,OK,48556,471570115004005
1158.798,35.218332,-90.00299799999999,ChIJfRCGEgGA1YcRsZsWP_dycDI,OK,81745,471570101105006
1158.798,35.218332,-90.00299799999999,ChIJfRCGEgGA1YcRsZsWP_dycDI,OK,81745,471570101105006
1366.703,35.21475480000001,-90.00354540000001,ChIJF6XvX_9_1YcRD4jlF4jzevw,OK,94219,471570101105006
601.139,35.21475480000001,-90.00354540000001,ChIJF6XvX_9_1YcRD4jlF4jzevw,OK,54769,471570101105015
601.139,35.21475480000001,-90.00354540000001,ChIJF6XvX_9_1YcRD4jlF4jzevw,OK,54769,471570101105015
999.629,35.218332,-90.00299799999999,ChIJfRCGEgGA1YcRsZsWP_dycDI,OK,78678,471570101105015
2323.583,35.21475480000001,-90.00354540000001,ChIJF6XvX_9_1YcRD4jlF4jzevw,OK,158430,471570101205023
2323.583,35.21475480000001,-90.00354540000001,ChIJF6XvX_9_1YcRD4jlF4jzevw,OK,158430,471570101205023
2722.072,35.218332,-90.00299799999999,ChIJfRCGEgGA1YcRsZsWP_dycDI,OK,182339,471570101205023
4072.726,35.21475480000001,-90.00354540000001,ChIJF6XvX_9_1YcRD4jlF4jzevw,OK,220349,471570004002000
4072.726,35.21475480000001,-90.00354540000001,ChIJF6XvX_9_1YcRD4jlF4jzevw,OK,220349,471570004002000
5433.335,35.1738374,-89.98954379999999,ChIJ_S0BIGOAf4gRU3Ph4W65cOQ,OK,302754,471570004002000
4008.23,35.1738374,-89.98954379999999,ChIJ_S0BIGOAf4gRU3Ph4W65cOQ,OK,266908,471570004002006
4008.23,35.1738374,-89.98954379999999,ChIJ_S0BIGOAf4gRU3Ph4W65cOQ,OK,266908,471570004002006
4551.484,35.1490317,-90.0140679,ChIJw3q9_xV-1YcRqrte6yBn1CI,OK,281305,471570004002006
4277.971,35.0326981,-90.07589809999999,ChIJ9S1ljalk1YcRvuG-_hbpimA,OK,300273,471570222101007
5014.798,35.02753099999999,-90.082077,ChIJK66rdetk1YcRwwxI9gDREks,OK,342020,471570222101007
5014.798,35.02753099999999,-90.082077,ChIJK66rdetk1YcRwwxI9gDREks,OK,342020,471570222101007
2496.662,34.999309,-90.118577,ChIJ9TRIjgZl1YcR3fm2jM14AHY,OK,226631,471570224105019
2496.662,34.999309,-90.118577,ChIJ9TRIjgZl1YcR3fm2jM14AHY,OK,226631,471570224105019
4878.868,35.02753099999999,-90.082077,ChIJK66rdetk1YcRwwxI9gDREks,OK,358563,471570224105019
657.779,35.220637,-89.892425,ChIJiZ78r4Z4f4gRyy0DWRWI7n0,OK,50021,471570206514007
657.779,35.220637,-89.892425,ChIJiZ78r4Z4f4gRyy0DWRWI7n0,OK,50021,471570206514007
2535.468,35.2060393,-89.89459389999999,ChIJN_fdM1CCf4gRqHZ_YUZgoJo,OK,154820,471570206514007
5158.637,35.098685,-90.05664899999999,ChIJ31qwBkJ81YcRk2V5pdmdhrM,OK,352022,471579802001033
5158.637,35.098685,-90.05664899999999,ChIJ31qwBkJ81YcRk2V5pdmdhrM,OK,352022,471579802001033
5547.63,35.095133,-90.05542799999999,ChIJATnUo0J81YcRpbAuNwXeqRw,OK,373566,471579802001033
5804.795,35.0326981,-90.07589809999999,ChIJ9S1ljalk1YcRvuG-_hbpimA,OK,400489,471579803001044
6541.622,35.02753099999999,-90.082077,ChIJK66rdetk1YcRwwxI9gDREks,OK,442236,471579803001044
6541.622,35.02753099999999,-90.082077,ChIJK66rdetk1YcRwwxI9gDREks,OK,442236,471579803001044
1109.824,35.14868459999999,-89.7948203,ChIJ4w9Lr2qcf4gRHdzl9FciAFM,OK,109333,471570211372006
1109.824,35.14868459999999,-89.7948203,ChIJ4w9Lr2qcf4gRHdzl9FciAFM,OK,109333,471570211372006
2229.913,35.1546312,-89.79260459999999,ChIJ8UeuSEecf4gRniit7ubZLtM,OK,141174,471570211372006
9610.127,35.22619459999999,-90.0020167,ChIJvTh1mwiA1YcRLLqD5Uxq8Nc,OK,509883,471570099011000
9610.127,35.22619459999999,-90.0020167,ChIJvTh1mwiA1YcRLLqD5Uxq8Nc,OK,509883,471570099011000
10420.522,35.218332,-90.00299799999999,ChIJfRCGEgGA1YcRsZsWP_dycDI,OK,557350,471570099011000
2609.867,35.14868459999999,-89.7948203,ChIJ4w9Lr2qcf4gRHdzl9FciAFM,OK,184289,471570211402011
2609.867,35.14868459999999,-89.7948203,ChIJ4w9Lr2qcf4gRHdzl9FciAFM,OK,184289,471570211402011
3376.03,35.1546312,-89.79260459999999,ChIJ8UeuSEecf4gRniit7ubZLtM,OK,204988,471570211402011
910.248,35.0515568,-89.90630259999999,ChIJrU8jyZKFf4gRubg1AIyELWY,OK,64669,471570106301005
910.248,35.0515568,-89.90630259999999,ChIJrU8jyZKFf4gRubg1AIyELWY,OK,64669,471570106301005
1538.061,35.062945,-89.90568519999999,ChIJjxj9mL-Ff4gRoOEx9OzDyxs,OK,95836,471570106301005
3774.572,35.218332,-90.00299799999999,ChIJfRCGEgGA1YcRsZsWP_dycDI,OK,242961,471570099011012
3774.572,35.218332,-90.00299799999999,ChIJfRCGEgGA1YcRsZsWP_dycDI,OK,242961,471570099011012
3952.647,35.22619459999999,-90.0020167,ChIJvTh1mwiA1YcRLLqD5Uxq8Nc,OK,247958,471570099011012
1799.905,35.22619459999999,-90.0020167,ChIJvTh1mwiA1YcRLLqD5Uxq8Nc,OK,110623,471570099011017
1799.905,35.22619459999999,-90.0020167,ChIJvTh1mwiA1YcRLLqD5Uxq8Nc,OK,110623,471570099011017
2610.3,35.218332,-90.00299799999999,ChIJfRCGEgGA1YcRsZsWP_dycDI,OK,158090,471570099011017
830.993,35.22619459999999,-90.0020167,ChIJvTh1mwiA1YcRLLqD5Uxq8Nc,OK,51012,471570100004006
830.993,35.22619459999999,-90.0020167,ChIJvTh1mwiA1YcRLLqD5Uxq8Nc,OK,51012,471570100004006
1641.388,35.218332,-90.00299799999999,ChIJfRCGEgGA1YcRsZsWP_dycDI,OK,98479,471570100004006
2766.129,35.19067459999999,-89.8489943,ChIJ364PGjWdf4gRKbsrGLq8_XQ,OK,177530,471570211124011
2766.129,35.19067459999999,-89.8489943,ChIJ364PGjWdf4gRKbsrGLq8_XQ,OK,177530,471570211124011
2846.944,35.2045576,-89.81176689999999,ChIJ8ROix4Kdf4gR4Su-1OwAUMo,OK,198509,471570211124011
1273.795,35.2044739,-89.76342459999999,ChIJ3XsJxyKef4gRTeWb3lonWsU,OK,90703,471570211414009
1273.795,35.2044739,-89.76342459999999,ChIJ3XsJxyKef4gRTeWb3lonWsU,OK,90703,471570211414009
2964.211,35.2074362,-89.7805166,ChIJ62ATRfudf4gRPIrPAXGVsiQ,OK,222189,471570211414009
2861.285,35.1546312,-89.79260459999999,ChIJ8UeuSEecf4gRniit7ubZLtM,OK,196902,471570211352010
2861.285,35.1546312,-89.79260459999999,ChIJ8UeuSEecf4gRniit7ubZLtM,OK,196902,471570211352010
3241.173,35.14868459999999,-89.7948203,ChIJ4w9Lr2qcf4gRHdzl9FciAFM,OK,216402,471570211352010
1998.197,35.1435177,-90.0539328,ChIJ8VFg1pV-1YcRR9G8p0pZx6U,OK,154835,471570043001075
1998.197,35.1435177,-90.0539328,ChIJ8VFg1pV-1YcRR9G8p0pZx6U,OK,154835,471570043001075
2265.949,35.1251709,-90.0481695,ChIJybIJtCd81YcR9Otxws-5qCM,OK,159515,471570043001075
762.111,35.050596,-89.869556,ChIJQ4vLA2iFf4gRyyCo3ihKH44,OK,86878,471570108204002
762.111,35.050596,-89.869556,ChIJQ4vLA2iFf4gRyyCo3ihKH44,OK,86878,471570108204002
764.431,35.0505832,-89.86958199999999,ChIJAfPLA2iFf4gRetxnyV4zn3o,OK,87296,471570108204002
3732.835,35.2051043,-89.79754849999999,ChIJpRDMlY2df4gRQqHmUo_lzmc,OK,243002,471570211213005
4024.833,35.2071893,-89.79833029999999,ChIJQ0zWJIydf4gRstwjg5hObuM,OK,303515,471570211213005
3854.391,35.2051043,-89.79754849999999,ChIJpRDMlY2df4gRQqHmUo_lzmc,OK,257587,471570211213002
3854.391,35.2051043,-89.79754849999999,ChIJpRDMlY2df4gRQqHmUo_lzmc,OK,257587,471570211213002
4146.389,35.2071893,-89.79833029999999,ChIJQ0zWJIydf4gRstwjg5hObuM,OK,318100,471570211213002
4313.295,35.1546312,-89.79260459999999,ChIJ8UeuSEecf4gRniit7ubZLtM,OK,306701,471570211361006
4313.295,35.1546312,-89.79260459999999,ChIJ8UeuSEecf4gRniit7ubZLtM,OK,306701,471570211361006
4927.359,35.2044739,-89.76342459999999,ChIJ3XsJxyKef4gRTeWb3lonWsU,OK,349123,471570211361006
3947.638,35.1546312,-89.79260459999999,ChIJ8UeuSEecf4gRniit7ubZLtM,OK,273988,471570211361001
3947.638,35.1546312,-89.79260459999999,ChIJ8UeuSEecf4gRniit7ubZLtM,OK,273988,471570211361001
4999.333,35.2044739,-89.76342459999999,ChIJ3XsJxyKef4gRTeWb3lonWsU,OK,362375,471570211361001
980.933,35.1435177,-90.0539328,ChIJ8VFg1pV-1YcRR9G8p0pZx6U,OK,63047,471570042002037
980.933,35.1435177,-90.0539328,ChIJ8VFg1pV-1YcRR9G8p0pZx6U,OK,63047,471570042002037
1105.762,35.1450994,-90.0538646,ChIJne6_s5V-1YcRn_LPaqiwhrk,OK,74952,471570042002037
1487.819,35.1835367,-89.8717722,ChIJv1U5XuiCf4gRMlXiIrwnbJo,OK,116705,471570206102013
1487.819,35.1835367,-89.8717722,ChIJv1U5XuiCf4gRMlXiIrwnbJo,OK,116705,471570206102013
2234.015,35.164068,-89.8770782,ChIJpUMbExuDf4gRyW4QpPURe54,OK,147187,471570206102013
480.842,35.0515544,-89.92255089999999,ChIJG_UFGuOFf4gRyHNDzwp5is0,OK,30805,471570226001022
480.842,35.0515544,-89.92255089999999,ChIJG_UFGuOFf4gRyHNDzwp5is0,OK,30805,471570226001022
1656.602,35.05905920000001,-89.9340455,ChIJM89Mbw2Gf4gRFqf4fPnKU7k,OK,86980,471570226001022
1413.773,35.051879,-89.95322299999999,ChIJtbdkhjqGf4gRndtG1KtFnTA,OK,111884,471570105001021
2215.801,35.05905920000001,-89.9340455,ChIJM89Mbw2Gf4gRFqf4fPnKU7k,OK,155990,471570105001021
2215.801,35.05905920000001,-89.9340455,ChIJM89Mbw2Gf4gRFqf4fPnKU7k,OK,155990,471570105001021
242.25,35.0614623,-89.8536277,ChIJ4TWJkTWFf4gRbkNZYfkF9Jw,OK,29069,471570217253002
242.25,35.0614623,-89.8536277,ChIJ4TWJkTWFf4gRbkNZYfkF9Jw,OK,29069,471570217253002
2006.921,35.0493493,-89.855357,ChIJH2Nw4lGFf4gRq0vxk4n5iAE,OK,142395,471570217253002
272.423,35.0614623,-89.8536277,ChIJ4TWJkTWFf4gRbkNZYfkF9Jw,OK,32689,471570217253003
272.423,35.0614623,-89.8536277,ChIJ4TWJkTWFf4gRbkNZYfkF9Jw,OK,32689,471570217253003
2023.267,35.0493493,-89.855357,ChIJH2Nw4lGFf4gRq0vxk4n5iAE,OK,144357,471570217253003
1995.674,35.16339899999999,-89.855841,ChIJA_xfkC6Df4gRAjVZwLz1jqA,OK,166424,471570211211012
1995.674,35.16339899999999,-89.855841,ChIJA_xfkC6Df4gRAjVZwLz1jqA,OK,166424,471570211211012
2070.829,35.1623785,-89.8566175,ChIJXQHWWS6Df4gRqhH5EQ9H1j0,OK,175389,471570211211012
471.41,35.0344414,-89.8319559,ChIJfcC9SguQf4gR_xf02Tpo1-w,OK,38466,471570217463012
471.41,35.0344414,-89.8319559,ChIJfcC9SguQf4gR_xf02Tpo1-w,OK,38466,471570217463012
2857.366,35.0493563,-89.83813929999999,ChIJjRQNzqSaf4gRxmNqB0YAYGM,OK,201346,471570217463012
787.108,35.0344414,-89.8319559,ChIJfcC9SguQf4gR_xf02Tpo1-w,OK,76348,471570217463008
787.108,35.0344414,-89.8319559,ChIJfcC9SguQf4gR_xf02Tpo1-w,OK,76348,471570217463008
3173.064,35.0493563,-89.83813929999999,ChIJjRQNzqSaf4gRxmNqB0YAYGM,OK,239228,471570217463008
1085.658,35.0614623,-89.8536277,ChIJ4TWJkTWFf4gRbkNZYfkF9Jw,OK,92521,471570217252009
1085.658,35.0614623,-89.8536277,ChIJ4TWJkTWFf4gRbkNZYfkF9Jw,OK,92521,471570217252009
1603.622,35.0512763,-89.8427476,ChIJ7VPJ3q-af4gRdxERIyaZ0gk,OK,124699,471570217252009
972.965,35.0614623,-89.8536277,ChIJ4TWJkTWFf4gRbkNZYfkF9Jw,OK,78999,471570217252010
972.965,35.0614623,-89.8536277,ChIJ4TWJkTWFf4gRbkNZYfkF9Jw,OK,78999,471570217252010
1373.18,35.0512763,-89.8427476,ChIJ7VPJ3q-af4gRdxERIyaZ0gk,OK,101611,471570217252010
1834.167,35.0614623,-89.8536277,ChIJ4TWJkTWFf4gRbkNZYfkF9Jw,OK,125901,471570217252003
1834.167,35.0614623,-89.8536277,ChIJ4TWJkTWFf4gRbkNZYfkF9Jw,OK,125901,471570217252003
1918.938,35.0512763,-89.8427476,ChIJ7VPJ3q-af4gRdxERIyaZ0gk,OK,132089,471570217252003
2455.24,35.104197,-89.98335349999999,ChIJNST6hGqHf4gR0Mml4gyjQWk,OK,153105,471570078101024
2455.24,35.104197,-89.98335349999999,ChIJNST6hGqHf4gR0Mml4gyjQWk,OK,153105,471570078101024
2125.057,35.0841884,-89.97146650000001,ChIJX1vb4AeHf4gRloPQ2o5nDXA,OK,159983,471570078101024
3716.739,35.104197,-89.98335349999999,ChIJNST6hGqHf4gR0Mml4gyjQWk,OK,293154,471570078101046
3716.739,35.104197,-89.98335349999999,ChIJNST6hGqHf4gR0Mml4gyjQWk,OK,293154,471570078101046
4221.929,35.109859,-89.99141100000001,ChIJs6JbpFyHf4gR9O01gG0a7fQ,OK,321133,471570078101046
3807.617,35.104197,-89.98335349999999,ChIJNST6hGqHf4gR0Mml4gyjQWk,OK,249287,471570078101022
3807.617,35.104197,-89.98335349999999,ChIJNST6hGqHf4gR0Mml4gyjQWk,OK,249287,471570078101022
3920.615,35.107529,-89.9862127,ChIJ0WGfSUKHf4gRjDLrfGQwCV4,OK,260408,471570078101022
1907.943,35.1835367,-89.8717722,ChIJv1U5XuiCf4gRMlXiIrwnbJo,OK,147317,471570206101030
1907.943,35.1835367,-89.8717722,ChIJv1U5XuiCf4gRMlXiIrwnbJo,OK,147317,471570206101030
2230.726,35.164068,-89.8770782,ChIJpUMbExuDf4gRyW4QpPURe54,OK,156098,471570206101030
1115.811,35.1546312,-89.79260459999999,ChIJ8UeuSEecf4gRniit7ubZLtM,OK,125744,471570211353015
1115.811,35.1546312,-89.79260459999999,ChIJ8UeuSEecf4gRniit7ubZLtM,OK,125744,471570211353015
2283.952,35.14868459999999,-89.7948203,ChIJ4w9Lr2qcf4gRHdzl9FciAFM,OK,172015,471570211353015
2266.522,35.0374859,-89.93716700000002,ChIJESgedaeIf4gRXlLu5ht4wNo,OK,180418,471570226001107
2266.522,35.0374859,-89.93716700000002,ChIJESgedaeIf4gRXlLu5ht4wNo,OK,180418,471570226001107
2669.647,35.02099699999999,-89.93544,ChIJW6hY3LmIf4gRWjIeu9tMgvU,OK,213636,471570226001107
1258.214,35.1927931,-89.86922029999999,ChIJAQAAAMCCf4gRZL0qi0KLjtw,OK,97925,471570206213000
1258.214,35.1927931,-89.86922029999999,ChIJAQAAAMCCf4gRZL0qi0KLjtw,OK,97925,471570206213000
1190.47,35.086634,-89.96355199999999,ChIJW0XU3AGHf4gRINnmxvx9m5A,OK,128361,471570081202016
1190.47,35.086634,-89.96355199999999,ChIJW0XU3AGHf4gRINnmxvx9m5A,OK,128361,471570081202016
1665.012,35.0904795,-89.96597299999999,ChIJHfaNmAOHf4gR1d8V2K9rfSU,OK,154642,471570081202016
1864.124,35.086634,-89.96355199999999,ChIJW0XU3AGHf4gRINnmxvx9m5A,OK,115644,471570082002011
1864.124,35.086634,-89.96355199999999,ChIJW0XU3AGHf4gRINnmxvx9m5A,OK,115644,471570082002011
2338.667,35.0904795,-89.96597299999999,ChIJHfaNmAOHf4gR1d8V2K9rfSU,OK,141925,471570082002011
2368.692,35.086634,-89.96355199999999,ChIJW0XU3AGHf4gRINnmxvx9m5A,OK,157746,471570081202001
2368.692,35.086634,-89.96355199999999,ChIJW0XU3AGHf4gRINnmxvx9m5A,OK,157746,471570081202001
2656.773,35.0904795,-89.96597299999999,ChIJHfaNmAOHf4gR1d8V2K9rfSU,OK,171568,471570081202001
2012.703,35.0971,-89.9305344,ChIJRd53mZuGf4gRp0fETcD5Y3I,OK,148236,471570080003012
2206.634,35.0960067,-89.93138279999999,ChIJFfDYDZuGf4gR5IbqhV7MTAo,OK,162205,471570080003012
2206.634,35.0960067,-89.93138279999999,ChIJFfDYDZuGf4gR5IbqhV7MTAo,OK,162205,471570080003012
2217.724,35.108097,-89.941227,ChIJwxJT-r6Gf4gRhLDuFpyb128,OK,135303,471570080003017
2217.724,35.108097,-89.941227,ChIJwxJT-r6Gf4gRhLDuFpyb128,OK,135303,471570080003017
2313.403,35.086634,-89.96355199999999,ChIJW0XU3AGHf4gRINnmxvx9m5A,OK,138227,471570080003017
1906.287,35.0960067,-89.93138279999999,ChIJFfDYDZuGf4gR5IbqhV7MTAo,OK,150111,471570082002001
1906.287,35.0960067,-89.93138279999999,ChIJFfDYDZuGf4gR5IbqhV7MTAo,OK,150111,471570082002001
2134.932,35.0878609,-89.931612,ChIJ78kLm4aGf4gRhPZ5eF_7ojg,OK,161494,471570082002001
1688.862,35.093158,-89.93038,ChIJU1HLuoSGf4gRK5KIVLXtvbU,OK,142199,471570082002002
2006.042,35.0960067,-89.93138279999999,ChIJFfDYDZuGf4gR5IbqhV7MTAo,OK,162081,471570082002002
2006.042,35.0960067,-89.93138279999999,ChIJFfDYDZuGf4gR5IbqhV7MTAo,OK,162081,471570082002002
2416.523,35.086634,-89.96355199999999,ChIJW0XU3AGHf4gRINnmxvx9m5A,OK,155047,471570082002007
2416.523,35.086634,-89.96355199999999,ChIJW0XU3AGHf4gRINnmxvx9m5A,OK,155047,471570082002007
2891.065,35.0904795,-89.96597299999999,ChIJHfaNmAOHf4gR1d8V2K9rfSU,OK,181328,471570082002007
1717.105,35.093158,-89.93038,ChIJU1HLuoSGf4gRK5KIVLXtvbU,OK,145588,471570082002006
2034.284,35.0960067,-89.93138279999999,ChIJFfDYDZuGf4gR5IbqhV7MTAo,OK,165470,471570082002006
2034.284,35.0960067,-89.93138279999999,ChIJFfDYDZuGf4gR5IbqhV7MTAo,OK,165470,471570082002006
1796.987,35.093158,-89.93038,ChIJU1HLuoSGf4gRK5KIVLXtvbU,OK,155173,471570082002005
2114.166,35.0960067,-89.93138279999999,ChIJFfDYDZuGf4gR5IbqhV7MTAo,OK,175055,471570082002005
2114.166,35.0960067,-89.93138279999999,ChIJFfDYDZuGf4gR5IbqhV7MTAo,OK,175055,471570082002005
1421.061,35.093158,-89.93038,ChIJU1HLuoSGf4gRK5KIVLXtvbU,OK,123635,471570082002000
1738.24,35.0960067,-89.93138279999999,ChIJFfDYDZuGf4gR5IbqhV7MTAo,OK,143517,471570082002000
1738.24,35.0960067,-89.93138279999999,ChIJFfDYDZuGf4gR5IbqhV7MTAo,OK,143517,471570082002000
1327.844,35.093158,-89.93038,ChIJU1HLuoSGf4gRK5KIVLXtvbU,OK,112449,471570082003001
1645.023,35.0960067,-89.93138279999999,ChIJFfDYDZuGf4gR5IbqhV7MTAo,OK,132331,471570082003001
1645.023,35.0960067,-89.93138279999999,ChIJFfDYDZuGf4gR5IbqhV7MTAo,OK,132331,471570082003001
1793.66,35.086634,-89.96355199999999,ChIJW0XU3AGHf4gRINnmxvx9m5A,OK,107189,471570082002010
1793.66,35.086634,-89.96355199999999,ChIJW0XU3AGHf4gRINnmxvx9m5A,OK,107189,471570082002010
2268.202,35.0904795,-89.96597299999999,ChIJHfaNmAOHf4gR1d8V2K9rfSU,OK,133470,471570082002010
1729.063,35.093158,-89.93038,ChIJU1HLuoSGf4gRK5KIVLXtvbU,OK,160594,471570082002003
1729.063,35.093158,-89.93038,ChIJU1HLuoSGf4gRK5KIVLXtvbU,OK,160594,471570082002003
2046.242,35.0960067,-89.93138279999999,ChIJFfDYDZuGf4gR5IbqhV7MTAo,OK,180476,471570082002003
1659.332,35.0757114,-89.9271675,ChIJ-d7FIHmGf4gR6Aa1VQWm0ps,OK,101284,471579801001001
2125.79,35.0878609,-89.931612,ChIJ78kLm4aGf4gRhPZ5eF_7ojg,OK,126473,471579801001001
2125.79,35.0878609,-89.931612,ChIJ78kLm4aGf4gRhPZ5eF_7ojg,OK,126473,471579801001001
914.81,35.1075089,-89.9318387,ChIJVboYU6KGf4gRHfEHUi8Izac,OK,108934,471570074002009
914.81,35.1075089,-89.9318387,ChIJVboYU6KGf4gRHfEHUi8Izac,OK,108934,471570074002009
1056.718,35.1079763,-89.9333841,ChIJqZoM4qKGf4gREaZMyPG1GBQ,OK,117449,471570074002009
1268.196,35.0757114,-89.9271675,ChIJ-d7FIHmGf4gR6Aa1VQWm0ps,OK,77816,471579801001103
1268.196,35.0757114,-89.9271675,ChIJ-d7FIHmGf4gR6Aa1VQWm0ps,OK,77816,471579801001103
1734.654,35.0878609,-89.931612,ChIJ78kLm4aGf4gRhPZ5eF_7ojg,OK,103005,471579801001103
1362.445,35.0878609,-89.931612,ChIJ78kLm4aGf4gRhPZ5eF_7ojg,OK,156024,471570082001009
1362.445,35.0878609,-89.931612,ChIJ78kLm4aGf4gRhPZ5eF_7ojg,OK,156024,471570082001009
1957.669,35.093158,-89.93038,ChIJU1HLuoSGf4gRK5KIVLXtvbU,OK,193216,471570082001009
6201.846,35.086634,-89.96355199999999,ChIJW0XU3AGHf4gRINnmxvx9m5A,OK,309144,471570082001012
6201.846,35.086634,-89.96355199999999,ChIJW0XU3AGHf4gRINnmxvx9m5A,OK,309144,471570082001012
6676.389,35.0904795,-89.96597299999999,ChIJHfaNmAOHf4gR1d8V2K9rfSU,OK,335425,471570082001012
5036.292,35.0841884,-89.97146650000001,ChIJX1vb4AeHf4gRloPQ2o5nDXA,OK,253609,471579801001011
6879.601,35.086634,-89.96355199999999,ChIJW0XU3AGHf4gRINnmxvx9m5A,OK,324190,471579801001011
6879.601,35.086634,-89.96355199999999,ChIJW0XU3AGHf4gRINnmxvx9m5A,OK,324190,471579801001011
7496.211,35.086634,-89.96355199999999,ChIJW0XU3AGHf4gRINnmxvx9m5A,OK,349219,471570082001011
7496.211,35.086634,-89.96355199999999,ChIJW0XU3AGHf4gRINnmxvx9m5A,OK,349219,471570082001011
6921.463,35.0904795,-89.96597299999999,ChIJHfaNmAOHf4gR1d8V2K9rfSU,OK,352195,471570082001011
5230.434,35.0841884,-89.97146650000001,ChIJX1vb4AeHf4gRloPQ2o5nDXA,OK,263593,471579801001010
7073.742,35.086634,-89.96355199999999,ChIJW0XU3AGHf4gRINnmxvx9m5A,OK,334174,471579801001010
7073.742,35.086634,-89.96355199999999,ChIJW0XU3AGHf4gRINnmxvx9m5A,OK,334174,471579801001010
2091.173,35.086634,-89.96355199999999,ChIJW0XU3AGHf4gRINnmxvx9m5A,OK,109477,471579801001003
1125.104,35.1251709,-90.0481695,ChIJybIJtCd81YcR9Otxws-5qCM,OK,64395,471570117001004
1125.104,35.1251709,-90.0481695,ChIJybIJtCd81YcR9Otxws-5qCM,OK,64395,471570117001004
1126.918,35.125222,-90.048147,ChIJ9cKdtid81YcRKs9h6RjzQzw,OK,64496,471570117001004
1134.438,35.1251709,-90.0481695,ChIJybIJtCd81YcR9Otxws-5qCM,OK,79055,471570117001143
1134.438,35.1251709,-90.0481695,ChIJybIJtCd81YcR9Otxws-5qCM,OK,79055,471570117001143
1136.252,35.125222,-90.048147,ChIJ9cKdtid81YcRKs9h6RjzQzw,OK,79156,471570117001143
1540.86,35.125222,-90.048147,ChIJ9cKdtid81YcRKs9h6RjzQzw,OK,88746,471570114003029
1540.86,35.125222,-90.048147,ChIJ9cKdtid81YcRKs9h6RjzQzw,OK,88746,471570114003029
1542.674,35.1251709,-90.0481695,ChIJybIJtCd81YcR9Otxws-5qCM,OK,88846,471570114003029
2409.015,35.1546312,-89.79260459999999,ChIJ8UeuSEecf4gRniit7ubZLtM,OK,153468,471570211362020
2409.015,35.1546312,-89.79260459999999,ChIJ8UeuSEecf4gRniit7ubZLtM,OK,153468,471570211362020
3356.477,35.14868459999999,-89.7948203,ChIJ4w9Lr2qcf4gRHdzl9FciAFM,OK,207020,471570211362020
1008.489,35.1490317,-90.0140679,ChIJw3q9_xV-1YcRqrte6yBn1CI,OK,59649,471570025001034
1008.489,35.1490317,-90.0140679,ChIJw3q9_xV-1YcRqrte6yBn1CI,OK,59649,471570025001034
1730.726,35.1444038,-90.0168571,ChIJufYEjhR-1YcREff46W6Lons,OK,107002,471570025001034
892.606,35.1804299,-89.9263818,ChIJIfvtv4eBf4gRJLjVGBpAzmc,OK,67359,471570088002027
892.606,35.1804299,-89.9263818,ChIJIfvtv4eBf4gRJLjVGBpAzmc,OK,67359,471570088002027
1848.72,35.183951,-89.93106899999999,ChIJWQ0EIo-Bf4gR6cuqlCcQuNw,OK,146448,471570088002027
980.463,35.1804299,-89.9263818,ChIJIfvtv4eBf4gRJLjVGBpAzmc,OK,71162,471570088002026
980.463,35.1804299,-89.9263818,ChIJIfvtv4eBf4gRJLjVGBpAzmc,OK,71162,471570088002026
1936.577,35.183951,-89.93106899999999,ChIJWQ0EIo-Bf4gR6cuqlCcQuNw,OK,150251,471570088002026
825.89,35.1804299,-89.9263818,ChIJIfvtv4eBf4gRJLjVGBpAzmc,OK,70890,471570089002002
825.89,35.1804299,-89.9263818,ChIJIfvtv4eBf4gRJLjVGBpAzmc,OK,70890,471570089002002
841.527,35.183951,-89.93106899999999,ChIJWQ0EIo-Bf4gR6cuqlCcQuNw,OK,93552,471570089002002
1417.402,35.0374859,-89.93716700000002,ChIJESgedaeIf4gRXlLu5ht4wNo,OK,98603,471570110201020
1417.402,35.0374859,-89.93716700000002,ChIJESgedaeIf4gRXlLu5ht4wNo,OK,98603,471570110201020
1974.64,35.02099699999999,-89.93544,ChIJW6hY3LmIf4gRWjIeu9tMgvU,OK,131387,471570110201020
650.51,35.0374859,-89.93716700000002,ChIJESgedaeIf4gRXlLu5ht4wNo,OK,54677,471570226001124
650.51,35.0374859,-89.93716700000002,ChIJESgedaeIf4gRXlLu5ht4wNo,OK,54677,471570226001124
2431.377,35.02099699999999,-89.93544,ChIJW6hY3LmIf4gRWjIeu9tMgvU,OK,153807,471570226001124
622.588,35.0374859,-89.93716700000002,ChIJESgedaeIf4gRXlLu5ht4wNo,OK,56005,471570110201017
622.588,35.0374859,-89.93716700000002,ChIJESgedaeIf4gRXlLu5ht4wNo,OK,56005,471570110201017
2550.915,35.02099699999999,-89.93544,ChIJW6hY3LmIf4gRWjIeu9tMgvU,OK,163111,471570110201017
1570.035,35.0374859,-89.93716700000002,ChIJESgedaeIf4gRXlLu5ht4wNo,OK,101689,471570226001035
1570.035,35.0374859,-89.93716700000002,ChIJESgedaeIf4gRXlLu5ht4wNo,OK,101689,471570226001035
1894.351,35.0515544,-89.92255089999999,ChIJG_UFGuOFf4gRyHNDzwp5is0,OK,134179,471570226001035
660.094,35.0374859,-89.93716700000002,ChIJESgedaeIf4gRXlLu5ht4wNo,OK,55827,471570226001120
660.094,35.0374859,-89.93716700000002,ChIJESgedaeIf4gRXlLu5ht4wNo,OK,55827,471570226001120
2440.961,35.02099699999999,-89.93544,ChIJW6hY3LmIf4gRWjIeu9tMgvU,OK,154957,471570226001120
224.827,35.0374859,-89.93716700000002,ChIJESgedaeIf4gRXlLu5ht4wNo,OK,12146,471570110201021
224.827,35.0374859,-89.93716700000002,ChIJESgedaeIf4gRXlLu5ht4wNo,OK,12146,471570110201021
2137.938,35.02099699999999,-89.93544,ChIJW6hY3LmIf4gRWjIeu9tMgvU,OK,118399,471570110201021
1640.174,35.0374859,-89.93716700000002,ChIJESgedaeIf4gRXlLu5ht4wNo,OK,95086,471570226001118
1640.174,35.0374859,-89.93716700000002,ChIJESgedaeIf4gRXlLu5ht4wNo,OK,95086,471570226001118
2406.225,35.0515544,-89.92255089999999,ChIJG_UFGuOFf4gRyHNDzwp5is0,OK,137711,471570226001118
289.332,35.02099699999999,-89.93544,ChIJW6hY3LmIf4gRWjIeu9tMgvU,OK,35399,471570226001203
289.332,35.02099699999999,-89.93544,ChIJW6hY3LmIf4gRWjIeu9tMgvU,OK,35399,471570226001203
940.089,35.015991,-89.935953,ChIJSSHzkseIf4gRnqbOP98HojY,OK,71438,471570226001203
1423.067,35.0745932,-89.9204618,ChIJPX58KNGFf4gRLgBWAHPwusk,OK,118273,471570106103004
1423.067,35.0745932,-89.9204618,ChIJPX58KNGFf4gRLgBWAHPwusk,OK,118273,471570106103004
1321.553,35.0757114,-89.9271675,ChIJ-d7FIHmGf4gR6Aa1VQWm0ps,OK,148137,471570106103004
1043.492,35.05905920000001,-89.9340455,ChIJM89Mbw2Gf4gRFqf4fPnKU7k,OK,70259,471570106103006
1043.492,35.05905920000001,-89.9340455,ChIJM89Mbw2Gf4gRFqf4fPnKU7k,OK,70259,471570106103006
1093.226,35.06591589999999,-89.94154240000002,ChIJTUcfL2qGf4gRH4x-pmmajWw,OK,75183,471570106103006
1169.36,35.05905920000001,-89.9340455,ChIJM89Mbw2Gf4gRFqf4fPnKU7k,OK,76783,471570105001035
1169.36,35.05905920000001,-89.9340455,ChIJM89Mbw2Gf4gRFqf4fPnKU7k,OK,76783,471570105001035
1219.094,35.06591589999999,-89.94154240000002,ChIJTUcfL2qGf4gRH4x-pmmajWw,OK,81707,471570105001035
1740.641,35.05905920000001,-89.9340455,ChIJM89Mbw2Gf4gRFqf4fPnKU7k,OK,141522,471570106202002
1740.641,35.05905920000001,-89.9340455,ChIJM89Mbw2Gf4gRFqf4fPnKU7k,OK,141522,471570106202002
1790.375,35.06591589999999,-89.94154240000002,ChIJTUcfL2qGf4gRH4x-pmmajWw,OK,146446,471570106202002
881.025,35.0745932,-89.9204618,ChIJPX58KNGFf4gRLgBWAHPwusk,OK,68358,471570106102006
881.025,35.0745932,-89.9204618,ChIJPX58KNGFf4gRLgBWAHPwusk,OK,68358,471570106102006
1559.664,35.0757114,-89.9271675,ChIJ-d7FIHmGf4gR6Aa1VQWm0ps,OK,109074,471570106102006
1470.913,35.05905920000001,-89.9340455,ChIJM89Mbw2Gf4gRFqf4fPnKU7k,OK,109155,471570106103007
1470.913,35.05905920000001,-89.9340455,ChIJM89Mbw2Gf4gRFqf4fPnKU7k,OK,109155,471570106103007
1759.463,35.0745932,-89.9204618,ChIJPX58KNGFf4gRLgBWAHPwusk,OK,141680,471570106103007
1055.907,35.0745932,-89.9204618,ChIJPX58KNGFf4gRLgBWAHPwusk,OK,85885,471570106103002
1055.907,35.0745932,-89.9204618,ChIJPX58KNGFf4gRLgBWAHPwusk,OK,85885,471570106103002
1734.546,35.0757114,-89.9271675,ChIJ-d7FIHmGf4gR6Aa1VQWm0ps,OK,126601,471570106103002
946.183,35.0745932,-89.9204618,ChIJPX58KNGFf4gRLgBWAHPwusk,OK,76177,471570106102009
946.183,35.0745932,-89.9204618,ChIJPX58KNGFf4gRLgBWAHPwusk,OK,76177,471570106102009
991.447,35.0757114,-89.9271675,ChIJ-d7FIHmGf4gR6Aa1VQWm0ps,OK,108526,471570106102009
1080.309,35.0745932,-89.9204618,ChIJPX58KNGFf4gRLgBWAHPwusk,OK,95159,471570106103000
1080.309,35.0745932,-89.9204618,ChIJPX58KNGFf4gRLgBWAHPwusk,OK,95159,471570106103000
1758.948,35.0757114,-89.9271675,ChIJ-d7FIHmGf4gR6Aa1VQWm0ps,OK,135875,471570106103000
1684.625,35.05905920000001,-89.9340455,ChIJM89Mbw2Gf4gRFqf4fPnKU7k,OK,122206,471570106103008
1684.625,35.05905920000001,-89.9340455,ChIJM89Mbw2Gf4gRFqf4fPnKU7k,OK,122206,471570106103008
1785.908,35.0745932,-89.9204618,ChIJPX58KNGFf4gRLgBWAHPwusk,OK,132877,471570106103008
1368.871,35.05905920000001,-89.9340455,ChIJM89Mbw2Gf4gRFqf4fPnKU7k,OK,90611,471570106201001
1368.871,35.05905920000001,-89.9340455,ChIJM89Mbw2Gf4gRFqf4fPnKU7k,OK,90611,471570106201001
1679.962,35.0745932,-89.9204618,ChIJPX58KNGFf4gRLgBWAHPwusk,OK,113870,471570106201001
1576.166,35.05905920000001,-89.9340455,ChIJM89Mbw2Gf4gRFqf4fPnKU7k,OK,121785,471570106201003
734.755,35.109859,-89.99141100000001,ChIJs6JbpFyHf4gR9O01gG0a7fQ,OK,49561,471570064001009
734.755,35.109859,-89.99141100000001,ChIJs6JbpFyHf4gR9O01gG0a7fQ,OK,49561,471570064001009
1536.815,35.107529,-89.9862127,ChIJ0WGfSUKHf4gRjDLrfGQwCV4,OK,100442,471570064001009
575.906,35.109859,-89.99141100000001,ChIJs6JbpFyHf4gR9O01gG0a7fQ,OK,31894,471570064001030
575.906,35.109859,-89.99141100000001,ChIJs6JbpFyHf4gR9O01gG0a7fQ,OK,31894,471570064001030
1377.966,35.107529,-89.9862127,ChIJ0WGfSUKHf4gRjDLrfGQwCV4,OK,82775,471570064001030
1733.767,35.109859,-89.99141100000001,ChIJs6JbpFyHf4gR9O01gG0a7fQ,OK,119942,471570065002018
1733.767,35.109859,-89.99141100000001,ChIJs6JbpFyHf4gR9O01gG0a7fQ,OK,119942,471570065002018
1933.96,35.1087458,-90.0211918,ChIJe6w2EsF91YcRquzVZc8M0-I,OK,132812,471570065002018
1524.044,35.109859,-89.99141100000001,ChIJs6JbpFyHf4gR9O01gG0a7fQ,OK,104642,471570065002004
1524.044,35.109859,-89.99141100000001,ChIJs6JbpFyHf4gR9O01gG0a7fQ,OK,104642,471570065002004
2326.104,35.107529,-89.9862127,ChIJ0WGfSUKHf4gRjDLrfGQwCV4,OK,155523,471570065002004
1117.237,35.192778,-89.895242,ChIJ2ehTh2eCf4gR95JHzr6OIMA,OK,102426,471570206212017
1117.237,35.192778,-89.895242,ChIJ2ehTh2eCf4gR95JHzr6OIMA,OK,102426,471570206212017
1177.288,35.1942326,-89.8965709,ChIJD7pM72eCf4gRg19OPcAuyDw,OK,106029,471570206212017
898.455,35.192778,-89.895242,ChIJ2ehTh2eCf4gR95JHzr6OIMA,OK,88870,471570206212012
898.455,35.192778,-89.895242,ChIJ2ehTh2eCf4gR95JHzr6OIMA,OK,88870,471570206212012
1082.968,35.1942326,-89.8965709,ChIJD7pM72eCf4gRg19OPcAuyDw,OK,99940,471570206212012
1042.489,35.192778,-89.895242,ChIJ2ehTh2eCf4gR95JHzr6OIMA,OK,114282,471570206213001
1042.489,35.192778,-89.895242,ChIJ2ehTh2eCf4gR95JHzr6OIMA,OK,114282,471570206213001
1227.001,35.1942326,-89.8965709,ChIJD7pM72eCf4gRg19OPcAuyDw,OK,125352,471570206213001
699.624,35.1835367,-89.8717722,ChIJv1U5XuiCf4gRMlXiIrwnbJo,OK,73136,471570206102003
699.624,35.1835367,-89.8717722,ChIJv1U5XuiCf4gRMlXiIrwnbJo,OK,73136,471570206102003
1915.533,35.1927931,-89.86922029999999,ChIJAQAAAMCCf4gRZL0qi0KLjtw,OK,137011,471570206102003
1279.354,35.1835367,-89.8717722,ChIJv1U5XuiCf4gRMlXiIrwnbJo,OK,109360,471570206101032
1279.354,35.1835367,-89.8717722,ChIJv1U5XuiCf4gRMlXiIrwnbJo,OK,109360,471570206101032
1912.296,35.192778,-89.895242,ChIJ2ehTh2eCf4gR95JHzr6OIMA,OK,150118,471570206101032
2295.633,35.1927931,-89.86922029999999,ChIJAQAAAMCCf4gRZL0qi0KLjtw,OK,259699,471570206212010
2295.633,35.1927931,-89.86922029999999,ChIJAQAAAMCCf4gRZL0qi0KLjtw,OK,259699,471570206212010
2896.359,35.2060393,-89.89459389999999,ChIJN_fdM1CCf4gRqHZ_YUZgoJo,OK,284461,471570206212010
1986.447,35.2060393,-89.89459389999999,ChIJN_fdM1CCf4gRqHZ_YUZgoJo,OK,174014,471570206212006
1870.691,35.192778,-89.895242,ChIJ2ehTh2eCf4gR95JHzr6OIMA,OK,192837,471570206212006
1870.691,35.192778,-89.895242,ChIJ2ehTh2eCf4gR95JHzr6OIMA,OK,192837,471570206212006
678.899,35.1835367,-89.8717722,ChIJv1U5XuiCf4gRMlXiIrwnbJo,OK,70649,471570206102008
678.899,35.1835367,-89.8717722,ChIJv1U5XuiCf4gRMlXiIrwnbJo,OK,70649,471570206102008
1894.808,35.1927931,-89.86922029999999,ChIJAQAAAMCCf4gRZL0qi0KLjtw,OK,134524,471570206102008
601.653,35.1835367,-89.8717722,ChIJv1U5XuiCf4gRMlXiIrwnbJo,OK,50584,471570206223004
601.653,35.1835367,-89.8717722,ChIJv1U5XuiCf4gRMlXiIrwnbJo,OK,50584,471570206223004
1449.171,35.1927931,-89.86922029999999,ChIJAQAAAMCCf4gRZL0qi0KLjtw,OK,92357,471570206223004
1034.124,35.19067459999999,-89.8489943,ChIJ364PGjWdf4gRKbsrGLq8_XQ,OK,73104,471570206223000
1034.124,35.19067459999999,-89.8489943,ChIJ364PGjWdf4gRKbsrGLq8_XQ,OK,73104,471570206223000
1115.271,35.1927931,-89.86922029999999,ChIJAQAAAMCCf4gRZL0qi0KLjtw,OK,77746,471570206223000
1532.637,35.1835367,-89.8717722,ChIJv1U5XuiCf4gRMlXiIrwnbJo,OK,128560,471570206103001
1532.637,35.1835367,-89.8717722,ChIJv1U5XuiCf4gRMlXiIrwnbJo,OK,128560,471570206103001
2254.449,35.164068,-89.8770782,ChIJpUMbExuDf4gRyW4QpPURe54,OK,156116,471570206103001
1997.101,35.1835367,-89.8717722,ChIJv1U5XuiCf4gRMlXiIrwnbJo,OK,127344,471570206103006
1997.101,35.1835367,-89.8717722,ChIJv1U5XuiCf4gRMlXiIrwnbJo,OK,127344,471570206103006
2337.713,35.16339899999999,-89.855841,ChIJA_xfkC6Df4gRAjVZwLz1jqA,OK,131647,471570206103006
636.184,35.1835367,-89.8717722,ChIJv1U5XuiCf4gRMlXiIrwnbJo,OK,65522,471570206215011
636.184,35.1835367,-89.8717722,ChIJv1U5XuiCf4gRMlXiIrwnbJo,OK,65522,471570206215011
1852.094,35.1927931,-89.86922029999999,ChIJAQAAAMCCf4gRZL0qi0KLjtw,OK,129397,471570206215011
1477.847,35.1835367,-89.8717722,ChIJv1U5XuiCf4gRMlXiIrwnbJo,OK,104897,471570206102017
1477.847,35.1835367,-89.8717722,ChIJv1U5XuiCf4gRMlXiIrwnbJo,OK,104897,471570206102017
2106.89,35.164068,-89.8770782,ChIJpUMbExuDf4gRyW4QpPURe54,OK,132050,471570206102017
1204.398,35.164068,-89.8770782,ChIJpUMbExuDf4gRyW4QpPURe54,OK,78784,471570206101042
1204.398,35.164068,-89.8770782,ChIJpUMbExuDf4gRyW4QpPURe54,OK,78784,471570206101042
2071.75,35.1623785,-89.8566175,ChIJXQHWWS6Df4gRqhH5EQ9H1j0,OK,133185,471570206101042
894.352,35.1835367,-89.8717722,ChIJv1U5XuiCf4gRMlXiIrwnbJo,OK,96502,471570206102007
894.352,35.1835367,-89.8717722,ChIJv1U5XuiCf4gRMlXiIrwnbJo,OK,96502,471570206102007
2110.261,35.1927931,-89.86922029999999,ChIJAQAAAMCCf4gRZL0qi0KLjtw,OK,160377,471570206102007
670.532,35.1835367,-89.8717722,ChIJv1U5XuiCf4gRMlXiIrwnbJo,OK,58849,471570206223008
670.532,35.1835367,-89.8717722,ChIJv1U5XuiCf4gRMlXiIrwnbJo,OK,58849,471570206223008
1127.085,35.1927931,-89.86922029999999,ChIJAQAAAMCCf4gRZL0qi0KLjtw,OK,84428,471570206223008
3560.811,35.2051043,-89.79754849999999,ChIJpRDMlY2df4gRQqHmUo_lzmc,OK,222360,471570211213011
3560.811,35.2051043,-89.79754849999999,ChIJpRDMlY2df4gRQqHmUo_lzmc,OK,222360,471570211213011
3932.978,35.1546312,-89.79260459999999,ChIJ8UeuSEecf4gRniit7ubZLtM,OK,239603,471570211213011
1684.874,35.164068,-89.8770782,ChIJpUMbExuDf4gRyW4QpPURe54,OK,107882,471570206101040
1684.874,35.164068,-89.8770782,ChIJpUMbExuDf4gRyW4QpPURe54,OK,107882,471570206101040
2394.946,35.0543926,-90.0597009,ChIJT5TzUbl81YcRiPqNjkbj9CA,OK,152891,471570222204017
2976.301,35.06128,-90.05978399999999,ChIJm06f8ZV81YcRTjzAsJPcBKY,OK,185088,471570222204017
2976.301,35.06128,-90.05978399999999,ChIJm06f8ZV81YcRTjzAsJPcBKY,OK,185088,471570222204017
1355.628,35.0614623,-89.8536277,ChIJ4TWJkTWFf4gRbkNZYfkF9Jw,OK,130044,471570217261003
1355.628,35.0614623,-89.8536277,ChIJ4TWJkTWFf4gRbkNZYfkF9Jw,OK,130044,471570217261003
1963.718,35.0501932,-89.8529489,ChIJJ3DCd1KFf4gRBb2DFEnzV7w,OK,161922,471570217261003
726.295,35.054745,-90.007971,ChIJXxyyQlt91YcRhldtWgjSnSE,OK,78519,471570220221017
726.295,35.054745,-90.007971,ChIJXxyyQlt91YcRhldtWgjSnSE,OK,78519,471570220221017
1291.647,35.05407199999999,-90.00125899999999,ChIJIzdhk1h91YcRZT7cBcBslaM,OK,101952,471570220221017
806.409,35.0512763,-89.8427476,ChIJ7VPJ3q-af4gRdxERIyaZ0gk,OK,60150,471570217262009
806.409,35.0512763,-89.8427476,ChIJ7VPJ3q-af4gRdxERIyaZ0gk,OK,60150,471570217262009
1051.802,35.0490562,-89.84441600000001,ChIJCUulJK6af4gR7vOP_qSrYdM,OK,65140,471570217262009
1817.417,35.04577219999999,-89.82821469999999,ChIJL-jEaJmaf4gREtYdkYi2nAs,OK,109022,471570213341018
1817.417,35.04577219999999,-89.82821469999999,ChIJL-jEaJmaf4gREtYdkYi2nAs,OK,109022,471570213341018
2087.689,35.0493563,-89.83813929999999,ChIJjRQNzqSaf4gRxmNqB0YAYGM,OK,119103,471570213341018
1189.42,35.0477573,-89.86637909999999,ChIJ5_0L5VyFf4gR4HBEwl6nmRE,OK,66831,471570108201016
1248.642,35.050596,-89.869556,ChIJQ4vLA2iFf4gRyyCo3ihKH44,OK,77233,471570108201016
1248.642,35.050596,-89.869556,ChIJQ4vLA2iFf4gRyyCo3ihKH44,OK,77233,471570108201016
291.678,35.05905920000001,-89.9340455,ChIJM89Mbw2Gf4gRFqf4fPnKU7k,OK,16488,471570106203020
291.678,35.05905920000001,-89.9340455,ChIJM89Mbw2Gf4gRFqf4fPnKU7k,OK,16488,471570106203020
1138.117,35.0515544,-89.92255089999999,ChIJG_UFGuOFf4gRyHNDzwp5is0,OK,59800,471570106203020
1215.949,35.0461089,-89.7947008,ChIJaZI6O3Oaf4gRqa_eh0DNj_s,OK,67338,471570213423051
1215.949,35.0461089,-89.7947008,ChIJaZI6O3Oaf4gRqa_eh0DNj_s,OK,67338,471570213423051
1333.955,35.045091,-89.795412,ChIJVelsQnOaf4gRECqTW7fq-dY,OK,73873,471570213423051
1082.093,35.0477573,-89.86637909999999,ChIJ5_0L5VyFf4gR4HBEwl6nmRE,OK,60891,471570108201015
1141.315,35.050596,-89.869556,ChIJQ4vLA2iFf4gRyyCo3ihKH44,OK,71293,471570108201015
1141.315,35.050596,-89.869556,ChIJQ4vLA2iFf4gRyyCo3ihKH44,OK,71293,471570108201015
594.281,35.0515544,-89.92255089999999,ChIJG_UFGuOFf4gRyHNDzwp5is0,OK,44110,471570106203004
594.281,35.0515544,-89.92255089999999,ChIJG_UFGuOFf4gRyHNDzwp5is0,OK,44110,471570106203004
2024.075,35.05905920000001,-89.9340455,ChIJM89Mbw2Gf4gRFqf4fPnKU7k,OK,120399,471570106203004
843.397,35.0477573,-89.86637909999999,ChIJ5_0L5VyFf4gR4HBEwl6nmRE,OK,46699,471570108204000
902.619,35.050596,-89.869556,ChIJQ4vLA2iFf4gRyyCo3ihKH44,OK,57101,471570108204000
902.619,35.050596,-89.869556,ChIJQ4vLA2iFf4gRyyCo3ihKH44,OK,57101,471570108204000
2532.001,35.0543926,-90.0597009,ChIJT5TzUbl81YcRiPqNjkbj9CA,OK,169337,471570222203013
3113.357,35.06128,-90.05978399999999,ChIJm06f8ZV81YcRTjzAsJPcBKY,OK,201534,471570222203013
3113.357,35.06128,-90.05978399999999,ChIJm06f8ZV81YcRTjzAsJPcBKY,OK,201534,471570222203013
862.143,35.051879,-89.95322299999999,ChIJtbdkhjqGf4gRndtG1KtFnTA,OK,51084,471579801001078
862.143,35.051879,-89.95322299999999,ChIJtbdkhjqGf4gRndtG1KtFnTA,OK,51084,471579801001078
1805.265,35.06591589999999,-89.94154240000002,ChIJTUcfL2qGf4gRH4x-pmmajWw,OK,118731,471579801001078
673.839,35.0512763,-89.8427476,ChIJ7VPJ3q-af4gRdxERIyaZ0gk,OK,52807,471570217262010
673.839,35.0512763,-89.8427476,ChIJ7VPJ3q-af4gRdxERIyaZ0gk,OK,52807,471570217262010
919.231,35.0490562,-89.84441600000001,ChIJCUulJK6af4gR7vOP_qSrYdM,OK,57797,471570217262010
317.083,35.05905920000001,-89.9340455,ChIJM89Mbw2Gf4gRFqf4fPnKU7k,OK,18121,471570105001038
317.083,35.05905920000001,-89.9340455,ChIJM89Mbw2Gf4gRFqf4fPnKU7k,OK,18121,471570105001038
1277.992,35.0515544,-89.92255089999999,ChIJG_UFGuOFf4gRyHNDzwp5is0,OK,67320,471570105001038
945.66,35.04577219999999,-89.82821469999999,ChIJL-jEaJmaf4gREtYdkYi2nAs,OK,57598,471570217241037
945.66,35.04577219999999,-89.82821469999999,ChIJL-jEaJmaf4gREtYdkYi2nAs,OK,57598,471570217241037
1215.933,35.0493563,-89.83813929999999,ChIJjRQNzqSaf4gRxmNqB0YAYGM,OK,67679,471570217241037
539.512,35.0512763,-89.8427476,ChIJ7VPJ3q-af4gRdxERIyaZ0gk,OK,45369,471570217262012
539.512,35.0512763,-89.8427476,ChIJ7VPJ3q-af4gRdxERIyaZ0gk,OK,45369,471570217262012
784.905,35.0490562,-89.84441600000001,ChIJCUulJK6af4gR7vOP_qSrYdM,OK,50359,471570217262012
794.25,35.05407199999999,-90.00125899999999,ChIJIzdhk1h91YcRZT7cBcBslaM,OK,53535,471570220221008
794.25,35.05407199999999,-90.00125899999999,ChIJIzdhk1h91YcRZT7cBcBslaM,OK,53535,471570220221008
1486.028,35.054745,-90.007971,ChIJXxyyQlt91YcRhldtWgjSnSE,OK,99724,471570220221008
1326.032,35.04577219999999,-89.82821469999999,ChIJL-jEaJmaf4gREtYdkYi2nAs,OK,77597,471570217241035
1326.032,35.04577219999999,-89.82821469999999,ChIJL-jEaJmaf4gREtYdkYi2nAs,OK,77597,471570217241035
1596.304,35.0493563,-89.83813929999999,ChIJjRQNzqSaf4gRxmNqB0YAYGM,OK,87678,471570217241035
1419.577,35.0543926,-90.0597009,ChIJT5TzUbl81YcRiPqNjkbj9CA,OK,102582,471570223212003
1419.577,35.0543926,-90.0597009,ChIJT5TzUbl81YcRiPqNjkbj9CA,OK,102582,471570223212003
2085.142,35.06128,-90.05978399999999,ChIJm06f8ZV81YcRTjzAsJPcBKY,OK,144248,471570223212003
1190.41,35.04577219999999,-89.82821469999999,ChIJL-jEaJmaf4gREtYdkYi2nAs,OK,71151,471570217241034
1190.41,35.04577219999999,-89.82821469999999,ChIJL-jEaJmaf4gREtYdkYi2nAs,OK,71151,471570217241034
1460.682,35.0493563,-89.83813929999999,ChIJjRQNzqSaf4gRxmNqB0YAYGM,OK,81232,471570217241034
1090.365,35.04577219999999,-89.82821469999999,ChIJL-jEaJmaf4gREtYdkYi2nAs,OK,65479,471570217241036
1090.365,35.04577219999999,-89.82821469999999,ChIJL-jEaJmaf4gREtYdkYi2nAs,OK,65479,471570217241036
1360.637,35.0493563,-89.83813929999999,ChIJjRQNzqSaf4gRxmNqB0YAYGM,OK,75560,471570217241036
4062.601,35.222344,-89.97682999999999,ChIJ987Br45_f4gRjwrvnFN8t7k,OK,270205,471570205111007
4463.467,35.2227028,-89.97692290000001,ChIJ987Br45_f4gRMoYIhCny13Q,OK,306337,471570205111007
946.432,35.104197,-89.98335349999999,ChIJNST6hGqHf4gR0Mml4gyjQWk,OK,67603,471570068003005
946.432,35.104197,-89.98335349999999,ChIJNST6hGqHf4gR0Mml4gyjQWk,OK,67603,471570068003005
1379.111,35.09464699999999,-89.9708677,ChIJx5uAuBqHf4gRze5MKc5WJFI,OK,92649,471570068003005
1636.507,35.222344,-89.97682999999999,ChIJ987Br45_f4gRjwrvnFN8t7k,OK,118198,471570102201001
1636.507,35.222344,-89.97682999999999,ChIJ987Br45_f4gRjwrvnFN8t7k,OK,118198,471570102201001
2037.373,35.2227028,-89.97692290000001,ChIJ987Br45_f4gRMoYIhCny13Q,OK,154330,471570102201001
1409.707,35.222344,-89.97682999999999,ChIJ987Br45_f4gRjwrvnFN8t7k,OK,98441,471570102202003
1409.707,35.222344,-89.97682999999999,ChIJ987Br45_f4gRjwrvnFN8t7k,OK,98441,471570102202003
1810.574,35.2227028,-89.97692290000001,ChIJ987Br45_f4gRMoYIhCny13Q,OK,134573,471570102202003
845.261,35.222344,-89.97682999999999,ChIJ987Br45_f4gRjwrvnFN8t7k,OK,74030,471570102201003
845.261,35.222344,-89.97682999999999,ChIJ987Br45_f4gRjwrvnFN8t7k,OK,74030,471570102201003
1246.127,35.2227028,-89.97692290000001,ChIJ987Br45_f4gRMoYIhCny13Q,OK,110162,471570102201003
2150.503,35.222344,-89.97682999999999,ChIJ987Br45_f4gRjwrvnFN8t7k,OK,179876,471570102206008
2150.503,35.222344,-89.97682999999999,ChIJ987Br45_f4gRjwrvnFN8t7k,OK,179876,471570102206008
2551.369,35.2227028,-89.97692290000001,ChIJ987Br45_f4gRMoYIhCny13Q,OK,216008,471570102206008
671.866,35.222344,-89.97682999999999,ChIJ987Br45_f4gRjwrvnFN8t7k,OK,53224,471570102201002
671.866,35.222344,-89.97682999999999,ChIJ987Br45_f4gRjwrvnFN8t7k,OK,53224,471570102201002
1072.733,35.2227028,-89.97692290000001,ChIJ987Br45_f4gRMoYIhCny13Q,OK,89356,471570102201002
3774.224,35.222344,-89.97682999999999,ChIJ987Br45_f4gRjwrvnFN8t7k,OK,260746,471570102206000
3774.224,35.222344,-89.97682999999999,ChIJ987Br45_f4gRjwrvnFN8t7k,OK,260746,471570102206000
4175.091,35.2227028,-89.97692290000001,ChIJ987Br45_f4gRMoYIhCny13Q,OK,296878,471570102206000
2078.82,35.222344,-89.97682999999999,ChIJ987Br45_f4gRjwrvnFN8t7k,OK,140808,471570102205000
2078.82,35.222344,-89.97682999999999,ChIJ987Br45_f4gRjwrvnFN8t7k,OK,140808,471570102205000
2332.236,35.217526,-89.98935,ChIJKdhOoPd_f4gRbD5w-Ol3ovU,OK,174325,471570102205000
1883.906,35.222344,-89.97682999999999,ChIJ987Br45_f4gRjwrvnFN8t7k,OK,136064,471570205111005
1883.906,35.222344,-89.97682999999999,ChIJ987Br45_f4gRjwrvnFN8t7k,OK,136064,471570205111005
2284.773,35.2227028,-89.97692290000001,ChIJ987Br45_f4gRMoYIhCny13Q,OK,172196,471570205111005
1937.379,35.222344,-89.97682999999999,ChIJ987Br45_f4gRjwrvnFN8t7k,OK,131223,471570102206009
1937.379,35.222344,-89.97682999999999,ChIJ987Br45_f4gRjwrvnFN8t7k,OK,131223,471570102206009
2338.245,35.2227028,-89.97692290000001,ChIJ987Br45_f4gRMoYIhCny13Q,OK,167355,471570102206009
2287.612,35.222344,-89.97682999999999,ChIJ987Br45_f4gRjwrvnFN8t7k,OK,149783,471570102205010
2287.612,35.222344,-89.97682999999999,ChIJ987Br45_f4gRjwrvnFN8t7k,OK,149783,471570102205010
2688.479,35.2227028,-89.97692290000001,ChIJ987Br45_f4gRMoYIhCny13Q,OK,185915,471570102205010
1811.048,35.222344,-89.97682999999999,ChIJ987Br45_f4gRjwrvnFN8t7k,OK,146601,471570102202010
1721.322,35.217526,-89.98935,ChIJKdhOoPd_f4gRbD5w-Ol3ovU,OK,158235,471570102202010
1721.322,35.217526,-89.98935,ChIJKdhOoPd_f4gRbD5w-Ol3ovU,OK,158235,471570102202010
2390.211,35.222344,-89.97682999999999,ChIJ987Br45_f4gRjwrvnFN8t7k,OK,162095,471570102205008
3199.775,35.217526,-89.98935,ChIJKdhOoPd_f4gRbD5w-Ol3ovU,OK,235654,471570102205008
3199.775,35.217526,-89.98935,ChIJKdhOoPd_f4gRbD5w-Ol3ovU,OK,235654,471570102205008
2762.473,35.222344,-89.97682999999999,ChIJ987Br45_f4gRjwrvnFN8t7k,OK,165739,471570102206022
2762.473,35.222344,-89.97682999999999,ChIJ987Br45_f4gRjwrvnFN8t7k,OK,165739,471570102206022
3163.34,35.2227028,-89.97692290000001,ChIJ987Br45_f4gRMoYIhCny13Q,OK,201871,471570102206022
3348.144,35.217526,-89.98935,ChIJKdhOoPd_f4gRbD5w-Ol3ovU,OK,238056,471570102205006
3348.144,35.217526,-89.98935,ChIJKdhOoPd_f4gRbD5w-Ol3ovU,OK,238056,471570102205006
3384.489,35.2178517,-89.9902989,ChIJT7y6Nvh_f4gR6Khps0fYRPg,OK,242417,471570102205006
2430.609,35.17410499999999,-89.97575479999999,ChIJmfYTGFmAf4gRHGKCaD0qCtI,OK,145825,471570102206027
2430.609,35.17410499999999,-89.97575479999999,ChIJmfYTGFmAf4gRHGKCaD0qCtI,OK,145825,471570102206027
3669.033,35.1738374,-89.98954379999999,ChIJ_S0BIGOAf4gRU3Ph4W65cOQ,OK,220121,471570102206027
2951.049,35.222344,-89.97682999999999,ChIJ987Br45_f4gRjwrvnFN8t7k,OK,209189,471570102206010
2951.049,35.222344,-89.97682999999999,ChIJ987Br45_f4gRjwrvnFN8t7k,OK,209189,471570102206010
3351.915,35.2227028,-89.97692290000001,ChIJ987Br45_f4gRMoYIhCny13Q,OK,245321,471570102206010
3145.826,35.222344,-89.97682999999999,ChIJ987Br45_f4gRjwrvnFN8t7k,OK,232562,471570102206014
3145.826,35.222344,-89.97682999999999,ChIJ987Br45_f4gRjwrvnFN8t7k,OK,232562,471570102206014
3546.692,35.2227028,-89.97692290000001,ChIJ987Br45_f4gRMoYIhCny13Q,OK,268694,471570102206014
1429.264,35.09464699999999,-89.9708677,ChIJx5uAuBqHf4gRze5MKc5WJFI,OK,93538,471570068001004
1429.264,35.09464699999999,-89.9708677,ChIJx5uAuBqHf4gRze5MKc5WJFI,OK,93538,471570068001004
1651.903,35.107529,-89.9862127,ChIJ0WGfSUKHf4gRjDLrfGQwCV4,OK,122243,471570068001004
426.777,35.09464699999999,-89.9708677,ChIJx5uAuBqHf4gRze5MKc5WJFI,OK,24721,471570068003009
426.777,35.09464699999999,-89.9708677,ChIJx5uAuBqHf4gRze5MKc5WJFI,OK,24721,471570068003009
990.099,35.0904795,-89.96597299999999,ChIJHfaNmAOHf4gR1d8V2K9rfSU,OK,54833,471570068003009
1997.426,35.09464699999999,-89.9708677,ChIJx5uAuBqHf4gRze5MKc5WJFI,OK,124064,471570067004003
1985.817,35.12545849999999,-89.97454169999999,ChIJoyT3HjOHf4gRS6EdHckmff8,OK,133529,471570067004003
1985.817,35.12545849999999,-89.97454169999999,ChIJoyT3HjOHf4gRS6EdHckmff8,OK,133529,471570067004003
2014.939,35.09464699999999,-89.9708677,ChIJx5uAuBqHf4gRze5MKc5WJFI,OK,135703,471570067004010
2014.939,35.09464699999999,-89.9708677,ChIJx5uAuBqHf4gRze5MKc5WJFI,OK,135703,471570067004010
2494.871,35.104197,-89.98335349999999,ChIJNST6hGqHf4gR0Mml4gyjQWk,OK,160876,471570067004010
4416.911,35.0614623,-89.8536277,ChIJ4TWJkTWFf4gRbkNZYfkF9Jw,OK,287776,471570213202023
4416.911,35.0614623,-89.8536277,ChIJ4TWJkTWFf4gRbkNZYfkF9Jw,OK,287776,471570213202023
4501.682,35.0512763,-89.8427476,ChIJ7VPJ3q-af4gRdxERIyaZ0gk,OK,293964,471570213202023
5880.756,35.0614623,-89.8536277,ChIJ4TWJkTWFf4gRbkNZYfkF9Jw,OK,377841,471570213202010
5880.756,35.0614623,-89.8536277,ChIJ4TWJkTWFf4gRbkNZYfkF9Jw,OK,377841,471570213202010
5965.528,35.0512763,-89.8427476,ChIJ7VPJ3q-af4gRdxERIyaZ0gk,OK,384029,471570213202010
4938.847,35.0614623,-89.8536277,ChIJ4TWJkTWFf4gRbkNZYfkF9Jw,OK,335269,471570213201010
4938.847,35.0614623,-89.8536277,ChIJ4TWJkTWFf4gRbkNZYfkF9Jw,OK,335269,471570213201010
5023.619,35.0512763,-89.8427476,ChIJ7VPJ3q-af4gRdxERIyaZ0gk,OK,341457,471570213201010
4499.9,35.0614623,-89.8536277,ChIJ4TWJkTWFf4gRbkNZYfkF9Jw,OK,312633,471570213201030
4499.9,35.0614623,-89.8536277,ChIJ4TWJkTWFf4gRbkNZYfkF9Jw,OK,312633,471570213201030
4584.671,35.0512763,-89.8427476,ChIJ7VPJ3q-af4gRdxERIyaZ0gk,OK,318821,471570213201030
4419.116,35.0614623,-89.8536277,ChIJ4TWJkTWFf4gRbkNZYfkF9Jw,OK,288646,471570214302016
4419.116,35.0614623,-89.8536277,ChIJ4TWJkTWFf4gRbkNZYfkF9Jw,OK,288646,471570214302016
4503.887,35.0512763,-89.8427476,ChIJ7VPJ3q-af4gRdxERIyaZ0gk,OK,294834,471570214302016
3489.051,35.1251709,-90.0481695,ChIJybIJtCd81YcR9Otxws-5qCM,OK,176709,471570117001081
3489.051,35.1251709,-90.0481695,ChIJybIJtCd81YcR9Otxws-5qCM,OK,176709,471570117001081
3490.865,35.125222,-90.048147,ChIJ9cKdtid81YcRKs9h6RjzQzw,OK,176810,471570117001081
2104.58,35.1157645,-90.022279,ChIJwZqBNMN91YcRRpdDvj5Pcr8,OK,117299,471570035003006
2104.58,35.1157645,-90.022279,ChIJwZqBNMN91YcRRpdDvj5Pcr8,OK,117299,471570035003006
2330.461,35.13763670000001,-90.00757159999999,ChIJl69WLQV-1YcRU3z7Tt2MyhY,OK,146737,471570035003006
397.343,35.13763670000001,-90.00757159999999,ChIJl69WLQV-1YcRU3z7Tt2MyhY,OK,47678,471570034001010
397.343,35.13763670000001,-90.00757159999999,ChIJl69WLQV-1YcRU3z7Tt2MyhY,OK,47678,471570034001010
599.605,35.139426,-90.00714049999999,ChIJC-6kIBt-1YcRA1cskDtjsVc,OK,71948,471570034001010
1482.04,35.1157645,-90.022279,ChIJwZqBNMN91YcRRpdDvj5Pcr8,OK,111794,471570062001010
1482.04,35.1157645,-90.022279,ChIJwZqBNMN91YcRRpdDvj5Pcr8,OK,111794,471570062001010
2203.16,35.1087458,-90.0211918,ChIJe6w2EsF91YcRquzVZc8M0-I,OK,153184,471570062001010
5793.553,35.098685,-90.05664899999999,ChIJ31qwBkJ81YcRk2V5pdmdhrM,OK,428212,471579802001029
5793.553,35.098685,-90.05664899999999,ChIJ31qwBkJ81YcRk2V5pdmdhrM,OK,428212,471579802001029
6182.545,35.095133,-90.05542799999999,ChIJATnUo0J81YcRpbAuNwXeqRw,OK,449756,471579802001029
3701.64,35.098685,-90.05664899999999,ChIJ31qwBkJ81YcRk2V5pdmdhrM,OK,199509,471570117001084
3701.64,35.098685,-90.05664899999999,ChIJ31qwBkJ81YcRk2V5pdmdhrM,OK,199509,471570117001084
4090.632,35.095133,-90.05542799999999,ChIJATnUo0J81YcRpbAuNwXeqRw,OK,221053,471570117001084
2908.255,35.098685,-90.05664899999999,ChIJ31qwBkJ81YcRk2V5pdmdhrM,OK,168470,471570053001008
2908.255,35.098685,-90.05664899999999,ChIJ31qwBkJ81YcRk2V5pdmdhrM,OK,168470,471570053001008
3297.248,35.095133,-90.05542799999999,ChIJATnUo0J81YcRpbAuNwXeqRw,OK,190014,471570053001008
2688.276,35.098685,-90.05664899999999,ChIJ31qwBkJ81YcRk2V5pdmdhrM,OK,176409,471570053001012
2688.276,35.098685,-90.05664899999999,ChIJ31qwBkJ81YcRk2V5pdmdhrM,OK,176409,471570053001012
3077.268,35.095133,-90.05542799999999,ChIJATnUo0J81YcRpbAuNwXeqRw,OK,197953,471570053001012
2720.527,35.095133,-90.05542799999999,ChIJATnUo0J81YcRpbAuNwXeqRw,OK,203268,471570053002004
2881.93,35.098685,-90.05664899999999,ChIJ31qwBkJ81YcRk2V5pdmdhrM,OK,212207,471570053002004
2881.93,35.098685,-90.05664899999999,ChIJ31qwBkJ81YcRk2V5pdmdhrM,OK,212207,471570053002004
2200.454,35.095133,-90.05542799999999,ChIJATnUo0J81YcRpbAuNwXeqRw,OK,190573,471570053002046
2361.857,35.098685,-90.05664899999999,ChIJ31qwBkJ81YcRk2V5pdmdhrM,OK,199512,471570053002046
2361.857,35.098685,-90.05664899999999,ChIJ31qwBkJ81YcRk2V5pdmdhrM,OK,199512,471570053002046
1172.459,35.1738374,-89.98954379999999,ChIJ_S0BIGOAf4gRU3Ph4W65cOQ,OK,79513,471570007002008
1172.459,35.1738374,-89.98954379999999,ChIJ_S0BIGOAf4gRU3Ph4W65cOQ,OK,79513,471570007002008
2519.068,35.17410499999999,-89.97575479999999,ChIJmfYTGFmAf4gRHGKCaD0qCtI,OK,160299,471570007002008
2599.639,35.1490317,-90.0140679,ChIJw3q9_xV-1YcRqrte6yBn1CI,OK,175967,471570007003005
2599.639,35.1490317,-90.0140679,ChIJw3q9_xV-1YcRqrte6yBn1CI,OK,175967,471570007003005
2594.527,35.1738374,-89.98954379999999,ChIJ_S0BIGOAf4gRU3Ph4W65cOQ,OK,178039,471570007003005
1985.573,35.1738374,-89.98954379999999,ChIJ_S0BIGOAf4gRU3Ph4W65cOQ,OK,118851,471570017001015
1985.573,35.1738374,-89.98954379999999,ChIJ_S0BIGOAf4gRU3Ph4W65cOQ,OK,118851,471570017001015
2468.302,35.1490317,-90.0140679,ChIJw3q9_xV-1YcRqrte6yBn1CI,OK,141576,471570017001015
1724.631,35.1490317,-90.0140679,ChIJw3q9_xV-1YcRqrte6yBn1CI,OK,124692,471570017001025
1293.688,35.1157645,-90.022279,ChIJwZqBNMN91YcRRpdDvj5Pcr8,OK,91413,471570059001003
1293.688,35.1157645,-90.022279,ChIJwZqBNMN91YcRRpdDvj5Pcr8,OK,91413,471570059001003
1681.12,35.1060329,-90.039159,ChIJ231bcjV81YcRQ1quDeYAd6M,OK,132714,471570059001003
805.918,35.1060329,-90.039159,ChIJ231bcjV81YcRQ1quDeYAd6M,OK,69089,471570057001006
805.918,35.1060329,-90.039159,ChIJ231bcjV81YcRQ1quDeYAd6M,OK,69089,471570057001006
1879.095,35.098685,-90.05664899999999,ChIJ31qwBkJ81YcRk2V5pdmdhrM,OK,119331,471570057001006
817.138,35.1060329,-90.039159,ChIJ231bcjV81YcRQ1quDeYAd6M,OK,65830,471570057001024
817.138,35.1060329,-90.039159,ChIJ231bcjV81YcRQ1quDeYAd6M,OK,65830,471570057001024
2066.906,35.098685,-90.05664899999999,ChIJ31qwBkJ81YcRk2V5pdmdhrM,OK,128215,471570057001024
781.96,35.1060329,-90.039159,ChIJ231bcjV81YcRQ1quDeYAd6M,OK,61608,471570057001005
781.96,35.1060329,-90.039159,ChIJ231bcjV81YcRQ1quDeYAd6M,OK,61608,471570057001005
2031.729,35.098685,-90.05664899999999,ChIJ31qwBkJ81YcRk2V5pdmdhrM,OK,123993,471570057001005
1001.892,35.1060329,-90.039159,ChIJ231bcjV81YcRQ1quDeYAd6M,OK,84974,471570057001025
1001.892,35.1060329,-90.039159,ChIJ231bcjV81YcRQ1quDeYAd6M,OK,84974,471570057001025
2259.843,35.098685,-90.05664899999999,ChIJ31qwBkJ81YcRk2V5pdmdhrM,OK,151366,471570057001025
1223.135,35.1060329,-90.039159,ChIJ231bcjV81YcRQ1quDeYAd6M,OK,100741,471570057001042
1223.135,35.1060329,-90.039159,ChIJ231bcjV81YcRQ1quDeYAd6M,OK,100741,471570057001042
1871.251,35.095133,-90.05542799999999,ChIJATnUo0J81YcRpbAuNwXeqRw,OK,165878,471570057001042
1103.708,35.1060329,-90.039159,ChIJ231bcjV81YcRQ1quDeYAd6M,OK,80999,471570057001056
1103.708,35.1060329,-90.039159,ChIJ231bcjV81YcRQ1quDeYAd6M,OK,80999,471570057001056
2615.589,35.098685,-90.05664899999999,ChIJ31qwBkJ81YcRk2V5pdmdhrM,OK,159108,471570057001056
656.459,35.1060329,-90.039159,ChIJ231bcjV81YcRQ1quDeYAd6M,OK,48797,471570057001004
656.459,35.1060329,-90.039159,ChIJ231bcjV81YcRQ1quDeYAd6M,OK,48797,471570057001004
2168.34,35.098685,-90.05664899999999,ChIJ31qwBkJ81YcRk2V5pdmdhrM,OK,126906,471570057001004
877.575,35.1060329,-90.039159,ChIJ231bcjV81YcRQ1quDeYAd6M,OK,64717,471570057001046
877.575,35.1060329,-90.039159,ChIJ231bcjV81YcRQ1quDeYAd6M,OK,64717,471570057001046
2389.456,35.098685,-90.05664899999999,ChIJ31qwBkJ81YcRk2V5pdmdhrM,OK,142826,471570057001046
605.474,35.1060329,-90.039159,ChIJ231bcjV81YcRQ1quDeYAd6M,OK,51211,471570057001003
605.474,35.1060329,-90.039159,ChIJ231bcjV81YcRQ1quDeYAd6M,OK,51211,471570057001003
2214.545,35.098685,-90.05664899999999,ChIJ31qwBkJ81YcRk2V5pdmdhrM,OK,135150,471570057001003
613.502,35.1060329,-90.039159,ChIJ231bcjV81YcRQ1quDeYAd6M,OK,73614,471570057001048
613.502,35.1060329,-90.039159,ChIJ231bcjV81YcRQ1quDeYAd6M,OK,73614,471570057001048
2511.832,35.098685,-90.05664899999999,ChIJ31qwBkJ81YcRk2V5pdmdhrM,OK,162849,471570057001048
1432.689,35.1060329,-90.039159,ChIJ231bcjV81YcRQ1quDeYAd6M,OK,104685,471570056001015
1432.689,35.1060329,-90.039159,ChIJ231bcjV81YcRQ1quDeYAd6M,OK,104685,471570056001015
1590.393,35.095133,-90.05542799999999,ChIJATnUo0J81YcRpbAuNwXeqRw,OK,158281,471570056001015
1154.839,35.095133,-90.05542799999999,ChIJATnUo0J81YcRpbAuNwXeqRw,OK,113468,471570056001023
1154.839,35.095133,-90.05542799999999,ChIJATnUo0J81YcRpbAuNwXeqRw,OK,113468,471570056001023
1316.242,35.098685,-90.05664899999999,ChIJ31qwBkJ81YcRk2V5pdmdhrM,OK,122407,471570056001023
1103.415,35.095133,-90.05542799999999,ChIJATnUo0J81YcRpbAuNwXeqRw,OK,107298,471570056001021
1103.415,35.095133,-90.05542799999999,ChIJATnUo0J81YcRpbAuNwXeqRw,OK,107298,471570056001021
1264.819,35.098685,-90.05664899999999,ChIJ31qwBkJ81YcRk2V5pdmdhrM,OK,116237,471570056001021
1732.827,35.1060329,-90.039159,ChIJ231bcjV81YcRQ1quDeYAd6M,OK,126294,471570056001001
1732.827,35.1060329,-90.039159,ChIJ231bcjV81YcRQ1quDeYAd6M,OK,126294,471570056001001
1468.463,35.095133,-90.05542799999999,ChIJATnUo0J81YcRpbAuNwXeqRw,OK,138164,471570056001001
1889.383,35.1060329,-90.039159,ChIJ231bcjV81YcRQ1quDeYAd6M,OK,152035,471570056001000
1889.383,35.1060329,-90.039159,ChIJ231bcjV81YcRQ1quDeYAd6M,OK,152035,471570056001000
1736.608,35.095133,-90.05542799999999,ChIJATnUo0J81YcRpbAuNwXeqRw,OK,183277,471570056001000
1525.019,35.1060329,-90.039159,ChIJ231bcjV81YcRQ1quDeYAd6M,OK,122805,471570056001002
1525.019,35.1060329,-90.039159,ChIJ231bcjV81YcRQ1quDeYAd6M,OK,122805,471570056001002
1688.727,35.095133,-90.05542799999999,ChIJATnUo0J81YcRpbAuNwXeqRw,OK,177532,471570056001002
1835.611,35.1060329,-90.039159,ChIJ231bcjV81YcRQ1quDeYAd6M,OK,145583,471570056001003
1835.611,35.1060329,-90.039159,ChIJ231bcjV81YcRQ1quDeYAd6M,OK,145583,471570056001003
1635.455,35.095133,-90.05542799999999,ChIJATnUo0J81YcRpbAuNwXeqRw,OK,166397,471570056001003
2814.059,35.093591,-90.056624,ChIJgyVl92d81YcRhuRHHckl8Y4,OK,173083,471570075002011
2993.896,35.095133,-90.05542799999999,ChIJATnUo0J81YcRpbAuNwXeqRw,OK,183043,471570075002011
2993.896,35.095133,-90.05542799999999,ChIJATnUo0J81YcRpbAuNwXeqRw,OK,183043,471570075002011
499.2,35.1060329,-90.039159,ChIJ231bcjV81YcRQ1quDeYAd6M,OK,59899,471570057001050
499.2,35.1060329,-90.039159,ChIJ231bcjV81YcRQ1quDeYAd6M,OK,59899,471570057001050
2615.317,35.098685,-90.05664899999999,ChIJ31qwBkJ81YcRk2V5pdmdhrM,OK,172525,471570057001050
276.021,35.1060329,-90.039159,ChIJ231bcjV81YcRQ1quDeYAd6M,OK,33120,471570057002023
276.021,35.1060329,-90.039159,ChIJ231bcjV81YcRQ1quDeYAd6M,OK,33120,471570057002023
2529.432,35.098685,-90.05664899999999,ChIJ31qwBkJ81YcRk2V5pdmdhrM,OK,158726,471570057002023
953.395,35.1060329,-90.039159,ChIJ231bcjV81YcRQ1quDeYAd6M,OK,70562,471570059001009
953.395,35.1060329,-90.039159,ChIJ231bcjV81YcRQ1quDeYAd6M,OK,70562,471570059001009
1659.778,35.1087458,-90.0211918,ChIJe6w2EsF91YcRquzVZc8M0-I,OK,102737,471570059001009
313.822,35.1060329,-90.039159,ChIJ231bcjV81YcRQ1quDeYAd6M,OK,26837,471570059002029
313.822,35.1060329,-90.039159,ChIJ231bcjV81YcRQ1quDeYAd6M,OK,26837,471570059002029
852.796,35.10874099999999,-90.021185,ChIJrVbiDcF91YcRG9TBOTpHc3I,OK,48633,471570115004005
3316.001,35.1145886,-89.90089789999999,ChIJKWmlFW6Ef4gR0YNISWQMkss,OK,246274,471570096001041
3316.001,35.1145886,-89.90089789999999,ChIJKWmlFW6Ef4gR0YNISWQMkss,OK,246274,471570096001041
3286.035,35.1153996,-89.89414069999999,ChIJCb4NOWWEf4gR79YlPQoocW4,OK,251647,471570096001041
7385.997,35.0614623,-89.8536277,ChIJ4TWJkTWFf4gRbkNZYfkF9Jw,OK,477861,471570213113005
7276.345,35.1153996,-89.89414069999999,ChIJCb4NOWWEf4gR79YlPQoocW4,OK,493392,471570213113005
7276.345,35.1153996,-89.89414069999999,ChIJCb4NOWWEf4gR79YlPQoocW4,OK,493392,471570213113005
3211.956,35.1145886,-89.90089789999999,ChIJKWmlFW6Ef4gR0YNISWQMkss,OK,227546,471570096001039
3211.956,35.1145886,-89.90089789999999,ChIJKWmlFW6Ef4gR0YNISWQMkss,OK,227546,471570096001039
3181.99,35.1153996,-89.89414069999999,ChIJCb4NOWWEf4gR79YlPQoocW4,OK,232919,471570096001039
7639.276,35.0614623,-89.8536277,ChIJ4TWJkTWFf4gRbkNZYfkF9Jw,OK,508254,471570213113006
7639.276,35.0614623,-89.8536277,ChIJ4TWJkTWFf4gRbkNZYfkF9Jw,OK,508254,471570213113006
7529.623,35.1153996,-89.89414069999999,ChIJCb4NOWWEf4gR79YlPQoocW4,OK,523785,471570213113006
1535.187,35.1087458,-90.0211918,ChIJe6w2EsF91YcRquzVZc8M0-I,OK,115626,471570062002005
1535.187,35.1087458,-90.0211918,ChIJe6w2EsF91YcRquzVZc8M0-I,OK,115626,471570062002005
1535.828,35.10874099999999,-90.021185,ChIJrVbiDcF91YcRG9TBOTpHc3I,OK,115703,471570062002005
648.737,35.1145886,-89.90089789999999,ChIJKWmlFW6Ef4gR0YNISWQMkss,OK,70484,471570093001004
648.737,35.1145886,-89.90089789999999,ChIJKWmlFW6Ef4gR0YNISWQMkss,OK,70484,471570093001004
1466.505,35.1153996,-89.89414069999999,ChIJCb4NOWWEf4gR79YlPQoocW4,OK,126717,471570093001004
3144.11,35.1145886,-89.90089789999999,ChIJKWmlFW6Ef4gR0YNISWQMkss,OK,215335,471570096001016
3144.11,35.1145886,-89.90089789999999,ChIJKWmlFW6Ef4gR0YNISWQMkss,OK,215335,471570096001016
3114.144,35.1153996,-89.89414069999999,ChIJCb4NOWWEf4gR79YlPQoocW4,OK,220708,471570096001016
1538.308,35.1087458,-90.0211918,ChIJe6w2EsF91YcRquzVZc8M0-I,OK,85571,471570115004006
1538.308,35.1087458,-90.0211918,ChIJe6w2EsF91YcRquzVZc8M0-I,OK,85571,471570115004006
1538.95,35.10874099999999,-90.021185,ChIJrVbiDcF91YcRG9TBOTpHc3I,OK,85648,471570115004006
3366.168,35.1145886,-89.90089789999999,ChIJKWmlFW6Ef4gR0YNISWQMkss,OK,304490,471570096001043
3366.168,35.1145886,-89.90089789999999,ChIJKWmlFW6Ef4gR0YNISWQMkss,OK,304490,471570096001043
3336.202,35.1153996,-89.89414069999999,ChIJCb4NOWWEf4gR79YlPQoocW4,OK,309863,471570096001043
1169.692,35.1087458,-90.0211918,ChIJe6w2EsF91YcRquzVZc8M0-I,OK,79161,471570059001011
1391.55,35.1157645,-90.022279,ChIJwZqBNMN91YcRRpdDvj5Pcr8,OK,94905,471570059001011
1391.55,35.1157645,-90.022279,ChIJwZqBNMN91YcRRpdDvj5Pcr8,OK,94905,471570059001011
1012.046,35.1087458,-90.0211918,ChIJe6w2EsF91YcRquzVZc8M0-I,OK,57131,471570115004008
1012.046,35.1087458,-90.0211918,ChIJe6w2EsF91YcRquzVZc8M0-I,OK,57131,471570115004008
1012.687,35.10874099999999,-90.021185,ChIJrVbiDcF91YcRG9TBOTpHc3I,OK,57208,471570115004008
882.51,35.1087458,-90.0211918,ChIJe6w2EsF91YcRquzVZc8M0-I,OK,50469,471570115004026
882.51,35.1087458,-90.0211918,ChIJe6w2EsF91YcRquzVZc8M0-I,OK,50469,471570115004026
883.151,35.10874099999999,-90.021185,ChIJrVbiDcF91YcRG9TBOTpHc3I,OK,50546,471570115004026
1471.212,35.1087458,-90.0211918,ChIJe6w2EsF91YcRquzVZc8M0-I,OK,82121,471570115004011
1471.212,35.1087458,-90.0211918,ChIJe6w2EsF91YcRquzVZc8M0-I,OK,82121,471570115004011
1471.853,35.10874099999999,-90.021185,ChIJrVbiDcF91YcRG9TBOTpHc3I,OK,82198,471570115004011
799.181,35.1087458,-90.0211918,ChIJe6w2EsF91YcRquzVZc8M0-I,OK,48520,471570115004004
799.181,35.1087458,-90.0211918,ChIJe6w2EsF91YcRquzVZc8M0-I,OK,48520,471570115004004
799.823,35.10874099999999,-90.021185,ChIJrVbiDcF91YcRG9TBOTpHc3I,OK,48597,471570115004004
717.31,35.1087458,-90.0211918,ChIJe6w2EsF91YcRquzVZc8M0-I,OK,48185,471570115004003
717.31,35.1087458,-90.0211918,ChIJe6w2EsF91YcRquzVZc8M0-I,OK,48185,471570115004003
717.951,35.10874099999999,-90.021185,ChIJrVbiDcF91YcRG9TBOTpHc3I,OK,48262,471570115004003
395.999,35.1087458,-90.0211918,ChIJe6w2EsF91YcRquzVZc8M0-I,OK,29647,471570115004014
395.999,35.1087458,-90.0211918,ChIJe6w2EsF91YcRquzVZc8M0-I,OK,29647,471570115004014
396.64,35.10874099999999,-90.021185,ChIJrVbiDcF91YcRG9TBOTpHc3I,OK,29724,471570115004014
343.678,35.1087458,-90.0211918,ChIJe6w2EsF91YcRquzVZc8M0-I,OK,28211,471570115004000
343.678,35.1087458,-90.0211918,ChIJe6w2EsF91YcRquzVZc8M0-I,OK,28211,471570115004000
344.32,35.10874099999999,-90.021185,ChIJrVbiDcF91YcRG9TBOTpHc3I,OK,28288,471570115004000
3173.357,35.1145886,-89.90089789999999,ChIJKWmlFW6Ef4gR0YNISWQMkss,OK,220599,471570096001027
3173.357,35.1145886,-89.90089789999999,ChIJKWmlFW6Ef4gR0YNISWQMkss,OK,220599,471570096001027
3143.39,35.1153996,-89.89414069999999,ChIJCb4NOWWEf4gR79YlPQoocW4,OK,225972,471570096001027
653.357,35.1087458,-90.0211918,ChIJe6w2EsF91YcRquzVZc8M0-I,OK,43960,471570115001015
653.357,35.1087458,-90.0211918,ChIJe6w2EsF91YcRquzVZc8M0-I,OK,43960,471570115001015
653.999,35.10874099999999,-90.021185,ChIJrVbiDcF91YcRG9TBOTpHc3I,OK,44037,471570115001015
580.9,35.1087458,-90.0211918,ChIJe6w2EsF91YcRquzVZc8M0-I,OK,38649,471570115001021
580.9,35.1087458,-90.0211918,ChIJe6w2EsF91YcRquzVZc8M0-I,OK,38649,471570115001021
581.541,35.10874099999999,-90.021185,ChIJrVbiDcF91YcRG9TBOTpHc3I,OK,38726,471570115001021
1197.738,35.2044739,-89.76342459999999,ChIJ3XsJxyKef4gRTeWb3lonWsU,OK,66330,471570211132001
1187.896,35.2074362,-89.7805166,ChIJ62ATRfudf4gRPIrPAXGVsiQ,OK,103577,471570211132001
1187.896,35.2074362,-89.7805166,ChIJ62ATRfudf4gRPIrPAXGVsiQ,OK,103577,471570211132001
649.747,35.2072684,-89.7827147,ChIJKdJ2xvqdf4gRKLRUePlbOOs,OK,77732,471570211132002
649.747,35.2072684,-89.7827147,ChIJKdJ2xvqdf4gRKLRUePlbOOs,OK,77732,471570211132002
693.303,35.2074362,-89.7805166,ChIJ62ATRfudf4gRPIrPAXGVsiQ,OK,85571,471570211132002
1296.135,35.2044739,-89.76342459999999,ChIJ3XsJxyKef4gRTeWb3lonWsU,OK,68819,471570211421008
1296.135,35.2044739,-89.76342459999999,ChIJ3XsJxyKef4gRTeWb3lonWsU,OK,68819,471570211421008
1312.423,35.2074362,-89.7805166,ChIJ62ATRfudf4gRPIrPAXGVsiQ,OK,107741,471570211421008
834.454,35.2045576,-89.81176689999999,ChIJ8ROix4Kdf4gR4Su-1OwAUMo,OK,75400,471570211131007
834.454,35.2045576,-89.81176689999999,ChIJ8ROix4Kdf4gR4Su-1OwAUMo,OK,75400,471570211131007
1890.963,35.2051043,-89.79754849999999,ChIJpRDMlY2df4gRQqHmUo_lzmc,OK,132819,471570211131007
1631.668,35.2045576,-89.81176689999999,ChIJ8ROix4Kdf4gR4Su-1OwAUMo,OK,92612,471570211121000
1631.668,35.2045576,-89.81176689999999,ChIJ8ROix4Kdf4gR4Su-1OwAUMo,OK,92612,471570211121000
2688.176,35.2051043,-89.79754849999999,ChIJpRDMlY2df4gRQqHmUo_lzmc,OK,150031,471570211121000
1839.458,35.2045576,-89.81176689999999,ChIJ8ROix4Kdf4gR4Su-1OwAUMo,OK,104152,471570211123000
1839.458,35.2045576,-89.81176689999999,ChIJ8ROix4Kdf4gR4Su-1OwAUMo,OK,104152,471570211123000
2891.452,35.19067459999999,-89.8489943,ChIJ364PGjWdf4gRKbsrGLq8_XQ,OK,160138,471570211123000
609.119,35.2044739,-89.76342459999999,ChIJ3XsJxyKef4gRTeWb3lonWsU,OK,44620,471570211414005
609.119,35.2044739,-89.76342459999999,ChIJ3XsJxyKef4gRTeWb3lonWsU,OK,44620,471570211414005
2233.266,35.2064292,-89.73436359999999,ChIJP6qgZdGff4gRQoIww3TX5kM,OK,122785,471570211414005
693.456,35.2051043,-89.79754849999999,ChIJpRDMlY2df4gRQqHmUo_lzmc,OK,62251,471570211132023
693.456,35.2051043,-89.79754849999999,ChIJpRDMlY2df4gRQqHmUo_lzmc,OK,62251,471570211132023
985.454,35.2071893,-89.79833029999999,ChIJQ0zWJIydf4gRstwjg5hObuM,OK,122764,471570211132023
4599.012,35.2072684,-89.7827147,ChIJKdJ2xvqdf4gRKLRUePlbOOs,OK,261701,471570211421005
5938.655,35.2044739,-89.76342459999999,ChIJ3XsJxyKef4gRTeWb3lonWsU,OK,268800,471570211421005
5938.655,35.2044739,-89.76342459999999,ChIJ3XsJxyKef4gRTeWb3lonWsU,OK,268800,471570211421005
1277.281,35.2051043,-89.79754849999999,ChIJpRDMlY2df4gRQqHmUo_lzmc,OK,113457,471570211132024
1277.281,35.2051043,-89.79754849999999,ChIJpRDMlY2df4gRQqHmUo_lzmc,OK,113457,471570211132024
1109.628,35.2072684,-89.7827147,ChIJKdJ2xvqdf4gRKLRUePlbOOs,OK,138216,471570211132024
1278.589,35.2045576,-89.81176689999999,ChIJ8ROix4Kdf4gR4Su-1OwAUMo,OK,71903,471570211122001
1278.589,35.2045576,-89.81176689999999,ChIJ8ROix4Kdf4gR4Su-1OwAUMo,OK,71903,471570211122001
2335.097,35.2051043,-89.79754849999999,ChIJpRDMlY2df4gRQqHmUo_lzmc,OK,129322,471570211122001
780.506,35.2051043,-89.79754849999999,ChIJpRDMlY2df4gRQqHmUo_lzmc,OK,45744,471570211132035
780.506,35.2051043,-89.79754849999999,ChIJpRDMlY2df4gRQqHmUo_lzmc,OK,45744,471570211132035
1245.476,35.2072684,-89.7827147,ChIJKdJ2xvqdf4gRKLRUePlbOOs,OK,103166,471570211132035
935.892,35.2023757,-89.9218691,ChIJvw7rwByCf4gRrAscHKjp1Iw,OK,81202,471570205421004
935.892,35.2023757,-89.9218691,ChIJvw7rwByCf4gRrAscHKjp1Iw,OK,81202,471570205421004
1101.973,35.210167,-89.919383,ChIJi0gqlgaCf4gRjUvfmHxGMyw,OK,109653,471570205421004
646.381,35.2072684,-89.7827147,ChIJKdJ2xvqdf4gRKLRUePlbOOs,OK,88871,471570211132026
646.381,35.2072684,-89.7827147,ChIJKdJ2xvqdf4gRKLRUePlbOOs,OK,88871,471570211132026
1518.482,35.2051043,-89.79754849999999,ChIJpRDMlY2df4gRQqHmUo_lzmc,OK,105277,471570211132026
4116.501,35.222344,-89.97682999999999,ChIJ987Br45_f4gRjwrvnFN8t7k,OK,248208,471570205112016
4116.501,35.222344,-89.97682999999999,ChIJ987Br45_f4gRjwrvnFN8t7k,OK,248208,471570205112016
4517.367,35.2227028,-89.97692290000001,ChIJ987Br45_f4gRMoYIhCny13Q,OK,284340,471570205112016
830.064,35.2072684,-89.7827147,ChIJKdJ2xvqdf4gRKLRUePlbOOs,OK,115412,471570211132027
830.064,35.2072684,-89.7827147,ChIJKdJ2xvqdf4gRKLRUePlbOOs,OK,115412,471570211132027
1702.165,35.2051043,-89.79754849999999,ChIJpRDMlY2df4gRQqHmUo_lzmc,OK,131818,471570211132027
1310.815,35.2051043,-89.79754849999999,ChIJpRDMlY2df4gRQqHmUo_lzmc,OK,111888,471570211131010
1310.815,35.2051043,-89.79754849999999,ChIJpRDMlY2df4gRQqHmUo_lzmc,OK,111888,471570211131010
1707.028,35.2045576,-89.81176689999999,ChIJ8ROix4Kdf4gR4Su-1OwAUMo,OK,133515,471570211131010
701.778,35.2044739,-89.76342459999999,ChIJ3XsJxyKef4gRTeWb3lonWsU,OK,55738,471570211414021
701.778,35.2044739,-89.76342459999999,ChIJ3XsJxyKef4gRTeWb3lonWsU,OK,55738,471570211414021
2225.152,35.2064292,-89.73436359999999,ChIJP6qgZdGff4gRQoIww3TX5kM,OK,121813,471570211414021
2771.04,35.21475480000001,-90.00354540000001,ChIJF6XvX_9_1YcRD4jlF4jzevw,OK,163445,471570101205020
2771.04,35.21475480000001,-90.00354540000001,ChIJF6XvX_9_1YcRD4jlF4jzevw,OK,163445,471570101205020
3169.529,35.218332,-90.00299799999999,ChIJfRCGEgGA1YcRsZsWP_dycDI,OK,187354,471570101205020
8965.625,35.2064292,-89.73436359999999,ChIJP6qgZdGff4gRQoIww3TX5kM,OK,445413,471570210101029
8965.625,35.2064292,-89.73436359999999,ChIJP6qgZdGff4gRQoIww3TX5kM,OK,445413,471570210101029
11627.529,35.2044739,-89.76342459999999,ChIJ3XsJxyKef4gRTeWb3lonWsU,OK,573591,471570210101029
698.333,35.2045576,-89.81176689999999,ChIJ8ROix4Kdf4gR4Su-1OwAUMo,OK,40828,471570211131008
698.333,35.2045576,-89.81176689999999,ChIJ8ROix4Kdf4gR4Su-1OwAUMo,OK,40828,471570211131008
1754.841,35.2051043,-89.79754849999999,ChIJpRDMlY2df4gRQqHmUo_lzmc,OK,98247,471570211131008
812.247,35.048632,-89.814048,ChIJqY7T64eaf4gRoqZRK7sz4Co,OK,55858,471570213421058
812.247,35.048632,-89.814048,ChIJqY7T64eaf4gRoqZRK7sz4Co,OK,55858,471570213421058
3354.619,35.1444038,-90.0168571,ChIJufYEjhR-1YcREff46W6Lons,OK,189875,471570113001082
3354.619,35.1444038,-90.0168571,ChIJufYEjhR-1YcREff46W6Lons,OK,189875,471570113001082
3806.763,35.1490317,-90.0140679,ChIJw3q9_xV-1YcRqrte6yBn1CI,OK,212981,471570113001082
1792.91,35.04577219999999,-89.82821469999999,ChIJL-jEaJmaf4gREtYdkYi2nAs,OK,106548,471570213341008
1792.91,35.04577219999999,-89.82821469999999,ChIJL-jEaJmaf4gREtYdkYi2nAs,OK,106548,471570213341008
1978.414,35.05113000000001,-89.815021,ChIJAdLMX4iaf4gRUenKpoiyrBc,OK,120940,471570213341008
2535.095,35.1087458,-90.0211918,ChIJe6w2EsF91YcRquzVZc8M0-I,OK,180682,471570078102055
2535.095,35.1087458,-90.0211918,ChIJe6w2EsF91YcRquzVZc8M0-I,OK,180682,471570078102055
2535.737,35.10874099999999,-90.021185,ChIJrVbiDcF91YcRG9TBOTpHc3I,OK,180759,471570078102055
910.247,35.14859919999999,-89.91828060000002,ChIJRflgf-eDf4gRHX_XNYKER-s,OK,71957,471570086001007
910.247,35.14859919999999,-89.91828060000002,ChIJRflgf-eDf4gRHX_XNYKER-s,OK,71957,471570086001007
2408.988,35.14981359999999,-89.94918609999999,ChIJVdGBGRaBf4gRsi89Rzqn8W4,OK,159676,471570086001007
1858.565,35.050596,-89.869556,ChIJQ4vLA2iFf4gRyyCo3ihKH44,OK,151307,471570217311003
1858.565,35.050596,-89.869556,ChIJQ4vLA2iFf4gRyyCo3ihKH44,OK,151307,471570217311003
1860.886,35.0505832,-89.86958199999999,ChIJAfPLA2iFf4gRetxnyV4zn3o,OK,151725,471570217311003
1729.009,35.0745932,-89.9204618,ChIJPX58KNGFf4gRLgBWAHPwusk,OK,104503,471570106101036
1729.009,35.0745932,-89.9204618,ChIJPX58KNGFf4gRLgBWAHPwusk,OK,104503,471570106101036
2042.878,35.062945,-89.90568519999999,ChIJjxj9mL-Ff4gRoOEx9OzDyxs,OK,116836,471570106101036
326.316,35.0854368,-89.89541919999999,ChIJf5cc-VKEf4gRF-lYLgijYQQ,OK,18392,471570097002017
326.316,35.0854368,-89.89541919999999,ChIJf5cc-VKEf4gRF-lYLgijYQQ,OK,18392,471570097002017
3631.327,35.063996,-89.90690699999999,ChIJn51vcb-Ff4gRvoXU4r8swrw,OK,206136,471570097002017
862.991,35.051879,-89.95322299999999,ChIJtbdkhjqGf4gRndtG1KtFnTA,OK,83659,471570110203003
862.991,35.051879,-89.95322299999999,ChIJtbdkhjqGf4gRndtG1KtFnTA,OK,83659,471570110203003
3251.29,35.06591589999999,-89.94154240000002,ChIJTUcfL2qGf4gRH4x-pmmajWw,OK,238016,471570110203003
5166.286,35.1439641,-90.0517892,ChIJL-0zBZR-1YcRj7p5p1WY4-g,OK,374660,471570001002015
5166.286,35.1439641,-90.0517892,ChIJL-0zBZR-1YcRj7p5p1WY4-g,OK,374660,471570001002015
5375.202,35.1450994,-90.0538646,ChIJne6_s5V-1YcRn_LPaqiwhrk,OK,380114,471570001002015
3742.989,35.2337782,-89.9252472,ChIJra3pLkt_f4gRjZbqnHrruIM,OK,234845,471570205213001
3742.989,35.2337782,-89.9252472,ChIJra3pLkt_f4gRjZbqnHrruIM,OK,234845,471570205213001
5255.112,35.222344,-89.97682999999999,ChIJ987Br45_f4gRjwrvnFN8t7k,OK,322630,471570205213001
3007.637,35.02100869999999,-89.8995317,ChIJ-f6gz22Pf4gR-rWEeLgd-68,OK,136838,471570226001196
3007.637,35.02100869999999,-89.8995317,ChIJ-f6gz22Pf4gR-rWEeLgd-68,OK,136838,471570226001196
3018.91,35.0209193,-89.8996561,ChIJxWQfy22Pf4gRlC1jxVU1A2g,OK,137463,471570226001196
1760.187,35.04677619999999,-89.8859339,ChIJycTJ_niFf4gR5esliSzp17E,OK,99540,471570226002029
1760.187,35.04677619999999,-89.8859339,ChIJycTJ_niFf4gR5esliSzp17E,OK,99540,471570226002029
2678.69,35.0508681,-89.88111619999999,ChIJ68PUi3CFf4gRLPYGzNKUdto,OK,154553,471570226002029
5344.794,35.1153996,-89.89414069999999,ChIJCb4NOWWEf4gR79YlPQoocW4,OK,370614,471570213111016
7900.923,35.16339899999999,-89.855841,ChIJA_xfkC6Df4gRAjVZwLz1jqA,OK,413409,471570213111016
7900.923,35.16339899999999,-89.855841,ChIJA_xfkC6Df4gRAjVZwLz1jqA,OK,413409,471570213111016
1881.012,35.0515544,-89.92255089999999,ChIJG_UFGuOFf4gRyHNDzwp5is0,OK,103758,471570226001104
1881.012,35.0515544,-89.92255089999999,ChIJG_UFGuOFf4gRyHNDzwp5is0,OK,103758,471570226001104
2427.094,35.0515568,-89.90630259999999,ChIJrU8jyZKFf4gRubg1AIyELWY,OK,142626,471570226001104
1888.078,35.02100869999999,-89.8995317,ChIJ-f6gz22Pf4gR-rWEeLgd-68,OK,88939,471570226001173
1888.078,35.02100869999999,-89.8995317,ChIJ-f6gz22Pf4gR-rWEeLgd-68,OK,88939,471570226001173
1899.351,35.0209193,-89.8996561,ChIJxWQfy22Pf4gRlC1jxVU1A2g,OK,89564,471570226001173
2061.946,35.05407199999999,-90.00125899999999,ChIJIzdhk1h91YcRZT7cBcBslaM,OK,110166,471579801001051
2061.946,35.05407199999999,-90.00125899999999,ChIJIzdhk1h91YcRZT7cBcBslaM,OK,110166,471579801001051
2465.345,35.0643218,-89.9923063,ChIJb3DQuo2Hf4gRC8UI6d4pa68,OK,152437,471579801001051
1581.369,35.0493493,-89.855357,ChIJH2Nw4lGFf4gRq0vxk4n5iAE,OK,158045,471570217263004
1581.369,35.0493493,-89.855357,ChIJH2Nw4lGFf4gRq0vxk4n5iAE,OK,158045,471570217263004
1842.898,35.0501932,-89.8529489,ChIJJ3DCd1KFf4gRBb2DFEnzV7w,OK,168056,471570217263004
564.799,35.2158947,-89.9151158,ChIJxetq6ad4f4gRD1K1cIBWUQ4,OK,60945,471570205413023
564.799,35.2158947,-89.9151158,ChIJxetq6ad4f4gRD1K1cIBWUQ4,OK,60945,471570205413023
877.902,35.210167,-89.919383,ChIJi0gqlgaCf4gRjUvfmHxGMyw,OK,83058,471570205413023
3087.303,35.098685,-90.05664899999999,ChIJ31qwBkJ81YcRk2V5pdmdhrM,OK,191231,471570053001015
3087.303,35.098685,-90.05664899999999,ChIJ31qwBkJ81YcRk2V5pdmdhrM,OK,191231,471570053001015
3476.296,35.095133,-90.05542799999999,ChIJATnUo0J81YcRpbAuNwXeqRw,OK,212775,471570053001015
3012.608,35.098685,-90.05664899999999,ChIJ31qwBkJ81YcRk2V5pdmdhrM,OK,186532,471570053001011
3012.608,35.098685,-90.05664899999999,ChIJ31qwBkJ81YcRk2V5pdmdhrM,OK,186532,471570053001011
3401.6,35.095133,-90.05542799999999,ChIJATnUo0J81YcRpbAuNwXeqRw,OK,208076,471570053001011
3172.912,35.098685,-90.05664899999999,ChIJ31qwBkJ81YcRk2V5pdmdhrM,OK,197372,471570053001016
3172.912,35.098685,-90.05664899999999,ChIJ31qwBkJ81YcRk2V5pdmdhrM,OK,197372,471570053001016
2826.648,35.095133,-90.05542799999999,ChIJATnUo0J81YcRpbAuNwXeqRw,OK,207474,471570053001016
2739.746,35.095133,-90.05542799999999,ChIJATnUo0J81YcRpbAuNwXeqRw,OK,201223,471570053001019
3260.025,35.098685,-90.05664899999999,ChIJ31qwBkJ81YcRk2V5pdmdhrM,OK,203649,471570053001019
3260.025,35.098685,-90.05664899999999,ChIJ31qwBkJ81YcRk2V5pdmdhrM,OK,203649,471570053001019
3184.888,35.098685,-90.05664899999999,ChIJ31qwBkJ81YcRk2V5pdmdhrM,OK,198809,471570053001017
3184.888,35.098685,-90.05664899999999,ChIJ31qwBkJ81YcRk2V5pdmdhrM,OK,198809,471570053001017
2630.102,35.095133,-90.05542799999999,ChIJATnUo0J81YcRpbAuNwXeqRw,OK,202724,471570053001017
2649.941,35.095133,-90.05542799999999,ChIJATnUo0J81YcRpbAuNwXeqRw,OK,190072,471570053001020
2811.345,35.098685,-90.05664899999999,ChIJ31qwBkJ81YcRk2V5pdmdhrM,OK,199011,471570053001020
2811.345,35.098685,-90.05664899999999,ChIJ31qwBkJ81YcRk2V5pdmdhrM,OK,199011,471570053001020
2539.849,35.095133,-90.05542799999999,ChIJATnUo0J81YcRpbAuNwXeqRw,OK,191894,471570053001018
2701.252,35.098685,-90.05664899999999,ChIJ31qwBkJ81YcRk2V5pdmdhrM,OK,200833,471570053001018
2701.252,35.098685,-90.05664899999999,ChIJ31qwBkJ81YcRk2V5pdmdhrM,OK,200833,471570053001018
2444.69,35.095133,-90.05542799999999,ChIJATnUo0J81YcRpbAuNwXeqRw,OK,175294,471570053001021
2606.093,35.098685,-90.05664899999999,ChIJ31qwBkJ81YcRk2V5pdmdhrM,OK,184233,471570053001021
2606.093,35.098685,-90.05664899999999,ChIJ31qwBkJ81YcRk2V5pdmdhrM,OK,184233,471570053001021
2808.79,35.095133,-90.05542799999999,ChIJATnUo0J81YcRpbAuNwXeqRw,OK,213858,471570053002006
2970.193,35.098685,-90.05664899999999,ChIJ31qwBkJ81YcRk2V5pdmdhrM,OK,222797,471570053002006
2970.193,35.098685,-90.05664899999999,ChIJ31qwBkJ81YcRk2V5pdmdhrM,OK,222797,471570053002006
2573.281,35.095133,-90.05542799999999,ChIJATnUo0J81YcRpbAuNwXeqRw,OK,191430,471570053002003
2734.685,35.098685,-90.05664899999999,ChIJ31qwBkJ81YcRk2V5pdmdhrM,OK,200369,471570053002003
2734.685,35.098685,-90.05664899999999,ChIJ31qwBkJ81YcRk2V5pdmdhrM,OK,200369,471570053002003
2991.547,35.095133,-90.05542799999999,ChIJATnUo0J81YcRpbAuNwXeqRw,OK,214666,471570053002018
3152.951,35.098685,-90.05664899999999,ChIJ31qwBkJ81YcRk2V5pdmdhrM,OK,223605,471570053002018
3152.951,35.098685,-90.05664899999999,ChIJ31qwBkJ81YcRk2V5pdmdhrM,OK,223605,471570053002018
2573.827,35.095133,-90.05542799999999,ChIJATnUo0J81YcRpbAuNwXeqRw,OK,191496,471570053002007
2735.23,35.098685,-90.05664899999999,ChIJ31qwBkJ81YcRk2V5pdmdhrM,OK,200435,471570053002007
2735.23,35.098685,-90.05664899999999,ChIJ31qwBkJ81YcRk2V5pdmdhrM,OK,200435,471570053002007
2541.86,35.095133,-90.05542799999999,ChIJATnUo0J81YcRpbAuNwXeqRw,OK,231540,471570053002019
2703.263,35.098685,-90.05664899999999,ChIJ31qwBkJ81YcRk2V5pdmdhrM,OK,240479,471570053002019
2703.263,35.098685,-90.05664899999999,ChIJ31qwBkJ81YcRk2V5pdmdhrM,OK,240479,471570053002019
3031.247,35.095133,-90.05542799999999,ChIJATnUo0J81YcRpbAuNwXeqRw,OK,223133,471570053002017
3192.65,35.098685,-90.05664899999999,ChIJ31qwBkJ81YcRk2V5pdmdhrM,OK,232072,471570053002017
3192.65,35.098685,-90.05664899999999,ChIJ31qwBkJ81YcRk2V5pdmdhrM,OK,232072,471570053002017
2498.738,35.095133,-90.05542799999999,ChIJATnUo0J81YcRpbAuNwXeqRw,OK,215919,471570053002043
2660.141,35.098685,-90.05664899999999,ChIJ31qwBkJ81YcRk2V5pdmdhrM,OK,224858,471570053002043
2660.141,35.098685,-90.05664899999999,ChIJ31qwBkJ81YcRk2V5pdmdhrM,OK,224858,471570053002043
1508.386,35.095133,-90.05542799999999,ChIJATnUo0J81YcRpbAuNwXeqRw,OK,112909,471570053003022
1669.79,35.098685,-90.05664899999999,ChIJ31qwBkJ81YcRk2V5pdmdhrM,OK,121848,471570053003022
1669.79,35.098685,-90.05664899999999,ChIJ31qwBkJ81YcRk2V5pdmdhrM,OK,121848,471570053003022
2340.82,35.095133,-90.05542799999999,ChIJATnUo0J81YcRpbAuNwXeqRw,OK,204549,471570053002044
2502.224,35.098685,-90.05664899999999,ChIJ31qwBkJ81YcRk2V5pdmdhrM,OK,213488,471570053002044
2502.224,35.098685,-90.05664899999999,ChIJ31qwBkJ81YcRk2V5pdmdhrM,OK,213488,471570053002044
2861.664,35.095133,-90.05542799999999,ChIJATnUo0J81YcRpbAuNwXeqRw,OK,220203,471570053002016
3023.067,35.098685,-90.05664899999999,ChIJ31qwBkJ81YcRk2V5pdmdhrM,OK,229142,471570053002016
3023.067,35.098685,-90.05664899999999,ChIJ31qwBkJ81YcRk2V5pdmdhrM,OK,229142,471570053002016
2785.518,35.095133,-90.05542799999999,ChIJATnUo0J81YcRpbAuNwXeqRw,OK,211066,471570053002015
2946.921,35.098685,-90.05664899999999,ChIJ31qwBkJ81YcRk2V5pdmdhrM,OK,220005,471570053002015
2946.921,35.098685,-90.05664899999999,ChIJ31qwBkJ81YcRk2V5pdmdhrM,OK,220005,471570053002015
2315.458,35.095133,-90.05542799999999,ChIJATnUo0J81YcRpbAuNwXeqRw,OK,204373,471570053002041
2476.862,35.098685,-90.05664899999999,ChIJ31qwBkJ81YcRk2V5pdmdhrM,OK,213312,471570053002041
2476.862,35.098685,-90.05664899999999,ChIJ31qwBkJ81YcRk2V5pdmdhrM,OK,213312,471570053002041
6036.296,35.14868459999999,-89.7948203,ChIJ4w9Lr2qcf4gRHdzl9FciAFM,OK,388415,471570211381029
5283.521,35.1546312,-89.79260459999999,ChIJ8UeuSEecf4gRniit7ubZLtM,OK,403716,471570211381030
5283.521,35.1546312,-89.79260459999999,ChIJ8UeuSEecf4gRniit7ubZLtM,OK,403716,471570211381030
6230.983,35.14868459999999,-89.7948203,ChIJ4w9Lr2qcf4gRHdzl9FciAFM,OK,457268,471570211381030
5512.476,35.14868459999999,-89.7948203,ChIJ4w9Lr2qcf4gRHdzl9FciAFM,OK,365916,471570211392009
5512.476,35.14868459999999,-89.7948203,ChIJ4w9Lr2qcf4gRHdzl9FciAFM,OK,365916,471570211392009
6278.638,35.1546312,-89.79260459999999,ChIJ8UeuSEecf4gRniit7ubZLtM,OK,386615,471570211392009
5486.057,35.14868459999999,-89.7948203,ChIJ4w9Lr2qcf4gRHdzl9FciAFM,OK,362746,471570211392008
5486.057,35.14868459999999,-89.7948203,ChIJ4w9Lr2qcf4gRHdzl9FciAFM,OK,362746,471570211392008
6252.219,35.1546312,-89.79260459999999,ChIJ8UeuSEecf4gRniit7ubZLtM,OK,383445,471570211392008
775.363,35.1546312,-89.79260459999999,ChIJ8UeuSEecf4gRniit7ubZLtM,OK,68331,471570211251006
775.363,35.1546312,-89.79260459999999,ChIJ8UeuSEecf4gRniit7ubZLtM,OK,68331,471570211251006
1155.251,35.14868459999999,-89.7948203,ChIJ4w9Lr2qcf4gRHdzl9FciAFM,OK,87831,471570211251006
2760.594,35.1546312,-89.79260459999999,ChIJ8UeuSEecf4gRniit7ubZLtM,OK,149915,471570211261023
2760.594,35.1546312,-89.79260459999999,ChIJ8UeuSEecf4gRniit7ubZLtM,OK,149915,471570211261023
3140.482,35.14868459999999,-89.7948203,ChIJ4w9Lr2qcf4gRHdzl9FciAFM,OK,169415,471570211261023
5485.079,35.14868459999999,-89.7948203,ChIJ4w9Lr2qcf4gRHdzl9FciAFM,OK,362628,471570211392010
5485.079,35.14868459999999,-89.7948203,ChIJ4w9Lr2qcf4gRHdzl9FciAFM,OK,362628,471570211392010
6251.241,35.1546312,-89.79260459999999,ChIJ8UeuSEecf4gRniit7ubZLtM,OK,383327,471570211392010
7192.57,35.14868459999999,-89.7948203,ChIJ4w9Lr2qcf4gRHdzl9FciAFM,OK,470633,471570211391022
7192.57,35.14868459999999,-89.7948203,ChIJ4w9Lr2qcf4gRHdzl9FciAFM,OK,470633,471570211391022
7958.732,35.1546312,-89.79260459999999,ChIJ8UeuSEecf4gRniit7ubZLtM,OK,491332,471570211391022
6433.322,35.14868459999999,-89.7948203,ChIJ4w9Lr2qcf4gRHdzl9FciAFM,OK,451770,471570211391016
6433.322,35.14868459999999,-89.7948203,ChIJ4w9Lr2qcf4gRHdzl9FciAFM,OK,451770,471570211391016
7199.484,35.1546312,-89.79260459999999,ChIJ8UeuSEecf4gRniit7ubZLtM,OK,472469,471570211391016
2676.542,35.14868459999999,-89.7948203,ChIJ4w9Lr2qcf4gRHdzl9FciAFM,OK,164952,471570211402015
2676.542,35.14868459999999,-89.7948203,ChIJ4w9Lr2qcf4gRHdzl9FciAFM,OK,164952,471570211402015
3442.704,35.1546312,-89.79260459999999,ChIJ8UeuSEecf4gRniit7ubZLtM,OK,185651,471570211402015
2480.603,35.14868459999999,-89.7948203,ChIJ4w9Lr2qcf4gRHdzl9FciAFM,OK,168778,471570211402007
2480.603,35.14868459999999,-89.7948203,ChIJ4w9Lr2qcf4gRHdzl9FciAFM,OK,168778,471570211402007
3246.765,35.1546312,-89.79260459999999,ChIJ8UeuSEecf4gRniit7ubZLtM,OK,189477,471570211402007
2495.718,35.14868459999999,-89.7948203,ChIJ4w9Lr2qcf4gRHdzl9FciAFM,OK,170592,471570211402010
2495.718,35.14868459999999,-89.7948203,ChIJ4w9Lr2qcf4gRHdzl9FciAFM,OK,170592,471570211402010
3261.88,35.1546312,-89.79260459999999,ChIJ8UeuSEecf4gRniit7ubZLtM,OK,191291,471570211402010
2713.523,35.14868459999999,-89.7948203,ChIJ4w9Lr2qcf4gRHdzl9FciAFM,OK,182835,471570211402012
2713.523,35.14868459999999,-89.7948203,ChIJ4w9Lr2qcf4gRHdzl9FciAFM,OK,182835,471570211402012
3479.685,35.1546312,-89.79260459999999,ChIJ8UeuSEecf4gRniit7ubZLtM,OK,203534,471570211402012
2835.336,35.14868459999999,-89.7948203,ChIJ4w9Lr2qcf4gRHdzl9FciAFM,OK,197452,471570211402005
2835.336,35.14868459999999,-89.7948203,ChIJ4w9Lr2qcf4gRHdzl9FciAFM,OK,197452,471570211402005
3601.499,35.1546312,-89.79260459999999,ChIJ8UeuSEecf4gRniit7ubZLtM,OK,218151,471570211402005
2635.109,35.14868459999999,-89.7948203,ChIJ4w9Lr2qcf4gRHdzl9FciAFM,OK,187316,471570211402009
2635.109,35.14868459999999,-89.7948203,ChIJ4w9Lr2qcf4gRHdzl9FciAFM,OK,187316,471570211402009
3401.271,35.1546312,-89.79260459999999,ChIJ8UeuSEecf4gRniit7ubZLtM,OK,208015,471570211402009
2883.339,35.14868459999999,-89.7948203,ChIJ4w9Lr2qcf4gRHdzl9FciAFM,OK,186105,471570211402008
2883.339,35.14868459999999,-89.7948203,ChIJ4w9Lr2qcf4gRHdzl9FciAFM,OK,186105,471570211402008
3649.501,35.1546312,-89.79260459999999,ChIJ8UeuSEecf4gRniit7ubZLtM,OK,206804,471570211402008
3143.293,35.14868459999999,-89.7948203,ChIJ4w9Lr2qcf4gRHdzl9FciAFM,OK,201574,471570211402000
3143.293,35.14868459999999,-89.7948203,ChIJ4w9Lr2qcf4gRHdzl9FciAFM,OK,201574,471570211402000
3909.456,35.1546312,-89.79260459999999,ChIJ8UeuSEecf4gRniit7ubZLtM,OK,222273,471570211402000
2868.019,35.14868459999999,-89.7948203,ChIJ4w9Lr2qcf4gRHdzl9FciAFM,OK,201374,471570211402003
2868.019,35.14868459999999,-89.7948203,ChIJ4w9Lr2qcf4gRHdzl9FciAFM,OK,201374,471570211402003
3634.181,35.1546312,-89.79260459999999,ChIJ8UeuSEecf4gRniit7ubZLtM,OK,222073,471570211402003
792.246,35.054745,-90.007971,ChIJXxyyQlt91YcRhldtWgjSnSE,OK,77132,471570220223014
792.246,35.054745,-90.007971,ChIJXxyyQlt91YcRhldtWgjSnSE,OK,77132,471570220223014
1224.095,35.05407199999999,-90.00125899999999,ChIJIzdhk1h91YcRZT7cBcBslaM,OK,93171,471570220223014
520.454,35.05407199999999,-90.00125899999999,ChIJIzdhk1h91YcRZT7cBcBslaM,OK,58749,471570220223016
520.454,35.05407199999999,-90.00125899999999,ChIJIzdhk1h91YcRZT7cBcBslaM,OK,58749,471570220223016
892.35,35.054745,-90.007971,ChIJXxyyQlt91YcRhldtWgjSnSE,OK,89145,471570220223016
1056.069,35.02753099999999,-90.082077,ChIJK66rdetk1YcRwwxI9gDREks,OK,118504,471570223303012
1056.069,35.02753099999999,-90.082077,ChIJK66rdetk1YcRwwxI9gDREks,OK,118504,471570223303012
1857.141,35.0326981,-90.07589809999999,ChIJ9S1ljalk1YcRvuG-_hbpimA,OK,162870,471570223303012
629.942,35.05407199999999,-90.00125899999999,ChIJIzdhk1h91YcRZT7cBcBslaM,OK,71888,471570220223021
629.942,35.05407199999999,-90.00125899999999,ChIJIzdhk1h91YcRZT7cBcBslaM,OK,71888,471570220223021
1040.985,35.054745,-90.007971,ChIJXxyyQlt91YcRhldtWgjSnSE,OK,106980,471570220223021
411.545,35.05407199999999,-90.00125899999999,ChIJIzdhk1h91YcRZT7cBcBslaM,OK,45681,471570220224002
411.545,35.05407199999999,-90.00125899999999,ChIJIzdhk1h91YcRZT7cBcBslaM,OK,45681,471570220224002
988.755,35.054745,-90.007971,ChIJXxyyQlt91YcRhldtWgjSnSE,OK,85526,471570220224002
1034.54,35.054745,-90.007971,ChIJXxyyQlt91YcRhldtWgjSnSE,OK,87912,471570220223023
1034.54,35.054745,-90.007971,ChIJXxyyQlt91YcRhldtWgjSnSE,OK,87912,471570220223023
822.096,35.05407199999999,-90.00125899999999,ChIJIzdhk1h91YcRZT7cBcBslaM,OK,94943,471570220223023
1132.505,35.05407199999999,-90.00125899999999,ChIJIzdhk1h91YcRZT7cBcBslaM,OK,132192,471570220224019
1132.505,35.05407199999999,-90.00125899999999,ChIJIzdhk1h91YcRZT7cBcBslaM,OK,132192,471570220224019
1471.811,35.054745,-90.007971,ChIJXxyyQlt91YcRhldtWgjSnSE,OK,133624,471570220224019
1705.935,35.02138900000001,-89.996898,ChIJz3MQkR6If4gRIBgmNH-BQcg,OK,102923,471570221123010
1705.935,35.02138900000001,-89.996898,ChIJz3MQkR6If4gRIBgmNH-BQcg,OK,102923,471570221123010
1903.063,35.021381,-90.020287,ChIJnVfwxMBi1YcR65EtGsZDcOY,OK,114583,471570221123010
821.965,35.0643218,-89.9923063,ChIJb3DQuo2Hf4gRC8UI6d4pa68,OK,65450,471570220221000
821.965,35.0643218,-89.9923063,ChIJb3DQuo2Hf4gRC8UI6d4pa68,OK,65450,471570220221000
1396.186,35.05407199999999,-90.00125899999999,ChIJIzdhk1h91YcRZT7cBcBslaM,OK,77322,471570220221000
801.288,35.05407199999999,-90.00125899999999,ChIJIzdhk1h91YcRZT7cBcBslaM,OK,64311,471570220221003
801.288,35.05407199999999,-90.00125899999999,ChIJIzdhk1h91YcRZT7cBcBslaM,OK,64311,471570220221003
1493.065,35.054745,-90.007971,ChIJXxyyQlt91YcRhldtWgjSnSE,OK,110500,471570220221003
449.188,35.05407199999999,-90.00125899999999,ChIJIzdhk1h91YcRZT7cBcBslaM,OK,24876,471570220221007
449.188,35.05407199999999,-90.00125899999999,ChIJIzdhk1h91YcRZT7cBcBslaM,OK,24876,471570220221007
1140.965,35.054745,-90.007971,ChIJXxyyQlt91YcRhldtWgjSnSE,OK,71065,471570220221007
761.146,35.05407199999999,-90.00125899999999,ChIJIzdhk1h91YcRZT7cBcBslaM,OK,59495,471570220221005
761.146,35.05407199999999,-90.00125899999999,ChIJIzdhk1h91YcRZT7cBcBslaM,OK,59495,471570220221005
1452.923,35.054745,-90.007971,ChIJXxyyQlt91YcRhldtWgjSnSE,OK,105684,471570220221005
532.082,35.05407199999999,-90.00125899999999,ChIJIzdhk1h91YcRZT7cBcBslaM,OK,29466,471570220221002
532.082,35.05407199999999,-90.00125899999999,ChIJIzdhk1h91YcRZT7cBcBslaM,OK,29466,471570220221002
1223.859,35.054745,-90.007971,ChIJXxyyQlt91YcRhldtWgjSnSE,OK,75655,471570220221002
1001.997,35.05407199999999,-90.00125899999999,ChIJIzdhk1h91YcRZT7cBcBslaM,OK,83599,471570220225015
1001.997,35.05407199999999,-90.00125899999999,ChIJIzdhk1h91YcRZT7cBcBslaM,OK,83599,471570220225015
1693.774,35.054745,-90.007971,ChIJXxyyQlt91YcRhldtWgjSnSE,OK,129788,471570220225015
1248.479,35.05407199999999,-90.00125899999999,ChIJIzdhk1h91YcRZT7cBcBslaM,OK,113176,471570220225006
1248.479,35.05407199999999,-90.00125899999999,ChIJIzdhk1h91YcRZT7cBcBslaM,OK,113176,471570220225006
1940.256,35.054745,-90.007971,ChIJXxyyQlt91YcRhldtWgjSnSE,OK,159365,471570220225006
1906.646,35.05407199999999,-90.00125899999999,ChIJIzdhk1h91YcRZT7cBcBslaM,OK,129080,471570220225031
1906.646,35.05407199999999,-90.00125899999999,ChIJIzdhk1h91YcRZT7cBcBslaM,OK,129080,471570220225031
2310.044,35.0643218,-89.9923063,ChIJb3DQuo2Hf4gRC8UI6d4pa68,OK,171351,471570220225031
1325.506,35.05407199999999,-90.00125899999999,ChIJIzdhk1h91YcRZT7cBcBslaM,OK,122418,471570220225011
1325.506,35.05407199999999,-90.00125899999999,ChIJIzdhk1h91YcRZT7cBcBslaM,OK,122418,471570220225011
2017.284,35.054745,-90.007971,ChIJXxyyQlt91YcRhldtWgjSnSE,OK,168607,471570220225011
525.198,35.13774119999999,-89.99713,ChIJtwtohKiAf4gRFxkNLUf9PgA,OK,45092,471570032001017
525.198,35.13774119999999,-89.99713,ChIJtwtohKiAf4gRFxkNLUf9PgA,OK,45092,471570032001017
619.24,35.13779299999999,-89.99118349999999,ChIJUQlZ-K-Af4gRkRKK62-ap5w,OK,55578,471570032001017
1077.198,35.05407199999999,-90.00125899999999,ChIJIzdhk1h91YcRZT7cBcBslaM,OK,92623,471570220225029
1077.198,35.05407199999999,-90.00125899999999,ChIJIzdhk1h91YcRZT7cBcBslaM,OK,92623,471570220225029
1768.975,35.054745,-90.007971,ChIJXxyyQlt91YcRhldtWgjSnSE,OK,138812,471570220225029
782.573,35.05407199999999,-90.00125899999999,ChIJIzdhk1h91YcRZT7cBcBslaM,OK,90201,471570220224024
782.573,35.05407199999999,-90.00125899999999,ChIJIzdhk1h91YcRZT7cBcBslaM,OK,90201,471570220224024
1286.191,35.054745,-90.007971,ChIJXxyyQlt91YcRhldtWgjSnSE,OK,118108,471570220224024
1346.059,35.1435177,-90.0539328,ChIJ8VFg1pV-1YcRR9G8p0pZx6U,OK,124080,471570113001043
1132.449,35.1157645,-90.022279,ChIJwZqBNMN91YcRRpdDvj5Pcr8,OK,73254,471570059001001
1132.449,35.1157645,-90.022279,ChIJwZqBNMN91YcRRpdDvj5Pcr8,OK,73254,471570059001001
1974.019,35.1087458,-90.0211918,ChIJe6w2EsF91YcRquzVZc8M0-I,OK,121871,471570059001001
3792.873,35.104197,-89.98335349999999,ChIJNST6hGqHf4gR0Mml4gyjQWk,OK,247517,471570078101021
3792.873,35.104197,-89.98335349999999,ChIJNST6hGqHf4gR0Mml4gyjQWk,OK,247517,471570078101021
3905.871,35.107529,-89.9862127,ChIJ0WGfSUKHf4gRjDLrfGQwCV4,OK,258638,471570078101021
1384.143,35.05113000000001,-89.815021,ChIJAdLMX4iaf4gRUenKpoiyrBc,OK,103149,471570213341011
1384.143,35.05113000000001,-89.815021,ChIJAdLMX4iaf4gRUenKpoiyrBc,OK,103149,471570213341011
1598.285,35.048632,-89.814048,ChIJqY7T64eaf4gRoqZRK7sz4Co,OK,115425,471570213341011
2467.933,35.05113000000001,-89.815021,ChIJAdLMX4iaf4gRUenKpoiyrBc,OK,171103,471570213341000
2467.933,35.05113000000001,-89.815021,ChIJAdLMX4iaf4gRUenKpoiyrBc,OK,171103,471570213341000
2682.075,35.048632,-89.814048,ChIJqY7T64eaf4gRoqZRK7sz4Co,OK,183379,471570213341000
1769.864,35.1439641,-90.0517892,ChIJL-0zBZR-1YcRj7p5p1WY4-g,OK,117776,471570114003020
2657.26,35.125222,-90.048147,ChIJ9cKdtid81YcRKs9h6RjzQzw,OK,164275,471570114003020
2657.26,35.125222,-90.048147,ChIJ9cKdtid81YcRKs9h6RjzQzw,OK,164275,471570114003020
3672.831,35.1490317,-90.0140679,ChIJw3q9_xV-1YcRqrte6yBn1CI,OK,225514,471570020001002
3672.831,35.1490317,-90.0140679,ChIJw3q9_xV-1YcRqrte6yBn1CI,OK,225514,471570020001002
4272.36,35.1439641,-90.0517892,ChIJL-0zBZR-1YcRj7p5p1WY4-g,OK,244192,471570020001002
2079.077,35.1444038,-90.0168571,ChIJufYEjhR-1YcREff46W6Lons,OK,141928,471570024001026
2079.077,35.1444038,-90.0168571,ChIJufYEjhR-1YcREff46W6Lons,OK,141928,471570024001026
2687.27,35.1490317,-90.0140679,ChIJw3q9_xV-1YcRqrte6yBn1CI,OK,165887,471570024001026
969.953,35.1490317,-90.0140679,ChIJw3q9_xV-1YcRqrte6yBn1CI,OK,72685,471570025001037
969.953,35.1490317,-90.0140679,ChIJw3q9_xV-1YcRqrte6yBn1CI,OK,72685,471570025001037
1692.191,35.1444038,-90.0168571,ChIJufYEjhR-1YcREff46W6Lons,OK,120038,471570025001037
2514.176,35.1157645,-90.022279,ChIJwZqBNMN91YcRRpdDvj5Pcr8,OK,158077,471570046001016
2514.176,35.1157645,-90.022279,ChIJwZqBNMN91YcRRpdDvj5Pcr8,OK,158077,471570046001016
2564.488,35.125222,-90.048147,ChIJ9cKdtid81YcRKs9h6RjzQzw,OK,160586,471570046001016
3418.369,35.1251709,-90.0481695,ChIJybIJtCd81YcR9Otxws-5qCM,OK,181080,471570117001047
3418.369,35.1251709,-90.0481695,ChIJybIJtCd81YcR9Otxws-5qCM,OK,181080,471570117001047
3420.184,35.125222,-90.048147,ChIJ9cKdtid81YcRKs9h6RjzQzw,OK,181181,471570117001047
3171.705,35.098685,-90.05664899999999,ChIJ31qwBkJ81YcRk2V5pdmdhrM,OK,206851,471570117001096
3171.705,35.098685,-90.05664899999999,ChIJ31qwBkJ81YcRk2V5pdmdhrM,OK,206851,471570117001096
3560.697,35.095133,-90.05542799999999,ChIJATnUo0J81YcRpbAuNwXeqRw,OK,228395,471570117001096
2696.257,35.104197,-89.98335349999999,ChIJNST6hGqHf4gR0Mml4gyjQWk,OK,194066,471570078101009
2696.257,35.104197,-89.98335349999999,ChIJNST6hGqHf4gR0Mml4gyjQWk,OK,194066,471570078101009
2809.255,35.107529,-89.9862127,ChIJ0WGfSUKHf4gRjDLrfGQwCV4,OK,205187,471570078101009
4322.631,35.0326981,-90.07589809999999,ChIJ9S1ljalk1YcRvuG-_hbpimA,OK,275837,471570222103006
4322.631,35.0326981,-90.07589809999999,ChIJ9S1ljalk1YcRvuG-_hbpimA,OK,275837,471570222103006
4659.994,35.0543926,-90.0597009,ChIJT5TzUbl81YcRiPqNjkbj9CA,OK,297425,471570222103006
3031.735,35.0326981,-90.07589809999999,ChIJ9S1ljalk1YcRvuG-_hbpimA,OK,206827,471570223103012
3031.735,35.0326981,-90.07589809999999,ChIJ9S1ljalk1YcRvuG-_hbpimA,OK,206827,471570223103012
3419.114,35.0543926,-90.0597009,ChIJT5TzUbl81YcRiPqNjkbj9CA,OK,231740,471570223103012
2504.003,35.093591,-90.056624,ChIJgyVl92d81YcRhuRHHckl8Y4,OK,165599,471570056003020
2504.003,35.093591,-90.056624,ChIJgyVl92d81YcRhuRHHckl8Y4,OK,165599,471570056003020
2683.84,35.095133,-90.05542799999999,ChIJATnUo0J81YcRpbAuNwXeqRw,OK,175559,471570056003020
1184.771,35.1157645,-90.022279,ChIJwZqBNMN91YcRRpdDvj5Pcr8,OK,76122,471570062001022
1184.771,35.1157645,-90.022279,ChIJwZqBNMN91YcRRpdDvj5Pcr8,OK,76122,471570062001022
1905.891,35.1087458,-90.0211918,ChIJe6w2EsF91YcRquzVZc8M0-I,OK,117512,471570062001022
974.571,35.061362,-90.05986399999999,ChIJL_Gh8ZV81YcRDlMHRKqR_IA,OK,116947,471570222205007
5342.731,35.0326981,-90.07589809999999,ChIJ9S1ljalk1YcRvuG-_hbpimA,OK,340899,471570224104010
5315.08,35.00495799999999,-90.0276544,ChIJuXbrrfFi1YcR97C4vX-T9Zk,OK,350480,471570224104010
5315.08,35.00495799999999,-90.0276544,ChIJuXbrrfFi1YcR97C4vX-T9Zk,OK,350480,471570224104010
2220.194,35.2064292,-89.73436359999999,ChIJP6qgZdGff4gRQoIww3TX5kM,OK,138069,471570210102060
2220.194,35.2064292,-89.73436359999999,ChIJP6qgZdGff4gRQoIww3TX5kM,OK,138069,471570210102060
4882.098,35.2044739,-89.76342459999999,ChIJ3XsJxyKef4gRTeWb3lonWsU,OK,266247,471570210102060
3951.808,35.1439641,-90.0517892,ChIJL-0zBZR-1YcRj7p5p1WY4-g,OK,218106,471570021001002
3951.808,35.1439641,-90.0517892,ChIJL-0zBZR-1YcRj7p5p1WY4-g,OK,218106,471570021001002
3982.498,35.1435177,-90.0539328,ChIJ8VFg1pV-1YcRR9G8p0pZx6U,OK,218385,471570021001002
546.353,35.2337782,-89.9252472,ChIJra3pLkt_f4gRjZbqnHrruIM,OK,53950,471570205242002
546.353,35.2337782,-89.9252472,ChIJra3pLkt_f4gRjZbqnHrruIM,OK,53950,471570205242002
3605.867,35.210167,-89.919383,ChIJi0gqlgaCf4gRjUvfmHxGMyw,OK,271656,471570205242002
1165.61,35.2337782,-89.9252472,ChIJra3pLkt_f4gRjZbqnHrruIM,OK,72874,471570205322017
1165.61,35.2337782,-89.9252472,ChIJra3pLkt_f4gRjZbqnHrruIM,OK,72874,471570205322017
2230.532,35.210167,-89.919383,ChIJi0gqlgaCf4gRjUvfmHxGMyw,OK,160934,471570205322017
1357.848,35.220637,-89.892425,ChIJiZ78r4Z4f4gRyy0DWRWI7n0,OK,107794,471570206515003
1357.848,35.220637,-89.892425,ChIJiZ78r4Z4f4gRyy0DWRWI7n0,OK,107794,471570206515003
1760.424,35.2060393,-89.89459389999999,ChIJN_fdM1CCf4gRqHZ_YUZgoJo,OK,134383,471570206515003
5430.044,35.14868459999999,-89.7948203,ChIJ4w9Lr2qcf4gRHdzl9FciAFM,OK,352683,471570211381028
5430.044,35.14868459999999,-89.7948203,ChIJ4w9Lr2qcf4gRHdzl9FciAFM,OK,352683,471570211381028
6196.206,35.1546312,-89.79260459999999,ChIJ8UeuSEecf4gRniit7ubZLtM,OK,373382,471570211381028
1182.538,35.14868459999999,-89.7948203,ChIJ4w9Lr2qcf4gRHdzl9FciAFM,OK,118059,471570211372003
1182.538,35.14868459999999,-89.7948203,ChIJ4w9Lr2qcf4gRHdzl9FciAFM,OK,118059,471570211372003
2302.627,35.1546312,-89.79260459999999,ChIJ8UeuSEecf4gRniit7ubZLtM,OK,149900,471570211372003
2950.26,35.14868459999999,-89.7948203,ChIJ4w9Lr2qcf4gRHdzl9FciAFM,OK,183002,471570211372022
2950.26,35.14868459999999,-89.7948203,ChIJ4w9Lr2qcf4gRHdzl9FciAFM,OK,183002,471570211372022
3716.422,35.1546312,-89.79260459999999,ChIJ8UeuSEecf4gRniit7ubZLtM,OK,203701,471570211372022
753.974,35.1942326,-89.8965709,ChIJD7pM72eCf4gRg19OPcAuyDw,OK,54537,471570205422021
753.974,35.1942326,-89.8965709,ChIJD7pM72eCf4gRg19OPcAuyDw,OK,54537,471570205422021
938.487,35.192778,-89.895242,ChIJ2ehTh2eCf4gR95JHzr6OIMA,OK,65607,471570205422021
1136.424,35.0078094,-89.83044679999999,ChIJpwHMo0eQf4gRIqmNFjWLuW4,OK,67978,471570217512014
1136.424,35.0078094,-89.83044679999999,ChIJpwHMo0eQf4gRIqmNFjWLuW4,OK,67978,471570217512014
1282.262,35.0220022,-89.82947999999999,ChIJxT9DeWuQf4gRf6HLF5uJHd0,OK,77100,471570217512014
606.932,35.0344414,-89.8319559,ChIJfcC9SguQf4gR_xf02Tpo1-w,OK,50284,471570217461007
606.932,35.0344414,-89.8319559,ChIJfcC9SguQf4gR_xf02Tpo1-w,OK,50284,471570217461007
1603.599,35.0220022,-89.82947999999999,ChIJxT9DeWuQf4gRf6HLF5uJHd0,OK,118886,471570217461007
2754.162,35.1439641,-90.0517892,ChIJL-0zBZR-1YcRj7p5p1WY4-g,OK,244835,471570002001027
2754.162,35.1439641,-90.0517892,ChIJL-0zBZR-1YcRj7p5p1WY4-g,OK,244835,471570002001027
2963.078,35.1450994,-90.0538646,ChIJne6_s5V-1YcRn_LPaqiwhrk,OK,250289,471570002001027
1136.187,35.17410499999999,-89.97575479999999,ChIJmfYTGFmAf4gRHGKCaD0qCtI,OK,84060,471570008001000
1136.187,35.17410499999999,-89.97575479999999,ChIJmfYTGFmAf4gRHGKCaD0qCtI,OK,84060,471570008001000
2374.611,35.1738374,-89.98954379999999,ChIJ_S0BIGOAf4gRU3Ph4W65cOQ,OK,158356,471570008001000
1950.787,35.05113000000001,-89.815021,ChIJAdLMX4iaf4gRUenKpoiyrBc,OK,147243,471570217441009
2146.093,35.04577219999999,-89.82821469999999,ChIJL-jEaJmaf4gREtYdkYi2nAs,OK,153947,471570217441009
2146.093,35.04577219999999,-89.82821469999999,ChIJL-jEaJmaf4gREtYdkYi2nAs,OK,153947,471570217441009
677.555,35.1087458,-90.0211918,ChIJe6w2EsF91YcRquzVZc8M0-I,OK,64355,471570060001025
677.555,35.1087458,-90.0211918,ChIJe6w2EsF91YcRquzVZc8M0-I,OK,64355,471570060001025
678.196,35.10874099999999,-90.021185,ChIJrVbiDcF91YcRG9TBOTpHc3I,OK,64432,471570060001025
3053.598,35.033351,-90.02556199999999,ChIJY7ePKsxi1YcRIP55gZFchMw,OK,239100,471570223221000
2435.386,35.0333519,-90.02557630000001,ChIJK8z8Ksxi1YcRt8pxxgP2SA4,OK,192800,471570225005003
2435.386,35.0333519,-90.02557630000001,ChIJK8z8Ksxi1YcRt8pxxgP2SA4,OK,192800,471570225005003
2435.48,35.033351,-90.02556199999999,ChIJY7ePKsxi1YcRIP55gZFchMw,OK,192805,471570225005003
2747.524,35.0333519,-90.02557630000001,ChIJK8z8Ksxi1YcRt8pxxgP2SA4,OK,230256,471570225005006
2747.524,35.0333519,-90.02557630000001,ChIJK8z8Ksxi1YcRt8pxxgP2SA4,OK,230256,471570225005006
2747.618,35.033351,-90.02556199999999,ChIJY7ePKsxi1YcRIP55gZFchMw,OK,230261,471570225005006
2401.57,35.0333519,-90.02557630000001,ChIJK8z8Ksxi1YcRt8pxxgP2SA4,OK,171611,471570223211010
2401.57,35.0333519,-90.02557630000001,ChIJK8z8Ksxi1YcRt8pxxgP2SA4,OK,171611,471570223211010
2401.664,35.033351,-90.02556199999999,ChIJY7ePKsxi1YcRIP55gZFchMw,OK,171616,471570223211010
1631.003,35.0333519,-90.02557630000001,ChIJK8z8Ksxi1YcRt8pxxgP2SA4,OK,96743,471570221114002
1631.003,35.0333519,-90.02557630000001,ChIJK8z8Ksxi1YcRt8pxxgP2SA4,OK,96743,471570221114002
1631.097,35.033351,-90.02556199999999,ChIJY7ePKsxi1YcRIP55gZFchMw,OK,96748,471570221114002
2293.984,35.0333519,-90.02557630000001,ChIJK8z8Ksxi1YcRt8pxxgP2SA4,OK,158701,471570223211006
2293.984,35.0333519,-90.02557630000001,ChIJK8z8Ksxi1YcRt8pxxgP2SA4,OK,158701,471570223211006
2294.078,35.033351,-90.02556199999999,ChIJY7ePKsxi1YcRIP55gZFchMw,OK,158706,471570223211006
2135.128,35.0333519,-90.02557630000001,ChIJK8z8Ksxi1YcRt8pxxgP2SA4,OK,139638,471570223211008
2135.128,35.0333519,-90.02557630000001,ChIJK8z8Ksxi1YcRt8pxxgP2SA4,OK,139638,471570223211008
2135.222,35.033351,-90.02556199999999,ChIJY7ePKsxi1YcRIP55gZFchMw,OK,139643,471570223211008
2650.438,35.0225458,-90.0257415,ChIJnc94gMRi1YcRKYztFRuX2Yw,OK,209766,471570223221005
2650.438,35.0225458,-90.0257415,ChIJnc94gMRi1YcRKYztFRuX2Yw,OK,209766,471570223221005
3852.179,35.0333519,-90.02557630000001,ChIJK8z8Ksxi1YcRt8pxxgP2SA4,OK,276319,471570223221005
1675.136,35.0333519,-90.02557630000001,ChIJK8z8Ksxi1YcRt8pxxgP2SA4,OK,117912,471570225005009
1675.136,35.0333519,-90.02557630000001,ChIJK8z8Ksxi1YcRt8pxxgP2SA4,OK,117912,471570225005009
1675.231,35.033351,-90.02556199999999,ChIJY7ePKsxi1YcRIP55gZFchMw,OK,117917,471570225005009
2439.142,35.0333519,-90.02557630000001,ChIJK8z8Ksxi1YcRt8pxxgP2SA4,OK,193251,471570225005007
2439.142,35.0333519,-90.02557630000001,ChIJK8z8Ksxi1YcRt8pxxgP2SA4,OK,193251,471570225005007
2439.236,35.033351,-90.02556199999999,ChIJY7ePKsxi1YcRIP55gZFchMw,OK,193256,471570225005007
1674.56,35.0333519,-90.02557630000001,ChIJK8z8Ksxi1YcRt8pxxgP2SA4,OK,117843,471570225005005
1674.56,35.0333519,-90.02557630000001,ChIJK8z8Ksxi1YcRt8pxxgP2SA4,OK,117843,471570225005005
1674.654,35.033351,-90.02556199999999,ChIJY7ePKsxi1YcRIP55gZFchMw,OK,117848,471570225005005
1766.443,35.0333519,-90.02557630000001,ChIJK8z8Ksxi1YcRt8pxxgP2SA4,OK,119685,471570221114005
1766.443,35.0333519,-90.02557630000001,ChIJK8z8Ksxi1YcRt8pxxgP2SA4,OK,119685,471570221114005
1766.537,35.033351,-90.02556199999999,ChIJY7ePKsxi1YcRIP55gZFchMw,OK,119690,471570221114005
1794.466,35.0333519,-90.02557630000001,ChIJK8z8Ksxi1YcRt8pxxgP2SA4,OK,123047,471570221114000
1794.466,35.0333519,-90.02557630000001,ChIJK8z8Ksxi1YcRt8pxxgP2SA4,OK,123047,471570221114000
1794.56,35.033351,-90.02556199999999,ChIJY7ePKsxi1YcRIP55gZFchMw,OK,123052,471570221114000
1731.967,35.0333519,-90.02557630000001,ChIJK8z8Ksxi1YcRt8pxxgP2SA4,OK,115548,471570221114001
1731.967,35.0333519,-90.02557630000001,ChIJK8z8Ksxi1YcRt8pxxgP2SA4,OK,115548,471570221114001
1732.061,35.033351,-90.02556199999999,ChIJY7ePKsxi1YcRIP55gZFchMw,OK,115553,471570221114001
1913.817,35.0333519,-90.02557630000001,ChIJK8z8Ksxi1YcRt8pxxgP2SA4,OK,137370,471570221114004
1913.817,35.0333519,-90.02557630000001,ChIJK8z8Ksxi1YcRt8pxxgP2SA4,OK,137370,471570221114004
1913.911,35.033351,-90.02556199999999,ChIJY7ePKsxi1YcRIP55gZFchMw,OK,137375,471570221114004
976.085,35.1450994,-90.0538646,ChIJne6_s5V-1YcRn_LPaqiwhrk,OK,58744,471570042001010
976.085,35.1450994,-90.0538646,ChIJne6_s5V-1YcRn_LPaqiwhrk,OK,58744,471570042001010
1195.624,35.1435177,-90.0539328,ChIJ8VFg1pV-1YcRR9G8p0pZx6U,OK,67499,471570042001010
3259.072,35.1439641,-90.0517892,ChIJL-0zBZR-1YcRj7p5p1WY4-g,OK,170974,471570113001041
3259.072,35.1439641,-90.0517892,ChIJL-0zBZR-1YcRj7p5p1WY4-g,OK,170974,471570113001041
3289.762,35.1435177,-90.0539328,ChIJ8VFg1pV-1YcRR9G8p0pZx6U,OK,171253,471570113001041
847.132,35.1450994,-90.0538646,ChIJne6_s5V-1YcRn_LPaqiwhrk,OK,52113,471570042001011
847.132,35.1450994,-90.0538646,ChIJne6_s5V-1YcRn_LPaqiwhrk,OK,52113,471570042001011
1066.671,35.1435177,-90.0539328,ChIJ8VFg1pV-1YcRR9G8p0pZx6U,OK,60868,471570042001011
3036.203,35.1439641,-90.0517892,ChIJL-0zBZR-1YcRj7p5p1WY4-g,OK,161549,471570113001035
3036.203,35.1439641,-90.0517892,ChIJL-0zBZR-1YcRj7p5p1WY4-g,OK,161549,471570113001035
3066.893,35.1435177,-90.0539328,ChIJ8VFg1pV-1YcRR9G8p0pZx6U,OK,161828,471570113001035
894.153,35.1439641,-90.0517892,ChIJL-0zBZR-1YcRj7p5p1WY4-g,OK,73005,471570113001070
894.153,35.1439641,-90.0517892,ChIJL-0zBZR-1YcRj7p5p1WY4-g,OK,73005,471570113001070
1103.07,35.1450994,-90.0538646,ChIJne6_s5V-1YcRn_LPaqiwhrk,OK,78459,471570113001070
2636.301,35.1439641,-90.0517892,ChIJL-0zBZR-1YcRj7p5p1WY4-g,OK,221159,471570021001010
2636.301,35.1439641,-90.0517892,ChIJL-0zBZR-1YcRj7p5p1WY4-g,OK,221159,471570021001010
2845.217,35.1450994,-90.0538646,ChIJne6_s5V-1YcRn_LPaqiwhrk,OK,226613,471570021001010
4182.105,35.1439641,-90.0517892,ChIJL-0zBZR-1YcRj7p5p1WY4-g,OK,240312,471570002001021
4182.105,35.1439641,-90.0517892,ChIJL-0zBZR-1YcRj7p5p1WY4-g,OK,240312,471570002001021
4212.795,35.1435177,-90.0539328,ChIJ8VFg1pV-1YcRR9G8p0pZx6U,OK,240591,471570002001021
2410.761,35.1439641,-90.0517892,ChIJL-0zBZR-1YcRj7p5p1WY4-g,OK,208542,471570021001019
2410.761,35.1439641,-90.0517892,ChIJL-0zBZR-1YcRj7p5p1WY4-g,OK,208542,471570021001019
2619.677,35.1450994,-90.0538646,ChIJne6_s5V-1YcRn_LPaqiwhrk,OK,213996,471570021001019
4242.242,35.1439641,-90.0517892,ChIJL-0zBZR-1YcRj7p5p1WY4-g,OK,243536,471570002001020
4242.242,35.1439641,-90.0517892,ChIJL-0zBZR-1YcRj7p5p1WY4-g,OK,243536,471570002001020
4272.932,35.1435177,-90.0539328,ChIJ8VFg1pV-1YcRR9G8p0pZx6U,OK,243815,471570002001020
2293.537,35.1439641,-90.0517892,ChIJL-0zBZR-1YcRj7p5p1WY4-g,OK,194476,471570021001029
2293.537,35.1439641,-90.0517892,ChIJL-0zBZR-1YcRj7p5p1WY4-g,OK,194476,471570021001029
2502.454,35.1450994,-90.0538646,ChIJne6_s5V-1YcRn_LPaqiwhrk,OK,199930,471570021001029
3491.402,35.1439641,-90.0517892,ChIJL-0zBZR-1YcRj7p5p1WY4-g,OK,198054,471570020001014
3491.402,35.1439641,-90.0517892,ChIJL-0zBZR-1YcRj7p5p1WY4-g,OK,198054,471570020001014
3522.092,35.1435177,-90.0539328,ChIJ8VFg1pV-1YcRR9G8p0pZx6U,OK,198333,471570020001014
2053.025,35.1439641,-90.0517892,ChIJL-0zBZR-1YcRj7p5p1WY4-g,OK,172892,471570021001041
2053.025,35.1439641,-90.0517892,ChIJL-0zBZR-1YcRj7p5p1WY4-g,OK,172892,471570021001041
2261.941,35.1450994,-90.0538646,ChIJne6_s5V-1YcRn_LPaqiwhrk,OK,178346,471570021001041
4270.379,35.1439641,-90.0517892,ChIJL-0zBZR-1YcRj7p5p1WY4-g,OK,296090,471570113001026
4270.379,35.1439641,-90.0517892,ChIJL-0zBZR-1YcRj7p5p1WY4-g,OK,296090,471570113001026
4301.07,35.1435177,-90.0539328,ChIJ8VFg1pV-1YcRR9G8p0pZx6U,OK,296369,471570113001026
2151.959,35.1439641,-90.0517892,ChIJL-0zBZR-1YcRj7p5p1WY4-g,OK,182658,471570021001051
2151.959,35.1439641,-90.0517892,ChIJL-0zBZR-1YcRj7p5p1WY4-g,OK,182658,471570021001051
2360.875,35.1450994,-90.0538646,ChIJne6_s5V-1YcRn_LPaqiwhrk,OK,188112,471570021001051
2376.032,35.22619459999999,-90.0020167,ChIJvTh1mwiA1YcRLLqD5Uxq8Nc,OK,172135,471570100002008
2376.032,35.22619459999999,-90.0020167,ChIJvTh1mwiA1YcRLLqD5Uxq8Nc,OK,172135,471570100002008
2876.15,35.2178517,-89.9902989,ChIJT7y6Nvh_f4gR6Khps0fYRPg,OK,224534,471570100002008
368.6,35.0531879,-89.8855975,ChIJy5TuWnaFf4gRzUE1FqfjCIk,OK,52316,471570108101008
368.6,35.0531879,-89.8855975,ChIJy5TuWnaFf4gRzUE1FqfjCIk,OK,52316,471570108101008
749.261,35.04677619999999,-89.8859339,ChIJycTJ_niFf4gR5esliSzp17E,OK,65039,471570108101008
2312.152,35.16339899999999,-89.855841,ChIJA_xfkC6Df4gRAjVZwLz1jqA,OK,213645,471570211224011
2312.152,35.16339899999999,-89.855841,ChIJA_xfkC6Df4gRAjVZwLz1jqA,OK,213645,471570211224011
2387.308,35.1623785,-89.8566175,ChIJXQHWWS6Df4gRqhH5EQ9H1j0,OK,222610,471570211224011
4412.106,35.2064292,-89.73436359999999,ChIJP6qgZdGff4gRQoIww3TX5kM,OK,198540,471570208202055
4412.106,35.2064292,-89.73436359999999,ChIJP6qgZdGff4gRQoIww3TX5kM,OK,198540,471570208202055
7074.01,35.2044739,-89.76342459999999,ChIJ3XsJxyKef4gRTeWb3lonWsU,OK,326718,471570208202055
2989.308,35.0220022,-89.82947999999999,ChIJxT9DeWuQf4gRf6HLF5uJHd0,OK,179229,471570217411023
2989.308,35.0220022,-89.82947999999999,ChIJxT9DeWuQf4gRf6HLF5uJHd0,OK,179229,471570217411023
3531.398,35.0078094,-89.83044679999999,ChIJpwHMo0eQf4gRIqmNFjWLuW4,OK,208207,471570217411023
3729.036,35.14868459999999,-89.7948203,ChIJ4w9Lr2qcf4gRHdzl9FciAFM,OK,330926,471570211371000
3729.036,35.14868459999999,-89.7948203,ChIJ4w9Lr2qcf4gRHdzl9FciAFM,OK,330926,471570211371000
4151.282,35.1546312,-89.79260459999999,ChIJ8UeuSEecf4gRniit7ubZLtM,OK,347392,471570211371000
128.801,35.2064292,-89.73436359999999,ChIJP6qgZdGff4gRQoIww3TX5kM,OK,5796,471570208313015
128.801,35.2064292,-89.73436359999999,ChIJP6qgZdGff4gRQoIww3TX5kM,OK,5796,471570208313015
2533.104,35.2044739,-89.76342459999999,ChIJ3XsJxyKef4gRTeWb3lonWsU,OK,122381,471570208313015
731.913,35.1835367,-89.8717722,ChIJv1U5XuiCf4gRMlXiIrwnbJo,OK,55388,471570206103003
731.913,35.1835367,-89.8717722,ChIJv1U5XuiCf4gRMlXiIrwnbJo,OK,55388,471570206103003
1579.43,35.1927931,-89.86922029999999,ChIJAQAAAMCCf4gRZL0qi0KLjtw,OK,97161,471570206103003
1962.411,35.1490317,-90.0140679,ChIJw3q9_xV-1YcRqrte6yBn1CI,OK,127947,471570017001031
1962.411,35.1490317,-90.0140679,ChIJw3q9_xV-1YcRqrte6yBn1CI,OK,127947,471570017001031
1905.144,35.142439,-90.006118,ChIJeUPo2Rt-1YcRdoG2a54M-d0,OK,148375,471570017001031
3064.227,35.1439641,-90.0517892,ChIJL-0zBZR-1YcRj7p5p1WY4-g,OK,277725,471570002001005
3064.227,35.1439641,-90.0517892,ChIJL-0zBZR-1YcRj7p5p1WY4-g,OK,277725,471570002001005
3273.143,35.1450994,-90.0538646,ChIJne6_s5V-1YcRn_LPaqiwhrk,OK,283179,471570002001005
1136.953,35.0477573,-89.86637909999999,ChIJ5_0L5VyFf4gR4HBEwl6nmRE,OK,84710,471570217322009
1136.953,35.0477573,-89.86637909999999,ChIJ5_0L5VyFf4gR4HBEwl6nmRE,OK,84710,471570217322009
1707.79,35.050596,-89.869556,ChIJQ4vLA2iFf4gRyyCo3ihKH44,OK,123439,471570217322009
8945.692,35.2064292,-89.73436359999999,ChIJP6qgZdGff4gRQoIww3TX5kM,OK,445276,471570210101000
8945.692,35.2064292,-89.73436359999999,ChIJP6qgZdGff4gRQoIww3TX5kM,OK,445276,471570210101000
11607.596,35.2044739,-89.76342459999999,ChIJ3XsJxyKef4gRTeWb3lonWsU,OK,573454,471570210101000
1967.585,35.14859919999999,-89.91828060000002,ChIJRflgf-eDf4gRHX_XNYKER-s,OK,111717,471570086001014
1967.585,35.14859919999999,-89.91828060000002,ChIJRflgf-eDf4gRHX_XNYKER-s,OK,111717,471570086001014
3848.24,35.1489345,-89.89838259999999,ChIJaTBvX72Df4gRiyFT0LQMnrQ,OK,197292,471570086001014
854.921,35.2060393,-89.89459389999999,ChIJN_fdM1CCf4gRqHZ_YUZgoJo,OK,94360,471570205411009
854.921,35.2060393,-89.89459389999999,ChIJN_fdM1CCf4gRqHZ_YUZgoJo,OK,94360,471570205411009
938.661,35.20808669999999,-89.89363879999999,ChIJa1RCwHuCf4gRSSG3nO4uWeI,OK,110612,471570205411009
1900.479,35.1153996,-89.89414069999999,ChIJCb4NOWWEf4gR79YlPQoocW4,OK,155204,471570096003011
1900.479,35.1153996,-89.89414069999999,ChIJCb4NOWWEf4gR79YlPQoocW4,OK,155204,471570096003011
2479.255,35.1145886,-89.90089789999999,ChIJKWmlFW6Ef4gR0YNISWQMkss,OK,182757,471570096003011
3153.642,35.1439641,-90.0517892,ChIJL-0zBZR-1YcRj7p5p1WY4-g,OK,165553,471570113001047
3153.642,35.1439641,-90.0517892,ChIJL-0zBZR-1YcRj7p5p1WY4-g,OK,165553,471570113001047
3184.332,35.1435177,-90.0539328,ChIJ8VFg1pV-1YcRR9G8p0pZx6U,OK,165832,471570113001047
1557.87,35.1251709,-90.0481695,ChIJybIJtCd81YcR9Otxws-5qCM,OK,100445,471570043001051
1557.87,35.1251709,-90.0481695,ChIJybIJtCd81YcR9Otxws-5qCM,OK,100445,471570043001051
1559.684,35.125222,-90.048147,ChIJ9cKdtid81YcRKs9h6RjzQzw,OK,100546,471570043001051
1242.082,35.1546312,-89.79260459999999,ChIJ8UeuSEecf4gRniit7ubZLtM,OK,104200,471570211251010
1242.082,35.1546312,-89.79260459999999,ChIJ8UeuSEecf4gRniit7ubZLtM,OK,104200,471570211251010
1621.969,35.14868459999999,-89.7948203,ChIJ4w9Lr2qcf4gRHdzl9FciAFM,OK,123700,471570211251010
2712.653,35.06591589999999,-89.94154240000002,ChIJTUcfL2qGf4gRH4x-pmmajWw,OK,151510,471579801001003
2712.653,35.06591589999999,-89.94154240000002,ChIJTUcfL2qGf4gRH4x-pmmajWw,OK,151510,471579801001003
2118.52,35.086634,-89.96355199999999,ChIJW0XU3AGHf4gRINnmxvx9m5A,OK,162550,471570082001008
2118.52,35.086634,-89.96355199999999,ChIJW0XU3AGHf4gRINnmxvx9m5A,OK,162550,471570082001008
1889.412,35.0878609,-89.931612,ChIJ78kLm4aGf4gRhPZ5eF_7ojg,OK,219259,471570082001008
795.276,35.0878609,-89.931612,ChIJ78kLm4aGf4gRhPZ5eF_7ojg,OK,87966,471570082005003
795.276,35.0878609,-89.931612,ChIJ78kLm4aGf4gRhPZ5eF_7ojg,OK,87966,471570082005003
1390.499,35.093158,-89.93038,ChIJU1HLuoSGf4gRK5KIVLXtvbU,OK,125158,471570082005003
786.827,35.1075089,-89.9318387,ChIJVboYU6KGf4gRHfEHUi8Izac,OK,93576,471570074002008
786.827,35.1075089,-89.9318387,ChIJVboYU6KGf4gRHfEHUi8Izac,OK,93576,471570074002008
928.735,35.1079763,-89.9333841,ChIJqZoM4qKGf4gREaZMyPG1GBQ,OK,102091,471570074002008
397.215,35.0745932,-89.9204618,ChIJPX58KNGFf4gRLgBWAHPwusk,OK,24026,471570106101007
397.215,35.0745932,-89.9204618,ChIJPX58KNGFf4gRLgBWAHPwusk,OK,24026,471570106101007
1075.854,35.0757114,-89.9271675,ChIJ-d7FIHmGf4gR6Aa1VQWm0ps,OK,64742,471570106101007
1494.792,35.02099699999999,-89.93544,ChIJW6hY3LmIf4gRWjIeu9tMgvU,OK,93078,471570219003000
1494.792,35.02099699999999,-89.93544,ChIJW6hY3LmIf4gRWjIeu9tMgvU,OK,93078,471570219003000
1728.599,35.02379430000001,-89.96377079999999,ChIJDVntamKIf4gRlF5S6rdAlgc,OK,107513,471570219003000
1250.49,35.093158,-89.93038,ChIJU1HLuoSGf4gRK5KIVLXtvbU,OK,113292,471570080003014
1609.239,35.0971,-89.9305344,ChIJRd53mZuGf4gRp0fETcD5Y3I,OK,128213,471570080003014
1609.239,35.0971,-89.9305344,ChIJRd53mZuGf4gRp0fETcD5Y3I,OK,128213,471570080003014
1292.689,35.06591589999999,-89.94154240000002,ChIJTUcfL2qGf4gRH4x-pmmajWw,OK,85852,471570105001004
1292.689,35.06591589999999,-89.94154240000002,ChIJTUcfL2qGf4gRH4x-pmmajWw,OK,85852,471570105001004
2026.817,35.086634,-89.96355199999999,ChIJW0XU3AGHf4gRINnmxvx9m5A,OK,113530,471570105001004
1359.871,35.06591589999999,-89.94154240000002,ChIJTUcfL2qGf4gRH4x-pmmajWw,OK,108711,471570105001005
1359.871,35.06591589999999,-89.94154240000002,ChIJTUcfL2qGf4gRH4x-pmmajWw,OK,108711,471570105001005
3510.51,35.0757114,-89.9271675,ChIJ-d7FIHmGf4gR6Aa1VQWm0ps,OK,229654,471570105001005
759.523,35.093158,-89.93038,ChIJU1HLuoSGf4gRK5KIVLXtvbU,OK,73973,471570080004011
759.523,35.093158,-89.93038,ChIJU1HLuoSGf4gRK5KIVLXtvbU,OK,73973,471570080004011
1076.703,35.0960067,-89.93138279999999,ChIJFfDYDZuGf4gR5IbqhV7MTAo,OK,93855,471570080004011
1522.805,35.0971,-89.9305344,ChIJRd53mZuGf4gRp0fETcD5Y3I,OK,117841,471570080003008
1522.805,35.0971,-89.9305344,ChIJRd53mZuGf4gRp0fETcD5Y3I,OK,117841,471570080003008
1339.104,35.093158,-89.93038,ChIJU1HLuoSGf4gRK5KIVLXtvbU,OK,123925,471570080003008
1523.527,35.093158,-89.93038,ChIJU1HLuoSGf4gRK5KIVLXtvbU,OK,147242,471570082003002
1523.527,35.093158,-89.93038,ChIJU1HLuoSGf4gRK5KIVLXtvbU,OK,147242,471570082003002
1306.794,35.0878609,-89.931612,ChIJ78kLm4aGf4gRhPZ5eF_7ojg,OK,149347,471570082003002
1284.117,35.093158,-89.93038,ChIJU1HLuoSGf4gRK5KIVLXtvbU,OK,107202,471570082002008
1601.297,35.0960067,-89.93138279999999,ChIJFfDYDZuGf4gR5IbqhV7MTAo,OK,127084,471570082002008
1601.297,35.0960067,-89.93138279999999,ChIJFfDYDZuGf4gR5IbqhV7MTAo,OK,127084,471570082002008
814.251,35.0878609,-89.931612,ChIJ78kLm4aGf4gRhPZ5eF_7ojg,OK,82144,471570082003005
814.251,35.0878609,-89.931612,ChIJ78kLm4aGf4gRhPZ5eF_7ojg,OK,82144,471570082003005
890.698,35.093158,-89.93038,ChIJU1HLuoSGf4gRK5KIVLXtvbU,OK,88211,471570082003005
1457.92,35.093158,-89.93038,ChIJU1HLuoSGf4gRK5KIVLXtvbU,OK,128057,471570082002009
1457.92,35.093158,-89.93038,ChIJU1HLuoSGf4gRK5KIVLXtvbU,OK,128057,471570082002009
1775.1,35.0960067,-89.93138279999999,ChIJFfDYDZuGf4gR5IbqhV7MTAo,OK,147939,471570082002009
1082.179,35.093158,-89.93038,ChIJU1HLuoSGf4gRK5KIVLXtvbU,OK,94282,471570082003000
1082.179,35.093158,-89.93038,ChIJU1HLuoSGf4gRK5KIVLXtvbU,OK,94282,471570082003000
1399.358,35.0960067,-89.93138279999999,ChIJFfDYDZuGf4gR5IbqhV7MTAo,OK,114164,471570082003000
1113.344,35.0878609,-89.931612,ChIJ78kLm4aGf4gRhPZ5eF_7ojg,OK,126134,471570082003004
1113.344,35.0878609,-89.931612,ChIJ78kLm4aGf4gRhPZ5eF_7ojg,OK,126134,471570082003004
1584.389,35.093158,-89.93038,ChIJU1HLuoSGf4gRK5KIVLXtvbU,OK,154545,471570082003004
2347.771,35.1835367,-89.8717722,ChIJv1U5XuiCf4gRMlXiIrwnbJo,OK,158237,471570206101040
1609.046,35.1835367,-89.8717722,ChIJv1U5XuiCf4gRMlXiIrwnbJo,OK,131689,471570206223003
1609.046,35.1835367,-89.8717722,ChIJv1U5XuiCf4gRMlXiIrwnbJo,OK,131689,471570206223003
2143.762,35.19067459999999,-89.8489943,ChIJ364PGjWdf4gRKbsrGLq8_XQ,OK,147043,471570206223003
3021.299,35.1490317,-90.0140679,ChIJw3q9_xV-1YcRqrte6yBn1CI,OK,164082,471570024001023
3021.299,35.1490317,-90.0140679,ChIJw3q9_xV-1YcRqrte6yBn1CI,OK,164082,471570024001023
3743.537,35.1444038,-90.0168571,ChIJufYEjhR-1YcREff46W6Lons,OK,211435,471570024001023
1189.681,35.1444038,-90.0168571,ChIJufYEjhR-1YcREff46W6Lons,OK,104016,471570024002011
1189.681,35.1444038,-90.0168571,ChIJufYEjhR-1YcREff46W6Lons,OK,104016,471570024002011
1837.365,35.1490317,-90.0140679,ChIJw3q9_xV-1YcRqrte6yBn1CI,OK,137950,471570024002011
3755.657,35.1444038,-90.0168571,ChIJufYEjhR-1YcREff46W6Lons,OK,210517,471570024002001
3755.657,35.1444038,-90.0168571,ChIJufYEjhR-1YcREff46W6Lons,OK,210517,471570024002001
4403.341,35.1490317,-90.0140679,ChIJw3q9_xV-1YcRqrte6yBn1CI,OK,244451,471570024002001
4360.561,35.1444038,-90.0168571,ChIJufYEjhR-1YcREff46W6Lons,OK,242295,471570024002015
4360.561,35.1444038,-90.0168571,ChIJufYEjhR-1YcREff46W6Lons,OK,242295,471570024002015
5008.246,35.1490317,-90.0140679,ChIJw3q9_xV-1YcRqrte6yBn1CI,OK,276229,471570024002015
242.926,35.1503395,-89.89321,ChIJRaSiF6KDf4gRNIqqt1VnH58,OK,16795,471570092002006
242.926,35.1503395,-89.89321,ChIJRaSiF6KDf4gRNIqqt1VnH58,OK,16795,471570092002006
329.638,35.1489345,-89.89838259999999,ChIJaTBvX72Df4gRiyFT0LQMnrQ,OK,19777,471570092002006
3829.568,35.1490317,-90.0140679,ChIJw3q9_xV-1YcRqrte6yBn1CI,OK,222658,471570004002025
3829.568,35.1490317,-90.0140679,ChIJw3q9_xV-1YcRqrte6yBn1CI,OK,222658,471570004002025
4551.806,35.1444038,-90.0168571,ChIJufYEjhR-1YcREff46W6Lons,OK,270011,471570004002025
3504.096,35.1490317,-90.0140679,ChIJw3q9_xV-1YcRqrte6yBn1CI,OK,200034,471570019001001
3504.096,35.1490317,-90.0140679,ChIJw3q9_xV-1YcRqrte6yBn1CI,OK,200034,471570019001001
4226.333,35.1444038,-90.0168571,ChIJufYEjhR-1YcREff46W6Lons,OK,247387,471570019001001
6893.076,35.1738374,-89.98954379999999,ChIJ_S0BIGOAf4gRU3Ph4W65cOQ,OK,364944,471570004001030
7933.626,35.1490317,-90.0140679,ChIJw3q9_xV-1YcRqrte6yBn1CI,OK,427361,471570004001030
7933.626,35.1490317,-90.0140679,ChIJw3q9_xV-1YcRqrte6yBn1CI,OK,427361,471570004001030
2833.298,35.1738374,-89.98954379999999,ChIJ_S0BIGOAf4gRU3Ph4W65cOQ,OK,169341,471570019001000
3376.552,35.1490317,-90.0140679,ChIJw3q9_xV-1YcRqrte6yBn1CI,OK,183738,471570019001000
3376.552,35.1490317,-90.0140679,ChIJw3q9_xV-1YcRqrte6yBn1CI,OK,183738,471570019001000
3273.295,35.1490317,-90.0140679,ChIJw3q9_xV-1YcRqrte6yBn1CI,OK,174472,471570004001029
3273.295,35.1490317,-90.0140679,ChIJw3q9_xV-1YcRqrte6yBn1CI,OK,174472,471570004001029
3995.533,35.1444038,-90.0168571,ChIJufYEjhR-1YcREff46W6Lons,OK,221825,471570004001029
465.889,35.17410499999999,-89.97575479999999,ChIJmfYTGFmAf4gRHGKCaD0qCtI,OK,39659,471570008001015
465.889,35.17410499999999,-89.97575479999999,ChIJmfYTGFmAf4gRHGKCaD0qCtI,OK,39659,471570008001015
1704.313,35.1738374,-89.98954379999999,ChIJ_S0BIGOAf4gRU3Ph4W65cOQ,OK,113955,471570008001015
2745.683,35.1738374,-89.98954379999999,ChIJ_S0BIGOAf4gRU3Ph4W65cOQ,OK,164732,471570004001039
3288.936,35.1490317,-90.0140679,ChIJw3q9_xV-1YcRqrte6yBn1CI,OK,179129,471570004001039
3288.936,35.1490317,-90.0140679,ChIJw3q9_xV-1YcRqrte6yBn1CI,OK,179129,471570004001039
2387.843,35.1738374,-89.98954379999999,ChIJ_S0BIGOAf4gRU3Ph4W65cOQ,OK,143263,471570112001001
2387.843,35.1738374,-89.98954379999999,ChIJ_S0BIGOAf4gRU3Ph4W65cOQ,OK,143263,471570112001001
3400.29,35.1490317,-90.0140679,ChIJw3q9_xV-1YcRqrte6yBn1CI,OK,185810,471570112001001
2544.7,35.1738374,-89.98954379999999,ChIJ_S0BIGOAf4gRU3Ph4W65cOQ,OK,170891,471570004001027
2544.7,35.1738374,-89.98954379999999,ChIJ_S0BIGOAf4gRU3Ph4W65cOQ,OK,170891,471570004001027
3636.342,35.1490317,-90.0140679,ChIJw3q9_xV-1YcRqrte6yBn1CI,OK,210238,471570004001027
2552.192,35.1738374,-89.98954379999999,ChIJ_S0BIGOAf4gRU3Ph4W65cOQ,OK,171790,471570004001025
2552.192,35.1738374,-89.98954379999999,ChIJ_S0BIGOAf4gRU3Ph4W65cOQ,OK,171790,471570004001025
3628.85,35.1490317,-90.0140679,ChIJw3q9_xV-1YcRqrte6yBn1CI,OK,209339,471570004001025
2176.319,35.05113000000001,-89.815021,ChIJAdLMX4iaf4gRUenKpoiyrBc,OK,117740,471570217241031
2176.319,35.05113000000001,-89.815021,ChIJAdLMX4iaf4gRUenKpoiyrBc,OK,117740,471570217241031
2190.325,35.048632,-89.814048,ChIJqY7T64eaf4gRoqZRK7sz4Co,OK,120159,471570217241031
2400.796,35.0643218,-89.9923063,ChIJb3DQuo2Hf4gRC8UI6d4pa68,OK,147645,471579801001072
2400.796,35.0643218,-89.9923063,ChIJb3DQuo2Hf4gRC8UI6d4pa68,OK,147645,471579801001072
4299.03,35.05407199999999,-90.00125899999999,ChIJIzdhk1h91YcRZT7cBcBslaM,OK,232838,471579801001072
11887.718,35.0326981,-90.07589809999999,ChIJ9S1ljalk1YcRvuG-_hbpimA,OK,1023875,471579803001023
12624.545,35.02753099999999,-90.082077,ChIJK66rdetk1YcRwwxI9gDREks,OK,1065622,471579803001023
12624.545,35.02753099999999,-90.082077,ChIJK66rdetk1YcRwwxI9gDREks,OK,1065622,471579803001023
2415.957,35.05113000000001,-89.815021,ChIJAdLMX4iaf4gRUenKpoiyrBc,OK,130519,471570217241033
4191.736,35.04577219999999,-89.82821469999999,ChIJL-jEaJmaf4gREtYdkYi2nAs,OK,223608,471570217241033
4191.736,35.04577219999999,-89.82821469999999,ChIJL-jEaJmaf4gREtYdkYi2nAs,OK,223608,471570217241033
6635.902,35.0326981,-90.07589809999999,ChIJ9S1ljalk1YcRvuG-_hbpimA,OK,438756,471570222102009
6635.902,35.0326981,-90.07589809999999,ChIJ9S1ljalk1YcRvuG-_hbpimA,OK,438756,471570222102009
7372.729,35.02753099999999,-90.082077,ChIJK66rdetk1YcRwwxI9gDREks,OK,480503,471570222102009
1025.976,35.0461089,-89.7947008,ChIJaZI6O3Oaf4gRqa_eh0DNj_s,OK,61100,471570213423069
1025.976,35.0461089,-89.7947008,ChIJaZI6O3Oaf4gRqa_eh0DNj_s,OK,61100,471570213423069
1143.981,35.045091,-89.795412,ChIJVelsQnOaf4gRECqTW7fq-dY,OK,67635,471570213423069
451.319,35.0512763,-89.8427476,ChIJ7VPJ3q-af4gRdxERIyaZ0gk,OK,40484,471570217262016
451.319,35.0512763,-89.8427476,ChIJ7VPJ3q-af4gRdxERIyaZ0gk,OK,40484,471570217262016
696.712,35.0490562,-89.84441600000001,ChIJCUulJK6af4gR7vOP_qSrYdM,OK,45474,471570217262016
756.324,35.0614623,-89.8536277,ChIJ4TWJkTWFf4gRbkNZYfkF9Jw,OK,56491,471570217262004
756.324,35.0614623,-89.8536277,ChIJ4TWJkTWFf4gRbkNZYfkF9Jw,OK,56491,471570217262004
1386.322,35.0512763,-89.8427476,ChIJ7VPJ3q-af4gRdxERIyaZ0gk,OK,95391,471570217262004
587.324,35.05407199999999,-90.00125899999999,ChIJIzdhk1h91YcRZT7cBcBslaM,OK,44419,471570220221004
587.324,35.05407199999999,-90.00125899999999,ChIJIzdhk1h91YcRZT7cBcBslaM,OK,44419,471570220221004
1279.101,35.054745,-90.007971,ChIJXxyyQlt91YcRhldtWgjSnSE,OK,90608,471570220221004
489.067,35.05407199999999,-90.00125899999999,ChIJIzdhk1h91YcRZT7cBcBslaM,OK,32628,471570220221024
489.067,35.05407199999999,-90.00125899999999,ChIJIzdhk1h91YcRZT7cBcBslaM,OK,32628,471570220221024
1180.845,35.054745,-90.007971,ChIJXxyyQlt91YcRhldtWgjSnSE,OK,78817,471570220221024
746.676,35.05407199999999,-90.00125899999999,ChIJIzdhk1h91YcRZT7cBcBslaM,OK,52961,471570220221006
746.676,35.05407199999999,-90.00125899999999,ChIJIzdhk1h91YcRZT7cBcBslaM,OK,52961,471570220221006
1438.454,35.054745,-90.007971,ChIJXxyyQlt91YcRhldtWgjSnSE,OK,99150,471570220221006
1195.052,35.0493493,-89.855357,ChIJH2Nw4lGFf4gRq0vxk4n5iAE,OK,116493,471570217263003
1195.052,35.0493493,-89.855357,ChIJH2Nw4lGFf4gRq0vxk4n5iAE,OK,116493,471570217263003
1456.581,35.0501932,-89.8529489,ChIJJ3DCd1KFf4gRBb2DFEnzV7w,OK,126504,471570217263003
2660.106,35.05407199999999,-90.00125899999999,ChIJIzdhk1h91YcRZT7cBcBslaM,OK,144969,471579801001047
2660.106,35.05407199999999,-90.00125899999999,ChIJIzdhk1h91YcRZT7cBcBslaM,OK,144969,471579801001047
3063.504,35.0643218,-89.9923063,ChIJb3DQuo2Hf4gRC8UI6d4pa68,OK,187240,471579801001047
689.887,35.05113000000001,-89.815021,ChIJAdLMX4iaf4gRUenKpoiyrBc,OK,47546,471570217241029
689.887,35.05113000000001,-89.815021,ChIJAdLMX4iaf4gRUenKpoiyrBc,OK,47546,471570217241029
863.809,35.048632,-89.814048,ChIJqY7T64eaf4gRoqZRK7sz4Co,OK,59966,471570217241029
746.02,35.0515568,-89.90630259999999,ChIJrU8jyZKFf4gRubg1AIyELWY,OK,68720,471570108104012
746.02,35.0515568,-89.90630259999999,ChIJrU8jyZKFf4gRubg1AIyELWY,OK,68720,471570108104012
1656.594,35.062945,-89.90568519999999,ChIJjxj9mL-Ff4gRoOEx9OzDyxs,OK,112597,471570108104012
2258.448,35.1835367,-89.8717722,ChIJv1U5XuiCf4gRMlXiIrwnbJo,OK,167197,471570206213000
1910.267,35.104197,-89.98335349999999,ChIJNST6hGqHf4gR0Mml4gyjQWk,OK,111083,471570069003022
1910.267,35.104197,-89.98335349999999,ChIJNST6hGqHf4gR0Mml4gyjQWk,OK,111083,471570069003022
2023.265,35.107529,-89.9862127,ChIJ0WGfSUKHf4gRjDLrfGQwCV4,OK,122204,471570069003022
1761.948,35.1439641,-90.0517892,ChIJL-0zBZR-1YcRj7p5p1WY4-g,OK,100821,471570114003021
1761.948,35.1439641,-90.0517892,ChIJL-0zBZR-1YcRj7p5p1WY4-g,OK,100821,471570114003021
2947.276,35.125222,-90.048147,ChIJ9cKdtid81YcRKs9h6RjzQzw,OK,157790,471570114003021
2864.728,35.104197,-89.98335349999999,ChIJNST6hGqHf4gR0Mml4gyjQWk,OK,214282,471570078101012
2864.728,35.104197,-89.98335349999999,ChIJNST6hGqHf4gR0Mml4gyjQWk,OK,214282,471570078101012
2977.726,35.107529,-89.9862127,ChIJ0WGfSUKHf4gRjDLrfGQwCV4,OK,225403,471570078101012
1540.88,35.12545849999999,-89.97454169999999,ChIJoyT3HjOHf4gRS6EdHckmff8,OK,89013,471570066002048
1540.88,35.12545849999999,-89.97454169999999,ChIJoyT3HjOHf4gRS6EdHckmff8,OK,89013,471570066002048
1696.557,35.13418100000001,-89.98599,ChIJnf1_yraAf4gR9pQmD7CXhgg,OK,94542,471570066002048
416.421,35.1835367,-89.8717722,ChIJv1U5XuiCf4gRMlXiIrwnbJo,OK,39152,471570206215003
416.421,35.1835367,-89.8717722,ChIJv1U5XuiCf4gRMlXiIrwnbJo,OK,39152,471570206215003
1632.33,35.1927931,-89.86922029999999,ChIJAQAAAMCCf4gRZL0qi0KLjtw,OK,103027,471570206215003
1657.5,35.109859,-89.99141100000001,ChIJs6JbpFyHf4gR9O01gG0a7fQ,OK,123475,471570063001011
1657.5,35.109859,-89.99141100000001,ChIJs6JbpFyHf4gR9O01gG0a7fQ,OK,123475,471570063001011
2391.825,35.13418100000001,-89.98599,ChIJnf1_yraAf4gR9pQmD7CXhgg,OK,172993,471570063001011
904.905,35.1157645,-90.022279,ChIJwZqBNMN91YcRRpdDvj5Pcr8,OK,63535,471570062002002
904.905,35.1157645,-90.022279,ChIJwZqBNMN91YcRRpdDvj5Pcr8,OK,63535,471570062002002
1626.025,35.1087458,-90.0211918,ChIJe6w2EsF91YcRquzVZc8M0-I,OK,104925,471570062002002
999.152,35.1060329,-90.039159,ChIJ231bcjV81YcRQ1quDeYAd6M,OK,67954,471570059001008
999.152,35.1060329,-90.039159,ChIJ231bcjV81YcRQ1quDeYAd6M,OK,67954,471570059001008
1705.535,35.1087458,-90.0211918,ChIJe6w2EsF91YcRquzVZc8M0-I,OK,100129,471570059001008
428.232,35.1060329,-90.039159,ChIJ231bcjV81YcRQ1quDeYAd6M,OK,49155,471570059002021
428.232,35.1060329,-90.039159,ChIJ231bcjV81YcRQ1quDeYAd6M,OK,49155,471570059002021
1998.829,35.1087458,-90.0211918,ChIJe6w2EsF91YcRquzVZc8M0-I,OK,134809,471570059002021
442.339,35.02099699999999,-89.93544,ChIJW6hY3LmIf4gRWjIeu9tMgvU,OK,24497,471570226001128
442.339,35.02099699999999,-89.93544,ChIJW6hY3LmIf4gRWjIeu9tMgvU,OK,24497,471570226001128
1093.097,35.015991,-89.935953,ChIJSSHzkseIf4gRnqbOP98HojY,OK,60536,471570226001128
2273.796,35.0374859,-89.93716700000002,ChIJESgedaeIf4gRXlLu5ht4wNo,OK,125619,471570226001101
2543.007,35.0515544,-89.92255089999999,ChIJG_UFGuOFf4gRyHNDzwp5is0,OK,135900,471570226001101
2543.007,35.0515544,-89.92255089999999,ChIJG_UFGuOFf4gRyHNDzwp5is0,OK,135900,471570226001101
2356.238,35.104197,-89.98335349999999,ChIJNST6hGqHf4gR0Mml4gyjQWk,OK,153264,471570078101008
2356.238,35.104197,-89.98335349999999,ChIJNST6hGqHf4gR0Mml4gyjQWk,OK,153264,471570078101008
2469.236,35.107529,-89.9862127,ChIJ0WGfSUKHf4gRjDLrfGQwCV4,OK,164385,471570078101008
1562.975,35.220637,-89.892425,ChIJiZ78r4Z4f4gRyy0DWRWI7n0,OK,118483,471570206443011
1562.975,35.220637,-89.892425,ChIJiZ78r4Z4f4gRyy0DWRWI7n0,OK,118483,471570206443011
2717.386,35.223866,-89.90499,ChIJJRXCRJh4f4gRcTFbl9qZzNM,OK,203711,471570206443011
1569.369,35.220637,-89.892425,ChIJiZ78r4Z4f4gRyy0DWRWI7n0,OK,105250,471570206514012
1569.369,35.220637,-89.892425,ChIJiZ78r4Z4f4gRyy0DWRWI7n0,OK,105250,471570206514012
2221.755,35.2060393,-89.89459389999999,ChIJN_fdM1CCf4gRqHZ_YUZgoJo,OK,178182,471570206514012
1576.166,35.05905920000001,-89.9340455,ChIJM89Mbw2Gf4gRFqf4fPnKU7k,OK,121785,471570106201003
1754.753,35.0515544,-89.92255089999999,ChIJG_UFGuOFf4gRyHNDzwp5is0,OK,149624,471570106201003
1685.916,35.05905920000001,-89.9340455,ChIJM89Mbw2Gf4gRFqf4fPnKU7k,OK,134955,471570106201002
1685.916,35.05905920000001,-89.9340455,ChIJM89Mbw2Gf4gRFqf4fPnKU7k,OK,134955,471570106201002
1645.003,35.0515544,-89.92255089999999,ChIJG_UFGuOFf4gRyHNDzwp5is0,OK,136454,471570106201002
1445.308,35.0515544,-89.92255089999999,ChIJG_UFGuOFf4gRyHNDzwp5is0,OK,137597,471570106201007
1445.308,35.0515544,-89.92255089999999,ChIJG_UFGuOFf4gRyHNDzwp5is0,OK,137597,471570106201007
1728.674,35.05905920000001,-89.9340455,ChIJM89Mbw2Gf4gRFqf4fPnKU7k,OK,140086,471570106201007
1362.126,35.0515544,-89.92255089999999,ChIJG_UFGuOFf4gRyHNDzwp5is0,OK,127615,471570106201004
1362.126,35.0515544,-89.92255089999999,ChIJG_UFGuOFf4gRyHNDzwp5is0,OK,127615,471570106201004
1833.857,35.05905920000001,-89.9340455,ChIJM89Mbw2Gf4gRFqf4fPnKU7k,OK,152708,471570106201004
684.365,35.05905920000001,-89.9340455,ChIJM89Mbw2Gf4gRFqf4fPnKU7k,OK,59161,471570106203008
684.365,35.05905920000001,-89.9340455,ChIJM89Mbw2Gf4gRFqf4fPnKU7k,OK,59161,471570106203008
1401.136,35.0515544,-89.92255089999999,ChIJG_UFGuOFf4gRyHNDzwp5is0,OK,95808,471570106203008
746.21,35.05905920000001,-89.9340455,ChIJM89Mbw2Gf4gRFqf4fPnKU7k,OK,66583,471570106203001
746.21,35.05905920000001,-89.9340455,ChIJM89Mbw2Gf4gRFqf4fPnKU7k,OK,66583,471570106203001
1462.981,35.0515544,-89.92255089999999,ChIJG_UFGuOFf4gRyHNDzwp5is0,OK,103230,471570106203001
634.639,35.05905920000001,-89.9340455,ChIJM89Mbw2Gf4gRFqf4fPnKU7k,OK,53195,471570106203018
634.639,35.05905920000001,-89.9340455,ChIJM89Mbw2Gf4gRFqf4fPnKU7k,OK,53195,471570106203018
1351.411,35.0515544,-89.92255089999999,ChIJG_UFGuOFf4gRyHNDzwp5is0,OK,89842,471570106203018
823.258,35.05905920000001,-89.9340455,ChIJM89Mbw2Gf4gRFqf4fPnKU7k,OK,75828,471570106203011
823.258,35.05905920000001,-89.9340455,ChIJM89Mbw2Gf4gRFqf4fPnKU7k,OK,75828,471570106203011
1540.03,35.0515544,-89.92255089999999,ChIJG_UFGuOFf4gRyHNDzwp5is0,OK,112475,471570106203011
1140.167,35.0745932,-89.9204618,ChIJPX58KNGFf4gRLgBWAHPwusk,OK,98278,471570106104020
1140.167,35.0745932,-89.9204618,ChIJPX58KNGFf4gRLgBWAHPwusk,OK,98278,471570106104020
1818.806,35.0757114,-89.9271675,ChIJ-d7FIHmGf4gR6Aa1VQWm0ps,OK,138994,471570106104020
1560.87,35.0515544,-89.92255089999999,ChIJG_UFGuOFf4gRyHNDzwp5is0,OK,126359,471570106201000
1794.885,35.05905920000001,-89.9340455,ChIJM89Mbw2Gf4gRFqf4fPnKU7k,OK,135437,471570106201000
1794.885,35.05905920000001,-89.9340455,ChIJM89Mbw2Gf4gRFqf4fPnKU7k,OK,135437,471570106201000
921.243,35.0745932,-89.9204618,ChIJPX58KNGFf4gRLgBWAHPwusk,OK,72007,471570106104004
921.243,35.0745932,-89.9204618,ChIJPX58KNGFf4gRLgBWAHPwusk,OK,72007,471570106104004
1599.882,35.0757114,-89.9271675,ChIJ-d7FIHmGf4gR6Aa1VQWm0ps,OK,112723,471570106104004
1183.4,35.063996,-89.90690699999999,ChIJn51vcb-Ff4gRvoXU4r8swrw,OK,96401,471570106302012
1183.4,35.063996,-89.90690699999999,ChIJn51vcb-Ff4gRvoXU4r8swrw,OK,96401,471570106302012
1695.642,35.0745932,-89.9204618,ChIJPX58KNGFf4gRLgBWAHPwusk,OK,120054,471570106302012
1658.869,35.062945,-89.90568519999999,ChIJjxj9mL-Ff4gRoOEx9OzDyxs,OK,109240,471570106104021
1403.253,35.063996,-89.90690699999999,ChIJn51vcb-Ff4gRvoXU4r8swrw,OK,116433,471570106104021
1403.253,35.063996,-89.90690699999999,ChIJn51vcb-Ff4gRvoXU4r8swrw,OK,116433,471570106104021
1343.009,35.0515544,-89.92255089999999,ChIJG_UFGuOFf4gRyHNDzwp5is0,OK,104894,471570106201005
1343.009,35.0515544,-89.92255089999999,ChIJG_UFGuOFf4gRyHNDzwp5is0,OK,104894,471570106201005
1789.808,35.0745932,-89.9204618,ChIJPX58KNGFf4gRLgBWAHPwusk,OK,136400,471570106201005
1234.012,35.0515544,-89.92255089999999,ChIJG_UFGuOFf4gRyHNDzwp5is0,OK,102437,471570106201008
1234.012,35.0515544,-89.92255089999999,ChIJG_UFGuOFf4gRyHNDzwp5is0,OK,102437,471570106201008
1898.57,35.0745932,-89.9204618,ChIJPX58KNGFf4gRLgBWAHPwusk,OK,149451,471570106201008
1779.647,35.1087458,-90.0211918,ChIJe6w2EsF91YcRquzVZc8M0-I,OK,104577,471570059002029
47.293,35.1060329,-90.039159,ChIJ231bcjV81YcRQ1quDeYAd6M,OK,5674,471570057002020
47.293,35.1060329,-90.039159,ChIJ231bcjV81YcRQ1quDeYAd6M,OK,5674,471570057002020
2045.797,35.1087458,-90.0211918,ChIJe6w2EsF91YcRquzVZc8M0-I,OK,129888,471570057002020
318.608,35.1060329,-90.039159,ChIJ231bcjV81YcRQ1quDeYAd6M,OK,38230,471570057002025
318.608,35.1060329,-90.039159,ChIJ231bcjV81YcRQ1quDeYAd6M,OK,38230,471570057002025
2909.395,35.098685,-90.05664899999999,ChIJ31qwBkJ81YcRk2V5pdmdhrM,OK,197086,471570057002025
435.167,35.1060329,-90.039159,ChIJ231bcjV81YcRQ1quDeYAd6M,OK,52216,471570057002024
435.167,35.1060329,-90.039159,ChIJ231bcjV81YcRQ1quDeYAd6M,OK,52216,471570057002024
2811.534,35.098685,-90.05664899999999,ChIJ31qwBkJ81YcRk2V5pdmdhrM,OK,188030,471570057002024
203.066,35.1060329,-90.039159,ChIJ231bcjV81YcRQ1quDeYAd6M,OK,24365,471570057002022
203.066,35.1060329,-90.039159,ChIJ231bcjV81YcRQ1quDeYAd6M,OK,24365,471570057002022
2602.387,35.098685,-90.05664899999999,ChIJ31qwBkJ81YcRk2V5pdmdhrM,OK,167480,471570057002022
188.894,35.1060329,-90.039159,ChIJ231bcjV81YcRQ1quDeYAd6M,OK,22665,471570057002026
188.894,35.1060329,-90.039159,ChIJ231bcjV81YcRQ1quDeYAd6M,OK,22665,471570057002026
2203.857,35.1087458,-90.0211918,ChIJe6w2EsF91YcRquzVZc8M0-I,OK,148854,471570057002026
442.349,35.1060329,-90.039159,ChIJ231bcjV81YcRQ1quDeYAd6M,OK,53079,471570057002027
442.349,35.1060329,-90.039159,ChIJ231bcjV81YcRQ1quDeYAd6M,OK,53079,471570057002027
3038.131,35.098685,-90.05664899999999,ChIJ31qwBkJ81YcRk2V5pdmdhrM,OK,208342,471570057002027
472.434,35.1060329,-90.039159,ChIJ231bcjV81YcRQ1quDeYAd6M,OK,36354,471570059002032
472.434,35.1060329,-90.039159,ChIJ231bcjV81YcRQ1quDeYAd6M,OK,36354,471570059002032
1621.035,35.1087458,-90.0211918,ChIJe6w2EsF91YcRquzVZc8M0-I,OK,95061,471570059002032
286.687,35.1060329,-90.039159,ChIJ231bcjV81YcRQ1quDeYAd6M,OK,25491,471570057002018
286.687,35.1060329,-90.039159,ChIJ231bcjV81YcRQ1quDeYAd6M,OK,25491,471570057002018
1853.74,35.1087458,-90.0211918,ChIJe6w2EsF91YcRquzVZc8M0-I,OK,109304,471570057002018
821.668,35.1060329,-90.039159,ChIJ231bcjV81YcRQ1quDeYAd6M,OK,72039,471570059001017
821.668,35.1060329,-90.039159,ChIJ231bcjV81YcRQ1quDeYAd6M,OK,72039,471570059001017
1325.811,35.1087458,-90.0211918,ChIJe6w2EsF91YcRquzVZc8M0-I,OK,101650,471570059001017
523.054,35.1060329,-90.039159,ChIJ231bcjV81YcRQ1quDeYAd6M,OK,42508,471570059002034
523.054,35.1060329,-90.039159,ChIJ231bcjV81YcRQ1quDeYAd6M,OK,42508,471570059002034
1626.415,35.1087458,-90.0211918,ChIJe6w2EsF91YcRquzVZc8M0-I,OK,98101,471570059002034
1724.631,35.1490317,-90.0140679,ChIJw3q9_xV-1YcRqrte6yBn1CI,OK,124692,471570017001025
1884.221,35.142439,-90.006118,ChIJeUPo2Rt-1YcRdoG2a54M-d0,OK,145864,471570017001025
886.108,35.1490317,-90.0140679,ChIJw3q9_xV-1YcRqrte6yBn1CI,OK,69787,471570026002020
886.108,35.1490317,-90.0140679,ChIJw3q9_xV-1YcRqrte6yBn1CI,OK,69787,471570026002020
1370.825,35.142439,-90.006118,ChIJeUPo2Rt-1YcRdoG2a54M-d0,OK,105399,471570026002020
411.548,35.142439,-90.006118,ChIJeUPo2Rt-1YcRdoG2a54M-d0,OK,47384,471570026001003
411.548,35.142439,-90.006118,ChIJeUPo2Rt-1YcRdoG2a54M-d0,OK,47384,471570026001003
829.65,35.139426,-90.00714049999999,ChIJC-6kIBt-1YcRA1cskDtjsVc,OK,92668,471570026001003
1904.13,35.1490317,-90.0140679,ChIJw3q9_xV-1YcRqrte6yBn1CI,OK,120953,471570017001040
1904.13,35.1490317,-90.0140679,ChIJw3q9_xV-1YcRqrte6yBn1CI,OK,120953,471570017001040
1846.863,35.142439,-90.006118,ChIJeUPo2Rt-1YcRdoG2a54M-d0,OK,141381,471570017001040
1864.143,35.1490317,-90.0140679,ChIJw3q9_xV-1YcRqrte6yBn1CI,OK,120103,471570017001053
1982.981,35.142439,-90.006118,ChIJeUPo2Rt-1YcRdoG2a54M-d0,OK,131738,471570017001053
1982.981,35.142439,-90.006118,ChIJeUPo2Rt-1YcRdoG2a54M-d0,OK,131738,471570017001053
1423.881,35.1507888,-89.977317,ChIJdVWrOuqAf4gR-V7s1E3qo7g,OK,76891,471570016003002
1423.881,35.1507888,-89.977317,ChIJdVWrOuqAf4gR-V7s1E3qo7g,OK,76891,471570016003002
2520.464,35.13774119999999,-89.99713,ChIJtwtohKiAf4gRFxkNLUf9PgA,OK,152141,471570016003002
1444.007,35.13774119999999,-89.99713,ChIJtwtohKiAf4gRFxkNLUf9PgA,OK,187331,471570016001028
1444.007,35.13774119999999,-89.99713,ChIJtwtohKiAf4gRFxkNLUf9PgA,OK,187331,471570016001028
2088.505,35.13779299999999,-89.99118349999999,ChIJUQlZ-K-Af4gRkRKK62-ap5w,OK,204222,471570016001028
2254.095,35.1161637,-89.9446263,ChIJ-ZiED8iGf4gR32IlfgDBKWY,OK,151166,471570070003004
2224.878,35.12545849999999,-89.97454169999999,ChIJoyT3HjOHf4gRS6EdHckmff8,OK,155568,471570070003004
2224.878,35.12545849999999,-89.97454169999999,ChIJoyT3HjOHf4gRS6EdHckmff8,OK,155568,471570070003004
2243.408,35.1161637,-89.9446263,ChIJ-ZiED8iGf4gR32IlfgDBKWY,OK,154712,471570070002009
2243.408,35.1161637,-89.9446263,ChIJ-ZiED8iGf4gR32IlfgDBKWY,OK,154712,471570070002009
2314.422,35.108097,-89.941227,ChIJwxJT-r6Gf4gRhLDuFpyb128,OK,155221,471570070002009
1171.979,35.09464699999999,-89.9708677,ChIJx5uAuBqHf4gRze5MKc5WJFI,OK,84085,471570079003004
1171.979,35.09464699999999,-89.9708677,ChIJx5uAuBqHf4gRze5MKc5WJFI,OK,84085,471570079003004
1735.301,35.0904795,-89.96597299999999,ChIJHfaNmAOHf4gR1d8V2K9rfSU,OK,114197,471570079003004
240.718,35.09464699999999,-89.9708677,ChIJx5uAuBqHf4gRze5MKc5WJFI,OK,14417,471570081201006
240.718,35.09464699999999,-89.9708677,ChIJx5uAuBqHf4gRze5MKc5WJFI,OK,14417,471570081201006
453.327,35.0904795,-89.96597299999999,ChIJHfaNmAOHf4gR1d8V2K9rfSU,OK,25105,471570081201006
2300.378,35.0326981,-90.07589809999999,ChIJ9S1ljalk1YcRvuG-_hbpimA,OK,127402,471570224105000
1033.445,35.02753099999999,-90.082077,ChIJK66rdetk1YcRwwxI9gDREks,OK,115788,471570223303005
1033.445,35.02753099999999,-90.082077,ChIJK66rdetk1YcRwwxI9gDREks,OK,115788,471570223303005
1834.517,35.0326981,-90.07589809999999,ChIJ9S1ljalk1YcRvuG-_hbpimA,OK,160154,471570223303005
1062.152,35.2044739,-89.76342459999999,ChIJ3XsJxyKef4gRTeWb3lonWsU,OK,85963,471570211414010
1062.152,35.2044739,-89.76342459999999,ChIJ3XsJxyKef4gRTeWb3lonWsU,OK,85963,471570211414010
2663.727,35.2064292,-89.73436359999999,ChIJP6qgZdGff4gRQoIww3TX5kM,OK,152081,471570211414010
833.006,35.02753099999999,-90.082077,ChIJK66rdetk1YcRwwxI9gDREks,OK,91736,471570223303004
833.006,35.02753099999999,-90.082077,ChIJK66rdetk1YcRwwxI9gDREks,OK,91736,471570223303004
1171.185,35.0326981,-90.07589809999999,ChIJ9S1ljalk1YcRvuG-_hbpimA,OK,126719,471570223303004
1059.541,35.0326981,-90.07589809999999,ChIJ9S1ljalk1YcRvuG-_hbpimA,OK,113322,471570223302021
1059.541,35.0326981,-90.07589809999999,ChIJ9S1ljalk1YcRvuG-_hbpimA,OK,113322,471570223302021
1168.58,35.02753099999999,-90.082077,ChIJK66rdetk1YcRwwxI9gDREks,OK,119923,471570223302021
1117.184,35.0326981,-90.07589809999999,ChIJ9S1ljalk1YcRvuG-_hbpimA,OK,120239,471570223302023
1117.184,35.0326981,-90.07589809999999,ChIJ9S1ljalk1YcRvuG-_hbpimA,OK,120239,471570223302023
1226.222,35.02753099999999,-90.082077,ChIJK66rdetk1YcRwwxI9gDREks,OK,126840,471570223302023
6295.968,35.098685,-90.05664899999999,ChIJ31qwBkJ81YcRk2V5pdmdhrM,OK,488501,471579802001032
6684.961,35.095133,-90.05542799999999,ChIJATnUo0J81YcRpbAuNwXeqRw,OK,510045,471579802001032
2121.737,35.1738374,-89.98954379999999,ChIJ_S0BIGOAf4gRU3Ph4W65cOQ,OK,126391,471570016002007
2121.737,35.1738374,-89.98954379999999,ChIJ_S0BIGOAf4gRU3Ph4W65cOQ,OK,126391,471570016002007
2452.92,35.1507888,-89.977317,ChIJdVWrOuqAf4gR-V7s1E3qo7g,OK,137504,471570016002007
2316.636,35.05113000000001,-89.815021,ChIJAdLMX4iaf4gRUenKpoiyrBc,OK,195612,471570217441010
2490.557,35.048632,-89.814048,ChIJqY7T64eaf4gRoqZRK7sz4Co,OK,208032,471570217441010
2490.557,35.048632,-89.814048,ChIJqY7T64eaf4gRoqZRK7sz4Co,OK,208032,471570217441010
2188.02,35.06128,-90.05978399999999,ChIJm06f8ZV81YcRTjzAsJPcBKY,OK,194672,471570222202003
2188.02,35.06128,-90.05978399999999,ChIJm06f8ZV81YcRTjzAsJPcBKY,OK,194672,471570222202003
2187.842,35.061362,-90.05986399999999,ChIJL_Gh8ZV81YcRDlMHRKqR_IA,OK,197538,471570222202003
4654.508,35.093591,-90.056624,ChIJgyVl92d81YcRhuRHHckl8Y4,OK,461965,471570225001031
6699.004,35.06128,-90.05978399999999,ChIJm06f8ZV81YcRTjzAsJPcBKY,OK,574986,471570225001031
6699.004,35.06128,-90.05978399999999,ChIJm06f8ZV81YcRTjzAsJPcBKY,OK,574986,471570225001031
5224.292,35.1503395,-89.89321,ChIJRaSiF6KDf4gRNIqqt1VnH58,OK,267367,471570098001033
5224.292,35.1503395,-89.89321,ChIJRaSiF6KDf4gRNIqqt1VnH58,OK,267367,471570098001033
1280.976,35.1490317,-90.0140679,ChIJw3q9_xV-1YcRqrte6yBn1CI,OK,71935,471570025001031
1280.976,35.1490317,-90.0140679,ChIJw3q9_xV-1YcRqrte6yBn1CI,OK,71935,471570025001031
2003.214,35.1444038,-90.0168571,ChIJufYEjhR-1YcREff46W6Lons,OK,119288,471570025001031
4581.428,35.1439641,-90.0517892,ChIJL-0zBZR-1YcRj7p5p1WY4-g,OK,340086,471570113001023
4581.428,35.1439641,-90.0517892,ChIJL-0zBZR-1YcRj7p5p1WY4-g,OK,340086,471570113001023
4612.118,35.1435177,-90.0539328,ChIJ8VFg1pV-1YcRR9G8p0pZx6U,OK,340365,471570113001023
1134.269,35.1490317,-90.0140679,ChIJw3q9_xV-1YcRqrte6yBn1CI,OK,64390,471570025001032
1134.269,35.1490317,-90.0140679,ChIJw3q9_xV-1YcRqrte6yBn1CI,OK,64390,471570025001032
1856.507,35.1444038,-90.0168571,ChIJufYEjhR-1YcREff46W6Lons,OK,111743,471570025001032
1135.468,35.1497164,-89.95515999999999,ChIJcQb6ehiBf4gR-uA54eRPNq8,OK,106122,471570014001014
1135.468,35.1497164,-89.95515999999999,ChIJcQb6ehiBf4gR-uA54eRPNq8,OK,106122,471570014001014
1612.368,35.14981359999999,-89.94918609999999,ChIJVdGBGRaBf4gRsi89Rzqn8W4,OK,132505,471570014001014
196.934,35.0461089,-89.7947008,ChIJaZI6O3Oaf4gRqa_eh0DNj_s,OK,10906,471570215101016
196.934,35.0461089,-89.7947008,ChIJaZI6O3Oaf4gRqa_eh0DNj_s,OK,10906,471570215101016
314.939,35.045091,-89.795412,ChIJVelsQnOaf4gRECqTW7fq-dY,OK,17441,471570215101016
1541.62,35.2051043,-89.79754849999999,ChIJpRDMlY2df4gRQqHmUo_lzmc,OK,127024,471570211132028
1541.62,35.2051043,-89.79754849999999,ChIJpRDMlY2df4gRQqHmUo_lzmc,OK,127024,471570211132028
2006.59,35.2072684,-89.7827147,ChIJKdJ2xvqdf4gRKLRUePlbOOs,OK,184446,471570211132028
2072.513,35.05113000000001,-89.815021,ChIJAdLMX4iaf4gRUenKpoiyrBc,OK,185056,471570217441012
2246.434,35.048632,-89.814048,ChIJqY7T64eaf4gRoqZRK7sz4Co,OK,197476,471570217441012
2246.434,35.048632,-89.814048,ChIJqY7T64eaf4gRoqZRK7sz4Co,OK,197476,471570217441012
883.924,35.0344414,-89.8319559,ChIJfcC9SguQf4gR_xf02Tpo1-w,OK,105199,471570217442006
883.924,35.0344414,-89.8319559,ChIJfcC9SguQf4gR_xf02Tpo1-w,OK,105199,471570217442006
2403.805,35.0220022,-89.82947999999999,ChIJxT9DeWuQf4gRf6HLF5uJHd0,OK,164162,471570217442006
10243.549,35.054745,-90.007971,ChIJXxyyQlt91YcRhldtWgjSnSE,OK,501862,471570078221047
3288.475,35.1087458,-90.0211918,ChIJe6w2EsF91YcRquzVZc8M0-I,OK,191950,471570078221050
3288.475,35.1087458,-90.0211918,ChIJe6w2EsF91YcRquzVZc8M0-I,OK,191950,471570078221050
3289.117,35.10874099999999,-90.021185,ChIJrVbiDcF91YcRG9TBOTpHc3I,OK,192027,471570078221050
3249.349,35.1087458,-90.0211918,ChIJe6w2EsF91YcRquzVZc8M0-I,OK,193673,471570078221031
3249.349,35.1087458,-90.0211918,ChIJe6w2EsF91YcRquzVZc8M0-I,OK,193673,471570078221031
3249.991,35.10874099999999,-90.021185,ChIJrVbiDcF91YcRG9TBOTpHc3I,OK,193750,471570078221031
2857.001,35.0225458,-90.0257415,ChIJnc94gMRi1YcRKYztFRuX2Yw,OK,234552,471570223221003
2857.001,35.0225458,-90.0257415,ChIJnc94gMRi1YcRKYztFRuX2Yw,OK,234552,471570223221003
3566.513,35.0333519,-90.02557630000001,ChIJK8z8Ksxi1YcRt8pxxgP2SA4,OK,300654,471570223221003
1459.734,35.0614623,-89.8536277,ChIJ4TWJkTWFf4gRbkNZYfkF9Jw,OK,114592,471570217241006
1459.734,35.0614623,-89.8536277,ChIJ4TWJkTWFf4gRbkNZYfkF9Jw,OK,114592,471570217241006
1544.506,35.0512763,-89.8427476,ChIJ7VPJ3q-af4gRdxERIyaZ0gk,OK,120780,471570217241006
799.368,35.2051043,-89.79754849999999,ChIJpRDMlY2df4gRQqHmUo_lzmc,OK,48806,471570211132036
799.368,35.2051043,-89.79754849999999,ChIJpRDMlY2df4gRQqHmUo_lzmc,OK,48806,471570211132036
1264.338,35.2072684,-89.7827147,ChIJKdJ2xvqdf4gRKLRUePlbOOs,OK,106228,471570211132036
362.451,35.0512763,-89.8427476,ChIJ7VPJ3q-af4gRdxERIyaZ0gk,OK,35563,471570217262014
362.451,35.0512763,-89.8427476,ChIJ7VPJ3q-af4gRdxERIyaZ0gk,OK,35563,471570217262014
607.844,35.0490562,-89.84441600000001,ChIJCUulJK6af4gR7vOP_qSrYdM,OK,40553,471570217262014
2284.343,35.095133,-90.05542799999999,ChIJATnUo0J81YcRpbAuNwXeqRw,OK,200638,471570053002045
2445.746,35.098685,-90.05664899999999,ChIJ31qwBkJ81YcRk2V5pdmdhrM,OK,209577,471570053002045
2445.746,35.098685,-90.05664899999999,ChIJ31qwBkJ81YcRk2V5pdmdhrM,OK,209577,471570053002045
1330.507,35.1087458,-90.0211918,ChIJe6w2EsF91YcRquzVZc8M0-I,OK,75445,471570115004022
1330.507,35.1087458,-90.0211918,ChIJe6w2EsF91YcRquzVZc8M0-I,OK,75445,471570115004022
1331.148,35.10874099999999,-90.021185,ChIJrVbiDcF91YcRG9TBOTpHc3I,OK,75522,471570115004022
518.05,35.1060329,-90.039159,ChIJ231bcjV81YcRQ1quDeYAd6M,OK,49558,471570057002017
518.05,35.1060329,-90.039159,ChIJ231bcjV81YcRQ1quDeYAd6M,OK,49558,471570057002017
1940.142,35.1087458,-90.0211918,ChIJe6w2EsF91YcRquzVZc8M0-I,OK,128097,471570057002017
786.08,35.02753099999999,-90.082077,ChIJK66rdetk1YcRwwxI9gDREks,OK,86106,471570223303019
786.08,35.02753099999999,-90.082077,ChIJK66rdetk1YcRwwxI9gDREks,OK,86106,471570223303019
1587.152,35.0326981,-90.07589809999999,ChIJ9S1ljalk1YcRvuG-_hbpimA,OK,130472,471570223303019
1327.755,35.0841884,-89.97146650000001,ChIJX1vb4AeHf4gRloPQ2o5nDXA,OK,92253,471570081103002
1327.755,35.0841884,-89.97146650000001,ChIJX1vb4AeHf4gRloPQ2o5nDXA,OK,92253,471570081103002
2596.316,35.0904795,-89.96597299999999,ChIJHfaNmAOHf4gR1d8V2K9rfSU,OK,165810,471570081103002
3454.483,35.1087458,-90.0211918,ChIJe6w2EsF91YcRquzVZc8M0-I,OK,218289,471570078221030
3454.483,35.1087458,-90.0211918,ChIJe6w2EsF91YcRquzVZc8M0-I,OK,218289,471570078221030
3455.124,35.10874099999999,-90.021185,ChIJrVbiDcF91YcRG9TBOTpHc3I,OK,218366,471570078221030
1796.46,35.108097,-89.941227,ChIJwxJT-r6Gf4gRhLDuFpyb128,OK,128995,471570079002005
2303.853,35.09464699999999,-89.9708677,ChIJx5uAuBqHf4gRze5MKc5WJFI,OK,160532,471570079002005
2303.853,35.09464699999999,-89.9708677,ChIJx5uAuBqHf4gRze5MKc5WJFI,OK,160532,471570079002005
1410.273,35.093158,-89.93038,ChIJU1HLuoSGf4gRK5KIVLXtvbU,OK,133652,471570082003003
1393.32,35.222344,-89.97682999999999,ChIJ987Br45_f4gRjwrvnFN8t7k,OK,91971,471570205111003
1410.273,35.093158,-89.93038,ChIJU1HLuoSGf4gRK5KIVLXtvbU,OK,133652,471570082003003
1393.32,35.222344,-89.97682999999999,ChIJ987Br45_f4gRjwrvnFN8t7k,OK,91971,471570205111003
1193.54,35.0878609,-89.931612,ChIJ78kLm4aGf4gRhPZ5eF_7ojg,OK,135757,471570082003003
1794.187,35.2227028,-89.97692290000001,ChIJ987Br45_f4gRMoYIhCny13Q,OK,128103,471570205111003
1125.314,35.2044739,-89.76342459999999,ChIJ3XsJxyKef4gRTeWb3lonWsU,OK,62144,471570211421006
1125.314,35.2044739,-89.76342459999999,ChIJ3XsJxyKef4gRTeWb3lonWsU,OK,62144,471570211421006
1067.287,35.2074362,-89.7805166,ChIJ62ATRfudf4gRPIrPAXGVsiQ,OK,96872,471570211421006
2506.377,35.1738374,-89.98954379999999,ChIJ_S0BIGOAf4gRU3Ph4W65cOQ,OK,166292,471570004001024
2506.377,35.1738374,-89.98954379999999,ChIJ_S0BIGOAf4gRU3Ph4W65cOQ,OK,166292,471570004001024
3812.412,35.1490317,-90.0140679,ChIJw3q9_xV-1YcRqrte6yBn1CI,OK,226453,471570004001024
3375.181,35.0326981,-90.07589809999999,ChIJ9S1ljalk1YcRvuG-_hbpimA,OK,266587,471570223103014
3375.181,35.0326981,-90.07589809999999,ChIJ9S1ljalk1YcRvuG-_hbpimA,OK,266587,471570223103014
3762.56,35.0543926,-90.0597009,ChIJT5TzUbl81YcRiPqNjkbj9CA,OK,291500,471570223103014
1900.292,35.16339899999999,-89.855841,ChIJA_xfkC6Df4gRAjVZwLz1jqA,OK,206643,471570212001008
1973.675,35.1623785,-89.8566175,ChIJXQHWWS6Df4gRqhH5EQ9H1j0,OK,215502,471570212001008
1973.675,35.1623785,-89.8566175,ChIJXQHWWS6Df4gRqhH5EQ9H1j0,OK,215502,471570212001008
1944.655,35.0374859,-89.93716700000002,ChIJESgedaeIf4gRXlLu5ht4wNo,OK,139500,471570226001046
1944.655,35.0374859,-89.93716700000002,ChIJESgedaeIf4gRXlLu5ht4wNo,OK,139500,471570226001046
2511.42,35.0515544,-89.92255089999999,ChIJG_UFGuOFf4gRyHNDzwp5is0,OK,169603,471570226001046
1139.785,35.0515544,-89.92255089999999,ChIJG_UFGuOFf4gRyHNDzwp5is0,OK,91131,471570106201009
1139.785,35.0515544,-89.92255089999999,ChIJG_UFGuOFf4gRyHNDzwp5is0,OK,91131,471570106201009
1808.426,35.0745932,-89.9204618,ChIJPX58KNGFf4gRLgBWAHPwusk,OK,138635,471570106201009
1804.866,35.0841884,-89.97146650000001,ChIJX1vb4AeHf4gRloPQ2o5nDXA,OK,134593,471570081102012
1804.866,35.0841884,-89.97146650000001,ChIJX1vb4AeHf4gRloPQ2o5nDXA,OK,134593,471570081102012
3183.328,35.0643218,-89.9923063,ChIJb3DQuo2Hf4gRC8UI6d4pa68,OK,189530,471570081102012
1619.591,35.22619459999999,-90.0020167,ChIJvTh1mwiA1YcRLLqD5Uxq8Nc,OK,98326,471570100002019
1619.591,35.22619459999999,-90.0020167,ChIJvTh1mwiA1YcRLLqD5Uxq8Nc,OK,98326,471570100002019
2083.364,35.217526,-89.98935,ChIJKdhOoPd_f4gRbD5w-Ol3ovU,OK,146364,471570100002019
1030.706,35.05407199999999,-90.00125899999999,ChIJIzdhk1h91YcRZT7cBcBslaM,OK,119976,471570220224013
1030.706,35.05407199999999,-90.00125899999999,ChIJIzdhk1h91YcRZT7cBcBslaM,OK,119976,471570220224013
1555.48,35.054745,-90.007971,ChIJXxyyQlt91YcRhldtWgjSnSE,OK,143664,471570220224013
1641.221,35.14981359999999,-89.94918609999999,ChIJVdGBGRaBf4gRsi89Rzqn8W4,OK,135341,471570012003004
1641.221,35.14981359999999,-89.94918609999999,ChIJVdGBGRaBf4gRsi89Rzqn8W4,OK,135341,471570012003004
2192.424,35.1497164,-89.95515999999999,ChIJcQb6ehiBf4gR-uA54eRPNq8,OK,170641,471570012003004
2267.787,35.222344,-89.97682999999999,ChIJ987Br45_f4gRjwrvnFN8t7k,OK,138995,471570100002016
2267.787,35.222344,-89.97682999999999,ChIJ987Br45_f4gRjwrvnFN8t7k,OK,138995,471570100002016
2269.64,35.2227028,-89.97692290000001,ChIJ987Br45_f4gRMoYIhCny13Q,OK,151187,471570100002016
2316.032,35.222344,-89.97682999999999,ChIJ987Br45_f4gRjwrvnFN8t7k,OK,152598,471570100002015
2316.032,35.222344,-89.97682999999999,ChIJ987Br45_f4gRjwrvnFN8t7k,OK,152598,471570100002015
2317.885,35.2227028,-89.97692290000001,ChIJ987Br45_f4gRMoYIhCny13Q,OK,164790,471570100002015
455.129,35.02379430000001,-89.96377079999999,ChIJDVntamKIf4gRlF5S6rdAlgc,OK,26687,471570219004000
455.129,35.02379430000001,-89.96377079999999,ChIJDVntamKIf4gRlF5S6rdAlgc,OK,26687,471570219004000
2449.535,35.02099699999999,-89.93544,ChIJW6hY3LmIf4gRWjIeu9tMgvU,OK,135657,471570219004000
1417.458,35.05407199999999,-90.00125899999999,ChIJIzdhk1h91YcRZT7cBcBslaM,OK,133451,471570220225012
1417.458,35.05407199999999,-90.00125899999999,ChIJIzdhk1h91YcRZT7cBcBslaM,OK,133451,471570220225012
2109.235,35.054745,-90.007971,ChIJXxyyQlt91YcRhldtWgjSnSE,OK,179640,471570220225012
2799.765,35.222344,-89.97682999999999,ChIJ987Br45_f4gRjwrvnFN8t7k,OK,189794,471570103001018
2799.765,35.222344,-89.97682999999999,ChIJ987Br45_f4gRjwrvnFN8t7k,OK,189794,471570103001018
2801.618,35.2227028,-89.97692290000001,ChIJ987Br45_f4gRMoYIhCny13Q,OK,201986,471570103001018
1453.591,35.05407199999999,-90.00125899999999,ChIJIzdhk1h91YcRZT7cBcBslaM,OK,137787,471570220225016
1453.591,35.05407199999999,-90.00125899999999,ChIJIzdhk1h91YcRZT7cBcBslaM,OK,137787,471570220225016
2145.368,35.054745,-90.007971,ChIJXxyyQlt91YcRhldtWgjSnSE,OK,183976,471570220225016
1763.622,35.222344,-89.97682999999999,ChIJ987Br45_f4gRjwrvnFN8t7k,OK,111990,471570100001016
1763.622,35.222344,-89.97682999999999,ChIJ987Br45_f4gRjwrvnFN8t7k,OK,111990,471570100001016
1765.476,35.2227028,-89.97692290000001,ChIJ987Br45_f4gRMoYIhCny13Q,OK,124182,471570100001016
2749.586,35.222344,-89.97682999999999,ChIJ987Br45_f4gRjwrvnFN8t7k,OK,196659,471570103001008
2749.586,35.222344,-89.97682999999999,ChIJ987Br45_f4gRjwrvnFN8t7k,OK,196659,471570103001008
2751.44,35.2227028,-89.97692290000001,ChIJ987Br45_f4gRMoYIhCny13Q,OK,208851,471570103001008
1940.059,35.0643218,-89.9923063,ChIJb3DQuo2Hf4gRC8UI6d4pa68,OK,123950,471579801001071
1940.059,35.0643218,-89.9923063,ChIJb3DQuo2Hf4gRC8UI6d4pa68,OK,123950,471579801001071
3838.292,35.05407199999999,-90.00125899999999,ChIJIzdhk1h91YcRZT7cBcBslaM,OK,209143,471579801001071
1230.427,35.05407199999999,-90.00125899999999,ChIJIzdhk1h91YcRZT7cBcBslaM,OK,68141,471570220225026
1230.427,35.05407199999999,-90.00125899999999,ChIJIzdhk1h91YcRZT7cBcBslaM,OK,68141,471570220225026
1633.826,35.0643218,-89.9923063,ChIJb3DQuo2Hf4gRC8UI6d4pa68,OK,110412,471570220225026
926.792,35.2227028,-89.97692290000001,ChIJ987Br45_f4gRMoYIhCny13Q,OK,111213,471570102103000
926.792,35.2227028,-89.97692290000001,ChIJ987Br45_f4gRMoYIhCny13Q,OK,111213,471570102103000
2075.152,35.222344,-89.97682999999999,ChIJ987Br45_f4gRjwrvnFN8t7k,OK,147319,471570102103000
889.466,35.05407199999999,-90.00125899999999,ChIJIzdhk1h91YcRZT7cBcBslaM,OK,70096,471570220225021
889.466,35.05407199999999,-90.00125899999999,ChIJIzdhk1h91YcRZT7cBcBslaM,OK,70096,471570220225021
1581.243,35.054745,-90.007971,ChIJXxyyQlt91YcRhldtWgjSnSE,OK,116285,471570220225021
1721.986,35.05407199999999,-90.00125899999999,ChIJIzdhk1h91YcRZT7cBcBslaM,OK,120142,471570220225027
1721.986,35.05407199999999,-90.00125899999999,ChIJIzdhk1h91YcRZT7cBcBslaM,OK,120142,471570220225027
2125.385,35.0643218,-89.9923063,ChIJb3DQuo2Hf4gRC8UI6d4pa68,OK,162413,471570220225027
984.975,35.217526,-89.98935,ChIJKdhOoPd_f4gRbD5w-Ol3ovU,OK,75488,471570102103007
832.986,35.2227028,-89.97692290000001,ChIJ987Br45_f4gRMoYIhCny13Q,OK,99955,471570102103007
832.986,35.2227028,-89.97692290000001,ChIJ987Br45_f4gRMoYIhCny13Q,OK,99955,471570102103007
1693.134,35.05407199999999,-90.00125899999999,ChIJIzdhk1h91YcRZT7cBcBslaM,OK,116680,471570220225028
1693.134,35.05407199999999,-90.00125899999999,ChIJIzdhk1h91YcRZT7cBcBslaM,OK,116680,471570220225028
2096.533,35.0643218,-89.9923063,ChIJb3DQuo2Hf4gRC8UI6d4pa68,OK,158951,471570220225028
209.317,35.2227028,-89.97692290000001,ChIJ987Br45_f4gRMoYIhCny13Q,OK,25116,471570102102009
209.317,35.2227028,-89.97692290000001,ChIJ987Br45_f4gRMoYIhCny13Q,OK,25116,471570102102009
411.145,35.222344,-89.97682999999999,ChIJ987Br45_f4gRjwrvnFN8t7k,OK,31435,471570102102009
1202.718,35.054745,-90.007971,ChIJXxyyQlt91YcRhldtWgjSnSE,OK,79436,471570220241006
1202.718,35.054745,-90.007971,ChIJXxyyQlt91YcRhldtWgjSnSE,OK,79436,471570220241006
1634.566,35.05407199999999,-90.00125899999999,ChIJIzdhk1h91YcRZT7cBcBslaM,OK,95475,471570220241006
1442.933,35.05407199999999,-90.00125899999999,ChIJIzdhk1h91YcRZT7cBcBslaM,OK,79910,471570220225019
1442.933,35.05407199999999,-90.00125899999999,ChIJIzdhk1h91YcRZT7cBcBslaM,OK,79910,471570220225019
1846.331,35.0643218,-89.9923063,ChIJb3DQuo2Hf4gRC8UI6d4pa68,OK,122181,471570220225019
1652.987,35.05407199999999,-90.00125899999999,ChIJIzdhk1h91YcRZT7cBcBslaM,OK,111862,471570220225030
1652.987,35.05407199999999,-90.00125899999999,ChIJIzdhk1h91YcRZT7cBcBslaM,OK,111862,471570220225030
941.514,35.0493563,-89.83813929999999,ChIJjRQNzqSaf4gRxmNqB0YAYGM,OK,107150,471570217241000
941.514,35.0493563,-89.83813929999999,ChIJjRQNzqSaf4gRxmNqB0YAYGM,OK,107150,471570217241000
1263.279,35.049031,-89.841437,ChIJt6vl46-af4gRvoN8Yvkmx9A,OK,129992,471570217241000
1676.284,35.1738374,-89.98954379999999,ChIJ_S0BIGOAf4gRU3Ph4W65cOQ,OK,113314,471570006001014
1676.284,35.1738374,-89.98954379999999,ChIJ_S0BIGOAf4gRU3Ph4W65cOQ,OK,113314,471570006001014
3022.893,35.17410499999999,-89.97575479999999,ChIJmfYTGFmAf4gRHGKCaD0qCtI,OK,194100,471570006001014
3103.729,35.14868459999999,-89.7948203,ChIJ4w9Lr2qcf4gRHdzl9FciAFM,OK,196827,471570211402020
3103.729,35.14868459999999,-89.7948203,ChIJ4w9Lr2qcf4gRHdzl9FciAFM,OK,196827,471570211402020
3869.892,35.1546312,-89.79260459999999,ChIJ8UeuSEecf4gRniit7ubZLtM,OK,217526,471570211402020
1715.131,35.1738374,-89.98954379999999,ChIJ_S0BIGOAf4gRU3Ph4W65cOQ,OK,115902,471570006001027
1715.131,35.1738374,-89.98954379999999,ChIJ_S0BIGOAf4gRU3Ph4W65cOQ,OK,115902,471570006001027
3061.74,35.17410499999999,-89.97575479999999,ChIJmfYTGFmAf4gRHGKCaD0qCtI,OK,196688,471570006001027
26.989,35.0461089,-89.7947008,ChIJaZI6O3Oaf4gRqa_eh0DNj_s,OK,1494,471570215101018
26.989,35.0461089,-89.7947008,ChIJaZI6O3Oaf4gRqa_eh0DNj_s,OK,1494,471570215101018
91.016,35.045091,-89.795412,ChIJVelsQnOaf4gRECqTW7fq-dY,OK,5040,471570215101018
1306.975,35.17410499999999,-89.97575479999999,ChIJmfYTGFmAf4gRHGKCaD0qCtI,OK,78414,471570111001015
1306.975,35.17410499999999,-89.97575479999999,ChIJmfYTGFmAf4gRHGKCaD0qCtI,OK,78414,471570111001015
2991.936,35.167095,-89.950496,ChIJecYfJgmBf4gRJh-YY67U6V8,OK,173173,471570111001015
2325.277,35.0461089,-89.7947008,ChIJaZI6O3Oaf4gRqa_eh0DNj_s,OK,131613,471570213424065
2325.277,35.0461089,-89.7947008,ChIJaZI6O3Oaf4gRqa_eh0DNj_s,OK,131613,471570213424065
2443.282,35.045091,-89.795412,ChIJVelsQnOaf4gRECqTW7fq-dY,OK,138148,471570213424065
2754.835,35.1490317,-90.0140679,ChIJw3q9_xV-1YcRqrte6yBn1CI,OK,194591,471570007003001
2754.835,35.1490317,-90.0140679,ChIJw3q9_xV-1YcRqrte6yBn1CI,OK,194591,471570007003001
2749.722,35.1738374,-89.98954379999999,ChIJ_S0BIGOAf4gRU3Ph4W65cOQ,OK,196663,471570007003001
1344.018,35.1738374,-89.98954379999999,ChIJ_S0BIGOAf4gRU3Ph4W65cOQ,OK,93154,471570007002010
1344.018,35.1738374,-89.98954379999999,ChIJ_S0BIGOAf4gRU3Ph4W65cOQ,OK,93154,471570007002010
2690.627,35.17410499999999,-89.97575479999999,ChIJmfYTGFmAf4gRHGKCaD0qCtI,OK,173940,471570007002010
2106.936,35.0461089,-89.7947008,ChIJaZI6O3Oaf4gRqa_eh0DNj_s,OK,155518,471570213423074
2106.936,35.0461089,-89.7947008,ChIJaZI6O3Oaf4gRqa_eh0DNj_s,OK,155518,471570213423074
2224.941,35.045091,-89.795412,ChIJVelsQnOaf4gRECqTW7fq-dY,OK,162053,471570213423074
2361.568,35.1490317,-90.0140679,ChIJw3q9_xV-1YcRqrte6yBn1CI,OK,144559,471570017001037
2361.568,35.1490317,-90.0140679,ChIJw3q9_xV-1YcRqrte6yBn1CI,OK,144559,471570017001037
2294.625,35.142439,-90.006118,ChIJeUPo2Rt-1YcRdoG2a54M-d0,OK,152558,471570017001037
1889.101,35.1738374,-89.98954379999999,ChIJ_S0BIGOAf4gRU3Ph4W65cOQ,OK,141894,471570007001007
1889.101,35.1738374,-89.98954379999999,ChIJ_S0BIGOAf4gRU3Ph4W65cOQ,OK,141894,471570007001007
2129.15,35.17410499999999,-89.97575479999999,ChIJmfYTGFmAf4gRHGKCaD0qCtI,OK,156294,471570007001007
1562.113,35.0461089,-89.7947008,ChIJaZI6O3Oaf4gRqa_eh0DNj_s,OK,89400,471570213423054
1562.113,35.0461089,-89.7947008,ChIJaZI6O3Oaf4gRqa_eh0DNj_s,OK,89400,471570213423054
1680.118,35.045091,-89.795412,ChIJVelsQnOaf4gRECqTW7fq-dY,OK,95935,471570213423054
1666.383,35.1507888,-89.977317,ChIJdVWrOuqAf4gR-V7s1E3qo7g,OK,97302,471570007001027
1666.383,35.1507888,-89.977317,ChIJdVWrOuqAf4gR-V7s1E3qo7g,OK,97302,471570007001027
2230.787,35.1738374,-89.98954379999999,ChIJ_S0BIGOAf4gRU3Ph4W65cOQ,OK,152597,471570007001027
409.884,35.13779299999999,-89.99118349999999,ChIJUQlZ-K-Af4gRkRKK62-ap5w,OK,39326,471570032001005
409.884,35.13779299999999,-89.99118349999999,ChIJUQlZ-K-Af4gRkRKK62-ap5w,OK,39326,471570032001005
1167.188,35.13418100000001,-89.98599,ChIJnf1_yraAf4gR9pQmD7CXhgg,OK,82580,471570032001005
301.237,35.13779299999999,-89.99118349999999,ChIJUQlZ-K-Af4gRkRKK62-ap5w,OK,31546,471570032001006
301.237,35.13779299999999,-89.99118349999999,ChIJUQlZ-K-Af4gRkRKK62-ap5w,OK,31546,471570032001006
1058.541,35.13418100000001,-89.98599,ChIJnf1_yraAf4gR9pQmD7CXhgg,OK,74800,471570032001006
1052.017,35.0461089,-89.7947008,ChIJaZI6O3Oaf4gRqa_eh0DNj_s,OK,58260,471570213423071
1052.017,35.0461089,-89.7947008,ChIJaZI6O3Oaf4gRqa_eh0DNj_s,OK,58260,471570213423071
1170.022,35.045091,-89.795412,ChIJVelsQnOaf4gRECqTW7fq-dY,OK,64795,471570213423071
1652.103,35.2045576,-89.81176689999999,ChIJ8ROix4Kdf4gR4Su-1OwAUMo,OK,133196,471570211121001
1652.103,35.2045576,-89.81176689999999,ChIJ8ROix4Kdf4gR4Su-1OwAUMo,OK,133196,471570211121001
2708.611,35.2051043,-89.79754849999999,ChIJpRDMlY2df4gRQqHmUo_lzmc,OK,190615,471570211121001
1047.604,35.17410499999999,-89.97575479999999,ChIJmfYTGFmAf4gRHGKCaD0qCtI,OK,80731,471570009002006
1047.604,35.17410499999999,-89.97575479999999,ChIJmfYTGFmAf4gRHGKCaD0qCtI,OK,80731,471570009002006
2213.031,35.1507888,-89.977317,ChIJdVWrOuqAf4gR-V7s1E3qo7g,OK,150655,471570009002006
2332.044,35.1738374,-89.98954379999999,ChIJ_S0BIGOAf4gRU3Ph4W65cOQ,OK,149238,471570006001005
2332.044,35.1738374,-89.98954379999999,ChIJ_S0BIGOAf4gRU3Ph4W65cOQ,OK,149238,471570006001005
3372.593,35.1490317,-90.0140679,ChIJw3q9_xV-1YcRqrte6yBn1CI,OK,211655,471570006001005
1569.435,35.17410499999999,-89.97575479999999,ChIJmfYTGFmAf4gRHGKCaD0qCtI,OK,131621,471570009002010
1569.435,35.17410499999999,-89.97575479999999,ChIJmfYTGFmAf4gRHGKCaD0qCtI,OK,131621,471570009002010
1747.531,35.1738374,-89.98954379999999,ChIJ_S0BIGOAf4gRU3Ph4W65cOQ,OK,133655,471570009002010
1823.552,35.2064292,-89.73436359999999,ChIJP6qgZdGff4gRQoIww3TX5kM,OK,126739,471570210102019
1823.552,35.2064292,-89.73436359999999,ChIJP6qgZdGff4gRQoIww3TX5kM,OK,126739,471570210102019
2279.387,35.2044739,-89.76342459999999,ChIJ3XsJxyKef4gRTeWb3lonWsU,OK,155648,471570210102019
1123.216,35.2072684,-89.7827147,ChIJKdJ2xvqdf4gRKLRUePlbOOs,OK,168178,471570211132025
1123.216,35.2072684,-89.7827147,ChIJKdJ2xvqdf4gRKLRUePlbOOs,OK,168178,471570211132025
1665.92,35.2051043,-89.79754849999999,ChIJpRDMlY2df4gRQqHmUo_lzmc,OK,183411,471570211132025
732.571,35.2072684,-89.7827147,ChIJKdJ2xvqdf4gRKLRUePlbOOs,OK,97864,471570211132029
732.571,35.2072684,-89.7827147,ChIJKdJ2xvqdf4gRKLRUePlbOOs,OK,97864,471570211132029
1604.672,35.2051043,-89.79754849999999,ChIJpRDMlY2df4gRQqHmUo_lzmc,OK,114270,471570211132029
1072.898,35.2044739,-89.76342459999999,ChIJ3XsJxyKef4gRTeWb3lonWsU,OK,82699,471570211414013
1072.898,35.2044739,-89.76342459999999,ChIJ3XsJxyKef4gRTeWb3lonWsU,OK,82699,471570211414013
2456.45,35.2064292,-89.73436359999999,ChIJP6qgZdGff4gRQoIww3TX5kM,OK,130871,471570211414013
5133.228,35.218332,-90.00299799999999,ChIJfRCGEgGA1YcRsZsWP_dycDI,OK,287598,471570101205008
5133.228,35.218332,-90.00299799999999,ChIJfRCGEgGA1YcRsZsWP_dycDI,OK,287598,471570101205008
4693.707,35.21475480000001,-90.00354540000001,ChIJF6XvX_9_1YcRD4jlF4jzevw,OK,296365,471570101205008
950.97,35.2044739,-89.76342459999999,ChIJ3XsJxyKef4gRTeWb3lonWsU,OK,68067,471570211414002
950.97,35.2044739,-89.76342459999999,ChIJ3XsJxyKef4gRTeWb3lonWsU,OK,68067,471570211414002
2187.678,35.2064292,-89.73436359999999,ChIJP6qgZdGff4gRQoIww3TX5kM,OK,117316,471570211414002
1837.692,35.19067459999999,-89.8489943,ChIJ364PGjWdf4gRKbsrGLq8_XQ,OK,118504,471570211123006
1837.692,35.19067459999999,-89.8489943,ChIJ364PGjWdf4gRKbsrGLq8_XQ,OK,118504,471570211123006
3140.196,35.2045576,-89.81176689999999,ChIJ8ROix4Kdf4gR4Su-1OwAUMo,OK,207165,471570211123006
1215.028,35.2064292,-89.73436359999999,ChIJP6qgZdGff4gRQoIww3TX5kM,OK,94105,471570210101134
1215.028,35.2064292,-89.73436359999999,ChIJP6qgZdGff4gRQoIww3TX5kM,OK,94105,471570210101134
3876.932,35.2044739,-89.76342459999999,ChIJ3XsJxyKef4gRTeWb3lonWsU,OK,222283,471570210101134
1450.709,35.2023757,-89.9218691,ChIJvw7rwByCf4gRrAscHKjp1Iw,OK,112765,471570205422037
1450.709,35.2023757,-89.9218691,ChIJvw7rwByCf4gRrAscHKjp1Iw,OK,112765,471570205422037
1616.79,35.210167,-89.919383,ChIJi0gqlgaCf4gRjUvfmHxGMyw,OK,141216,471570205422037
672.718,35.2060393,-89.89459389999999,ChIJN_fdM1CCf4gRqHZ_YUZgoJo,OK,53499,471570205422033
672.718,35.2060393,-89.89459389999999,ChIJN_fdM1CCf4gRqHZ_YUZgoJo,OK,53499,471570205422033
959.758,35.20808669999999,-89.89363879999999,ChIJa1RCwHuCf4gRSSG3nO4uWeI,OK,81010,471570205422033
847.644,35.2064292,-89.73436359999999,ChIJP6qgZdGff4gRQoIww3TX5kM,OK,63230,471570210101132
847.644,35.2064292,-89.73436359999999,ChIJP6qgZdGff4gRQoIww3TX5kM,OK,63230,471570210101132
3509.548,35.2044739,-89.76342459999999,ChIJ3XsJxyKef4gRTeWb3lonWsU,OK,191408,471570210101132
948.587,35.2023757,-89.9218691,ChIJvw7rwByCf4gRrAscHKjp1Iw,OK,113827,471570205421002
948.587,35.2023757,-89.9218691,ChIJvw7rwByCf4gRrAscHKjp1Iw,OK,113827,471570205421002
1683.324,35.210167,-89.919383,ChIJi0gqlgaCf4gRjUvfmHxGMyw,OK,148739,471570205421002
1765.74,35.2051043,-89.79754849999999,ChIJpRDMlY2df4gRQqHmUo_lzmc,OK,100304,471570211212004
1765.74,35.2051043,-89.79754849999999,ChIJpRDMlY2df4gRQqHmUo_lzmc,OK,100304,471570211212004
2230.71,35.2072684,-89.7827147,ChIJKdJ2xvqdf4gRKLRUePlbOOs,OK,157726,471570211212004
1215.221,35.2044739,-89.76342459999999,ChIJ3XsJxyKef4gRTeWb3lonWsU,OK,86485,471570211421085
1215.221,35.2044739,-89.76342459999999,ChIJ3XsJxyKef4gRTeWb3lonWsU,OK,86485,471570211421085
2905.636,35.2074362,-89.7805166,ChIJ62ATRfudf4gRPIrPAXGVsiQ,OK,217971,471570211421085
878.695,35.19067459999999,-89.8489943,ChIJ364PGjWdf4gRKbsrGLq8_XQ,OK,77662,471570206221027
878.695,35.19067459999999,-89.8489943,ChIJ364PGjWdf4gRKbsrGLq8_XQ,OK,77662,471570206221027
3028.089,35.1927931,-89.86922029999999,ChIJAQAAAMCCf4gRZL0qi0KLjtw,OK,228512,471570206221027
599.303,35.2044739,-89.76342459999999,ChIJ3XsJxyKef4gRTeWb3lonWsU,OK,63256,471570211421013
599.303,35.2044739,-89.76342459999999,ChIJ3XsJxyKef4gRTeWb3lonWsU,OK,63256,471570211421013
2289.719,35.2074362,-89.7805166,ChIJ62ATRfudf4gRPIrPAXGVsiQ,OK,194742,471570211421013
1421.296,35.2064292,-89.73436359999999,ChIJP6qgZdGff4gRQoIww3TX5kM,OK,100081,471570210102015
1421.296,35.2064292,-89.73436359999999,ChIJP6qgZdGff4gRQoIww3TX5kM,OK,100081,471570210102015
2848.232,35.2044739,-89.76342459999999,ChIJ3XsJxyKef4gRTeWb3lonWsU,OK,172688,471570210102015
1176.945,35.2064292,-89.73436359999999,ChIJP6qgZdGff4gRQoIww3TX5kM,OK,74806,471570210102014
1176.945,35.2064292,-89.73436359999999,ChIJP6qgZdGff4gRQoIww3TX5kM,OK,74806,471570210102014
2603.881,35.2044739,-89.76342459999999,ChIJ3XsJxyKef4gRTeWb3lonWsU,OK,147413,471570210102014
503.481,35.2044739,-89.76342459999999,ChIJ3XsJxyKef4gRTeWb3lonWsU,OK,37748,471570211421077
503.481,35.2044739,-89.76342459999999,ChIJ3XsJxyKef4gRTeWb3lonWsU,OK,37748,471570211421077
2193.896,35.2074362,-89.7805166,ChIJ62ATRfudf4gRPIrPAXGVsiQ,OK,169234,471570211421077
768.917,35.2064292,-89.73436359999999,ChIJP6qgZdGff4gRQoIww3TX5kM,OK,48985,471570210102012
768.917,35.2064292,-89.73436359999999,ChIJP6qgZdGff4gRQoIww3TX5kM,OK,48985,471570210102012
3430.821,35.2044739,-89.76342459999999,ChIJ3XsJxyKef4gRTeWb3lonWsU,OK,177163,471570210102012
967.401,35.2023757,-89.9218691,ChIJvw7rwByCf4gRrAscHKjp1Iw,OK,116085,471570205421018
967.401,35.2023757,-89.9218691,ChIJvw7rwByCf4gRrAscHKjp1Iw,OK,116085,471570205421018
1757.039,35.210167,-89.919383,ChIJi0gqlgaCf4gRjUvfmHxGMyw,OK,148893,471570205421018
840.377,35.2064292,-89.73436359999999,ChIJP6qgZdGff4gRQoIww3TX5kM,OK,59805,471570210102001
840.377,35.2064292,-89.73436359999999,ChIJP6qgZdGff4gRQoIww3TX5kM,OK,59805,471570210102001
2801.929,35.2044739,-89.76342459999999,ChIJ3XsJxyKef4gRTeWb3lonWsU,OK,156468,471570210102001
789.66,35.2064292,-89.73436359999999,ChIJP6qgZdGff4gRQoIww3TX5kM,OK,57838,471570210102006
789.66,35.2064292,-89.73436359999999,ChIJP6qgZdGff4gRQoIww3TX5kM,OK,57838,471570210102006
2751.213,35.2044739,-89.76342459999999,ChIJ3XsJxyKef4gRTeWb3lonWsU,OK,154501,471570210102006
698.543,35.1087458,-90.0211918,ChIJe6w2EsF91YcRquzVZc8M0-I,OK,50472,471570115001020
698.543,35.1087458,-90.0211918,ChIJe6w2EsF91YcRquzVZc8M0-I,OK,50472,471570115001020
699.184,35.10874099999999,-90.021185,ChIJrVbiDcF91YcRG9TBOTpHc3I,OK,50549,471570115001020
3245.082,35.1145886,-89.90089789999999,ChIJKWmlFW6Ef4gR0YNISWQMkss,OK,282695,471570096001042
3245.082,35.1145886,-89.90089789999999,ChIJKWmlFW6Ef4gR0YNISWQMkss,OK,282695,471570096001042
3215.116,35.1153996,-89.89414069999999,ChIJCb4NOWWEf4gR79YlPQoocW4,OK,288068,471570096001042
810.246,35.1087458,-90.0211918,ChIJe6w2EsF91YcRquzVZc8M0-I,OK,46602,471570115001030
810.246,35.1087458,-90.0211918,ChIJe6w2EsF91YcRquzVZc8M0-I,OK,46602,471570115001030
810.887,35.10874099999999,-90.021185,ChIJrVbiDcF91YcRG9TBOTpHc3I,OK,46679,471570115001030
3394.096,35.1145886,-89.90089789999999,ChIJKWmlFW6Ef4gR0YNISWQMkss,OK,309516,471570096001030
3394.096,35.1145886,-89.90089789999999,ChIJKWmlFW6Ef4gR0YNISWQMkss,OK,309516,471570096001030
3364.13,35.1153996,-89.89414069999999,ChIJCb4NOWWEf4gR79YlPQoocW4,OK,314889,471570096001030
936.194,35.1087458,-90.0211918,ChIJe6w2EsF91YcRquzVZc8M0-I,OK,53577,471570115001029
936.194,35.1087458,-90.0211918,ChIJe6w2EsF91YcRquzVZc8M0-I,OK,53577,471570115001029
936.835,35.10874099999999,-90.021185,ChIJrVbiDcF91YcRG9TBOTpHc3I,OK,53654,471570115001029
2355.084,35.098685,-90.05664899999999,ChIJ31qwBkJ81YcRk2V5pdmdhrM,OK,152500,471570117001106
2355.084,35.098685,-90.05664899999999,ChIJ31qwBkJ81YcRk2V5pdmdhrM,OK,152500,471570117001106
2744.076,35.095133,-90.05542799999999,ChIJATnUo0J81YcRpbAuNwXeqRw,OK,174044,471570117001106
1067.488,35.1087458,-90.0211918,ChIJe6w2EsF91YcRquzVZc8M0-I,OK,60847,471570115001028
1067.488,35.1087458,-90.0211918,ChIJe6w2EsF91YcRquzVZc8M0-I,OK,60847,471570115001028
1068.129,35.10874099999999,-90.021185,ChIJrVbiDcF91YcRG9TBOTpHc3I,OK,60924,471570115001028
3122.367,35.1145886,-89.90089789999999,ChIJKWmlFW6Ef4gR0YNISWQMkss,OK,260607,471570096001044
3122.367,35.1145886,-89.90089789999999,ChIJKWmlFW6Ef4gR0YNISWQMkss,OK,260607,471570096001044
3092.401,35.1153996,-89.89414069999999,ChIJCb4NOWWEf4gR79YlPQoocW4,OK,265980,471570096001044
3273.373,35.1145886,-89.90089789999999,ChIJKWmlFW6Ef4gR0YNISWQMkss,OK,238602,471570096001048
3273.373,35.1145886,-89.90089789999999,ChIJKWmlFW6Ef4gR0YNISWQMkss,OK,238602,471570096001048
3243.407,35.1153996,-89.89414069999999,ChIJCb4NOWWEf4gR79YlPQoocW4,OK,243975,471570096001048
3336.084,35.1145886,-89.90089789999999,ChIJKWmlFW6Ef4gR0YNISWQMkss,OK,249890,471570096001038
3336.084,35.1145886,-89.90089789999999,ChIJKWmlFW6Ef4gR0YNISWQMkss,OK,249890,471570096001038
3306.118,35.1153996,-89.89414069999999,ChIJCb4NOWWEf4gR79YlPQoocW4,OK,255263,471570096001038
3047.274,35.1145886,-89.90089789999999,ChIJKWmlFW6Ef4gR0YNISWQMkss,OK,247090,471570096001031
3047.274,35.1145886,-89.90089789999999,ChIJKWmlFW6Ef4gR0YNISWQMkss,OK,247090,471570096001031
3017.308,35.1153996,-89.89414069999999,ChIJCb4NOWWEf4gR79YlPQoocW4,OK,252463,471570096001031
527.917,35.1060329,-90.039159,ChIJ231bcjV81YcRQ1quDeYAd6M,OK,39683,471570059002030
527.917,35.1060329,-90.039159,ChIJ231bcjV81YcRQ1quDeYAd6M,OK,39683,471570059002030
1565.552,35.1087458,-90.0211918,ChIJe6w2EsF91YcRquzVZc8M0-I,OK,91732,471570059002030
611.268,35.1060329,-90.039159,ChIJ231bcjV81YcRQ1quDeYAd6M,OK,44683,471570059002031
611.268,35.1060329,-90.039159,ChIJ231bcjV81YcRQ1quDeYAd6M,OK,44683,471570059002031
1482.202,35.1087458,-90.0211918,ChIJe6w2EsF91YcRquzVZc8M0-I,OK,86731,471570059002031
894.204,35.1060329,-90.039159,ChIJ231bcjV81YcRQ1quDeYAd6M,OK,68097,471570059001014
894.204,35.1060329,-90.039159,ChIJ231bcjV81YcRQ1quDeYAd6M,OK,68097,471570059001014
1211.595,35.1087458,-90.0211918,ChIJe6w2EsF91YcRquzVZc8M0-I,OK,77362,471570059001014
3226.744,35.1145886,-89.90089789999999,ChIJKWmlFW6Ef4gR0YNISWQMkss,OK,279395,471570096001021
3226.744,35.1145886,-89.90089789999999,ChIJKWmlFW6Ef4gR0YNISWQMkss,OK,279395,471570096001021
3196.778,35.1153996,-89.89414069999999,ChIJCb4NOWWEf4gR79YlPQoocW4,OK,284768,471570096001021
3007.937,35.1145886,-89.90089789999999,ChIJKWmlFW6Ef4gR0YNISWQMkss,OK,240008,471570096001040
3007.937,35.1145886,-89.90089789999999,ChIJKWmlFW6Ef4gR0YNISWQMkss,OK,240008,471570096001040
2977.971,35.1153996,-89.89414069999999,ChIJCb4NOWWEf4gR79YlPQoocW4,OK,245381,471570096001040
3800.003,35.098685,-90.05664899999999,ChIJ31qwBkJ81YcRk2V5pdmdhrM,OK,235369,471579802001023
3800.003,35.098685,-90.05664899999999,ChIJ31qwBkJ81YcRk2V5pdmdhrM,OK,235369,471579802001023
4188.996,35.095133,-90.05542799999999,ChIJATnUo0J81YcRpbAuNwXeqRw,OK,256913,471579802001023
3387.874,35.098685,-90.05664899999999,ChIJ31qwBkJ81YcRk2V5pdmdhrM,OK,194158,471570053003003
3387.874,35.098685,-90.05664899999999,ChIJ31qwBkJ81YcRk2V5pdmdhrM,OK,194158,471570053003003
3776.866,35.095133,-90.05542799999999,ChIJATnUo0J81YcRpbAuNwXeqRw,OK,215702,471570053003003
1855.527,35.098685,-90.05664899999999,ChIJ31qwBkJ81YcRk2V5pdmdhrM,OK,114295,471570117001133
1855.527,35.098685,-90.05664899999999,ChIJ31qwBkJ81YcRk2V5pdmdhrM,OK,114295,471570117001133
2244.52,35.095133,-90.05542799999999,ChIJATnUo0J81YcRpbAuNwXeqRw,OK,135839,471570117001133
6325.072,35.1087458,-90.0211918,ChIJe6w2EsF91YcRquzVZc8M0-I,OK,326585,471570115004021
6325.072,35.1087458,-90.0211918,ChIJe6w2EsF91YcRquzVZc8M0-I,OK,326585,471570115004021
6325.714,35.10874099999999,-90.021185,ChIJrVbiDcF91YcRG9TBOTpHc3I,OK,326662,471570115004021
3040.304,35.1145886,-89.90089789999999,ChIJKWmlFW6Ef4gR0YNISWQMkss,OK,245836,471570096001046
3040.304,35.1145886,-89.90089789999999,ChIJKWmlFW6Ef4gR0YNISWQMkss,OK,245836,471570096001046
3010.338,35.1153996,-89.89414069999999,ChIJCb4NOWWEf4gR79YlPQoocW4,OK,251209,471570096001046
2777.2,35.1145886,-89.90089789999999,ChIJKWmlFW6Ef4gR0YNISWQMkss,OK,198478,471570096001050
2777.2,35.1145886,-89.90089789999999,ChIJKWmlFW6Ef4gR0YNISWQMkss,OK,198478,471570096001050
2747.234,35.1153996,-89.89414069999999,ChIJCb4NOWWEf4gR79YlPQoocW4,OK,203851,471570096001050
1148.299,35.098685,-90.05664899999999,ChIJ31qwBkJ81YcRk2V5pdmdhrM,OK,69707,471570117001130
2776.144,35.0333519,-90.02557630000001,ChIJK8z8Ksxi1YcRt8pxxgP2SA4,OK,205813,471570223221004
2776.144,35.0333519,-90.02557630000001,ChIJK8z8Ksxi1YcRt8pxxgP2SA4,OK,205813,471570223221004
2776.238,35.033351,-90.02556199999999,ChIJY7ePKsxi1YcRIP55gZFchMw,OK,205818,471570223221004
2888.549,35.0333519,-90.02557630000001,ChIJK8z8Ksxi1YcRt8pxxgP2SA4,OK,219302,471570223221001
2888.549,35.0333519,-90.02557630000001,ChIJK8z8Ksxi1YcRt8pxxgP2SA4,OK,219302,471570223221001
2888.643,35.033351,-90.02556199999999,ChIJY7ePKsxi1YcRIP55gZFchMw,OK,219307,471570223221001
2475.373,35.0225458,-90.0257415,ChIJnc94gMRi1YcRKYztFRuX2Yw,OK,188759,471570223221010
2475.373,35.0225458,-90.0257415,ChIJnc94gMRi1YcRKYztFRuX2Yw,OK,188759,471570223221010
3677.114,35.0333519,-90.02557630000001,ChIJK8z8Ksxi1YcRt8pxxgP2SA4,OK,255312,471570223221010
2257.424,35.0225458,-90.0257415,ChIJnc94gMRi1YcRKYztFRuX2Yw,OK,162606,471570223221011
2257.424,35.0225458,-90.0257415,ChIJnc94gMRi1YcRKYztFRuX2Yw,OK,162606,471570223221011
3459.165,35.0333519,-90.02557630000001,ChIJK8z8Ksxi1YcRt8pxxgP2SA4,OK,229159,471570223221011
2084.466,35.0225458,-90.0257415,ChIJnc94gMRi1YcRKYztFRuX2Yw,OK,132478,471570227003000
2084.466,35.0225458,-90.0257415,ChIJnc94gMRi1YcRKYztFRuX2Yw,OK,132478,471570227003000
3284.34,35.03203000000001,-90.025994,ChIJr7k5Z85i1YcR_daVhG2vNFM,OK,214982,471570227003000
3732.977,35.1439641,-90.0517892,ChIJL-0zBZR-1YcRj7p5p1WY4-g,OK,269953,471570001003048
3732.977,35.1439641,-90.0517892,ChIJL-0zBZR-1YcRj7p5p1WY4-g,OK,269953,471570001003048
3941.893,35.1450994,-90.0538646,ChIJne6_s5V-1YcRn_LPaqiwhrk,OK,275407,471570001003048
1924.039,35.0333519,-90.02557630000001,ChIJK8z8Ksxi1YcRt8pxxgP2SA4,OK,113048,471570220242001
1924.039,35.0333519,-90.02557630000001,ChIJK8z8Ksxi1YcRt8pxxgP2SA4,OK,113048,471570220242001
1924.133,35.033351,-90.02556199999999,ChIJY7ePKsxi1YcRIP55gZFchMw,OK,113053,471570220242001
1472.637,35.0225458,-90.0257415,ChIJnc94gMRi1YcRKYztFRuX2Yw,OK,103825,471570221213007
1472.637,35.0225458,-90.0257415,ChIJnc94gMRi1YcRKYztFRuX2Yw,OK,103825,471570221213007
1829.165,35.021381,-90.020287,ChIJnVfwxMBi1YcR65EtGsZDcOY,OK,124311,471570221213007
2274.18,35.0333519,-90.02557630000001,ChIJK8z8Ksxi1YcRt8pxxgP2SA4,OK,167215,471570221114007
2274.18,35.0333519,-90.02557630000001,ChIJK8z8Ksxi1YcRt8pxxgP2SA4,OK,167215,471570221114007
2274.274,35.033351,-90.02556199999999,ChIJY7ePKsxi1YcRIP55gZFchMw,OK,167220,471570221114007
2369.363,35.1546312,-89.79260459999999,ChIJ8UeuSEecf4gRniit7ubZLtM,OK,187410,471570211374020
2369.363,35.1546312,-89.79260459999999,ChIJ8UeuSEecf4gRniit7ubZLtM,OK,187410,471570211374020
2152.424,35.14868459999999,-89.7948203,ChIJ4w9Lr2qcf4gRHdzl9FciAFM,OK,194461,471570211374020
1660.406,35.0225458,-90.0257415,ChIJnc94gMRi1YcRKYztFRuX2Yw,OK,121144,471570221113011
1660.406,35.0225458,-90.0257415,ChIJnc94gMRi1YcRKYztFRuX2Yw,OK,121144,471570221113011
2862.146,35.0333519,-90.02557630000001,ChIJK8z8Ksxi1YcRt8pxxgP2SA4,OK,187697,471570221113011
1689.956,35.0225458,-90.0257415,ChIJnc94gMRi1YcRKYztFRuX2Yw,OK,119550,471570221113009
1689.956,35.0225458,-90.0257415,ChIJnc94gMRi1YcRKYztFRuX2Yw,OK,119550,471570221113009
2596.199,35.0333519,-90.02557630000001,ChIJK8z8Ksxi1YcRt8pxxgP2SA4,OK,183725,471570221113009
1448.376,35.0225458,-90.0257415,ChIJnc94gMRi1YcRKYztFRuX2Yw,OK,94791,471570221113018
1448.376,35.0225458,-90.0257415,ChIJnc94gMRi1YcRKYztFRuX2Yw,OK,94791,471570221113018
2650.117,35.0333519,-90.02557630000001,ChIJK8z8Ksxi1YcRt8pxxgP2SA4,OK,161344,471570221113018
208.702,35.0225458,-90.0257415,ChIJnc94gMRi1YcRKYztFRuX2Yw,OK,11704,471570221113019
208.702,35.0225458,-90.0257415,ChIJnc94gMRi1YcRKYztFRuX2Yw,OK,11704,471570221113019
565.23,35.021381,-90.020287,ChIJnVfwxMBi1YcR65EtGsZDcOY,OK,32190,471570221113019
1434.562,35.0225458,-90.0257415,ChIJnc94gMRi1YcRKYztFRuX2Yw,OK,93133,471570221113012
1434.562,35.0225458,-90.0257415,ChIJnc94gMRi1YcRKYztFRuX2Yw,OK,93133,471570221113012
2636.303,35.0333519,-90.02557630000001,ChIJK8z8Ksxi1YcRt8pxxgP2SA4,OK,159686,471570221113012
834.671,35.0225458,-90.0257415,ChIJnc94gMRi1YcRKYztFRuX2Yw,OK,49260,471570221113017
834.671,35.0225458,-90.0257415,ChIJnc94gMRi1YcRKYztFRuX2Yw,OK,49260,471570221113017
1191.199,35.021381,-90.020287,ChIJnVfwxMBi1YcR65EtGsZDcOY,OK,69746,471570221113017
986.283,35.0225458,-90.0257415,ChIJnc94gMRi1YcRKYztFRuX2Yw,OK,82352,471570221113014
986.283,35.0225458,-90.0257415,ChIJnc94gMRi1YcRKYztFRuX2Yw,OK,82352,471570221113014
1342.811,35.021381,-90.020287,ChIJnVfwxMBi1YcR65EtGsZDcOY,OK,102838,471570221113014
1299.309,35.0225458,-90.0257415,ChIJnc94gMRi1YcRKYztFRuX2Yw,OK,79858,471570221213002
1299.309,35.0225458,-90.0257415,ChIJnc94gMRi1YcRKYztFRuX2Yw,OK,79858,471570221213002
1655.837,35.021381,-90.020287,ChIJnVfwxMBi1YcR65EtGsZDcOY,OK,100344,471570221213002
5680.24,35.054745,-90.007971,ChIJXxyyQlt91YcRhldtWgjSnSE,OK,302112,471570225001038
5680.24,35.054745,-90.007971,ChIJXxyyQlt91YcRhldtWgjSnSE,OK,302112,471570225001038
6112.088,35.05407199999999,-90.00125899999999,ChIJIzdhk1h91YcRZT7cBcBslaM,OK,318151,471570225001038
1973.597,35.054745,-90.007971,ChIJXxyyQlt91YcRhldtWgjSnSE,OK,135983,471570225001059
1973.597,35.054745,-90.007971,ChIJXxyyQlt91YcRhldtWgjSnSE,OK,135983,471570225001059
2405.446,35.05407199999999,-90.00125899999999,ChIJIzdhk1h91YcRZT7cBcBslaM,OK,152022,471570225001059
3210.608,35.054745,-90.007971,ChIJXxyyQlt91YcRhldtWgjSnSE,OK,178891,471570225001040
3210.608,35.054745,-90.007971,ChIJXxyyQlt91YcRhldtWgjSnSE,OK,178891,471570225001040
3642.456,35.05407199999999,-90.00125899999999,ChIJIzdhk1h91YcRZT7cBcBslaM,OK,194930,471570225001040
5892.932,35.054745,-90.007971,ChIJXxyyQlt91YcRhldtWgjSnSE,OK,313080,471570225001037
5892.932,35.054745,-90.007971,ChIJXxyyQlt91YcRhldtWgjSnSE,OK,313080,471570225001037
6324.78,35.05407199999999,-90.00125899999999,ChIJIzdhk1h91YcRZT7cBcBslaM,OK,329119,471570225001037
2122.232,35.054745,-90.007971,ChIJXxyyQlt91YcRhldtWgjSnSE,OK,125406,471570225001114
2122.232,35.054745,-90.007971,ChIJXxyyQlt91YcRhldtWgjSnSE,OK,125406,471570225001114
2325.331,35.16339899999999,-89.855841,ChIJA_xfkC6Df4gRAjVZwLz1jqA,OK,161174,471570211113006
2325.331,35.16339899999999,-89.855841,ChIJA_xfkC6Df4gRAjVZwLz1jqA,OK,161174,471570211113006
2398.715,35.1623785,-89.8566175,ChIJXQHWWS6Df4gRqhH5EQ9H1j0,OK,170033,471570211113006
282.301,35.049031,-89.841437,ChIJt6vl46-af4gRvoN8Yvkmx9A,OK,38524,471570217242005
282.301,35.049031,-89.841437,ChIJt6vl46-af4gRvoN8Yvkmx9A,OK,38524,471570217242005
413.236,35.0490562,-89.84441600000001,ChIJCUulJK6af4gR7vOP_qSrYdM,OK,47300,471570217242005
4505.004,35.14868459999999,-89.7948203,ChIJ4w9Lr2qcf4gRHdzl9FciAFM,OK,379939,471579804001028
4505.004,35.14868459999999,-89.7948203,ChIJ4w9Lr2qcf4gRHdzl9FciAFM,OK,379939,471579804001028
5271.166,35.1546312,-89.79260459999999,ChIJ8UeuSEecf4gRniit7ubZLtM,OK,400638,471579804001028
3873.28,35.0477573,-89.86637909999999,ChIJ5_0L5VyFf4gR4HBEwl6nmRE,OK,259974,471570217414009
3873.28,35.0477573,-89.86637909999999,ChIJ5_0L5VyFf4gR4HBEwl6nmRE,OK,259974,471570217414009
4444.118,35.050596,-89.869556,ChIJQ4vLA2iFf4gRyyCo3ihKH44,OK,298703,471570217414009
497.391,35.0493493,-89.855357,ChIJH2Nw4lGFf4gRq0vxk4n5iAE,OK,61301,471570217322000
497.391,35.0493493,-89.855357,ChIJH2Nw4lGFf4gRq0vxk4n5iAE,OK,61301,471570217322000
758.92,35.0501932,-89.8529489,ChIJJ3DCd1KFf4gRBb2DFEnzV7w,OK,71312,471570217322000
1864.604,35.0493563,-89.83813929999999,ChIJjRQNzqSaf4gRxmNqB0YAYGM,OK,101476,471570217241020
1864.604,35.0493563,-89.83813929999999,ChIJjRQNzqSaf4gRxmNqB0YAYGM,OK,101476,471570217241020
2186.369,35.049031,-89.841437,ChIJt6vl46-af4gRvoN8Yvkmx9A,OK,124318,471570217241020
69.327,35.1546312,-89.79260459999999,ChIJ8UeuSEecf4gRniit7ubZLtM,OK,8319,471570211353043
69.327,35.1546312,-89.79260459999999,ChIJ8UeuSEecf4gRniit7ubZLtM,OK,8319,471570211353043
1172.527,35.14868459999999,-89.7948203,ChIJ4w9Lr2qcf4gRHdzl9FciAFM,OK,80559,471570211353043
1018.821,35.2072684,-89.7827147,ChIJKdJ2xvqdf4gRKLRUePlbOOs,OK,141764,471570211132040
1018.821,35.2072684,-89.7827147,ChIJKdJ2xvqdf4gRKLRUePlbOOs,OK,141764,471570211132040
1890.923,35.2051043,-89.79754849999999,ChIJpRDMlY2df4gRQqHmUo_lzmc,OK,158170,471570211132040
1020.946,35.0477573,-89.86637909999999,ChIJ5_0L5VyFf4gR4HBEwl6nmRE,OK,89066,471570217322001
1020.946,35.0477573,-89.86637909999999,ChIJ5_0L5VyFf4gR4HBEwl6nmRE,OK,89066,471570217322001
795.778,35.0493493,-89.855357,ChIJH2Nw4lGFf4gRq0vxk4n5iAE,OK,89827,471570217322001
885.387,35.0461089,-89.7947008,ChIJaZI6O3Oaf4gRqa_eh0DNj_s,OK,70408,471570213423086
885.387,35.0461089,-89.7947008,ChIJaZI6O3Oaf4gRqa_eh0DNj_s,OK,70408,471570213423086
1003.392,35.045091,-89.795412,ChIJVelsQnOaf4gRECqTW7fq-dY,OK,76943,471570213423086
614.182,35.0490562,-89.84441600000001,ChIJCUulJK6af4gR7vOP_qSrYdM,OK,40907,471570217321023
614.182,35.0490562,-89.84441600000001,ChIJCUulJK6af4gR7vOP_qSrYdM,OK,40907,471570217321023
917.805,35.049031,-89.841437,ChIJt6vl46-af4gRvoN8Yvkmx9A,OK,56197,471570217321023
1331.651,35.2051043,-89.79754849999999,ChIJpRDMlY2df4gRQqHmUo_lzmc,OK,126503,471570211132030
1242.402,35.2072684,-89.7827147,ChIJKdJ2xvqdf4gRKLRUePlbOOs,OK,162113,471570211132030
1242.402,35.2072684,-89.7827147,ChIJKdJ2xvqdf4gRKLRUePlbOOs,OK,162113,471570211132030
2611.12,35.1546312,-89.79260459999999,ChIJ8UeuSEecf4gRniit7ubZLtM,OK,196483,471570211251030
2611.12,35.1546312,-89.79260459999999,ChIJ8UeuSEecf4gRniit7ubZLtM,OK,196483,471570211251030
2991.007,35.14868459999999,-89.7948203,ChIJ4w9Lr2qcf4gRHdzl9FciAFM,OK,215983,471570211251030
6831.842,35.14868459999999,-89.7948203,ChIJ4w9Lr2qcf4gRHdzl9FciAFM,OK,420155,471570211391023
6831.842,35.14868459999999,-89.7948203,ChIJ4w9Lr2qcf4gRHdzl9FciAFM,OK,420155,471570211391023
7598.004,35.1546312,-89.79260459999999,ChIJ8UeuSEecf4gRniit7ubZLtM,OK,440854,471570211391023
826.624,35.2074362,-89.7805166,ChIJ62ATRfudf4gRPIrPAXGVsiQ,OK,83646,471570211132034
826.624,35.2074362,-89.7805166,ChIJ62ATRfudf4gRPIrPAXGVsiQ,OK,83646,471570211132034
1632.727,35.2044739,-89.76342459999999,ChIJ3XsJxyKef4gRTeWb3lonWsU,OK,90685,471570211132034
2351.517,35.04577219999999,-89.82821469999999,ChIJL-jEaJmaf4gREtYdkYi2nAs,OK,141256,471570213341028
2537.02,35.05113000000001,-89.815021,ChIJAdLMX4iaf4gRUenKpoiyrBc,OK,155648,471570213341028
2537.02,35.05113000000001,-89.815021,ChIJAdLMX4iaf4gRUenKpoiyrBc,OK,155648,471570213341028
1233.468,35.2051043,-89.79754849999999,ChIJpRDMlY2df4gRQqHmUo_lzmc,OK,108831,471570211132032
1233.468,35.2051043,-89.79754849999999,ChIJpRDMlY2df4gRQqHmUo_lzmc,OK,108831,471570211132032
1698.438,35.2072684,-89.7827147,ChIJKdJ2xvqdf4gRKLRUePlbOOs,OK,166253,471570211132032
2568.146,35.16339899999999,-89.855841,ChIJA_xfkC6Df4gRAjVZwLz1jqA,OK,168372,471570211113026
2568.146,35.16339899999999,-89.855841,ChIJA_xfkC6Df4gRAjVZwLz1jqA,OK,168372,471570211113026
2641.529,35.1623785,-89.8566175,ChIJXQHWWS6Df4gRqhH5EQ9H1j0,OK,177231,471570211113026
3903.41,35.14868459999999,-89.7948203,ChIJ4w9Lr2qcf4gRHdzl9FciAFM,OK,351850,471570211371013
3903.41,35.14868459999999,-89.7948203,ChIJ4w9Lr2qcf4gRHdzl9FciAFM,OK,351850,471570211371013
4325.656,35.1546312,-89.79260459999999,ChIJ8UeuSEecf4gRniit7ubZLtM,OK,368316,471570211371013
3556.747,35.1546312,-89.79260459999999,ChIJ8UeuSEecf4gRniit7ubZLtM,OK,225094,471570211351018
3556.747,35.1546312,-89.79260459999999,ChIJ8UeuSEecf4gRniit7ubZLtM,OK,225094,471570211351018
3936.635,35.14868459999999,-89.7948203,ChIJ4w9Lr2qcf4gRHdzl9FciAFM,OK,244594,471570211351018
2418.896,35.220637,-89.892425,ChIJiZ78r4Z4f4gRyy0DWRWI7n0,OK,220830,471570205324000
2418.896,35.220637,-89.892425,ChIJiZ78r4Z4f4gRyy0DWRWI7n0,OK,220830,471570205324000
3389.652,35.223866,-89.90499,ChIJJRXCRJh4f4gRcTFbl9qZzNM,OK,299776,471570205324000
1329.927,35.2044739,-89.76342459999999,ChIJ3XsJxyKef4gRTeWb3lonWsU,OK,97060,471570211411005
1329.927,35.2044739,-89.76342459999999,ChIJ3XsJxyKef4gRTeWb3lonWsU,OK,97060,471570211411005
3020.343,35.2074362,-89.7805166,ChIJ62ATRfudf4gRPIrPAXGVsiQ,OK,228546,471570211411005
1608.252,35.0374859,-89.93716700000002,ChIJESgedaeIf4gRXlLu5ht4wNo,OK,95892,471570110201024
1894.592,35.05113000000001,-89.815021,ChIJAdLMX4iaf4gRUenKpoiyrBc,OK,144967,471570217441007
2089.898,35.04577219999999,-89.82821469999999,ChIJL-jEaJmaf4gREtYdkYi2nAs,OK,151671,471570217441007
2089.898,35.04577219999999,-89.82821469999999,ChIJL-jEaJmaf4gREtYdkYi2nAs,OK,151671,471570217441007
1676.523,35.2051043,-89.79754849999999,ChIJpRDMlY2df4gRQqHmUo_lzmc,OK,95363,471570211212000
1676.523,35.2051043,-89.79754849999999,ChIJpRDMlY2df4gRQqHmUo_lzmc,OK,95363,471570211212000
2141.493,35.2072684,-89.7827147,ChIJKdJ2xvqdf4gRKLRUePlbOOs,OK,152785,471570211212000
3445.545,35.2051043,-89.79754849999999,ChIJpRDMlY2df4gRQqHmUo_lzmc,OK,232343,471570211422010
3910.514,35.2072684,-89.7827147,ChIJKdJ2xvqdf4gRKLRUePlbOOs,OK,289765,471570211422010
3910.514,35.2072684,-89.7827147,ChIJKdJ2xvqdf4gRKLRUePlbOOs,OK,289765,471570211422010
800.183,35.2044739,-89.76342459999999,ChIJ3XsJxyKef4gRTeWb3lonWsU,OK,73351,471570211421066
800.183,35.2044739,-89.76342459999999,ChIJ3XsJxyKef4gRTeWb3lonWsU,OK,73351,471570211421066
2490.598,35.2074362,-89.7805166,ChIJ62ATRfudf4gRPIrPAXGVsiQ,OK,204837,471570211421066
1728.522,35.2044739,-89.76342459999999,ChIJ3XsJxyKef4gRTeWb3lonWsU,OK,124858,471570211421030
1728.522,35.2044739,-89.76342459999999,ChIJ3XsJxyKef4gRTeWb3lonWsU,OK,124858,471570211421030
3418.937,35.2074362,-89.7805166,ChIJ62ATRfudf4gRPIrPAXGVsiQ,OK,256344,471570211421030
2617.456,35.1546312,-89.79260459999999,ChIJ8UeuSEecf4gRniit7ubZLtM,OK,142554,471570211261000
2617.456,35.1546312,-89.79260459999999,ChIJ8UeuSEecf4gRniit7ubZLtM,OK,142554,471570211261000
2997.344,35.14868459999999,-89.7948203,ChIJ4w9Lr2qcf4gRHdzl9FciAFM,OK,162054,471570211261000
2122.076,35.2044739,-89.76342459999999,ChIJ3XsJxyKef4gRTeWb3lonWsU,OK,156008,471570211421058
3812.491,35.2074362,-89.7805166,ChIJ62ATRfudf4gRPIrPAXGVsiQ,OK,287494,471570211421058
3812.491,35.2074362,-89.7805166,ChIJ62ATRfudf4gRPIrPAXGVsiQ,OK,287494,471570211421058
501.025,35.0745932,-89.9204618,ChIJPX58KNGFf4gRLgBWAHPwusk,OK,40984,471570106101030
501.025,35.0745932,-89.9204618,ChIJPX58KNGFf4gRLgBWAHPwusk,OK,40984,471570106101030
1179.664,35.0757114,-89.9271675,ChIJ-d7FIHmGf4gR6Aa1VQWm0ps,OK,81700,471570106101030
3032.853,35.1546312,-89.79260459999999,ChIJ8UeuSEecf4gRniit7ubZLtM,OK,214692,471570211353007
3032.853,35.1546312,-89.79260459999999,ChIJ8UeuSEecf4gRniit7ubZLtM,OK,214692,471570211353007
3980.315,35.14868459999999,-89.7948203,ChIJ4w9Lr2qcf4gRHdzl9FciAFM,OK,268244,471570211353007
3295.417,35.2051043,-89.79754849999999,ChIJpRDMlY2df4gRQqHmUo_lzmc,OK,209091,471570211422026
3760.387,35.2072684,-89.7827147,ChIJKdJ2xvqdf4gRKLRUePlbOOs,OK,266513,471570211422026
3760.387,35.2072684,-89.7827147,ChIJKdJ2xvqdf4gRKLRUePlbOOs,OK,266513,471570211422026
1680.362,35.1546312,-89.79260459999999,ChIJ8UeuSEecf4gRniit7ubZLtM,OK,102267,471570211362067
1680.362,35.1546312,-89.79260459999999,ChIJ8UeuSEecf4gRniit7ubZLtM,OK,102267,471570211362067
2627.824,35.14868459999999,-89.7948203,ChIJ4w9Lr2qcf4gRHdzl9FciAFM,OK,155819,471570211362067
3125.299,35.2044739,-89.76342459999999,ChIJ3XsJxyKef4gRTeWb3lonWsU,OK,239054,471570211422004
4771.744,35.2072684,-89.7827147,ChIJKdJ2xvqdf4gRKLRUePlbOOs,OK,350649,471570211422004
4771.744,35.2072684,-89.7827147,ChIJKdJ2xvqdf4gRKLRUePlbOOs,OK,350649,471570211422004
3500.232,35.2044739,-89.76342459999999,ChIJ3XsJxyKef4gRTeWb3lonWsU,OK,255572,471570210102031
3500.232,35.2044739,-89.76342459999999,ChIJ3XsJxyKef4gRTeWb3lonWsU,OK,255572,471570210102031
5289.106,35.2064292,-89.73436359999999,ChIJP6qgZdGff4gRQoIww3TX5kM,OK,305625,471570210102031
2995.393,35.2044739,-89.76342459999999,ChIJ3XsJxyKef4gRTeWb3lonWsU,OK,214638,471570211422006
4641.838,35.2072684,-89.7827147,ChIJKdJ2xvqdf4gRKLRUePlbOOs,OK,326233,471570211422006
4641.838,35.2072684,-89.7827147,ChIJKdJ2xvqdf4gRKLRUePlbOOs,OK,326233,471570211422006
2303.964,35.1546312,-89.79260459999999,ChIJ8UeuSEecf4gRniit7ubZLtM,OK,163934,471570211352006
2303.964,35.1546312,-89.79260459999999,ChIJ8UeuSEecf4gRniit7ubZLtM,OK,163934,471570211352006
2683.852,35.14868459999999,-89.7948203,ChIJ4w9Lr2qcf4gRHdzl9FciAFM,OK,183434,471570211352006
2872.994,35.2044739,-89.76342459999999,ChIJ3XsJxyKef4gRTeWb3lonWsU,OK,205826,471570211422002
4519.439,35.2072684,-89.7827147,ChIJKdJ2xvqdf4gRKLRUePlbOOs,OK,317421,471570211422002
4519.439,35.2072684,-89.7827147,ChIJKdJ2xvqdf4gRKLRUePlbOOs,OK,317421,471570211422002
2151.83,35.2044739,-89.76342459999999,ChIJ3XsJxyKef4gRTeWb3lonWsU,OK,174760,471570210102028
2151.83,35.2044739,-89.76342459999999,ChIJ3XsJxyKef4gRTeWb3lonWsU,OK,174760,471570210102028
3842.245,35.2074362,-89.7805166,ChIJ62ATRfudf4gRPIrPAXGVsiQ,OK,306246,471570210102028
1364.704,35.2044739,-89.76342459999999,ChIJ3XsJxyKef4gRTeWb3lonWsU,OK,87049,471570210102023
1364.704,35.2044739,-89.76342459999999,ChIJ3XsJxyKef4gRTeWb3lonWsU,OK,87049,471570210102023
2409.038,35.2064292,-89.73436359999999,ChIJP6qgZdGff4gRQoIww3TX5kM,OK,125644,471570210102023
1178.735,35.13418100000001,-89.98599,ChIJnf1_yraAf4gR9pQmD7CXhgg,OK,73336,471570031001017
1178.735,35.13418100000001,-89.98599,ChIJnf1_yraAf4gR9pQmD7CXhgg,OK,73336,471570031001017
1343.952,35.12545849999999,-89.97454169999999,ChIJoyT3HjOHf4gRS6EdHckmff8,OK,80310,471570031001017
758.662,35.1546312,-89.79260459999999,ChIJ8UeuSEecf4gRniit7ubZLtM,OK,66327,471570211251008
758.662,35.1546312,-89.79260459999999,ChIJ8UeuSEecf4gRniit7ubZLtM,OK,66327,471570211251008
1138.55,35.14868459999999,-89.7948203,ChIJ4w9Lr2qcf4gRHdzl9FciAFM,OK,85827,471570211251008
1708.94,35.14868459999999,-89.7948203,ChIJ4w9Lr2qcf4gRHdzl9FciAFM,OK,179948,471570211251033
1708.94,35.14868459999999,-89.7948203,ChIJ4w9Lr2qcf4gRHdzl9FciAFM,OK,179948,471570211251033
2475.103,35.1546312,-89.79260459999999,ChIJ8UeuSEecf4gRniit7ubZLtM,OK,200647,471570211251033
3137.993,35.2044739,-89.76342459999999,ChIJ3XsJxyKef4gRTeWb3lonWsU,OK,224905,471570211412014
3137.993,35.2044739,-89.76342459999999,ChIJ3XsJxyKef4gRTeWb3lonWsU,OK,224905,471570211412014
4784.438,35.2072684,-89.7827147,ChIJKdJ2xvqdf4gRKLRUePlbOOs,OK,336500,471570211412014
1867.777,35.09464699999999,-89.9708677,ChIJx5uAuBqHf4gRze5MKc5WJFI,OK,112841,471570079002010
1867.777,35.09464699999999,-89.9708677,ChIJx5uAuBqHf4gRze5MKc5WJFI,OK,112841,471570079002010
2167.338,35.086634,-89.96355199999999,ChIJW0XU3AGHf4gRINnmxvx9m5A,OK,129465,471570079002010
2292.646,35.0854368,-89.89541919999999,ChIJf5cc-VKEf4gRF-lYLgijYQQ,OK,157928,471570094001034
2292.646,35.0854368,-89.89541919999999,ChIJf5cc-VKEf4gRF-lYLgijYQQ,OK,157928,471570094001034
2519.686,35.1145886,-89.90089789999999,ChIJKWmlFW6Ef4gR0YNISWQMkss,OK,173743,471570094001034
1714.779,35.1145886,-89.90089789999999,ChIJKWmlFW6Ef4gR0YNISWQMkss,OK,114794,471570094001023
1714.779,35.1145886,-89.90089789999999,ChIJKWmlFW6Ef4gR0YNISWQMkss,OK,114794,471570094001023
1684.813,35.1153996,-89.89414069999999,ChIJCb4NOWWEf4gR79YlPQoocW4,OK,120167,471570094001023
638.361,35.086634,-89.96355199999999,ChIJW0XU3AGHf4gRINnmxvx9m5A,OK,66783,471570081203001
638.361,35.086634,-89.96355199999999,ChIJW0XU3AGHf4gRINnmxvx9m5A,OK,66783,471570081203001
809.036,35.0904795,-89.96597299999999,ChIJHfaNmAOHf4gR1d8V2K9rfSU,OK,76236,471570081203001
585,35.09464699999999,-89.9708677,ChIJx5uAuBqHf4gRze5MKc5WJFI,OK,53965,471570069001008
585,35.09464699999999,-89.9708677,ChIJx5uAuBqHf4gRze5MKc5WJFI,OK,53965,471570069001008
1279.043,35.0904795,-89.96597299999999,ChIJHfaNmAOHf4gR1d8V2K9rfSU,OK,93487,471570069001008
612.614,35.086634,-89.96355199999999,ChIJW0XU3AGHf4gRINnmxvx9m5A,OK,58434,471570081203013
612.614,35.086634,-89.96355199999999,ChIJW0XU3AGHf4gRINnmxvx9m5A,OK,58434,471570081203013
1087.156,35.0904795,-89.96597299999999,ChIJHfaNmAOHf4gR1d8V2K9rfSU,OK,84715,471570081203013
738.166,35.086634,-89.96355199999999,ChIJW0XU3AGHf4gRINnmxvx9m5A,OK,59400,471570081203007
738.166,35.086634,-89.96355199999999,ChIJW0XU3AGHf4gRINnmxvx9m5A,OK,59400,471570081203007
737.137,35.0841884,-89.97146650000001,ChIJX1vb4AeHf4gRloPQ2o5nDXA,OK,60344,471570081203007
879.446,35.086634,-89.96355199999999,ChIJW0XU3AGHf4gRINnmxvx9m5A,OK,55693,471570081201011
879.446,35.086634,-89.96355199999999,ChIJW0XU3AGHf4gRINnmxvx9m5A,OK,55693,471570081201011
1286.397,35.09464699999999,-89.9708677,ChIJx5uAuBqHf4gRze5MKc5WJFI,OK,81457,471570081201011
3154.207,35.2045576,-89.81176689999999,ChIJ8ROix4Kdf4gR4Su-1OwAUMo,OK,188018,471570211131040
3154.207,35.2045576,-89.81176689999999,ChIJ8ROix4Kdf4gR4Su-1OwAUMo,OK,188018,471570211131040
4380.604,35.2051043,-89.79754849999999,ChIJpRDMlY2df4gRQqHmUo_lzmc,OK,220776,471570211131040
2198.515,35.2045576,-89.81176689999999,ChIJ8ROix4Kdf4gR4Su-1OwAUMo,OK,130835,471570211131037
2198.515,35.2045576,-89.81176689999999,ChIJ8ROix4Kdf4gR4Su-1OwAUMo,OK,130835,471570211131037
3255.023,35.2051043,-89.79754849999999,ChIJpRDMlY2df4gRQqHmUo_lzmc,OK,188254,471570211131037
2289.939,35.2051043,-89.79754849999999,ChIJpRDMlY2df4gRQqHmUo_lzmc,OK,122692,471570211212001
2289.939,35.2051043,-89.79754849999999,ChIJpRDMlY2df4gRQqHmUo_lzmc,OK,122692,471570211212001
2581.937,35.2071893,-89.79833029999999,ChIJQ0zWJIydf4gRstwjg5hObuM,OK,183205,471570211212001
812.839,35.16339899999999,-89.855841,ChIJA_xfkC6Df4gRAjVZwLz1jqA,OK,59187,471570211223001
812.839,35.16339899999999,-89.855841,ChIJA_xfkC6Df4gRAjVZwLz1jqA,OK,59187,471570211223001
887.995,35.1623785,-89.8566175,ChIJXQHWWS6Df4gRqhH5EQ9H1j0,OK,68152,471570211223001
3221.233,35.1546312,-89.79260459999999,ChIJ8UeuSEecf4gRniit7ubZLtM,OK,173425,471570211213020
3221.233,35.1546312,-89.79260459999999,ChIJ8UeuSEecf4gRniit7ubZLtM,OK,173425,471570211213020
3756.753,35.2051043,-89.79754849999999,ChIJpRDMlY2df4gRQqHmUo_lzmc,OK,203166,471570211213020
668.968,35.1153996,-89.89414069999999,ChIJCb4NOWWEf4gR79YlPQoocW4,OK,59276,471570085002021
668.968,35.1153996,-89.89414069999999,ChIJCb4NOWWEf4gR79YlPQoocW4,OK,59276,471570085002021
1247.744,35.1145886,-89.90089789999999,ChIJKWmlFW6Ef4gR0YNISWQMkss,OK,86829,471570085002021
971.612,35.1145886,-89.90089789999999,ChIJKWmlFW6Ef4gR0YNISWQMkss,OK,109229,471570094001016
971.612,35.1145886,-89.90089789999999,ChIJKWmlFW6Ef4gR0YNISWQMkss,OK,109229,471570094001016
1972.964,35.1153996,-89.89414069999999,ChIJCb4NOWWEf4gR79YlPQoocW4,OK,138170,471570094001016
697.638,35.1145886,-89.90089789999999,ChIJKWmlFW6Ef4gR0YNISWQMkss,OK,54925,471570095001001
697.638,35.1145886,-89.90089789999999,ChIJKWmlFW6Ef4gR0YNISWQMkss,OK,54925,471570095001001
667.672,35.1153996,-89.89414069999999,ChIJCb4NOWWEf4gR79YlPQoocW4,OK,60298,471570095001001
2043.289,35.1145886,-89.90089789999999,ChIJKWmlFW6Ef4gR0YNISWQMkss,OK,131443,471570094001015
2043.289,35.1145886,-89.90089789999999,ChIJKWmlFW6Ef4gR0YNISWQMkss,OK,131443,471570094001015
2013.323,35.1153996,-89.89414069999999,ChIJCb4NOWWEf4gR79YlPQoocW4,OK,136816,471570094001015
2319.525,35.098685,-90.05664899999999,ChIJ31qwBkJ81YcRk2V5pdmdhrM,OK,157981,471570117001142
2319.525,35.098685,-90.05664899999999,ChIJ31qwBkJ81YcRk2V5pdmdhrM,OK,157981,471570117001142
2708.518,35.095133,-90.05542799999999,ChIJATnUo0J81YcRpbAuNwXeqRw,OK,179525,471570117001142
2080.164,35.1251709,-90.0481695,ChIJybIJtCd81YcR9Otxws-5qCM,OK,142997,471570117001063
2080.164,35.1251709,-90.0481695,ChIJybIJtCd81YcR9Otxws-5qCM,OK,142997,471570117001063
2081.978,35.125222,-90.048147,ChIJ9cKdtid81YcRKs9h6RjzQzw,OK,143098,471570117001063
2224.928,35.098685,-90.05664899999999,ChIJ31qwBkJ81YcRk2V5pdmdhrM,OK,148387,471570117001103
2224.928,35.098685,-90.05664899999999,ChIJ31qwBkJ81YcRk2V5pdmdhrM,OK,148387,471570117001103
2613.92,35.095133,-90.05542799999999,ChIJATnUo0J81YcRpbAuNwXeqRw,OK,169931,471570117001103
1875.84,35.095133,-90.05542799999999,ChIJATnUo0J81YcRpbAuNwXeqRw,OK,133239,471570053001026
1875.84,35.095133,-90.05542799999999,ChIJATnUo0J81YcRpbAuNwXeqRw,OK,133239,471570053001026
2037.243,35.098685,-90.05664899999999,ChIJ31qwBkJ81YcRk2V5pdmdhrM,OK,142178,471570053001026
2508.279,35.098685,-90.05664899999999,ChIJ31qwBkJ81YcRk2V5pdmdhrM,OK,154810,471570053001004
2508.279,35.098685,-90.05664899999999,ChIJ31qwBkJ81YcRk2V5pdmdhrM,OK,154810,471570053001004
2897.271,35.095133,-90.05542799999999,ChIJATnUo0J81YcRpbAuNwXeqRw,OK,176354,471570053001004
733.161,35.0515568,-89.90630259999999,ChIJrU8jyZKFf4gRubg1AIyELWY,OK,51919,471570106303008
733.161,35.0515568,-89.90630259999999,ChIJrU8jyZKFf4gRubg1AIyELWY,OK,51919,471570106303008
1715.149,35.062945,-89.90568519999999,ChIJjxj9mL-Ff4gRoOEx9OzDyxs,OK,108586,471570106303008
1107.095,35.14868459999999,-89.7948203,ChIJ4w9Lr2qcf4gRHdzl9FciAFM,OK,115127,471570211373002
1107.095,35.14868459999999,-89.7948203,ChIJ4w9Lr2qcf4gRHdzl9FciAFM,OK,115127,471570211373002
1581.489,35.1546312,-89.79260459999999,ChIJ8UeuSEecf4gRniit7ubZLtM,OK,141822,471570211373002
512.777,35.0512763,-89.8427476,ChIJ7VPJ3q-af4gRdxERIyaZ0gk,OK,92297,471570217242003
512.777,35.0512763,-89.8427476,ChIJ7VPJ3q-af4gRdxERIyaZ0gk,OK,92297,471570217242003
737.05,35.0493563,-89.83813929999999,ChIJjRQNzqSaf4gRxmNqB0YAYGM,OK,95482,471570217242003
922.782,35.0461089,-89.7947008,ChIJaZI6O3Oaf4gRqa_eh0DNj_s,OK,65369,471570213423079
922.782,35.0461089,-89.7947008,ChIJaZI6O3Oaf4gRqa_eh0DNj_s,OK,65369,471570213423079
1040.787,35.045091,-89.795412,ChIJVelsQnOaf4gRECqTW7fq-dY,OK,71904,471570213423079
261.171,35.054745,-90.007971,ChIJXxyyQlt91YcRhldtWgjSnSE,OK,28911,471570220222004
261.171,35.054745,-90.007971,ChIJXxyyQlt91YcRhldtWgjSnSE,OK,28911,471570220222004
826.523,35.05407199999999,-90.00125899999999,ChIJIzdhk1h91YcRZT7cBcBslaM,OK,52344,471570220222004
1567.802,35.0493493,-89.855357,ChIJH2Nw4lGFf4gRq0vxk4n5iAE,OK,158552,471570217263006
1567.802,35.0493493,-89.855357,ChIJH2Nw4lGFf4gRq0vxk4n5iAE,OK,158552,471570217263006
1829.331,35.0501932,-89.8529489,ChIJJ3DCd1KFf4gRBb2DFEnzV7w,OK,168563,471570217263006
413.554,35.0493563,-89.83813929999999,ChIJjRQNzqSaf4gRxmNqB0YAYGM,OK,45357,471570217242012
413.554,35.0493563,-89.83813929999999,ChIJjRQNzqSaf4gRxmNqB0YAYGM,OK,45357,471570217242012
735.319,35.049031,-89.841437,ChIJt6vl46-af4gRvoN8Yvkmx9A,OK,68199,471570217242012
3620.839,35.051879,-89.95322299999999,ChIJtbdkhjqGf4gRndtG1KtFnTA,OK,201389,471579801001050
3620.839,35.051879,-89.95322299999999,ChIJtbdkhjqGf4gRndtG1KtFnTA,OK,201389,471579801001050
3407.545,35.0643218,-89.9923063,ChIJb3DQuo2Hf4gRC8UI6d4pa68,OK,206296,471579801001050
851.406,35.1546312,-89.79260459999999,ChIJ8UeuSEecf4gRniit7ubZLtM,OK,72885,471570211251055
851.406,35.1546312,-89.79260459999999,ChIJ8UeuSEecf4gRniit7ubZLtM,OK,72885,471570211251055
1231.293,35.14868459999999,-89.7948203,ChIJ4w9Lr2qcf4gRHdzl9FciAFM,OK,92385,471570211251055
847.69,35.05018,-89.89110199999999,ChIJNUozxJyFf4gRrJ8tUHk1p2Q,OK,67055,471570108102009
847.69,35.05018,-89.89110199999999,ChIJNUozxJyFf4gRrJ8tUHk1p2Q,OK,67055,471570108102009
955.894,35.0515568,-89.90630259999999,ChIJrU8jyZKFf4gRubg1AIyELWY,OK,78972,471570108102009
742.54,35.051879,-89.95322299999999,ChIJtbdkhjqGf4gRndtG1KtFnTA,OK,41123,471570110101002
742.54,35.051879,-89.95322299999999,ChIJtbdkhjqGf4gRndtG1KtFnTA,OK,41123,471570110101002
3332.562,35.05905920000001,-89.9340455,ChIJM89Mbw2Gf4gRFqf4fPnKU7k,OK,184253,471570110101002
4130.87,35.0543926,-90.0597009,ChIJT5TzUbl81YcRiPqNjkbj9CA,OK,268728,471570222103002
4922.884,35.0326981,-90.07589809999999,ChIJ9S1ljalk1YcRvuG-_hbpimA,OK,314614,471570222103002
4922.884,35.0326981,-90.07589809999999,ChIJ9S1ljalk1YcRvuG-_hbpimA,OK,314614,471570222103002
1725.58,35.02138900000001,-89.996898,ChIJz3MQkR6If4gRIBgmNH-BQcg,OK,205157,471570221122000
1725.58,35.02138900000001,-89.996898,ChIJz3MQkR6If4gRIBgmNH-BQcg,OK,205157,471570221122000
3581.915,35.054745,-90.007971,ChIJXxyyQlt91YcRhldtWgjSnSE,OK,248257,471570221122000
738.159,35.04577219999999,-89.82821469999999,ChIJL-jEaJmaf4gREtYdkYi2nAs,OK,46108,471570217241009
738.159,35.04577219999999,-89.82821469999999,ChIJL-jEaJmaf4gREtYdkYi2nAs,OK,46108,471570217241009
1008.432,35.0493563,-89.83813929999999,ChIJjRQNzqSaf4gRxmNqB0YAYGM,OK,56189,471570217241009
185.778,35.05407199999999,-90.00125899999999,ChIJIzdhk1h91YcRZT7cBcBslaM,OK,18590,471570220224007
185.778,35.05407199999999,-90.00125899999999,ChIJIzdhk1h91YcRZT7cBcBslaM,OK,18590,471570220224007
762.988,35.054745,-90.007971,ChIJXxyyQlt91YcRhldtWgjSnSE,OK,58435,471570220224007
537.747,35.0493493,-89.855357,ChIJH2Nw4lGFf4gRq0vxk4n5iAE,OK,53782,471570217212012
537.747,35.0493493,-89.855357,ChIJH2Nw4lGFf4gRq0vxk4n5iAE,OK,53782,471570217212012
799.276,35.0501932,-89.8529489,ChIJJ3DCd1KFf4gRBb2DFEnzV7w,OK,63793,471570217212012
960.6,35.05905920000001,-89.9340455,ChIJM89Mbw2Gf4gRFqf4fPnKU7k,OK,52888,471570110201000
960.6,35.05905920000001,-89.9340455,ChIJM89Mbw2Gf4gRFqf4fPnKU7k,OK,52888,471570110201000
1164.914,35.0515544,-89.92255089999999,ChIJG_UFGuOFf4gRyHNDzwp5is0,OK,64513,471570110201000
782.616,35.17410499999999,-89.97575479999999,ChIJmfYTGFmAf4gRHGKCaD0qCtI,OK,56402,471570008003007
782.616,35.17410499999999,-89.97575479999999,ChIJmfYTGFmAf4gRHGKCaD0qCtI,OK,56402,471570008003007
879.027,35.1738374,-89.98954379999999,ChIJ_S0BIGOAf4gRU3Ph4W65cOQ,OK,62186,471570008003007
184.455,35.049031,-89.841437,ChIJt6vl46-af4gRvoN8Yvkmx9A,OK,20915,471570217242017
184.455,35.049031,-89.841437,ChIJt6vl46-af4gRvoN8Yvkmx9A,OK,20915,471570217242017
315.39,35.0490562,-89.84441600000001,ChIJCUulJK6af4gR7vOP_qSrYdM,OK,29691,471570217242017
420.376,35.0515544,-89.92255089999999,ChIJG_UFGuOFf4gRyHNDzwp5is0,OK,22891,471570106203006
420.376,35.0515544,-89.92255089999999,ChIJG_UFGuOFf4gRyHNDzwp5is0,OK,22891,471570106203006
1009.419,35.05905920000001,-89.9340455,ChIJM89Mbw2Gf4gRFqf4fPnKU7k,OK,53397,471570106203006
6614.089,35.0326981,-90.07589809999999,ChIJ9S1ljalk1YcRvuG-_hbpimA,OK,476696,471570222102011
7350.916,35.02753099999999,-90.082077,ChIJK66rdetk1YcRwwxI9gDREks,OK,518443,471570222102011
7350.916,35.02753099999999,-90.082077,ChIJK66rdetk1YcRwwxI9gDREks,OK,518443,471570222102011
935.748,35.0515544,-89.92255089999999,ChIJG_UFGuOFf4gRyHNDzwp5is0,OK,51823,471570226001026
935.748,35.0515544,-89.92255089999999,ChIJG_UFGuOFf4gRyHNDzwp5is0,OK,51823,471570226001026
1020.468,35.05905920000001,-89.9340455,ChIJM89Mbw2Gf4gRFqf4fPnKU7k,OK,56202,471570226001026
2245.45,35.095133,-90.05542799999999,ChIJATnUo0J81YcRpbAuNwXeqRw,OK,195972,471570053002040
2406.854,35.098685,-90.05664899999999,ChIJ31qwBkJ81YcRk2V5pdmdhrM,OK,204911,471570053002040
2406.854,35.098685,-90.05664899999999,ChIJ31qwBkJ81YcRk2V5pdmdhrM,OK,204911,471570053002040
3098.117,35.1251709,-90.0481695,ChIJybIJtCd81YcR9Otxws-5qCM,OK,222586,471570117001041
3098.117,35.1251709,-90.0481695,ChIJybIJtCd81YcR9Otxws-5qCM,OK,222586,471570117001041
3099.932,35.125222,-90.048147,ChIJ9cKdtid81YcRKs9h6RjzQzw,OK,222687,471570117001041
2576.407,35.1251709,-90.0481695,ChIJybIJtCd81YcR9Otxws-5qCM,OK,148802,471570117001075
2576.407,35.1251709,-90.0481695,ChIJybIJtCd81YcR9Otxws-5qCM,OK,148802,471570117001075
2578.221,35.125222,-90.048147,ChIJ9cKdtid81YcRKs9h6RjzQzw,OK,148903,471570117001075
2922.273,35.1251709,-90.0481695,ChIJybIJtCd81YcR9Otxws-5qCM,OK,169553,471570117001080
2922.273,35.1251709,-90.0481695,ChIJybIJtCd81YcR9Otxws-5qCM,OK,169553,471570117001080
2924.087,35.125222,-90.048147,ChIJ9cKdtid81YcRKs9h6RjzQzw,OK,169654,471570117001080
3432.143,35.1251709,-90.0481695,ChIJybIJtCd81YcR9Otxws-5qCM,OK,182190,471579802001026
3432.143,35.1251709,-90.0481695,ChIJybIJtCd81YcR9Otxws-5qCM,OK,182190,471579802001026
3433.957,35.125222,-90.048147,ChIJ9cKdtid81YcRKs9h6RjzQzw,OK,182291,471579802001026
2758.966,35.1251709,-90.0481695,ChIJybIJtCd81YcR9Otxws-5qCM,OK,166387,471570117001048
2758.966,35.1251709,-90.0481695,ChIJybIJtCd81YcR9Otxws-5qCM,OK,166387,471570117001048
2760.78,35.125222,-90.048147,ChIJ9cKdtid81YcRKs9h6RjzQzw,OK,166488,471570117001048
2190.095,35.1251709,-90.0481695,ChIJybIJtCd81YcR9Otxws-5qCM,OK,156187,471570117001050
2190.095,35.1251709,-90.0481695,ChIJybIJtCd81YcR9Otxws-5qCM,OK,156187,471570117001050
2191.909,35.125222,-90.048147,ChIJ9cKdtid81YcRKs9h6RjzQzw,OK,156288,471570117001050
2715.414,35.098685,-90.05664899999999,ChIJ31qwBkJ81YcRk2V5pdmdhrM,OK,165202,471570117001094
2715.414,35.098685,-90.05664899999999,ChIJ31qwBkJ81YcRk2V5pdmdhrM,OK,165202,471570117001094
3104.406,35.095133,-90.05542799999999,ChIJATnUo0J81YcRpbAuNwXeqRw,OK,186746,471570117001094
1902.521,35.17410499999999,-89.97575479999999,ChIJmfYTGFmAf4gRHGKCaD0qCtI,OK,137312,471570111002006
1902.521,35.17410499999999,-89.97575479999999,ChIJmfYTGFmAf4gRHGKCaD0qCtI,OK,137312,471570111002006
2941.217,35.167095,-89.950496,ChIJecYfJgmBf4gRJh-YY67U6V8,OK,211982,471570111002006
1748.487,35.17410499999999,-89.97575479999999,ChIJmfYTGFmAf4gRHGKCaD0qCtI,OK,113782,471570111001020
1748.487,35.17410499999999,-89.97575479999999,ChIJmfYTGFmAf4gRHGKCaD0qCtI,OK,113782,471570111001020
2769.231,35.167095,-89.950496,ChIJecYfJgmBf4gRJh-YY67U6V8,OK,186417,471570111001020
1670.306,35.17410499999999,-89.97575479999999,ChIJmfYTGFmAf4gRHGKCaD0qCtI,OK,109447,471570111001021
1670.306,35.17410499999999,-89.97575479999999,ChIJmfYTGFmAf4gRHGKCaD0qCtI,OK,109447,471570111001021
2859.242,35.167095,-89.950496,ChIJecYfJgmBf4gRJh-YY67U6V8,OK,192172,471570111001021
3526.997,35.1439641,-90.0517892,ChIJL-0zBZR-1YcRj7p5p1WY4-g,OK,267715,471570001003059
3526.997,35.1439641,-90.0517892,ChIJL-0zBZR-1YcRj7p5p1WY4-g,OK,267715,471570001003059
3735.914,35.1450994,-90.0538646,ChIJne6_s5V-1YcRn_LPaqiwhrk,OK,273169,471570001003059
2463.413,35.1490317,-90.0140679,ChIJw3q9_xV-1YcRqrte6yBn1CI,OK,168883,471570007003012
2463.413,35.1490317,-90.0140679,ChIJw3q9_xV-1YcRqrte6yBn1CI,OK,168883,471570007003012
2590.203,35.1738374,-89.98954379999999,ChIJ_S0BIGOAf4gRU3Ph4W65cOQ,OK,185893,471570007003012
2371.394,35.1490317,-90.0140679,ChIJw3q9_xV-1YcRqrte6yBn1CI,OK,156727,471570007003014
2371.394,35.1490317,-90.0140679,ChIJw3q9_xV-1YcRqrte6yBn1CI,OK,156727,471570007003014
2705.743,35.1738374,-89.98954379999999,ChIJ_S0BIGOAf4gRU3Ph4W65cOQ,OK,183239,471570007003014
2151.055,35.1490317,-90.0140679,ChIJw3q9_xV-1YcRqrte6yBn1CI,OK,124007,471570017001011
2151.055,35.1490317,-90.0140679,ChIJw3q9_xV-1YcRqrte6yBn1CI,OK,124007,471570017001011
2302.82,35.1738374,-89.98954379999999,ChIJ_S0BIGOAf4gRU3Ph4W65cOQ,OK,136420,471570017001011
2726.222,35.1490317,-90.0140679,ChIJw3q9_xV-1YcRqrte6yBn1CI,OK,191157,471570007003004
2726.222,35.1490317,-90.0140679,ChIJw3q9_xV-1YcRqrte6yBn1CI,OK,191157,471570007003004
2721.109,35.1738374,-89.98954379999999,ChIJ_S0BIGOAf4gRU3Ph4W65cOQ,OK,193229,471570007003004
1878.907,35.1490317,-90.0140679,ChIJw3q9_xV-1YcRqrte6yBn1CI,OK,131272,471570017002003
1878.907,35.1490317,-90.0140679,ChIJw3q9_xV-1YcRqrte6yBn1CI,OK,131272,471570017002003
2601.145,35.1444038,-90.0168571,ChIJufYEjhR-1YcREff46W6Lons,OK,178625,471570017002003
1369.839,35.1490317,-90.0140679,ChIJw3q9_xV-1YcRqrte6yBn1CI,OK,80744,471570017002018
1369.839,35.1490317,-90.0140679,ChIJw3q9_xV-1YcRqrte6yBn1CI,OK,80744,471570017002018
2092.077,35.1444038,-90.0168571,ChIJufYEjhR-1YcREff46W6Lons,OK,128097,471570017002018
1615.594,35.1490317,-90.0140679,ChIJw3q9_xV-1YcRqrte6yBn1CI,OK,106879,471570017002012
1615.594,35.1490317,-90.0140679,ChIJw3q9_xV-1YcRqrte6yBn1CI,OK,106879,471570017002012
2337.831,35.1444038,-90.0168571,ChIJufYEjhR-1YcREff46W6Lons,OK,154232,471570017002012
1962.627,35.1490317,-90.0140679,ChIJw3q9_xV-1YcRqrte6yBn1CI,OK,141766,471570017002001
1962.627,35.1490317,-90.0140679,ChIJw3q9_xV-1YcRqrte6yBn1CI,OK,141766,471570017002001
2680.151,35.1738374,-89.98954379999999,ChIJ_S0BIGOAf4gRU3Ph4W65cOQ,OK,179442,471570017002001
2027.324,35.1490317,-90.0140679,ChIJw3q9_xV-1YcRqrte6yBn1CI,OK,142439,471570017002000
2027.324,35.1490317,-90.0140679,ChIJw3q9_xV-1YcRqrte6yBn1CI,OK,142439,471570017002000
2583.718,35.1738374,-89.98954379999999,ChIJ_S0BIGOAf4gRU3Ph4W65cOQ,OK,172538,471570017002000
1811.844,35.1490317,-90.0140679,ChIJw3q9_xV-1YcRqrte6yBn1CI,OK,105222,471570017001021
1811.844,35.1490317,-90.0140679,ChIJw3q9_xV-1YcRqrte6yBn1CI,OK,105222,471570017001021
2642.03,35.1738374,-89.98954379999999,ChIJ_S0BIGOAf4gRU3Ph4W65cOQ,OK,155206,471570017001021
1930.17,35.1490317,-90.0140679,ChIJw3q9_xV-1YcRqrte6yBn1CI,OK,123413,471570017003000
1930.17,35.1490317,-90.0140679,ChIJw3q9_xV-1YcRqrte6yBn1CI,OK,123413,471570017003000
400.252,35.02753099999999,-90.082077,ChIJK66rdetk1YcRwwxI9gDREks,OK,39807,471570223303015
400.252,35.02753099999999,-90.082077,ChIJK66rdetk1YcRwwxI9gDREks,OK,39807,471570223303015
1201.324,35.0326981,-90.07589809999999,ChIJ9S1ljalk1YcRvuG-_hbpimA,OK,84173,471570223303015
698.224,35.02753099999999,-90.082077,ChIJK66rdetk1YcRwwxI9gDREks,OK,75563,471570223303016
698.224,35.02753099999999,-90.082077,ChIJK66rdetk1YcRwwxI9gDREks,OK,75563,471570223303016
1499.296,35.0326981,-90.07589809999999,ChIJ9S1ljalk1YcRvuG-_hbpimA,OK,119929,471570223303016
2533.711,35.0543926,-90.0597009,ChIJT5TzUbl81YcRiPqNjkbj9CA,OK,197219,471570222201015
1716.515,35.061362,-90.05986399999999,ChIJL_Gh8ZV81YcRDlMHRKqR_IA,OK,205977,471570222201015
1716.515,35.061362,-90.05986399999999,ChIJL_Gh8ZV81YcRDlMHRKqR_IA,OK,205977,471570222201015
3119.801,35.0543926,-90.0597009,ChIJT5TzUbl81YcRiPqNjkbj9CA,OK,208021,471570222202021
1917.578,35.061362,-90.05986399999999,ChIJL_Gh8ZV81YcRDlMHRKqR_IA,OK,230104,471570222202021
1917.578,35.061362,-90.05986399999999,ChIJL_Gh8ZV81YcRDlMHRKqR_IA,OK,230104,471570222202021
1144.288,35.0543926,-90.0597009,ChIJT5TzUbl81YcRiPqNjkbj9CA,OK,68241,471570223102001
1144.288,35.0543926,-90.0597009,ChIJT5TzUbl81YcRiPqNjkbj9CA,OK,68241,471570223102001
1725.643,35.06128,-90.05978399999999,ChIJm06f8ZV81YcRTjzAsJPcBKY,OK,100438,471570223102001
2544.743,35.0543926,-90.0597009,ChIJT5TzUbl81YcRiPqNjkbj9CA,OK,198542,471570222201016
1727.547,35.061362,-90.05986399999999,ChIJL_Gh8ZV81YcRDlMHRKqR_IA,OK,207300,471570222201016
1727.547,35.061362,-90.05986399999999,ChIJL_Gh8ZV81YcRDlMHRKqR_IA,OK,207300,471570222201016
2682.286,35.0543926,-90.0597009,ChIJT5TzUbl81YcRiPqNjkbj9CA,OK,168929,471570222204006
3263.642,35.06128,-90.05978399999999,ChIJm06f8ZV81YcRTjzAsJPcBKY,OK,201126,471570222204006
3263.642,35.06128,-90.05978399999999,ChIJm06f8ZV81YcRTjzAsJPcBKY,OK,201126,471570222204006
2504.81,35.0543926,-90.0597009,ChIJT5TzUbl81YcRiPqNjkbj9CA,OK,160982,471570222204014
3086.165,35.06128,-90.05978399999999,ChIJm06f8ZV81YcRTjzAsJPcBKY,OK,193179,471570222204014
3086.165,35.06128,-90.05978399999999,ChIJm06f8ZV81YcRTjzAsJPcBKY,OK,193179,471570222204014
2496.735,35.0543926,-90.0597009,ChIJT5TzUbl81YcRiPqNjkbj9CA,OK,185563,471570222204005
3078.091,35.06128,-90.05978399999999,ChIJm06f8ZV81YcRTjzAsJPcBKY,OK,217760,471570222204005
3078.091,35.06128,-90.05978399999999,ChIJm06f8ZV81YcRTjzAsJPcBKY,OK,217760,471570222204005
1967.194,35.0543926,-90.0597009,ChIJT5TzUbl81YcRiPqNjkbj9CA,OK,135005,471570222204015
2548.55,35.06128,-90.05978399999999,ChIJm06f8ZV81YcRTjzAsJPcBKY,OK,167202,471570222204015
2548.55,35.06128,-90.05978399999999,ChIJm06f8ZV81YcRTjzAsJPcBKY,OK,167202,471570222204015
1883.775,35.0543926,-90.0597009,ChIJT5TzUbl81YcRiPqNjkbj9CA,OK,123674,471570222204018
1883.775,35.0543926,-90.0597009,ChIJT5TzUbl81YcRiPqNjkbj9CA,OK,123674,471570222204018
2465.131,35.06128,-90.05978399999999,ChIJm06f8ZV81YcRTjzAsJPcBKY,OK,155871,471570222204018
2201.156,35.0543926,-90.0597009,ChIJT5TzUbl81YcRiPqNjkbj9CA,OK,134290,471570222203015
2782.512,35.06128,-90.05978399999999,ChIJm06f8ZV81YcRTjzAsJPcBKY,OK,166487,471570222203015
2782.512,35.06128,-90.05978399999999,ChIJm06f8ZV81YcRTjzAsJPcBKY,OK,166487,471570222203015
1705.275,35.06128,-90.05978399999999,ChIJm06f8ZV81YcRTjzAsJPcBKY,OK,145726,471570222201013
1705.275,35.06128,-90.05978399999999,ChIJm06f8ZV81YcRTjzAsJPcBKY,OK,145726,471570222201013
1705.096,35.061362,-90.05986399999999,ChIJL_Gh8ZV81YcRDlMHRKqR_IA,OK,148592,471570222201013
2217.751,35.0543926,-90.0597009,ChIJT5TzUbl81YcRiPqNjkbj9CA,OK,159304,471570222201018
1400.555,35.061362,-90.05986399999999,ChIJL_Gh8ZV81YcRDlMHRKqR_IA,OK,168062,471570222201018
1400.555,35.061362,-90.05986399999999,ChIJL_Gh8ZV81YcRDlMHRKqR_IA,OK,168062,471570222201018
2283.994,35.0543926,-90.0597009,ChIJT5TzUbl81YcRiPqNjkbj9CA,OK,160035,471570222204003
2865.35,35.06128,-90.05978399999999,ChIJm06f8ZV81YcRTjzAsJPcBKY,OK,192232,471570222204003
2865.35,35.06128,-90.05978399999999,ChIJm06f8ZV81YcRTjzAsJPcBKY,OK,192232,471570222204003
2085.384,35.0543926,-90.0597009,ChIJT5TzUbl81YcRiPqNjkbj9CA,OK,143420,471570222201017
1268.187,35.061362,-90.05986399999999,ChIJL_Gh8ZV81YcRDlMHRKqR_IA,OK,152178,471570222201017
1268.187,35.061362,-90.05986399999999,ChIJL_Gh8ZV81YcRDlMHRKqR_IA,OK,152178,471570222201017
2304.828,35.0543926,-90.0597009,ChIJT5TzUbl81YcRiPqNjkbj9CA,OK,147492,471570222204001
1504.407,35.061362,-90.05986399999999,ChIJL_Gh8ZV81YcRDlMHRKqR_IA,OK,176727,471570222204001
1504.407,35.061362,-90.05986399999999,ChIJL_Gh8ZV81YcRDlMHRKqR_IA,OK,176727,471570222204001
2303.933,35.0543926,-90.0597009,ChIJT5TzUbl81YcRiPqNjkbj9CA,OK,153354,471570222204002
2885.288,35.06128,-90.05978399999999,ChIJm06f8ZV81YcRTjzAsJPcBKY,OK,185551,471570222204002
2885.288,35.06128,-90.05978399999999,ChIJm06f8ZV81YcRTjzAsJPcBKY,OK,185551,471570222204002
2483.263,35.0543926,-90.0597009,ChIJT5TzUbl81YcRiPqNjkbj9CA,OK,177889,471570222204010
3064.619,35.06128,-90.05978399999999,ChIJm06f8ZV81YcRTjzAsJPcBKY,OK,210086,471570222204010
3064.619,35.06128,-90.05978399999999,ChIJm06f8ZV81YcRTjzAsJPcBKY,OK,210086,471570222204010
1965.295,35.0543926,-90.0597009,ChIJT5TzUbl81YcRiPqNjkbj9CA,OK,117501,471570222201012
1610.17,35.06128,-90.05978399999999,ChIJm06f8ZV81YcRTjzAsJPcBKY,OK,122690,471570222201012
1610.17,35.06128,-90.05978399999999,ChIJm06f8ZV81YcRTjzAsJPcBKY,OK,122690,471570222201012
1997.04,35.0543926,-90.0597009,ChIJT5TzUbl81YcRiPqNjkbj9CA,OK,132820,471570222204000
1179.844,35.061362,-90.05986399999999,ChIJL_Gh8ZV81YcRDlMHRKqR_IA,OK,141578,471570222204000
1179.844,35.061362,-90.05986399999999,ChIJL_Gh8ZV81YcRDlMHRKqR_IA,OK,141578,471570222204000
1860.156,35.0543926,-90.0597009,ChIJT5TzUbl81YcRiPqNjkbj9CA,OK,121380,471570223102006
1860.156,35.0543926,-90.0597009,ChIJT5TzUbl81YcRiPqNjkbj9CA,OK,121380,471570223102006
2441.511,35.06128,-90.05978399999999,ChIJm06f8ZV81YcRTjzAsJPcBKY,OK,153577,471570223102006
1994.42,35.0543926,-90.0597009,ChIJT5TzUbl81YcRiPqNjkbj9CA,OK,137491,471570223102009
958.415,35.1490317,-90.0140679,ChIJw3q9_xV-1YcRqrte6yBn1CI,OK,55347,471570025001033
958.415,35.1490317,-90.0140679,ChIJw3q9_xV-1YcRqrte6yBn1CI,OK,55347,471570025001033
1680.653,35.1444038,-90.0168571,ChIJufYEjhR-1YcREff46W6Lons,OK,102700,471570025001033
829.282,35.1490317,-90.0140679,ChIJw3q9_xV-1YcRqrte6yBn1CI,OK,57031,471570025001024
829.282,35.1490317,-90.0140679,ChIJw3q9_xV-1YcRqrte6yBn1CI,OK,57031,471570025001024
1551.52,35.1444038,-90.0168571,ChIJufYEjhR-1YcREff46W6Lons,OK,104384,471570025001024
758.319,35.1490317,-90.0140679,ChIJw3q9_xV-1YcRqrte6yBn1CI,OK,55507,471570017003016
758.319,35.1490317,-90.0140679,ChIJw3q9_xV-1YcRqrte6yBn1CI,OK,55507,471570017003016
1480.557,35.1444038,-90.0168571,ChIJufYEjhR-1YcREff46W6Lons,OK,102860,471570017003016
4148.553,35.164068,-89.8770782,ChIJpUMbExuDf4gRyW4QpPURe54,OK,196842,471570092003005
4148.553,35.164068,-89.8770782,ChIJpUMbExuDf4gRyW4QpPURe54,OK,196842,471570092003005
5622.102,35.156962,-89.88851749999999,ChIJaVmJmQmDf4gR3ZGZP7kcoeo,OK,292144,471570092003005
1552.783,35.1490317,-90.0140679,ChIJw3q9_xV-1YcRqrte6yBn1CI,OK,86918,471570025002000
1552.783,35.1490317,-90.0140679,ChIJw3q9_xV-1YcRqrte6yBn1CI,OK,86918,471570025002000
2275.021,35.1444038,-90.0168571,ChIJufYEjhR-1YcREff46W6Lons,OK,134271,471570025002000
1900.356,35.16339899999999,-89.855841,ChIJA_xfkC6Df4gRAjVZwLz1jqA,OK,140518,471579804001010
1900.356,35.16339899999999,-89.855841,ChIJA_xfkC6Df4gRAjVZwLz1jqA,OK,140518,471579804001010
1975.511,35.1623785,-89.8566175,ChIJXQHWWS6Df4gRqhH5EQ9H1j0,OK,149483,471579804001010
834.782,35.1490317,-90.0140679,ChIJw3q9_xV-1YcRqrte6yBn1CI,OK,48366,471570026002014
834.782,35.1490317,-90.0140679,ChIJw3q9_xV-1YcRqrte6yBn1CI,OK,48366,471570026002014
1557.019,35.1444038,-90.0168571,ChIJufYEjhR-1YcREff46W6Lons,OK,95719,471570026002014
1383.805,35.1490317,-90.0140679,ChIJw3q9_xV-1YcRqrte6yBn1CI,OK,78288,471570026002003
1383.805,35.1490317,-90.0140679,ChIJw3q9_xV-1YcRqrte6yBn1CI,OK,78288,471570026002003
1659.022,35.142439,-90.006118,ChIJeUPo2Rt-1YcRdoG2a54M-d0,OK,114643,471570026002003
1654.49,35.1490317,-90.0140679,ChIJw3q9_xV-1YcRqrte6yBn1CI,OK,104791,471570024001021
1654.49,35.1490317,-90.0140679,ChIJw3q9_xV-1YcRqrte6yBn1CI,OK,104791,471570024001021
2376.728,35.1444038,-90.0168571,ChIJufYEjhR-1YcREff46W6Lons,OK,152144,471570024001021
1052.28,35.1450994,-90.0538646,ChIJne6_s5V-1YcRn_LPaqiwhrk,OK,109302,471570042001000
1052.28,35.1450994,-90.0538646,ChIJne6_s5V-1YcRn_LPaqiwhrk,OK,109302,471570042001000
1271.819,35.1435177,-90.0539328,ChIJ8VFg1pV-1YcRR9G8p0pZx6U,OK,118057,471570042001000
1106.939,35.1450994,-90.0538646,ChIJne6_s5V-1YcRn_LPaqiwhrk,OK,111801,471570113001044
1106.939,35.1450994,-90.0538646,ChIJne6_s5V-1YcRn_LPaqiwhrk,OK,111801,471570113001044
1326.478,35.1435177,-90.0539328,ChIJ8VFg1pV-1YcRR9G8p0pZx6U,OK,120556,471570113001044
1166.667,35.1450994,-90.0538646,ChIJne6_s5V-1YcRn_LPaqiwhrk,OK,68545,471570113001045
1166.667,35.1450994,-90.0538646,ChIJne6_s5V-1YcRn_LPaqiwhrk,OK,68545,471570113001045
1386.206,35.1435177,-90.0539328,ChIJ8VFg1pV-1YcRR9G8p0pZx6U,OK,77300,471570113001045
3409.169,35.1439641,-90.0517892,ChIJL-0zBZR-1YcRj7p5p1WY4-g,OK,271634,471570042001002
3618.085,35.1450994,-90.0538646,ChIJne6_s5V-1YcRn_LPaqiwhrk,OK,277088,471570042001002
3618.085,35.1450994,-90.0538646,ChIJne6_s5V-1YcRn_LPaqiwhrk,OK,277088,471570042001002
1284.706,35.1490317,-90.0140679,ChIJw3q9_xV-1YcRqrte6yBn1CI,OK,73855,471570025002002
1284.706,35.1490317,-90.0140679,ChIJw3q9_xV-1YcRqrte6yBn1CI,OK,73855,471570025002002
2006.944,35.1444038,-90.0168571,ChIJufYEjhR-1YcREff46W6Lons,OK,121208,471570025002002
2049.555,35.16339899999999,-89.855841,ChIJA_xfkC6Df4gRAjVZwLz1jqA,OK,240191,471579804001012
2049.555,35.16339899999999,-89.855841,ChIJA_xfkC6Df4gRAjVZwLz1jqA,OK,240191,471579804001012
2122.938,35.1623785,-89.8566175,ChIJXQHWWS6Df4gRqhH5EQ9H1j0,OK,249050,471579804001012
3722.315,35.1439641,-90.0517892,ChIJL-0zBZR-1YcRj7p5p1WY4-g,OK,230324,471570113001061
3722.315,35.1439641,-90.0517892,ChIJL-0zBZR-1YcRj7p5p1WY4-g,OK,230324,471570113001061
3753.005,35.1435177,-90.0539328,ChIJ8VFg1pV-1YcRR9G8p0pZx6U,OK,230603,471570113001061
1550.952,35.1490317,-90.0140679,ChIJw3q9_xV-1YcRqrte6yBn1CI,OK,85712,471570026002002
1550.952,35.1490317,-90.0140679,ChIJw3q9_xV-1YcRqrte6yBn1CI,OK,85712,471570026002002
1493.685,35.142439,-90.006118,ChIJeUPo2Rt-1YcRdoG2a54M-d0,OK,106140,471570026002002
1619.993,35.1490317,-90.0140679,ChIJw3q9_xV-1YcRqrte6yBn1CI,OK,104442,471570026002006
1619.993,35.1490317,-90.0140679,ChIJw3q9_xV-1YcRqrte6yBn1CI,OK,104442,471570026002006
1443.724,35.142439,-90.006118,ChIJeUPo2Rt-1YcRdoG2a54M-d0,OK,116302,471570026002006
1822.516,35.142439,-90.006118,ChIJeUPo2Rt-1YcRdoG2a54M-d0,OK,121987,471570026002007
1822.516,35.142439,-90.006118,ChIJeUPo2Rt-1YcRdoG2a54M-d0,OK,121987,471570026002007
1971.312,35.13774119999999,-89.99713,ChIJtwtohKiAf4gRFxkNLUf9PgA,OK,134406,471570026002007
1264.874,35.1507888,-89.977317,ChIJdVWrOuqAf4gR-V7s1E3qo7g,OK,108127,471570016001012
1264.874,35.1507888,-89.977317,ChIJdVWrOuqAf4gR-V7s1E3qo7g,OK,108127,471570016001012
3167.093,35.13774119999999,-89.99713,ChIJtwtohKiAf4gRFxkNLUf9PgA,OK,226056,471570016001012
1897.183,35.16339899999999,-89.855841,ChIJA_xfkC6Df4gRAjVZwLz1jqA,OK,212765,471579804001018
1897.183,35.16339899999999,-89.855841,ChIJA_xfkC6Df4gRAjVZwLz1jqA,OK,212765,471579804001018
1970.566,35.1623785,-89.8566175,ChIJXQHWWS6Df4gRqhH5EQ9H1j0,OK,221624,471579804001018
2035.148,35.16339899999999,-89.855841,ChIJA_xfkC6Df4gRAjVZwLz1jqA,OK,164780,471579804001008
2035.148,35.16339899999999,-89.855841,ChIJA_xfkC6Df4gRAjVZwLz1jqA,OK,164780,471579804001008
2110.303,35.1623785,-89.8566175,ChIJXQHWWS6Df4gRqhH5EQ9H1j0,OK,173745,471579804001008
2014.888,35.16339899999999,-89.855841,ChIJA_xfkC6Df4gRAjVZwLz1jqA,OK,150058,471579804001009
2014.888,35.16339899999999,-89.855841,ChIJA_xfkC6Df4gRAjVZwLz1jqA,OK,150058,471579804001009
2090.044,35.1623785,-89.8566175,ChIJXQHWWS6Df4gRqhH5EQ9H1j0,OK,159023,471579804001009
2762.481,35.1490317,-90.0140679,ChIJw3q9_xV-1YcRqrte6yBn1CI,OK,180557,471570019001002
2762.481,35.1490317,-90.0140679,ChIJw3q9_xV-1YcRqrte6yBn1CI,OK,180557,471570019001002
3484.719,35.1444038,-90.0168571,ChIJufYEjhR-1YcREff46W6Lons,OK,227910,471570019001002
4077.658,35.1490317,-90.0140679,ChIJw3q9_xV-1YcRqrte6yBn1CI,OK,216481,471570019001011
4077.658,35.1490317,-90.0140679,ChIJw3q9_xV-1YcRqrte6yBn1CI,OK,216481,471570019001011
4799.896,35.1444038,-90.0168571,ChIJufYEjhR-1YcREff46W6Lons,OK,263834,471570019001011
3712.515,35.1490317,-90.0140679,ChIJw3q9_xV-1YcRqrte6yBn1CI,OK,200051,471570112001009
3712.515,35.1490317,-90.0140679,ChIJw3q9_xV-1YcRqrte6yBn1CI,OK,200051,471570112001009
4434.753,35.1444038,-90.0168571,ChIJufYEjhR-1YcREff46W6Lons,OK,247404,471570112001009
2350.16,35.1490317,-90.0140679,ChIJw3q9_xV-1YcRqrte6yBn1CI,OK,147383,471570112001007
2350.16,35.1490317,-90.0140679,ChIJw3q9_xV-1YcRqrte6yBn1CI,OK,147383,471570112001007
3072.398,35.1444038,-90.0168571,ChIJufYEjhR-1YcREff46W6Lons,OK,194736,471570112001007
2040.033,35.1490317,-90.0140679,ChIJw3q9_xV-1YcRqrte6yBn1CI,OK,126433,471570112003011
2040.033,35.1490317,-90.0140679,ChIJw3q9_xV-1YcRqrte6yBn1CI,OK,126433,471570112003011
2762.271,35.1444038,-90.0168571,ChIJufYEjhR-1YcREff46W6Lons,OK,173786,471570112003011
4001.962,35.1490317,-90.0140679,ChIJw3q9_xV-1YcRqrte6yBn1CI,OK,213075,471570112003005
4001.962,35.1490317,-90.0140679,ChIJw3q9_xV-1YcRqrte6yBn1CI,OK,213075,471570112003005
4724.199,35.1444038,-90.0168571,ChIJufYEjhR-1YcREff46W6Lons,OK,260428,471570112003005
4467.68,35.1490317,-90.0140679,ChIJw3q9_xV-1YcRqrte6yBn1CI,OK,234032,471570112003006
4467.68,35.1490317,-90.0140679,ChIJw3q9_xV-1YcRqrte6yBn1CI,OK,234032,471570112003006
5189.918,35.1444038,-90.0168571,ChIJufYEjhR-1YcREff46W6Lons,OK,281385,471570112003006
1932.195,35.1490317,-90.0140679,ChIJw3q9_xV-1YcRqrte6yBn1CI,OK,115485,471570112003008
1932.195,35.1490317,-90.0140679,ChIJw3q9_xV-1YcRqrte6yBn1CI,OK,115485,471570112003008
2654.432,35.1444038,-90.0168571,ChIJufYEjhR-1YcREff46W6Lons,OK,162838,471570112003008
2288.215,35.1490317,-90.0140679,ChIJw3q9_xV-1YcRqrte6yBn1CI,OK,149183,471570112001011
2288.215,35.1490317,-90.0140679,ChIJw3q9_xV-1YcRqrte6yBn1CI,OK,149183,471570112001011
3010.453,35.1444038,-90.0168571,ChIJufYEjhR-1YcREff46W6Lons,OK,196536,471570112001011
2419.174,35.1490317,-90.0140679,ChIJw3q9_xV-1YcRqrte6yBn1CI,OK,150545,471570112003003
2419.174,35.1490317,-90.0140679,ChIJw3q9_xV-1YcRqrte6yBn1CI,OK,150545,471570112003003
3141.412,35.1444038,-90.0168571,ChIJufYEjhR-1YcREff46W6Lons,OK,197898,471570112003003
2305.862,35.1490317,-90.0140679,ChIJw3q9_xV-1YcRqrte6yBn1CI,OK,151981,471570112003014
2305.862,35.1490317,-90.0140679,ChIJw3q9_xV-1YcRqrte6yBn1CI,OK,151981,471570112003014
3028.1,35.1444038,-90.0168571,ChIJufYEjhR-1YcREff46W6Lons,OK,199334,471570112003014
2470.595,35.1490317,-90.0140679,ChIJw3q9_xV-1YcRqrte6yBn1CI,OK,160354,471570112003002
2470.595,35.1490317,-90.0140679,ChIJw3q9_xV-1YcRqrte6yBn1CI,OK,160354,471570112003002
3192.833,35.1444038,-90.0168571,ChIJufYEjhR-1YcREff46W6Lons,OK,207707,471570112003002
2424.762,35.1490317,-90.0140679,ChIJw3q9_xV-1YcRqrte6yBn1CI,OK,158612,471570112003001
2424.762,35.1490317,-90.0140679,ChIJw3q9_xV-1YcRqrte6yBn1CI,OK,158612,471570112003001
3147,35.1444038,-90.0168571,ChIJufYEjhR-1YcREff46W6Lons,OK,205965,471570112003001
1810.18,35.1490317,-90.0140679,ChIJw3q9_xV-1YcRqrte6yBn1CI,OK,130134,471570112003020
1810.18,35.1490317,-90.0140679,ChIJw3q9_xV-1YcRqrte6yBn1CI,OK,130134,471570112003020
2532.418,35.1444038,-90.0168571,ChIJufYEjhR-1YcREff46W6Lons,OK,177487,471570112003020
1850.858,35.1738374,-89.98954379999999,ChIJ_S0BIGOAf4gRU3Ph4W65cOQ,OK,111046,471570004001022
1850.858,35.1738374,-89.98954379999999,ChIJ_S0BIGOAf4gRU3Ph4W65cOQ,OK,111046,471570004001022
2891.408,35.1490317,-90.0140679,ChIJw3q9_xV-1YcRqrte6yBn1CI,OK,173463,471570004001022
2165.306,35.1738374,-89.98954379999999,ChIJ_S0BIGOAf4gRU3Ph4W65cOQ,OK,129912,471570004001035
2165.306,35.1738374,-89.98954379999999,ChIJ_S0BIGOAf4gRU3Ph4W65cOQ,OK,129912,471570004001035
3205.855,35.1490317,-90.0140679,ChIJw3q9_xV-1YcRqrte6yBn1CI,OK,192329,471570004001035
2297.818,35.1738374,-89.98954379999999,ChIJ_S0BIGOAf4gRU3Ph4W65cOQ,OK,137862,471570004001034
2297.818,35.1738374,-89.98954379999999,ChIJ_S0BIGOAf4gRU3Ph4W65cOQ,OK,137862,471570004001034
3490.316,35.1490317,-90.0140679,ChIJw3q9_xV-1YcRqrte6yBn1CI,OK,191211,471570004001034
1865.463,35.1738374,-89.98954379999999,ChIJ_S0BIGOAf4gRU3Ph4W65cOQ,OK,111923,471570112001000
1865.463,35.1738374,-89.98954379999999,ChIJ_S0BIGOAf4gRU3Ph4W65cOQ,OK,111923,471570112001000
2641.848,35.1490317,-90.0140679,ChIJw3q9_xV-1YcRqrte6yBn1CI,OK,158491,471570112001000
1362.811,35.1738374,-89.98954379999999,ChIJ_S0BIGOAf4gRU3Ph4W65cOQ,OK,81766,471570006001022
1362.811,35.1738374,-89.98954379999999,ChIJ_S0BIGOAf4gRU3Ph4W65cOQ,OK,81766,471570006001022
2709.42,35.17410499999999,-89.97575479999999,ChIJmfYTGFmAf4gRHGKCaD0qCtI,OK,162552,471570006001022
2383.297,35.1738374,-89.98954379999999,ChIJ_S0BIGOAf4gRU3Ph4W65cOQ,OK,162216,471570112001003
2383.297,35.1738374,-89.98954379999999,ChIJ_S0BIGOAf4gRU3Ph4W65cOQ,OK,162216,471570112001003
2504.751,35.1490317,-90.0140679,ChIJw3q9_xV-1YcRqrte6yBn1CI,OK,168407,471570112001003
2302.079,35.1738374,-89.98954379999999,ChIJ_S0BIGOAf4gRU3Ph4W65cOQ,OK,151319,471570007003009
2302.079,35.1738374,-89.98954379999999,ChIJ_S0BIGOAf4gRU3Ph4W65cOQ,OK,151319,471570007003009
2344.251,35.1490317,-90.0140679,ChIJw3q9_xV-1YcRqrte6yBn1CI,OK,154585,471570007003009
2280.827,35.1490317,-90.0140679,ChIJw3q9_xV-1YcRqrte6yBn1CI,OK,148296,471570112002003
2280.827,35.1490317,-90.0140679,ChIJw3q9_xV-1YcRqrte6yBn1CI,OK,148296,471570112002003
3003.065,35.1444038,-90.0168571,ChIJufYEjhR-1YcREff46W6Lons,OK,195649,471570112002003
1739.042,35.1490317,-90.0140679,ChIJw3q9_xV-1YcRqrte6yBn1CI,OK,126071,471570112002005
1739.042,35.1490317,-90.0140679,ChIJw3q9_xV-1YcRqrte6yBn1CI,OK,126071,471570112002005
2461.28,35.1444038,-90.0168571,ChIJufYEjhR-1YcREff46W6Lons,OK,173424,471570112002005
783.956,35.0878609,-89.931612,ChIJ78kLm4aGf4gRhPZ5eF_7ojg,OK,86607,471570082003006
783.956,35.0878609,-89.931612,ChIJ78kLm4aGf4gRhPZ5eF_7ojg,OK,86607,471570082003006
1379.179,35.093158,-89.93038,ChIJU1HLuoSGf4gRK5KIVLXtvbU,OK,123799,471570082003006
873.522,35.0878609,-89.931612,ChIJ78kLm4aGf4gRhPZ5eF_7ojg,OK,97355,471570082003007
873.522,35.0878609,-89.931612,ChIJ78kLm4aGf4gRhPZ5eF_7ojg,OK,97355,471570082003007
1468.746,35.093158,-89.93038,ChIJU1HLuoSGf4gRK5KIVLXtvbU,OK,134547,471570082003007
885.291,35.0878609,-89.931612,ChIJ78kLm4aGf4gRhPZ5eF_7ojg,OK,98768,471570082005005
885.291,35.0878609,-89.931612,ChIJ78kLm4aGf4gRhPZ5eF_7ojg,OK,98768,471570082005005
1480.515,35.093158,-89.93038,ChIJU1HLuoSGf4gRK5KIVLXtvbU,OK,135960,471570082005005
1122.809,35.0878609,-89.931612,ChIJ78kLm4aGf4gRhPZ5eF_7ojg,OK,127267,471570082005006
1122.809,35.0878609,-89.931612,ChIJ78kLm4aGf4gRhPZ5eF_7ojg,OK,127267,471570082005006
1718.032,35.093158,-89.93038,ChIJU1HLuoSGf4gRK5KIVLXtvbU,OK,164459,471570082005006
342.206,35.093158,-89.93038,ChIJU1HLuoSGf4gRK5KIVLXtvbU,OK,35820,471570082004001
342.206,35.093158,-89.93038,ChIJU1HLuoSGf4gRK5KIVLXtvbU,OK,35820,471570082004001
659.386,35.0960067,-89.93138279999999,ChIJFfDYDZuGf4gR5IbqhV7MTAo,OK,55702,471570082004001
822.356,35.0878609,-89.931612,ChIJ78kLm4aGf4gRhPZ5eF_7ojg,OK,91215,471570082005004
822.356,35.0878609,-89.931612,ChIJ78kLm4aGf4gRhPZ5eF_7ojg,OK,91215,471570082005004
1417.579,35.093158,-89.93038,ChIJU1HLuoSGf4gRK5KIVLXtvbU,OK,128407,471570082005004
375.222,35.0878609,-89.931612,ChIJ78kLm4aGf4gRhPZ5eF_7ojg,OK,37560,471570082004006
375.222,35.0878609,-89.931612,ChIJ78kLm4aGf4gRhPZ5eF_7ojg,OK,37560,471570082004006
759.37,35.093158,-89.93038,ChIJU1HLuoSGf4gRK5KIVLXtvbU,OK,72452,471570082004006
216.501,35.0878609,-89.931612,ChIJ78kLm4aGf4gRhPZ5eF_7ojg,OK,18515,471570082005000
216.501,35.0878609,-89.931612,ChIJ78kLm4aGf4gRhPZ5eF_7ojg,OK,18515,471570082005000
811.725,35.093158,-89.93038,ChIJU1HLuoSGf4gRK5KIVLXtvbU,OK,55707,471570082005000
1450.252,35.06591589999999,-89.94154240000002,ChIJTUcfL2qGf4gRH4x-pmmajWw,OK,119556,471570105001002
1450.252,35.06591589999999,-89.94154240000002,ChIJTUcfL2qGf4gRH4x-pmmajWw,OK,119556,471570105001002
3600.891,35.0757114,-89.9271675,ChIJ-d7FIHmGf4gR6Aa1VQWm0ps,OK,240499,471570105001002
1541.437,35.06591589999999,-89.94154240000002,ChIJTUcfL2qGf4gRH4x-pmmajWw,OK,130498,471570105001003
1541.437,35.06591589999999,-89.94154240000002,ChIJTUcfL2qGf4gRH4x-pmmajWw,OK,130498,471570105001003
3692.076,35.0757114,-89.9271675,ChIJ-d7FIHmGf4gR6Aa1VQWm0ps,OK,251441,471570105001003
3398.603,35.06591589999999,-89.94154240000002,ChIJTUcfL2qGf4gRH4x-pmmajWw,OK,182378,471579801001002
4417.136,35.0757114,-89.9271675,ChIJ-d7FIHmGf4gR6Aa1VQWm0ps,OK,245103,471579801001002
4417.136,35.0757114,-89.9271675,ChIJ-d7FIHmGf4gR6Aa1VQWm0ps,OK,245103,471579801001002
5210.497,35.0757114,-89.9271675,ChIJ-d7FIHmGf4gR6Aa1VQWm0ps,OK,285349,471570106101003
5210.497,35.0757114,-89.9271675,ChIJ-d7FIHmGf4gR6Aa1VQWm0ps,OK,285349,471570106101003
6118.971,35.0878609,-89.931612,ChIJ78kLm4aGf4gRhPZ5eF_7ojg,OK,308445,471570106101003
1852.202,35.1075089,-89.9318387,ChIJVboYU6KGf4gRHfEHUi8Izac,OK,133414,471570085001026
1852.202,35.1075089,-89.9318387,ChIJVboYU6KGf4gRHfEHUi8Izac,OK,133414,471570085001026
1994.11,35.1079763,-89.9333841,ChIJqZoM4qKGf4gREaZMyPG1GBQ,OK,141929,471570085001026
1833.594,35.1075089,-89.9318387,ChIJVboYU6KGf4gRHfEHUi8Izac,OK,133572,471570085001027
1833.594,35.1075089,-89.9318387,ChIJVboYU6KGf4gRHfEHUi8Izac,OK,133572,471570085001027
1975.502,35.1079763,-89.9333841,ChIJqZoM4qKGf4gREaZMyPG1GBQ,OK,142087,471570085001027
452.342,35.1075089,-89.9318387,ChIJVboYU6KGf4gRHfEHUi8Izac,OK,53438,471570074002018
452.342,35.1075089,-89.9318387,ChIJVboYU6KGf4gRHfEHUi8Izac,OK,53438,471570074002018
594.25,35.1079763,-89.9333841,ChIJqZoM4qKGf4gREaZMyPG1GBQ,OK,61953,471570074002018
924.474,35.1075089,-89.9318387,ChIJVboYU6KGf4gRHfEHUi8Izac,OK,101904,471570074002007
924.474,35.1075089,-89.9318387,ChIJVboYU6KGf4gRHfEHUi8Izac,OK,101904,471570074002007
1066.382,35.1079763,-89.9333841,ChIJqZoM4qKGf4gREaZMyPG1GBQ,OK,110419,471570074002007
589.796,35.1075089,-89.9318387,ChIJVboYU6KGf4gRHfEHUi8Izac,OK,61743,471570074002006
589.796,35.1075089,-89.9318387,ChIJVboYU6KGf4gRHfEHUi8Izac,OK,61743,471570074002006
731.703,35.1079763,-89.9333841,ChIJqZoM4qKGf4gREaZMyPG1GBQ,OK,70258,471570074002006
919.533,35.1075089,-89.9318387,ChIJVboYU6KGf4gRHfEHUi8Izac,OK,88271,471570118004001
919.533,35.1075089,-89.9318387,ChIJVboYU6KGf4gRHfEHUi8Izac,OK,88271,471570118004001
1447.388,35.0971,-89.9305344,ChIJRd53mZuGf4gRp0fETcD5Y3I,OK,119942,471570118004001
706.287,35.1075089,-89.9318387,ChIJVboYU6KGf4gRHfEHUi8Izac,OK,68657,471570074002005
706.287,35.1075089,-89.9318387,ChIJVboYU6KGf4gRHfEHUi8Izac,OK,68657,471570074002005
848.195,35.1079763,-89.9333841,ChIJqZoM4qKGf4gREaZMyPG1GBQ,OK,77172,471570074002005
1409.921,35.1075089,-89.9318387,ChIJVboYU6KGf4gRHfEHUi8Izac,OK,101191,471570074002003
1409.921,35.1075089,-89.9318387,ChIJVboYU6KGf4gRHfEHUi8Izac,OK,101191,471570074002003
1551.828,35.1079763,-89.9333841,ChIJqZoM4qKGf4gREaZMyPG1GBQ,OK,109706,471570074002003
825.089,35.1075089,-89.9318387,ChIJVboYU6KGf4gRHfEHUi8Izac,OK,75972,471570074002004
825.089,35.1075089,-89.9318387,ChIJVboYU6KGf4gRHfEHUi8Izac,OK,75972,471570074002004
966.997,35.1079763,-89.9333841,ChIJqZoM4qKGf4gREaZMyPG1GBQ,OK,84487,471570074002004
952.13,35.1075089,-89.9318387,ChIJVboYU6KGf4gRHfEHUi8Izac,OK,63169,471570118004008
952.13,35.1075089,-89.9318387,ChIJVboYU6KGf4gRHfEHUi8Izac,OK,63169,471570118004008
1094.038,35.1079763,-89.9333841,ChIJqZoM4qKGf4gREaZMyPG1GBQ,OK,71684,471570118004008
1515.365,35.095133,-90.05542799999999,ChIJATnUo0J81YcRpbAuNwXeqRw,OK,123173,471570057001038
1515.365,35.095133,-90.05542799999999,ChIJATnUo0J81YcRpbAuNwXeqRw,OK,123173,471570057001038
1676.768,35.098685,-90.05664899999999,ChIJ31qwBkJ81YcRk2V5pdmdhrM,OK,132112,471570057001038
3759.798,35.222344,-89.97682999999999,ChIJ987Br45_f4gRjwrvnFN8t7k,OK,225577,471570205112021
3759.798,35.222344,-89.97682999999999,ChIJ987Br45_f4gRjwrvnFN8t7k,OK,225577,471570205112021
3979.871,35.17410499999999,-89.97575479999999,ChIJmfYTGFmAf4gRHGKCaD0qCtI,OK,238779,471570205112021
4280.525,35.222344,-89.97682999999999,ChIJ987Br45_f4gRjwrvnFN8t7k,OK,296355,471570205111011
4280.525,35.222344,-89.97682999999999,ChIJ987Br45_f4gRjwrvnFN8t7k,OK,296355,471570205111011
4681.391,35.2227028,-89.97692290000001,ChIJ987Br45_f4gRMoYIhCny13Q,OK,332487,471570205111011
4127.598,35.222344,-89.97682999999999,ChIJ987Br45_f4gRjwrvnFN8t7k,OK,278005,471570205112003
4127.598,35.222344,-89.97682999999999,ChIJ987Br45_f4gRjwrvnFN8t7k,OK,278005,471570205112003
4528.464,35.2227028,-89.97692290000001,ChIJ987Br45_f4gRMoYIhCny13Q,OK,314137,471570205112003
1494.199,35.104197,-89.98335349999999,ChIJNST6hGqHf4gR0Mml4gyjQWk,OK,119140,471570069003012
1494.199,35.104197,-89.98335349999999,ChIJNST6hGqHf4gR0Mml4gyjQWk,OK,119140,471570069003012
1602.332,35.09464699999999,-89.9708677,ChIJx5uAuBqHf4gRze5MKc5WJFI,OK,128787,471570069003012
1619.744,35.104197,-89.98335349999999,ChIJNST6hGqHf4gR0Mml4gyjQWk,OK,112834,471570065001023
1619.744,35.104197,-89.98335349999999,ChIJNST6hGqHf4gR0Mml4gyjQWk,OK,112834,471570065001023
1603.362,35.109859,-89.99141100000001,ChIJs6JbpFyHf4gR9O01gG0a7fQ,OK,122995,471570065001023
1302.625,35.104197,-89.98335349999999,ChIJNST6hGqHf4gR0Mml4gyjQWk,OK,79897,471570065001022
1302.625,35.104197,-89.98335349999999,ChIJNST6hGqHf4gR0Mml4gyjQWk,OK,79897,471570065001022
1415.623,35.107529,-89.9862127,ChIJ0WGfSUKHf4gRjDLrfGQwCV4,OK,91018,471570065001022
165.273,35.104197,-89.98335349999999,ChIJNST6hGqHf4gR0Mml4gyjQWk,OK,9152,471570069003000
165.273,35.104197,-89.98335349999999,ChIJNST6hGqHf4gR0Mml4gyjQWk,OK,9152,471570069003000
426.245,35.107529,-89.9862127,ChIJ0WGfSUKHf4gRjDLrfGQwCV4,OK,28466,471570069003000
468.424,35.104197,-89.98335349999999,ChIJNST6hGqHf4gR0Mml4gyjQWk,OK,25940,471570068002011
468.424,35.104197,-89.98335349999999,ChIJNST6hGqHf4gR0Mml4gyjQWk,OK,25940,471570068002011
515.286,35.109859,-89.99141100000001,ChIJs6JbpFyHf4gR9O01gG0a7fQ,OK,28536,471570068002011
455.109,35.109859,-89.99141100000001,ChIJs6JbpFyHf4gR9O01gG0a7fQ,OK,33476,471570065001009
455.109,35.109859,-89.99141100000001,ChIJs6JbpFyHf4gR9O01gG0a7fQ,OK,33476,471570065001009
639.479,35.104197,-89.98335349999999,ChIJNST6hGqHf4gR0Mml4gyjQWk,OK,43295,471570065001009
459.841,35.109859,-89.99141100000001,ChIJs6JbpFyHf4gR9O01gG0a7fQ,OK,25466,471570065001008
459.841,35.109859,-89.99141100000001,ChIJs6JbpFyHf4gR9O01gG0a7fQ,OK,25466,471570065001008
523.869,35.104197,-89.98335349999999,ChIJNST6hGqHf4gR0Mml4gyjQWk,OK,29011,471570065001008
295.446,35.107529,-89.9862127,ChIJ0WGfSUKHf4gRjDLrfGQwCV4,OK,21793,471570067002035
295.446,35.107529,-89.9862127,ChIJ0WGfSUKHf4gRjDLrfGQwCV4,OK,21793,471570067002035
736.464,35.104197,-89.98335349999999,ChIJNST6hGqHf4gR0Mml4gyjQWk,OK,41352,471570067002035
381.22,35.104197,-89.98335349999999,ChIJNST6hGqHf4gR0Mml4gyjQWk,OK,29899,471570069003001
381.22,35.104197,-89.98335349999999,ChIJNST6hGqHf4gR0Mml4gyjQWk,OK,29899,471570069003001
693.261,35.107529,-89.9862127,ChIJ0WGfSUKHf4gRjDLrfGQwCV4,OK,48757,471570069003001
507.013,35.104197,-89.98335349999999,ChIJNST6hGqHf4gR0Mml4gyjQWk,OK,39872,471570069003002
507.013,35.104197,-89.98335349999999,ChIJNST6hGqHf4gR0Mml4gyjQWk,OK,39872,471570069003002
821.307,35.107529,-89.9862127,ChIJ0WGfSUKHf4gRjDLrfGQwCV4,OK,57076,471570069003002
717.17,35.104197,-89.98335349999999,ChIJNST6hGqHf4gR0Mml4gyjQWk,OK,59155,471570068002002
717.17,35.104197,-89.98335349999999,ChIJNST6hGqHf4gR0Mml4gyjQWk,OK,59155,471570068002002
810.203,35.107529,-89.9862127,ChIJ0WGfSUKHf4gRjDLrfGQwCV4,OK,64346,471570068002002
1461.381,35.1157645,-90.022279,ChIJwZqBNMN91YcRRpdDvj5Pcr8,OK,97634,471570116002019
1461.381,35.1157645,-90.022279,ChIJwZqBNMN91YcRRpdDvj5Pcr8,OK,97634,471570116002019
2182.501,35.1087458,-90.0211918,ChIJe6w2EsF91YcRquzVZc8M0-I,OK,139024,471570116002019
1161.385,35.104197,-89.98335349999999,ChIJNST6hGqHf4gR0Mml4gyjQWk,OK,72914,471570069003005
1161.385,35.104197,-89.98335349999999,ChIJNST6hGqHf4gR0Mml4gyjQWk,OK,72914,471570069003005
1274.383,35.107529,-89.9862127,ChIJ0WGfSUKHf4gRjDLrfGQwCV4,OK,84035,471570069003005
148.67,35.104197,-89.98335349999999,ChIJNST6hGqHf4gR0Mml4gyjQWk,OK,8233,471570069002000
148.67,35.104197,-89.98335349999999,ChIJNST6hGqHf4gR0Mml4gyjQWk,OK,8233,471570069002000
740.187,35.107529,-89.9862127,ChIJ0WGfSUKHf4gRjDLrfGQwCV4,OK,45852,471570069002000
858.672,35.104197,-89.98335349999999,ChIJNST6hGqHf4gR0Mml4gyjQWk,OK,79827,471570069002005
858.672,35.104197,-89.98335349999999,ChIJNST6hGqHf4gR0Mml4gyjQWk,OK,79827,471570069002005
1163.241,35.09464699999999,-89.9708677,ChIJx5uAuBqHf4gRze5MKc5WJFI,OK,98351,471570069002005
517.975,35.104197,-89.98335349999999,ChIJNST6hGqHf4gR0Mml4gyjQWk,OK,46310,471570069002003
517.975,35.104197,-89.98335349999999,ChIJNST6hGqHf4gR0Mml4gyjQWk,OK,46310,471570069002003
886.117,35.107529,-89.9862127,ChIJ0WGfSUKHf4gRjDLrfGQwCV4,OK,71559,471570069002003
624.4,35.104197,-89.98335349999999,ChIJNST6hGqHf4gR0Mml4gyjQWk,OK,48724,471570069003003
624.4,35.104197,-89.98335349999999,ChIJNST6hGqHf4gR0Mml4gyjQWk,OK,48724,471570069003003
948.796,35.107529,-89.9862127,ChIJ0WGfSUKHf4gRjDLrfGQwCV4,OK,65270,471570069003003
746.812,35.104197,-89.98335349999999,ChIJNST6hGqHf4gR0Mml4gyjQWk,OK,58001,471570069003004
746.812,35.104197,-89.98335349999999,ChIJNST6hGqHf4gR0Mml4gyjQWk,OK,58001,471570069003004
1074.462,35.107529,-89.9862127,ChIJ0WGfSUKHf4gRjDLrfGQwCV4,OK,72724,471570069003004
1180.187,35.104197,-89.98335349999999,ChIJNST6hGqHf4gR0Mml4gyjQWk,OK,75170,471570069003007
1180.187,35.104197,-89.98335349999999,ChIJNST6hGqHf4gR0Mml4gyjQWk,OK,75170,471570069003007
1293.184,35.107529,-89.9862127,ChIJ0WGfSUKHf4gRjDLrfGQwCV4,OK,86291,471570069003007
4374.024,35.054745,-90.007971,ChIJXxyyQlt91YcRhldtWgjSnSE,OK,246593,471570078221036
4374.024,35.054745,-90.007971,ChIJXxyyQlt91YcRhldtWgjSnSE,OK,246593,471570078221036
3907.332,35.1087458,-90.0211918,ChIJe6w2EsF91YcRquzVZc8M0-I,OK,250088,471570078221036
3422.536,35.1087458,-90.0211918,ChIJe6w2EsF91YcRquzVZc8M0-I,OK,201119,471570078221034
3422.536,35.1087458,-90.0211918,ChIJe6w2EsF91YcRquzVZc8M0-I,OK,201119,471570078221034
3423.177,35.10874099999999,-90.021185,ChIJrVbiDcF91YcRG9TBOTpHc3I,OK,201196,471570078221034
10462.251,35.054745,-90.007971,ChIJXxyyQlt91YcRhldtWgjSnSE,OK,512024,471570225001020
10462.251,35.054745,-90.007971,ChIJXxyyQlt91YcRhldtWgjSnSE,OK,512024,471570225001020
10894.099,35.05407199999999,-90.00125899999999,ChIJIzdhk1h91YcRZT7cBcBslaM,OK,528063,471570225001020
4337.231,35.054745,-90.007971,ChIJXxyyQlt91YcRhldtWgjSnSE,OK,260655,471570078213004
4337.231,35.054745,-90.007971,ChIJXxyyQlt91YcRhldtWgjSnSE,OK,260655,471570078213004
4767.423,35.05407199999999,-90.00125899999999,ChIJIzdhk1h91YcRZT7cBcBslaM,OK,280339,471570078213004
4214.025,35.054745,-90.007971,ChIJXxyyQlt91YcRhldtWgjSnSE,OK,262781,471570078221039
4214.025,35.054745,-90.007971,ChIJXxyyQlt91YcRhldtWgjSnSE,OK,262781,471570078221039
4644.217,35.05407199999999,-90.00125899999999,ChIJIzdhk1h91YcRZT7cBcBslaM,OK,282465,471570078221039
1542.269,35.1087458,-90.0211918,ChIJe6w2EsF91YcRquzVZc8M0-I,OK,92928,471570078102029
1542.269,35.1087458,-90.0211918,ChIJe6w2EsF91YcRquzVZc8M0-I,OK,92928,471570078102029
1542.91,35.10874099999999,-90.021185,ChIJrVbiDcF91YcRG9TBOTpHc3I,OK,93005,471570078102029
1614.963,35.1087458,-90.0211918,ChIJe6w2EsF91YcRquzVZc8M0-I,OK,96943,471570078102030
1614.963,35.1087458,-90.0211918,ChIJe6w2EsF91YcRquzVZc8M0-I,OK,96943,471570078102030
1615.604,35.10874099999999,-90.021185,ChIJrVbiDcF91YcRG9TBOTpHc3I,OK,97020,471570078102030
2045.24,35.1087458,-90.0211918,ChIJe6w2EsF91YcRquzVZc8M0-I,OK,139014,471570078102060
2045.24,35.1087458,-90.0211918,ChIJe6w2EsF91YcRquzVZc8M0-I,OK,139014,471570078102060
2045.882,35.10874099999999,-90.021185,ChIJrVbiDcF91YcRG9TBOTpHc3I,OK,139091,471570078102060
2230.589,35.1087458,-90.0211918,ChIJe6w2EsF91YcRquzVZc8M0-I,OK,136227,471570078102058
2230.589,35.1087458,-90.0211918,ChIJe6w2EsF91YcRquzVZc8M0-I,OK,136227,471570078102058
2231.231,35.10874099999999,-90.021185,ChIJrVbiDcF91YcRG9TBOTpHc3I,OK,136304,471570078102058
2553.093,35.1087458,-90.0211918,ChIJe6w2EsF91YcRquzVZc8M0-I,OK,148265,471570078211008
2553.093,35.1087458,-90.0211918,ChIJe6w2EsF91YcRquzVZc8M0-I,OK,148265,471570078211008
2553.734,35.10874099999999,-90.021185,ChIJrVbiDcF91YcRG9TBOTpHc3I,OK,148342,471570078211008
3125.255,35.1087458,-90.0211918,ChIJe6w2EsF91YcRquzVZc8M0-I,OK,181585,471570078221027
3125.255,35.1087458,-90.0211918,ChIJe6w2EsF91YcRquzVZc8M0-I,OK,181585,471570078221027
3125.897,35.10874099999999,-90.021185,ChIJrVbiDcF91YcRG9TBOTpHc3I,OK,181662,471570078221027
2636.629,35.1087458,-90.0211918,ChIJe6w2EsF91YcRquzVZc8M0-I,OK,152706,471570078211009
2636.629,35.1087458,-90.0211918,ChIJe6w2EsF91YcRquzVZc8M0-I,OK,152706,471570078211009
2637.27,35.10874099999999,-90.021185,ChIJrVbiDcF91YcRG9TBOTpHc3I,OK,152783,471570078211009
2717.505,35.1087458,-90.0211918,ChIJe6w2EsF91YcRquzVZc8M0-I,OK,157367,471570078211015
2717.505,35.1087458,-90.0211918,ChIJe6w2EsF91YcRquzVZc8M0-I,OK,157367,471570078211015
2718.146,35.10874099999999,-90.021185,ChIJrVbiDcF91YcRG9TBOTpHc3I,OK,157444,471570078211015
3121.27,35.1087458,-90.0211918,ChIJe6w2EsF91YcRquzVZc8M0-I,OK,190646,471570078211010
3121.27,35.1087458,-90.0211918,ChIJe6w2EsF91YcRquzVZc8M0-I,OK,190646,471570078211010
3121.911,35.10874099999999,-90.021185,ChIJrVbiDcF91YcRG9TBOTpHc3I,OK,190723,471570078211010
3577.668,35.1087458,-90.0211918,ChIJe6w2EsF91YcRquzVZc8M0-I,OK,239266,471570078211014
3577.668,35.1087458,-90.0211918,ChIJe6w2EsF91YcRquzVZc8M0-I,OK,239266,471570078211014
3578.31,35.10874099999999,-90.021185,ChIJrVbiDcF91YcRG9TBOTpHc3I,OK,239343,471570078211014
1671.053,35.1546312,-89.79260459999999,ChIJ8UeuSEecf4gRniit7ubZLtM,OK,103926,471570211362059
1671.053,35.1546312,-89.79260459999999,ChIJ8UeuSEecf4gRniit7ubZLtM,OK,103926,471570211362059
2618.515,35.14868459999999,-89.7948203,ChIJ4w9Lr2qcf4gRHdzl9FciAFM,OK,157478,471570211362059
4369.587,35.1546312,-89.79260459999999,ChIJ8UeuSEecf4gRniit7ubZLtM,OK,255670,471570211361000
4369.587,35.1546312,-89.79260459999999,ChIJ8UeuSEecf4gRniit7ubZLtM,OK,255670,471570211361000
4749.475,35.14868459999999,-89.7948203,ChIJ4w9Lr2qcf4gRHdzl9FciAFM,OK,275170,471570211361000
3131.07,35.1087458,-90.0211918,ChIJe6w2EsF91YcRquzVZc8M0-I,OK,185675,471570078211011
3131.07,35.1087458,-90.0211918,ChIJe6w2EsF91YcRquzVZc8M0-I,OK,185675,471570078211011
3131.711,35.10874099999999,-90.021185,ChIJrVbiDcF91YcRG9TBOTpHc3I,OK,185752,471570078211011
1872.492,35.1087458,-90.0211918,ChIJe6w2EsF91YcRquzVZc8M0-I,OK,123094,471570078102025
1872.492,35.1087458,-90.0211918,ChIJe6w2EsF91YcRquzVZc8M0-I,OK,123094,471570078102025
1873.134,35.10874099999999,-90.021185,ChIJrVbiDcF91YcRG9TBOTpHc3I,OK,123171,471570078102025
2147.05,35.1087458,-90.0211918,ChIJe6w2EsF91YcRquzVZc8M0-I,OK,141353,471570078102024
2147.05,35.1087458,-90.0211918,ChIJe6w2EsF91YcRquzVZc8M0-I,OK,141353,471570078102024
2147.691,35.10874099999999,-90.021185,ChIJrVbiDcF91YcRG9TBOTpHc3I,OK,141430,471570078102024
2241.473,35.1087458,-90.0211918,ChIJe6w2EsF91YcRquzVZc8M0-I,OK,152965,471570078102023
2241.473,35.1087458,-90.0211918,ChIJe6w2EsF91YcRquzVZc8M0-I,OK,152965,471570078102023
2242.114,35.10874099999999,-90.021185,ChIJrVbiDcF91YcRG9TBOTpHc3I,OK,153042,471570078102023
2797.136,35.1087458,-90.0211918,ChIJe6w2EsF91YcRquzVZc8M0-I,OK,173715,471570078211003
2797.136,35.1087458,-90.0211918,ChIJe6w2EsF91YcRquzVZc8M0-I,OK,173715,471570078211003
2797.777,35.10874099999999,-90.021185,ChIJrVbiDcF91YcRG9TBOTpHc3I,OK,173792,471570078211003
3101.243,35.1087458,-90.0211918,ChIJe6w2EsF91YcRquzVZc8M0-I,OK,182096,471570078211012
3101.243,35.1087458,-90.0211918,ChIJe6w2EsF91YcRquzVZc8M0-I,OK,182096,471570078211012
3172.517,35.0326981,-90.07589809999999,ChIJ9S1ljalk1YcRvuG-_hbpimA,OK,242268,471570223103016
3172.517,35.0326981,-90.07589809999999,ChIJ9S1ljalk1YcRvuG-_hbpimA,OK,242268,471570223103016
3559.896,35.0543926,-90.0597009,ChIJT5TzUbl81YcRiPqNjkbj9CA,OK,267181,471570223103016
1606.324,35.02379430000001,-89.96377079999999,ChIJDVntamKIf4gRlF5S6rdAlgc,OK,90446,471570219004002
1606.324,35.02379430000001,-89.96377079999999,ChIJDVntamKIf4gRlF5S6rdAlgc,OK,90446,471570219004002
1728.594,35.02138900000001,-89.996898,ChIJz3MQkR6If4gRIBgmNH-BQcg,OK,95734,471570219004002
1526.93,35.051879,-89.95322299999999,ChIJtbdkhjqGf4gRndtG1KtFnTA,OK,109988,471579801001083
1526.93,35.051879,-89.95322299999999,ChIJtbdkhjqGf4gRndtG1KtFnTA,OK,109988,471579801001083
3690.457,35.0643218,-89.9923063,ChIJb3DQuo2Hf4gRC8UI6d4pa68,OK,247388,471579801001083
1467.934,35.148225,-89.89748700000001,ChIJC8t095eDf4gRGuXK3FleZyg,OK,112647,471570092002007
1467.934,35.148225,-89.89748700000001,ChIJC8t095eDf4gRGuXK3FleZyg,OK,112647,471570092002007
1548.479,35.1489345,-89.89838259999999,ChIJaTBvX72Df4gRiyFT0LQMnrQ,OK,117479,471570092002007
1324.107,35.1507888,-89.977317,ChIJdVWrOuqAf4gR-V7s1E3qo7g,OK,102568,471570015001002
1324.107,35.1507888,-89.977317,ChIJdVWrOuqAf4gR-V7s1E3qo7g,OK,102568,471570015001002
2199.253,35.1497164,-89.95515999999999,ChIJcQb6ehiBf4gR-uA54eRPNq8,OK,164385,471570015001002
738.756,35.1079763,-89.9333841,ChIJqZoM4qKGf4gREaZMyPG1GBQ,OK,78422,471570074002016
738.756,35.1079763,-89.9333841,ChIJqZoM4qKGf4gREaZMyPG1GBQ,OK,78422,471570074002016
880.664,35.1075089,-89.9318387,ChIJVboYU6KGf4gRHfEHUi8Izac,OK,86936,471570074002016
827.213,35.1075089,-89.9318387,ChIJVboYU6KGf4gRHfEHUi8Izac,OK,72027,471570080001009
827.213,35.1075089,-89.9318387,ChIJVboYU6KGf4gRHfEHUi8Izac,OK,72027,471570080001009
969.12,35.1079763,-89.9333841,ChIJqZoM4qKGf4gREaZMyPG1GBQ,OK,80542,471570080001009
2141.029,35.1145886,-89.90089789999999,ChIJKWmlFW6Ef4gR0YNISWQMkss,OK,145016,471570095003000
2141.029,35.1145886,-89.90089789999999,ChIJKWmlFW6Ef4gR0YNISWQMkss,OK,145016,471570095003000
2111.063,35.1153996,-89.89414069999999,ChIJCb4NOWWEf4gR79YlPQoocW4,OK,150389,471570095003000
1866.612,35.0326981,-90.07589809999999,ChIJ9S1ljalk1YcRvuG-_hbpimA,OK,126863,471570223104001
1866.612,35.0326981,-90.07589809999999,ChIJ9S1ljalk1YcRvuG-_hbpimA,OK,126863,471570223104001
2253.991,35.0543926,-90.0597009,ChIJT5TzUbl81YcRiPqNjkbj9CA,OK,151776,471570223104001
1716.317,35.098685,-90.05664899999999,ChIJ31qwBkJ81YcRk2V5pdmdhrM,OK,124230,471570117001117
1716.317,35.098685,-90.05664899999999,ChIJ31qwBkJ81YcRk2V5pdmdhrM,OK,124230,471570117001117
2105.309,35.095133,-90.05542799999999,ChIJATnUo0J81YcRpbAuNwXeqRw,OK,145774,471570117001117
1921.637,35.14981359999999,-89.94918609999999,ChIJVdGBGRaBf4gRsi89Rzqn8W4,OK,142765,471570030001001
1921.637,35.14981359999999,-89.94918609999999,ChIJVdGBGRaBf4gRsi89Rzqn8W4,OK,142765,471570030001001
2066.495,35.1497164,-89.95515999999999,ChIJcQb6ehiBf4gR-uA54eRPNq8,OK,153684,471570030001001
3930.528,35.1153996,-89.89414069999999,ChIJCb4NOWWEf4gR79YlPQoocW4,OK,259792,471570092005027
3930.528,35.1153996,-89.89414069999999,ChIJCb4NOWWEf4gR79YlPQoocW4,OK,259792,471570092005027
4369.853,35.148225,-89.89748700000001,ChIJC8t095eDf4gRGuXK3FleZyg,OK,268230,471570092005027
1535.454,35.2045576,-89.81176689999999,ChIJ8ROix4Kdf4gR4Su-1OwAUMo,OK,110395,471570206323009
1535.454,35.2045576,-89.81176689999999,ChIJ8ROix4Kdf4gR4Su-1OwAUMo,OK,110395,471570206323009
2591.963,35.2051043,-89.79754849999999,ChIJpRDMlY2df4gRQqHmUo_lzmc,OK,167814,471570206323009
854.139,35.093591,-90.056624,ChIJgyVl92d81YcRhuRHHckl8Y4,OK,47632,471570055003009
854.139,35.093591,-90.056624,ChIJgyVl92d81YcRhuRHHckl8Y4,OK,47632,471570055003009
1033.976,35.095133,-90.05542799999999,ChIJATnUo0J81YcRpbAuNwXeqRw,OK,57592,471570055003009
1298.799,35.1804299,-89.9263818,ChIJIfvtv4eBf4gRJLjVGBpAzmc,OK,111284,471570088003007
1862.465,35.183951,-89.93106899999999,ChIJWQ0EIo-Bf4gR6cuqlCcQuNw,OK,165098,471570088003007
1862.465,35.183951,-89.93106899999999,ChIJWQ0EIo-Bf4gR6cuqlCcQuNw,OK,165098,471570088003007
961.885,35.210167,-89.919383,ChIJi0gqlgaCf4gRjUvfmHxGMyw,OK,75584,471570205413027
961.885,35.210167,-89.919383,ChIJi0gqlgaCf4gRjUvfmHxGMyw,OK,75584,471570205413027
1367.713,35.2158947,-89.9151158,ChIJxetq6ad4f4gRD1K1cIBWUQ4,OK,93059,471570205413027
403.204,35.210167,-89.919383,ChIJi0gqlgaCf4gRjUvfmHxGMyw,OK,28006,471570205413026
403.204,35.210167,-89.919383,ChIJi0gqlgaCf4gRjUvfmHxGMyw,OK,28006,471570205413026
809.033,35.2158947,-89.9151158,ChIJxetq6ad4f4gRD1K1cIBWUQ4,OK,45481,471570205413026
3669.962,35.0854368,-89.89541919999999,ChIJf5cc-VKEf4gRF-lYLgijYQQ,OK,277282,471570213313007
4353.65,35.0614623,-89.8536277,ChIJ4TWJkTWFf4gRbkNZYfkF9Jw,OK,321065,471570213313007
4353.65,35.0614623,-89.8536277,ChIJ4TWJkTWFf4gRbkNZYfkF9Jw,OK,321065,471570213313007
515.488,35.2060393,-89.89459389999999,ChIJN_fdM1CCf4gRqHZ_YUZgoJo,OK,44519,471570206211008
515.488,35.2060393,-89.89459389999999,ChIJN_fdM1CCf4gRqHZ_YUZgoJo,OK,44519,471570206211008
599.228,35.20808669999999,-89.89363879999999,ChIJa1RCwHuCf4gRSSG3nO4uWeI,OK,60771,471570206211008
769.006,35.2060393,-89.89459389999999,ChIJN_fdM1CCf4gRqHZ_YUZgoJo,OK,74939,471570206211009
769.006,35.2060393,-89.89459389999999,ChIJN_fdM1CCf4gRqHZ_YUZgoJo,OK,74939,471570206211009
852.746,35.20808669999999,-89.89363879999999,ChIJa1RCwHuCf4gRSSG3nO4uWeI,OK,91191,471570206211009
535.078,35.1157645,-90.022279,ChIJwZqBNMN91YcRRpdDvj5Pcr8,OK,40216,471570115001011
535.078,35.1157645,-90.022279,ChIJwZqBNMN91YcRRpdDvj5Pcr8,OK,40216,471570115001011
625.452,35.1087458,-90.0211918,ChIJe6w2EsF91YcRquzVZc8M0-I,OK,46674,471570115001011
1488.61,35.14859919999999,-89.91828060000002,ChIJRflgf-eDf4gRHX_XNYKER-s,OK,111160,471570029001001
1488.61,35.14859919999999,-89.91828060000002,ChIJRflgf-eDf4gRHX_XNYKER-s,OK,111160,471570029001001
1653.217,35.14981359999999,-89.94918609999999,ChIJVdGBGRaBf4gRsi89Rzqn8W4,OK,118839,471570029001001
987.687,35.2060393,-89.89459389999999,ChIJN_fdM1CCf4gRqHZ_YUZgoJo,OK,91293,471570206211014
987.687,35.2060393,-89.89459389999999,ChIJN_fdM1CCf4gRqHZ_YUZgoJo,OK,91293,471570206211014
1274.727,35.20808669999999,-89.89363879999999,ChIJa1RCwHuCf4gRSSG3nO4uWeI,OK,118804,471570206211014
1332.247,35.1942326,-89.8965709,ChIJD7pM72eCf4gRg19OPcAuyDw,OK,89887,471570205422013
1332.247,35.1942326,-89.8965709,ChIJD7pM72eCf4gRg19OPcAuyDw,OK,89887,471570205422013
1727.886,35.1913738,-89.8964247,ChIJwQffFF2Cf4gRzaR3rfvt3f4,OK,114049,471570205422013
1590.283,35.0515544,-89.92255089999999,ChIJG_UFGuOFf4gRyHNDzwp5is0,OK,87656,471570226001105
1590.283,35.0515544,-89.92255089999999,ChIJG_UFGuOFf4gRyHNDzwp5is0,OK,87656,471570226001105
3021.816,35.0515568,-89.90630259999999,ChIJrU8jyZKFf4gRubg1AIyELWY,OK,173826,471570226001105
1577.473,35.192778,-89.895242,ChIJ2ehTh2eCf4gR95JHzr6OIMA,OK,109939,471570206101017
1577.473,35.192778,-89.895242,ChIJ2ehTh2eCf4gR95JHzr6OIMA,OK,109939,471570206101017
1438.063,35.1835367,-89.8717722,ChIJv1U5XuiCf4gRMlXiIrwnbJo,OK,111588,471570206101017
2170.926,35.192778,-89.895242,ChIJ2ehTh2eCf4gR95JHzr6OIMA,OK,164249,471570206101027
1955.094,35.1835367,-89.8717722,ChIJv1U5XuiCf4gRMlXiIrwnbJo,OK,173910,471570206101027
1955.094,35.1835367,-89.8717722,ChIJv1U5XuiCf4gRMlXiIrwnbJo,OK,173910,471570206101027
1896.657,35.1835367,-89.8717722,ChIJv1U5XuiCf4gRMlXiIrwnbJo,OK,145963,471570206101029
1896.657,35.1835367,-89.8717722,ChIJv1U5XuiCf4gRMlXiIrwnbJo,OK,145963,471570206101029
2219.44,35.164068,-89.8770782,ChIJpUMbExuDf4gRyW4QpPURe54,OK,154744,471570206101029
215.058,35.1439641,-90.0517892,ChIJL-0zBZR-1YcRj7p5p1WY4-g,OK,14071,471570042002010
215.058,35.1439641,-90.0517892,ChIJL-0zBZR-1YcRj7p5p1WY4-g,OK,14071,471570042002010
245.749,35.1435177,-90.0539328,ChIJ8VFg1pV-1YcRR9G8p0pZx6U,OK,14350,471570042002010
2410.009,35.2045576,-89.81176689999999,ChIJ8ROix4Kdf4gR4Su-1OwAUMo,OK,143524,471570211131039
2410.009,35.2045576,-89.81176689999999,ChIJ8ROix4Kdf4gR4Su-1OwAUMo,OK,143524,471570211131039
3466.518,35.2051043,-89.79754849999999,ChIJpRDMlY2df4gRQqHmUo_lzmc,OK,200943,471570211131039
1524.836,35.062945,-89.90568519999999,ChIJjxj9mL-Ff4gRoOEx9OzDyxs,OK,103802,471570106101014
1524.836,35.062945,-89.90568519999999,ChIJjxj9mL-Ff4gRoOEx9OzDyxs,OK,103802,471570106101014
1511.198,35.063996,-89.90690699999999,ChIJn51vcb-Ff4gRvoXU4r8swrw,OK,117952,471570106101014
960.598,35.0209193,-89.8996561,ChIJxWQfy22Pf4gRlC1jxVU1A2g,OK,53201,471570226001144
960.598,35.0209193,-89.8996561,ChIJxWQfy22Pf4gRlC1jxVU1A2g,OK,53201,471570226001144
971.871,35.02100869999999,-89.8995317,ChIJ-f6gz22Pf4gR-rWEeLgd-68,OK,53825,471570226001144
761.357,35.0745932,-89.9204618,ChIJPX58KNGFf4gRLgBWAHPwusk,OK,82857,471570106101012
761.357,35.0745932,-89.9204618,ChIJPX58KNGFf4gRLgBWAHPwusk,OK,82857,471570106101012
1439.996,35.0757114,-89.9271675,ChIJ-d7FIHmGf4gR6Aa1VQWm0ps,OK,123573,471570106101012
444.275,35.0745932,-89.9204618,ChIJPX58KNGFf4gRLgBWAHPwusk,OK,27597,471570106101017
444.275,35.0745932,-89.9204618,ChIJPX58KNGFf4gRLgBWAHPwusk,OK,27597,471570106101017
1122.914,35.0757114,-89.9271675,ChIJ-d7FIHmGf4gR6Aa1VQWm0ps,OK,68313,471570106101017
1665.331,35.164068,-89.8770782,ChIJpUMbExuDf4gRyW4QpPURe54,OK,99340,471570206102012
1665.331,35.164068,-89.8770782,ChIJpUMbExuDf4gRyW4QpPURe54,OK,99340,471570206102012
1712.083,35.1835367,-89.8717722,ChIJv1U5XuiCf4gRMlXiIrwnbJo,OK,112729,471570206102012
1182.192,35.1835367,-89.8717722,ChIJv1U5XuiCf4gRMlXiIrwnbJo,OK,77891,471570206102004
1182.192,35.1835367,-89.8717722,ChIJv1U5XuiCf4gRMlXiIrwnbJo,OK,77891,471570206102004
1904.005,35.164068,-89.8770782,ChIJpUMbExuDf4gRyW4QpPURe54,OK,105447,471570206102004
1170.908,35.19067459999999,-89.8489943,ChIJ364PGjWdf4gRKbsrGLq8_XQ,OK,104418,471570211111016
1170.908,35.19067459999999,-89.8489943,ChIJ364PGjWdf4gRKbsrGLq8_XQ,OK,104418,471570211111016
3157.795,35.1927931,-89.86922029999999,ChIJAQAAAMCCf4gRZL0qi0KLjtw,OK,246268,471570211111016
118.508,35.048632,-89.814048,ChIJqY7T64eaf4gRoqZRK7sz4Co,OK,14220,471570213421056
118.508,35.048632,-89.814048,ChIJqY7T64eaf4gRoqZRK7sz4Co,OK,14220,471570213421056
175.24,35.04764,-89.81103399999999,ChIJI51OG32af4gRR1NU8GPdiEE,OK,21027,471570213421056
2483.552,35.0643218,-89.9923063,ChIJb3DQuo2Hf4gRC8UI6d4pa68,OK,187056,471579801001027
2483.552,35.0643218,-89.9923063,ChIJb3DQuo2Hf4gRC8UI6d4pa68,OK,187056,471579801001027
4504.841,35.0841884,-89.97146650000001,ChIJX1vb4AeHf4gRloPQ2o5nDXA,OK,268484,471579801001027
1515.213,35.0209193,-89.8996561,ChIJxWQfy22Pf4gRlC1jxVU1A2g,OK,83918,471570226001133
1515.213,35.0209193,-89.8996561,ChIJxWQfy22Pf4gRlC1jxVU1A2g,OK,83918,471570226001133
1526.486,35.02100869999999,-89.8995317,ChIJ-f6gz22Pf4gR-rWEeLgd-68,OK,84542,471570226001133
988.443,35.1835367,-89.8717722,ChIJv1U5XuiCf4gRMlXiIrwnbJo,OK,76793,471570206223002
988.443,35.1835367,-89.8717722,ChIJv1U5XuiCf4gRMlXiIrwnbJo,OK,76793,471570206223002
1835.961,35.1927931,-89.86922029999999,ChIJAQAAAMCCf4gRZL0qi0KLjtw,OK,118566,471570206223002
342.327,35.1439641,-90.0517892,ChIJL-0zBZR-1YcRj7p5p1WY4-g,OK,33773,471570042001041
342.327,35.1439641,-90.0517892,ChIJL-0zBZR-1YcRj7p5p1WY4-g,OK,33773,471570042001041
431.98,35.1450994,-90.0538646,ChIJne6_s5V-1YcRn_LPaqiwhrk,OK,37798,471570042001041
803.128,35.148225,-89.89748700000001,ChIJC8t095eDf4gRGuXK3FleZyg,OK,57015,471570086003016
803.128,35.148225,-89.89748700000001,ChIJC8t095eDf4gRGuXK3FleZyg,OK,57015,471570086003016
883.674,35.1489345,-89.89838259999999,ChIJaTBvX72Df4gRiyFT0LQMnrQ,OK,61847,471570086003016
4230.312,35.1503395,-89.89321,ChIJRaSiF6KDf4gRNIqqt1VnH58,OK,303308,471570092005006
4230.312,35.1503395,-89.89321,ChIJRaSiF6KDf4gRNIqqt1VnH58,OK,303308,471570092005006
4362.953,35.1153996,-89.89414069999999,ChIJCb4NOWWEf4gR79YlPQoocW4,OK,305338,471570092005006
3544.831,35.1153996,-89.89414069999999,ChIJCb4NOWWEf4gR79YlPQoocW4,OK,263138,471570096001008
3544.831,35.1153996,-89.89414069999999,ChIJCb4NOWWEf4gR79YlPQoocW4,OK,263138,471570096001008
951.812,35.0515544,-89.92255089999999,ChIJG_UFGuOFf4gRyHNDzwp5is0,OK,67642,471570106302000
951.812,35.0515544,-89.92255089999999,ChIJG_UFGuOFf4gRyHNDzwp5is0,OK,67642,471570106302000
2168.347,35.062945,-89.90568519999999,ChIJjxj9mL-Ff4gRoOEx9OzDyxs,OK,141214,471570106302000
1811.449,35.05905920000001,-89.9340455,ChIJM89Mbw2Gf4gRFqf4fPnKU7k,OK,98189,471570106203019
1811.449,35.05905920000001,-89.9340455,ChIJM89Mbw2Gf4gRFqf4fPnKU7k,OK,98189,471570106203019
1856.666,35.0515544,-89.92255089999999,ChIJG_UFGuOFf4gRyHNDzwp5is0,OK,101004,471570106203019
1484.705,35.05905920000001,-89.9340455,ChIJM89Mbw2Gf4gRFqf4fPnKU7k,OK,80787,471570106203022
1484.705,35.05905920000001,-89.9340455,ChIJM89Mbw2Gf4gRFqf4fPnKU7k,OK,80787,471570106203022
1529.921,35.0515544,-89.92255089999999,ChIJG_UFGuOFf4gRyHNDzwp5is0,OK,83602,471570106203022
690.102,35.05905920000001,-89.9340455,ChIJM89Mbw2Gf4gRFqf4fPnKU7k,OK,36976,471570106203013
690.102,35.05905920000001,-89.9340455,ChIJM89Mbw2Gf4gRFqf4fPnKU7k,OK,36976,471570106203013
739.693,35.0515544,-89.92255089999999,ChIJG_UFGuOFf4gRyHNDzwp5is0,OK,39312,471570106203013
561.514,35.0515544,-89.92255089999999,ChIJG_UFGuOFf4gRyHNDzwp5is0,OK,31096,471570106203025
561.514,35.0515544,-89.92255089999999,ChIJG_UFGuOFf4gRyHNDzwp5is0,OK,31096,471570106203025
1246.983,35.05905920000001,-89.9340455,ChIJM89Mbw2Gf4gRFqf4fPnKU7k,OK,66514,471570106203025
790.061,35.05905920000001,-89.9340455,ChIJM89Mbw2Gf4gRFqf4fPnKU7k,OK,71844,471570106203002
790.061,35.05905920000001,-89.9340455,ChIJM89Mbw2Gf4gRFqf4fPnKU7k,OK,71844,471570106203002
1506.832,35.0515544,-89.92255089999999,ChIJG_UFGuOFf4gRyHNDzwp5is0,OK,108491,471570106203002
622.747,35.05905920000001,-89.9340455,ChIJM89Mbw2Gf4gRFqf4fPnKU7k,OK,51767,471570106203003
622.747,35.05905920000001,-89.9340455,ChIJM89Mbw2Gf4gRFqf4fPnKU7k,OK,51767,471570106203003
1339.519,35.0515544,-89.92255089999999,ChIJG_UFGuOFf4gRyHNDzwp5is0,OK,88414,471570106203003
2186.997,35.0374859,-89.93716700000002,ChIJESgedaeIf4gRXlLu5ht4wNo,OK,168581,471570226001037
2186.997,35.0374859,-89.93716700000002,ChIJESgedaeIf4gRXlLu5ht4wNo,OK,168581,471570226001037
2753.763,35.0515544,-89.92255089999999,ChIJG_UFGuOFf4gRyHNDzwp5is0,OK,198684,471570226001037
729.472,35.05905920000001,-89.9340455,ChIJM89Mbw2Gf4gRFqf4fPnKU7k,OK,64573,471570106203005
729.472,35.05905920000001,-89.9340455,ChIJM89Mbw2Gf4gRFqf4fPnKU7k,OK,64573,471570106203005
1446.243,35.0515544,-89.92255089999999,ChIJG_UFGuOFf4gRyHNDzwp5is0,OK,101220,471570106203005
921.601,35.05905920000001,-89.9340455,ChIJM89Mbw2Gf4gRFqf4fPnKU7k,OK,87628,471570106203014
921.601,35.05905920000001,-89.9340455,ChIJM89Mbw2Gf4gRFqf4fPnKU7k,OK,87628,471570106203014
1638.372,35.0515544,-89.92255089999999,ChIJG_UFGuOFf4gRyHNDzwp5is0,OK,124275,471570106203014
527.583,35.0515544,-89.92255089999999,ChIJG_UFGuOFf4gRyHNDzwp5is0,OK,39375,471570226001018
527.583,35.0515544,-89.92255089999999,ChIJG_UFGuOFf4gRyHNDzwp5is0,OK,39375,471570226001018
1674.049,35.05905920000001,-89.9340455,ChIJM89Mbw2Gf4gRFqf4fPnKU7k,OK,93442,471570226001018
863.675,35.0515544,-89.92255089999999,ChIJG_UFGuOFf4gRyHNDzwp5is0,OK,68937,471570226001038
863.675,35.0515544,-89.92255089999999,ChIJG_UFGuOFf4gRyHNDzwp5is0,OK,68937,471570226001038
1649.307,35.05905920000001,-89.9340455,ChIJM89Mbw2Gf4gRFqf4fPnKU7k,OK,109552,471570226001038
364.062,35.0515544,-89.92255089999999,ChIJG_UFGuOFf4gRyHNDzwp5is0,OK,36539,471570106203015
364.062,35.0515544,-89.92255089999999,ChIJG_UFGuOFf4gRyHNDzwp5is0,OK,36539,471570106203015
1793.856,35.05905920000001,-89.9340455,ChIJM89Mbw2Gf4gRFqf4fPnKU7k,OK,112828,471570106203015
675.234,35.0515544,-89.92255089999999,ChIJG_UFGuOFf4gRyHNDzwp5is0,OK,57093,471570226001017
675.234,35.0515544,-89.92255089999999,ChIJG_UFGuOFf4gRyHNDzwp5is0,OK,57093,471570226001017
1821.7,35.05905920000001,-89.9340455,ChIJM89Mbw2Gf4gRFqf4fPnKU7k,OK,111160,471570226001017
1360.59,35.062945,-89.90568519999999,ChIJjxj9mL-Ff4gRoOEx9OzDyxs,OK,99789,471570107101015
1360.59,35.062945,-89.90568519999999,ChIJjxj9mL-Ff4gRoOEx9OzDyxs,OK,99789,471570107101015
1346.952,35.063996,-89.90690699999999,ChIJn51vcb-Ff4gRvoXU4r8swrw,OK,113939,471570107101015
824.685,35.0515544,-89.92255089999999,ChIJG_UFGuOFf4gRyHNDzwp5is0,OK,68104,471570226001015
824.685,35.0515544,-89.92255089999999,ChIJG_UFGuOFf4gRyHNDzwp5is0,OK,68104,471570226001015
1407.506,35.0515568,-89.90630259999999,ChIJrU8jyZKFf4gRubg1AIyELWY,OK,107272,471570226001015
1246.986,35.0745932,-89.9204618,ChIJPX58KNGFf4gRLgBWAHPwusk,OK,101585,471570106104017
1246.986,35.0745932,-89.9204618,ChIJPX58KNGFf4gRLgBWAHPwusk,OK,101585,471570106104017
1953.942,35.062945,-89.90568519999999,ChIJjxj9mL-Ff4gRoOEx9OzDyxs,OK,144648,471570106104017
1212.936,35.0745932,-89.9204618,ChIJPX58KNGFf4gRLgBWAHPwusk,OK,97499,471570106104003
1212.936,35.0745932,-89.9204618,ChIJPX58KNGFf4gRLgBWAHPwusk,OK,97499,471570106104003
1797.964,35.062945,-89.90568519999999,ChIJjxj9mL-Ff4gRoOEx9OzDyxs,OK,129203,471570106104003
1618.283,35.062945,-89.90568519999999,ChIJjxj9mL-Ff4gRoOEx9OzDyxs,OK,104369,471570106104022
1362.667,35.063996,-89.90690699999999,ChIJn51vcb-Ff4gRvoXU4r8swrw,OK,111562,471570106104022
1362.667,35.063996,-89.90690699999999,ChIJn51vcb-Ff4gRvoXU4r8swrw,OK,111562,471570106104022
1528.172,35.0745932,-89.9204618,ChIJPX58KNGFf4gRLgBWAHPwusk,OK,121463,471570106104005
1826.529,35.062945,-89.90568519999999,ChIJjxj9mL-Ff4gRoOEx9OzDyxs,OK,132631,471570106104005
1826.529,35.062945,-89.90568519999999,ChIJjxj9mL-Ff4gRoOEx9OzDyxs,OK,132631,471570106104005
1454.554,35.062945,-89.90568519999999,ChIJjxj9mL-Ff4gRoOEx9OzDyxs,OK,102620,471570106104002
1454.554,35.062945,-89.90568519999999,ChIJjxj9mL-Ff4gRoOEx9OzDyxs,OK,102620,471570106104002
1440.916,35.063996,-89.90690699999999,ChIJn51vcb-Ff4gRvoXU4r8swrw,OK,116770,471570106104002
1444.183,35.0745932,-89.9204618,ChIJPX58KNGFf4gRLgBWAHPwusk,OK,125248,471570106104015
1444.183,35.0745932,-89.9204618,ChIJPX58KNGFf4gRLgBWAHPwusk,OK,125248,471570106104015
1753.117,35.062945,-89.90568519999999,ChIJjxj9mL-Ff4gRoOEx9OzDyxs,OK,134045,471570106104015
786.921,35.1060329,-90.039159,ChIJ231bcjV81YcRQ1quDeYAd6M,OK,86645,471570057002016
786.921,35.1060329,-90.039159,ChIJ231bcjV81YcRQ1quDeYAd6M,OK,86645,471570057002016
2353.975,35.1087458,-90.0211918,ChIJe6w2EsF91YcRquzVZc8M0-I,OK,170458,471570057002016
799.28,35.1060329,-90.039159,ChIJ231bcjV81YcRQ1quDeYAd6M,OK,88128,471570057002029
799.28,35.1060329,-90.039159,ChIJ231bcjV81YcRQ1quDeYAd6M,OK,88128,471570057002029
2366.333,35.1087458,-90.0211918,ChIJe6w2EsF91YcRquzVZc8M0-I,OK,171941,471570057002029
546.934,35.1060329,-90.039159,ChIJ231bcjV81YcRQ1quDeYAd6M,OK,65629,471570057002028
546.934,35.1060329,-90.039159,ChIJ231bcjV81YcRQ1quDeYAd6M,OK,65629,471570057002028
3142.716,35.098685,-90.05664899999999,ChIJ31qwBkJ81YcRk2V5pdmdhrM,OK,220892,471570057002028
773.233,35.1060329,-90.039159,ChIJ231bcjV81YcRQ1quDeYAd6M,OK,92784,471570057002015
773.233,35.1060329,-90.039159,ChIJ231bcjV81YcRQ1quDeYAd6M,OK,92784,471570057002015
2458.253,35.1087458,-90.0211918,ChIJe6w2EsF91YcRquzVZc8M0-I,OK,200905,471570057002015
926.457,35.1060329,-90.039159,ChIJ231bcjV81YcRQ1quDeYAd6M,OK,85835,471570057002003
926.457,35.1060329,-90.039159,ChIJ231bcjV81YcRQ1quDeYAd6M,OK,85835,471570057002003
1861.779,35.1087458,-90.0211918,ChIJe6w2EsF91YcRquzVZc8M0-I,OK,129330,471570057002003
1075.472,35.1060329,-90.039159,ChIJ231bcjV81YcRQ1quDeYAd6M,OK,129050,471570075001004
1075.472,35.1060329,-90.039159,ChIJ231bcjV81YcRQ1quDeYAd6M,OK,129050,471570075001004
2203.814,35.1087458,-90.0211918,ChIJe6w2EsF91YcRquzVZc8M0-I,OK,187200,471570075001004
1243.496,35.1060329,-90.039159,ChIJ231bcjV81YcRQ1quDeYAd6M,OK,149213,471570075002000
1243.496,35.1060329,-90.039159,ChIJ231bcjV81YcRQ1quDeYAd6M,OK,149213,471570075002000
2536.792,35.1087458,-90.0211918,ChIJe6w2EsF91YcRquzVZc8M0-I,OK,227157,471570075002000
1822.362,35.095133,-90.05542799999999,ChIJATnUo0J81YcRpbAuNwXeqRw,OK,163644,471570056001017
1822.362,35.095133,-90.05542799999999,ChIJATnUo0J81YcRpbAuNwXeqRw,OK,163644,471570056001017
2002.199,35.093591,-90.056624,ChIJgyVl92d81YcRhuRHHckl8Y4,OK,173604,471570056001017
2282.333,35.095133,-90.05542799999999,ChIJATnUo0J81YcRpbAuNwXeqRw,OK,209251,471570075002015
2282.333,35.095133,-90.05542799999999,ChIJATnUo0J81YcRpbAuNwXeqRw,OK,209251,471570075002015
1759.271,35.1060329,-90.039159,ChIJ231bcjV81YcRQ1quDeYAd6M,OK,214747,471570075002015
1631.966,35.1060329,-90.039159,ChIJ231bcjV81YcRQ1quDeYAd6M,OK,195828,471570056001018
1631.966,35.1060329,-90.039159,ChIJ231bcjV81YcRQ1quDeYAd6M,OK,195828,471570056001018
2235.311,35.095133,-90.05542799999999,ChIJATnUo0J81YcRpbAuNwXeqRw,OK,205853,471570056001018
528.864,35.093591,-90.056624,ChIJgyVl92d81YcRhuRHHckl8Y4,OK,41775,471570055003014
528.864,35.093591,-90.056624,ChIJgyVl92d81YcRhuRHHckl8Y4,OK,41775,471570055003014
708.701,35.095133,-90.05542799999999,ChIJATnUo0J81YcRpbAuNwXeqRw,OK,51735,471570055003014
716.084,35.093591,-90.056624,ChIJgyVl92d81YcRhuRHHckl8Y4,OK,57087,471570055003019
716.084,35.093591,-90.056624,ChIJgyVl92d81YcRhuRHHckl8Y4,OK,57087,471570055003019
895.92,35.095133,-90.05542799999999,ChIJATnUo0J81YcRpbAuNwXeqRw,OK,67047,471570055003019
529.356,35.093591,-90.056624,ChIJgyVl92d81YcRhuRHHckl8Y4,OK,34680,471570055003013
529.356,35.093591,-90.056624,ChIJgyVl92d81YcRhuRHHckl8Y4,OK,34680,471570055003013
709.193,35.095133,-90.05542799999999,ChIJATnUo0J81YcRpbAuNwXeqRw,OK,44640,471570055003013
748.629,35.093591,-90.056624,ChIJgyVl92d81YcRhuRHHckl8Y4,OK,46521,471570055003011
748.629,35.093591,-90.056624,ChIJgyVl92d81YcRhuRHHckl8Y4,OK,46521,471570055003011
928.466,35.095133,-90.05542799999999,ChIJATnUo0J81YcRpbAuNwXeqRw,OK,56481,471570055003011
640.847,35.093591,-90.056624,ChIJgyVl92d81YcRhuRHHckl8Y4,OK,40706,471570055003012
640.847,35.093591,-90.056624,ChIJgyVl92d81YcRhuRHHckl8Y4,OK,40706,471570055003012
820.684,35.095133,-90.05542799999999,ChIJATnUo0J81YcRpbAuNwXeqRw,OK,50666,471570055003012
854.074,35.093591,-90.056624,ChIJgyVl92d81YcRhuRHHckl8Y4,OK,47628,471570055003010
854.074,35.093591,-90.056624,ChIJgyVl92d81YcRhuRHHckl8Y4,OK,47628,471570055003010
1033.911,35.095133,-90.05542799999999,ChIJATnUo0J81YcRpbAuNwXeqRw,OK,57588,471570055003010
1142.649,35.093591,-90.056624,ChIJgyVl92d81YcRhuRHHckl8Y4,OK,78342,471570055003032
1142.649,35.093591,-90.056624,ChIJgyVl92d81YcRhuRHHckl8Y4,OK,78342,471570055003032
1322.485,35.095133,-90.05542799999999,ChIJATnUo0J81YcRpbAuNwXeqRw,OK,88302,471570055003032
1715.906,35.093591,-90.056624,ChIJgyVl92d81YcRhuRHHckl8Y4,OK,121746,471570056003008
1715.906,35.093591,-90.056624,ChIJgyVl92d81YcRhuRHHckl8Y4,OK,121746,471570056003008
1608.132,35.095133,-90.05542799999999,ChIJATnUo0J81YcRpbAuNwXeqRw,OK,130138,471570056003008
724.802,35.093591,-90.056624,ChIJgyVl92d81YcRhuRHHckl8Y4,OK,40139,471570055003003
724.802,35.093591,-90.056624,ChIJgyVl92d81YcRhuRHHckl8Y4,OK,40139,471570055003003
904.639,35.095133,-90.05542799999999,ChIJATnUo0J81YcRpbAuNwXeqRw,OK,50099,471570055003003
1165.167,35.095133,-90.05542799999999,ChIJATnUo0J81YcRpbAuNwXeqRw,OK,82000,471570056003007
1165.167,35.095133,-90.05542799999999,ChIJATnUo0J81YcRpbAuNwXeqRw,OK,82000,471570056003007
1482.002,35.093591,-90.056624,ChIJgyVl92d81YcRhuRHHckl8Y4,OK,88660,471570056003007
1949.165,35.17410499999999,-89.97575479999999,ChIJmfYTGFmAf4gRHGKCaD0qCtI,OK,122715,471570111002014
1949.165,35.17410499999999,-89.97575479999999,ChIJmfYTGFmAf4gRHGKCaD0qCtI,OK,122715,471570111002014
2465.029,35.167095,-89.950496,ChIJecYfJgmBf4gRJh-YY67U6V8,OK,165062,471570111002014
1297.697,35.093591,-90.056624,ChIJgyVl92d81YcRhuRHHckl8Y4,OK,80471,471570056003015
1297.697,35.093591,-90.056624,ChIJgyVl92d81YcRhuRHHckl8Y4,OK,80471,471570056003015
1477.534,35.095133,-90.05542799999999,ChIJATnUo0J81YcRpbAuNwXeqRw,OK,90431,471570056003015
7352.135,35.093591,-90.056624,ChIJgyVl92d81YcRhuRHHckl8Y4,OK,388270,471570055003044
7352.135,35.093591,-90.056624,ChIJgyVl92d81YcRhuRHHckl8Y4,OK,388270,471570055003044
1732.902,35.1546312,-89.79260459999999,ChIJ8UeuSEecf4gRniit7ubZLtM,OK,111347,471570211362061
1732.902,35.1546312,-89.79260459999999,ChIJ8UeuSEecf4gRniit7ubZLtM,OK,111347,471570211362061
2680.364,35.14868459999999,-89.7948203,ChIJ4w9Lr2qcf4gRHdzl9FciAFM,OK,164899,471570211362061
1489.238,35.14868459999999,-89.7948203,ChIJ4w9Lr2qcf4gRHdzl9FciAFM,OK,118235,471570211373021
1489.238,35.14868459999999,-89.7948203,ChIJ4w9Lr2qcf4gRHdzl9FciAFM,OK,118235,471570211373021
2138.989,35.1546312,-89.79260459999999,ChIJ8UeuSEecf4gRniit7ubZLtM,OK,148351,471570211373021
548.367,35.0068452,-90.00681259999999,ChIJz3G0Jpti1YcRMCYWHOflqrA,OK,51453,471570221222011
548.367,35.0068452,-90.00681259999999,ChIJz3G0Jpti1YcRMCYWHOflqrA,OK,51453,471570221222011
1934.898,34.993343,-90.00823899999999,ChIJk-nxFn1i1YcRBckohHLWoho,OK,134643,471570221222011
425.822,35.02138900000001,-89.996898,ChIJz3MQkR6If4gRIBgmNH-BQcg,OK,49190,471570221221011
425.822,35.02138900000001,-89.996898,ChIJz3MQkR6If4gRIBgmNH-BQcg,OK,49190,471570221221011
2561.114,35.021384,-90.019407,ChIJk8DCu8Bi1YcRUnUQCgCMr-E,OK,168194,471570221221011
1756.522,35.0333519,-90.02557630000001,ChIJK8z8Ksxi1YcRt8pxxgP2SA4,OK,116580,471570225003000
1756.522,35.0333519,-90.02557630000001,ChIJK8z8Ksxi1YcRt8pxxgP2SA4,OK,116580,471570225003000
1756.617,35.033351,-90.02556199999999,ChIJY7ePKsxi1YcRIP55gZFchMw,OK,116585,471570225003000
2390.02,35.0333519,-90.02557630000001,ChIJK8z8Ksxi1YcRt8pxxgP2SA4,OK,157242,471570220231009
2390.114,35.033351,-90.02556199999999,ChIJY7ePKsxi1YcRIP55gZFchMw,OK,157247,471570220231009
2390.114,35.033351,-90.02556199999999,ChIJY7ePKsxi1YcRIP55gZFchMw,OK,157247,471570220231009
3047.78,35.1490317,-90.0140679,ChIJw3q9_xV-1YcRqrte6yBn1CI,OK,204445,471570019002000
3047.78,35.1490317,-90.0140679,ChIJw3q9_xV-1YcRqrte6yBn1CI,OK,204445,471570019002000
3770.018,35.1444038,-90.0168571,ChIJufYEjhR-1YcREff46W6Lons,OK,251798,471570019002000
2863.216,35.1490317,-90.0140679,ChIJw3q9_xV-1YcRqrte6yBn1CI,OK,179798,471570019002012
2863.216,35.1490317,-90.0140679,ChIJw3q9_xV-1YcRqrte6yBn1CI,OK,179798,471570019002012
3178.703,35.1444038,-90.0168571,ChIJufYEjhR-1YcREff46W6Lons,OK,222339,471570019002012
1790.187,35.109859,-89.99141100000001,ChIJs6JbpFyHf4gR9O01gG0a7fQ,OK,126712,471570065002017
1790.187,35.109859,-89.99141100000001,ChIJs6JbpFyHf4gR9O01gG0a7fQ,OK,126712,471570065002017
2076.935,35.1087458,-90.0211918,ChIJe6w2EsF91YcRquzVZc8M0-I,OK,142605,471570065002017
864.12,35.192778,-89.895242,ChIJ2ehTh2eCf4gR95JHzr6OIMA,OK,60955,471570206213004
864.12,35.192778,-89.895242,ChIJ2ehTh2eCf4gR95JHzr6OIMA,OK,60955,471570206213004
1048.632,35.1942326,-89.8965709,ChIJD7pM72eCf4gRg19OPcAuyDw,OK,72025,471570206213004
2088.184,35.2166323,-89.9945206,ChIJ4fSgw_h_f4gRx0hAJfGjdzA,OK,129994,471570101202018
2088.184,35.2166323,-89.9945206,ChIJ4fSgw_h_f4gRx0hAJfGjdzA,OK,129994,471570101202018
1962.311,35.21475480000001,-90.00354540000001,ChIJF6XvX_9_1YcRD4jlF4jzevw,OK,152704,471570101202018
1001.282,35.14981359999999,-89.94918609999999,ChIJVdGBGRaBf4gRsi89Rzqn8W4,OK,75301,471570012003015
1001.282,35.14981359999999,-89.94918609999999,ChIJVdGBGRaBf4gRsi89Rzqn8W4,OK,75301,471570012003015
1552.485,35.1497164,-89.95515999999999,ChIJcQb6ehiBf4gR-uA54eRPNq8,OK,110601,471570012003015
241.152,35.1490317,-90.0140679,ChIJw3q9_xV-1YcRqrte6yBn1CI,OK,14468,471570025002039
241.152,35.1490317,-90.0140679,ChIJw3q9_xV-1YcRqrte6yBn1CI,OK,14468,471570025002039
481.087,35.1444038,-90.0168571,ChIJufYEjhR-1YcREff46W6Lons,OK,32884,471570025002039
2418.977,35.0841884,-89.97146650000001,ChIJX1vb4AeHf4gRloPQ2o5nDXA,OK,127355,471579801001052
2418.977,35.0841884,-89.97146650000001,ChIJX1vb4AeHf4gRloPQ2o5nDXA,OK,127355,471579801001052
2071.155,35.0643218,-89.9923063,ChIJb3DQuo2Hf4gRC8UI6d4pa68,OK,128212,471579801001052
1177.783,35.17410499999999,-89.97575479999999,ChIJmfYTGFmAf4gRHGKCaD0qCtI,OK,70662,471570008001002
1177.783,35.17410499999999,-89.97575479999999,ChIJmfYTGFmAf4gRHGKCaD0qCtI,OK,70662,471570008001002
2416.206,35.1738374,-89.98954379999999,ChIJ_S0BIGOAf4gRU3Ph4W65cOQ,OK,144958,471570008001002
1235.301,35.13763670000001,-90.00757159999999,ChIJl69WLQV-1YcRU3z7Tt2MyhY,OK,137754,471570035002011
1235.301,35.13763670000001,-90.00757159999999,ChIJl69WLQV-1YcRU3z7Tt2MyhY,OK,137754,471570035002011
1437.563,35.139426,-90.00714049999999,ChIJC-6kIBt-1YcRA1cskDtjsVc,OK,162024,471570035002011
967.24,35.13763670000001,-90.00757159999999,ChIJl69WLQV-1YcRU3z7Tt2MyhY,OK,91843,471570036002053
967.24,35.13763670000001,-90.00757159999999,ChIJl69WLQV-1YcRU3z7Tt2MyhY,OK,91843,471570036002053
1169.502,35.139426,-90.00714049999999,ChIJC-6kIBt-1YcRA1cskDtjsVc,OK,116113,471570036002053
692.365,35.0841884,-89.97146650000001,ChIJX1vb4AeHf4gRloPQ2o5nDXA,OK,56930,471570081102003
692.365,35.0841884,-89.97146650000001,ChIJX1vb4AeHf4gRloPQ2o5nDXA,OK,56930,471570081102003
1795.085,35.0904795,-89.96597299999999,ChIJHfaNmAOHf4gR1d8V2K9rfSU,OK,120537,471570081102003
2122.707,35.093591,-90.056624,ChIJgyVl92d81YcRhuRHHckl8Y4,OK,144539,471570053003043
2122.707,35.093591,-90.056624,ChIJgyVl92d81YcRhuRHHckl8Y4,OK,144539,471570053003043
2302.544,35.095133,-90.05542799999999,ChIJATnUo0J81YcRpbAuNwXeqRw,OK,154499,471570053003043
1236.569,35.1738374,-89.98954379999999,ChIJ_S0BIGOAf4gRU3Ph4W65cOQ,OK,97830,471570007001013
1236.569,35.1738374,-89.98954379999999,ChIJ_S0BIGOAf4gRU3Ph4W65cOQ,OK,97830,471570007001013
2583.178,35.17410499999999,-89.97575479999999,ChIJmfYTGFmAf4gRHGKCaD0qCtI,OK,178616,471570007001013
2819.685,35.0344414,-89.8319559,ChIJfcC9SguQf4gR_xf02Tpo1-w,OK,186739,471570217411012
2819.685,35.0344414,-89.8319559,ChIJfcC9SguQf4gR_xf02Tpo1-w,OK,186739,471570217411012
3554.663,35.0220022,-89.82947999999999,ChIJxT9DeWuQf4gRf6HLF5uJHd0,OK,222677,471570217411012
2197.056,35.0344414,-89.8319559,ChIJfcC9SguQf4gR_xf02Tpo1-w,OK,140974,471570217411004
2197.056,35.0344414,-89.8319559,ChIJfcC9SguQf4gR_xf02Tpo1-w,OK,140974,471570217411004
2356.1,35.0490562,-89.84441600000001,ChIJCUulJK6af4gR7vOP_qSrYdM,OK,149819,471570217411004
844.31,35.2060393,-89.89459389999999,ChIJN_fdM1CCf4gRqHZ_YUZgoJo,OK,74090,471570205422026
844.31,35.2060393,-89.89459389999999,ChIJN_fdM1CCf4gRqHZ_YUZgoJo,OK,74090,471570205422026
1494.472,35.192778,-89.895242,ChIJ2ehTh2eCf4gR95JHzr6OIMA,OK,111223,471570205422026
4364.172,35.1439641,-90.0517892,ChIJL-0zBZR-1YcRj7p5p1WY4-g,OK,334389,471570001002044
4364.172,35.1439641,-90.0517892,ChIJL-0zBZR-1YcRj7p5p1WY4-g,OK,334389,471570001002044
4573.089,35.1450994,-90.0538646,ChIJne6_s5V-1YcRn_LPaqiwhrk,OK,339843,471570001002044
1385.408,35.0543926,-90.0597009,ChIJT5TzUbl81YcRiPqNjkbj9CA,OK,100858,471570225001103
1966.764,35.06128,-90.05978399999999,ChIJm06f8ZV81YcRTjzAsJPcBKY,OK,133055,471570225001103
1966.764,35.06128,-90.05978399999999,ChIJm06f8ZV81YcRTjzAsJPcBKY,OK,133055,471570225001103
780.713,35.12545849999999,-89.97454169999999,ChIJoyT3HjOHf4gRS6EdHckmff8,OK,55569,471570071002003
780.713,35.12545849999999,-89.97454169999999,ChIJoyT3HjOHf4gRS6EdHckmff8,OK,55569,471570071002003
2587.475,35.13418100000001,-89.98599,ChIJnf1_yraAf4gR9pQmD7CXhgg,OK,166908,471570071002003
1299.251,35.062945,-89.90568519999999,ChIJjxj9mL-Ff4gRoOEx9OzDyxs,OK,87179,471570106302010
1299.251,35.062945,-89.90568519999999,ChIJjxj9mL-Ff4gRoOEx9OzDyxs,OK,87179,471570106302010
1043.635,35.063996,-89.90690699999999,ChIJn51vcb-Ff4gRvoXU4r8swrw,OK,94372,471570106302010
831.033,35.12545849999999,-89.97454169999999,ChIJoyT3HjOHf4gRS6EdHckmff8,OK,99210,471570066002002
831.033,35.12545849999999,-89.97454169999999,ChIJoyT3HjOHf4gRS6EdHckmff8,OK,99210,471570066002002
1963.468,35.13418100000001,-89.98599,ChIJnf1_yraAf4gR9pQmD7CXhgg,OK,182332,471570066002002
943.725,35.16339899999999,-89.855841,ChIJA_xfkC6Df4gRAjVZwLz1jqA,OK,94437,471570212001009
943.725,35.16339899999999,-89.855841,ChIJA_xfkC6Df4gRAjVZwLz1jqA,OK,94437,471570212001009
1017.109,35.1623785,-89.8566175,ChIJXQHWWS6Df4gRqhH5EQ9H1j0,OK,103296,471570212001009
4710.947,35.1439641,-90.0517892,ChIJL-0zBZR-1YcRj7p5p1WY4-g,OK,368206,471570001001013
4710.947,35.1439641,-90.0517892,ChIJL-0zBZR-1YcRj7p5p1WY4-g,OK,368206,471570001001013
4919.863,35.1450994,-90.0538646,ChIJne6_s5V-1YcRn_LPaqiwhrk,OK,373660,471570001001013
2428.765,35.0614623,-89.8536277,ChIJ4TWJkTWFf4gRbkNZYfkF9Jw,OK,167935,471570213332026
2428.765,35.0614623,-89.8536277,ChIJ4TWJkTWFf4gRbkNZYfkF9Jw,OK,167935,471570213332026
2513.536,35.0512763,-89.8427476,ChIJ7VPJ3q-af4gRdxERIyaZ0gk,OK,174123,471570213332026
951.62,35.1507888,-89.977317,ChIJdVWrOuqAf4gR-V7s1E3qo7g,OK,63136,471570027002010
951.62,35.1507888,-89.977317,ChIJdVWrOuqAf4gR-V7s1E3qo7g,OK,63136,471570027002010
1961.218,35.13418100000001,-89.98599,ChIJnf1_yraAf4gR9pQmD7CXhgg,OK,121135,471570027002010
1680.861,35.1145886,-89.90089789999999,ChIJKWmlFW6Ef4gR0YNISWQMkss,OK,117656,471570085001018
1680.861,35.1145886,-89.90089789999999,ChIJKWmlFW6Ef4gR0YNISWQMkss,OK,117656,471570085001018
3448.554,35.1075089,-89.9318387,ChIJVboYU6KGf4gRHfEHUi8Izac,OK,221361,471570085001018
1801.32,35.1157645,-90.022279,ChIJwZqBNMN91YcRRpdDvj5Pcr8,OK,139701,471570046001043
1801.32,35.1157645,-90.022279,ChIJwZqBNMN91YcRRpdDvj5Pcr8,OK,139701,471570046001043
2522.44,35.1087458,-90.0211918,ChIJe6w2EsF91YcRquzVZc8M0-I,OK,181091,471570046001043
1040.658,35.109859,-89.99141100000001,ChIJs6JbpFyHf4gR9O01gG0a7fQ,OK,60111,471570064001031
1040.658,35.109859,-89.99141100000001,ChIJs6JbpFyHf4gR9O01gG0a7fQ,OK,60111,471570064001031
1842.718,35.107529,-89.9862127,ChIJ0WGfSUKHf4gRjDLrfGQwCV4,OK,110992,471570064001031
3446.738,35.1546312,-89.79260459999999,ChIJ8UeuSEecf4gRniit7ubZLtM,OK,224260,471570211351010
3446.738,35.1546312,-89.79260459999999,ChIJ8UeuSEecf4gRniit7ubZLtM,OK,224260,471570211351010
3826.625,35.14868459999999,-89.7948203,ChIJ4w9Lr2qcf4gRHdzl9FciAFM,OK,243760,471570211351010
1357.816,35.1835367,-89.8717722,ChIJv1U5XuiCf4gRMlXiIrwnbJo,OK,101105,471570206102014
1357.816,35.1835367,-89.8717722,ChIJv1U5XuiCf4gRMlXiIrwnbJo,OK,101105,471570206102014
2104.012,35.164068,-89.8770782,ChIJpUMbExuDf4gRyW4QpPURe54,OK,131587,471570206102014
3702.745,35.1546312,-89.79260459999999,ChIJ8UeuSEecf4gRniit7ubZLtM,OK,268901,471570211361010
3702.745,35.1546312,-89.79260459999999,ChIJ8UeuSEecf4gRniit7ubZLtM,OK,268901,471570211361010
4762.283,35.14868459999999,-89.7948203,ChIJ4w9Lr2qcf4gRHdzl9FciAFM,OK,299148,471570211361010
1707.297,35.054745,-90.007971,ChIJXxyyQlt91YcRhldtWgjSnSE,OK,133221,471570225001045
1707.297,35.054745,-90.007971,ChIJXxyyQlt91YcRhldtWgjSnSE,OK,133221,471570225001045
2139.145,35.05407199999999,-90.00125899999999,ChIJIzdhk1h91YcRZT7cBcBslaM,OK,149260,471570225001045
2801.1,35.1546312,-89.79260459999999,ChIJ8UeuSEecf4gRniit7ubZLtM,OK,206028,471570211374034
2801.1,35.1546312,-89.79260459999999,ChIJ8UeuSEecf4gRniit7ubZLtM,OK,206028,471570211374034
2584.161,35.14868459999999,-89.7948203,ChIJ4w9Lr2qcf4gRHdzl9FciAFM,OK,213079,471570211374034
735.848,35.1738374,-89.98954379999999,ChIJ_S0BIGOAf4gRU3Ph4W65cOQ,OK,49181,471570006002020
735.848,35.1738374,-89.98954379999999,ChIJ_S0BIGOAf4gRU3Ph4W65cOQ,OK,49181,471570006002020
778.626,35.17410499999999,-89.97575479999999,ChIJmfYTGFmAf4gRHGKCaD0qCtI,OK,51747,471570006002020
2224.777,35.1546312,-89.79260459999999,ChIJ8UeuSEecf4gRniit7ubZLtM,OK,174846,471570211374046
2224.777,35.1546312,-89.79260459999999,ChIJ8UeuSEecf4gRniit7ubZLtM,OK,174846,471570211374046
2007.837,35.14868459999999,-89.7948203,ChIJ4w9Lr2qcf4gRHdzl9FciAFM,OK,181897,471570211374046
855.476,35.054745,-90.007971,ChIJXxyyQlt91YcRhldtWgjSnSE,OK,94020,471570220221016
855.476,35.054745,-90.007971,ChIJXxyyQlt91YcRhldtWgjSnSE,OK,94020,471570220221016
1420.828,35.05407199999999,-90.00125899999999,ChIJIzdhk1h91YcRZT7cBcBslaM,OK,117453,471570220221016
6518.49,35.14868459999999,-89.7948203,ChIJ4w9Lr2qcf4gRHdzl9FciAFM,OK,435061,471570211391019
6518.49,35.14868459999999,-89.7948203,ChIJ4w9Lr2qcf4gRHdzl9FciAFM,OK,435061,471570211391019
7284.652,35.1546312,-89.79260459999999,ChIJ8UeuSEecf4gRniit7ubZLtM,OK,455760,471570211391019
3700.152,35.086634,-89.96355199999999,ChIJW0XU3AGHf4gRINnmxvx9m5A,OK,228986,471579801001026
1046.777,35.0515544,-89.92255089999999,ChIJG_UFGuOFf4gRyHNDzwp5is0,OK,58271,471570226001025
1046.777,35.0515544,-89.92255089999999,ChIJG_UFGuOFf4gRyHNDzwp5is0,OK,58271,471570226001025
1373.101,35.05905920000001,-89.9340455,ChIJM89Mbw2Gf4gRFqf4fPnKU7k,OK,75732,471570226001025
794.344,35.05018,-89.89110199999999,ChIJNUozxJyFf4gRrJ8tUHk1p2Q,OK,57058,471570108102007
794.344,35.05018,-89.89110199999999,ChIJNUozxJyFf4gRrJ8tUHk1p2Q,OK,57058,471570108102007
920.86,35.0515568,-89.90630259999999,ChIJrU8jyZKFf4gRubg1AIyELWY,OK,71082,471570108102007
326.568,35.0515544,-89.92255089999999,ChIJG_UFGuOFf4gRyHNDzwp5is0,OK,18067,471570226001024
326.568,35.0515544,-89.92255089999999,ChIJG_UFGuOFf4gRyHNDzwp5is0,OK,18067,471570226001024
1112.2,35.05905920000001,-89.9340455,ChIJM89Mbw2Gf4gRFqf4fPnKU7k,OK,58682,471570226001024
239.759,35.05407199999999,-90.00125899999999,ChIJIzdhk1h91YcRZT7cBcBslaM,OK,25068,471570220224003
239.759,35.05407199999999,-90.00125899999999,ChIJIzdhk1h91YcRZT7cBcBslaM,OK,25068,471570220224003
816.969,35.054745,-90.007971,ChIJXxyyQlt91YcRhldtWgjSnSE,OK,64913,471570220224003
259.597,35.05407199999999,-90.00125899999999,ChIJIzdhk1h91YcRZT7cBcBslaM,OK,27448,471570220224008
259.597,35.05407199999999,-90.00125899999999,ChIJIzdhk1h91YcRZT7cBcBslaM,OK,27448,471570220224008
836.807,35.054745,-90.007971,ChIJXxyyQlt91YcRhldtWgjSnSE,OK,67293,471570220224008
144.914,35.0515544,-89.92255089999999,ChIJG_UFGuOFf4gRyHNDzwp5is0,OK,8025,471570226001023
144.914,35.0515544,-89.92255089999999,ChIJG_UFGuOFf4gRyHNDzwp5is0,OK,8025,471570226001023
1284.881,35.05905920000001,-89.9340455,ChIJM89Mbw2Gf4gRFqf4fPnKU7k,OK,68263,471570226001023
291.669,35.05407199999999,-90.00125899999999,ChIJIzdhk1h91YcRZT7cBcBslaM,OK,31297,471570220224006
291.669,35.05407199999999,-90.00125899999999,ChIJIzdhk1h91YcRZT7cBcBslaM,OK,31297,471570220224006
868.879,35.054745,-90.007971,ChIJXxyyQlt91YcRhldtWgjSnSE,OK,71142,471570220224006
634.191,35.054745,-90.007971,ChIJXxyyQlt91YcRhldtWgjSnSE,OK,58167,471570220223002
634.191,35.054745,-90.007971,ChIJXxyyQlt91YcRhldtWgjSnSE,OK,58167,471570220223002
1066.04,35.05407199999999,-90.00125899999999,ChIJIzdhk1h91YcRZT7cBcBslaM,OK,74206,471570220223002
687.607,35.054745,-90.007971,ChIJXxyyQlt91YcRhldtWgjSnSE,OK,64577,471570220223001
687.607,35.054745,-90.007971,ChIJXxyyQlt91YcRhldtWgjSnSE,OK,64577,471570220223001
693.878,35.05407199999999,-90.00125899999999,ChIJIzdhk1h91YcRZT7cBcBslaM,OK,79559,471570220223001
1150.598,35.05407199999999,-90.00125899999999,ChIJIzdhk1h91YcRZT7cBcBslaM,OK,63720,471570220225000
1150.598,35.05407199999999,-90.00125899999999,ChIJIzdhk1h91YcRZT7cBcBslaM,OK,63720,471570220225000
1553.996,35.0643218,-89.9923063,ChIJb3DQuo2Hf4gRC8UI6d4pa68,OK,105991,471570220225000
580.322,35.054745,-90.007971,ChIJXxyyQlt91YcRhldtWgjSnSE,OK,51703,471570220223003
580.322,35.054745,-90.007971,ChIJXxyyQlt91YcRhldtWgjSnSE,OK,51703,471570220223003
1012.17,35.05407199999999,-90.00125899999999,ChIJIzdhk1h91YcRZT7cBcBslaM,OK,67742,471570220223003
762.709,35.0461089,-89.7947008,ChIJaZI6O3Oaf4gRqa_eh0DNj_s,OK,55688,471570213423083
762.709,35.0461089,-89.7947008,ChIJaZI6O3Oaf4gRqa_eh0DNj_s,OK,55688,471570213423083
880.714,35.045091,-89.795412,ChIJVelsQnOaf4gRECqTW7fq-dY,OK,62223,471570213423083
527.194,35.054745,-90.007971,ChIJXxyyQlt91YcRhldtWgjSnSE,OK,45328,471570220223005
527.194,35.054745,-90.007971,ChIJXxyyQlt91YcRhldtWgjSnSE,OK,45328,471570220223005
959.042,35.05407199999999,-90.00125899999999,ChIJIzdhk1h91YcRZT7cBcBslaM,OK,61367,471570220223005
1383.946,35.0461089,-89.7947008,ChIJaZI6O3Oaf4gRqa_eh0DNj_s,OK,100609,471570213421039
1383.946,35.0461089,-89.7947008,ChIJaZI6O3Oaf4gRqa_eh0DNj_s,OK,100609,471570213421039
1501.951,35.045091,-89.795412,ChIJVelsQnOaf4gRECqTW7fq-dY,OK,107144,471570213421039
185.982,35.0493563,-89.83813929999999,ChIJjRQNzqSaf4gRxmNqB0YAYGM,OK,26864,471570217242009
185.982,35.0493563,-89.83813929999999,ChIJjRQNzqSaf4gRxmNqB0YAYGM,OK,26864,471570217242009
401.689,35.049031,-89.841437,ChIJt6vl46-af4gRvoN8Yvkmx9A,OK,43834,471570217242009
838.988,35.0461089,-89.7947008,ChIJaZI6O3Oaf4gRqa_eh0DNj_s,OK,64842,471570213423085
838.988,35.0461089,-89.7947008,ChIJaZI6O3Oaf4gRqa_eh0DNj_s,OK,64842,471570213423085
956.993,35.045091,-89.795412,ChIJVelsQnOaf4gRECqTW7fq-dY,OK,71377,471570213423085
2459.47,35.05407199999999,-90.00125899999999,ChIJIzdhk1h91YcRZT7cBcBslaM,OK,190549,471579801001065
2459.47,35.05407199999999,-90.00125899999999,ChIJIzdhk1h91YcRZT7cBcBslaM,OK,190549,471579801001065
2862.869,35.0643218,-89.9923063,ChIJb3DQuo2Hf4gRC8UI6d4pa68,OK,232820,471579801001065
1496.35,35.0512763,-89.8427476,ChIJ7VPJ3q-af4gRdxERIyaZ0gk,OK,131975,471570217241011
1496.35,35.0512763,-89.8427476,ChIJ7VPJ3q-af4gRdxERIyaZ0gk,OK,131975,471570217241011
1878.542,35.049031,-89.841437,ChIJt6vl46-af4gRvoN8Yvkmx9A,OK,143017,471570217241011
256.966,35.0515544,-89.92255089999999,ChIJG_UFGuOFf4gRyHNDzwp5is0,OK,16974,471570226001020
256.966,35.0515544,-89.92255089999999,ChIJG_UFGuOFf4gRyHNDzwp5is0,OK,16974,471570226001020
1365.813,35.0515568,-89.90630259999999,ChIJrU8jyZKFf4gRubg1AIyELWY,OK,85274,471570226001020
670.115,35.04577219999999,-89.82821469999999,ChIJL-jEaJmaf4gREtYdkYi2nAs,OK,42339,471570217241027
670.115,35.04577219999999,-89.82821469999999,ChIJL-jEaJmaf4gREtYdkYi2nAs,OK,42339,471570217241027
940.387,35.0493563,-89.83813929999999,ChIJjRQNzqSaf4gRxmNqB0YAYGM,OK,52420,471570217241027
402.78,35.0515544,-89.92255089999999,ChIJG_UFGuOFf4gRyHNDzwp5is0,OK,21987,471570226001034
402.78,35.0515544,-89.92255089999999,ChIJG_UFGuOFf4gRyHNDzwp5is0,OK,21987,471570226001034
1188.412,35.05905920000001,-89.9340455,ChIJM89Mbw2Gf4gRFqf4fPnKU7k,OK,62602,471570226001034
565.402,35.04577219999999,-89.82821469999999,ChIJL-jEaJmaf4gREtYdkYi2nAs,OK,36540,471570217241026
565.402,35.04577219999999,-89.82821469999999,ChIJL-jEaJmaf4gREtYdkYi2nAs,OK,36540,471570217241026
835.674,35.0493563,-89.83813929999999,ChIJjRQNzqSaf4gRxmNqB0YAYGM,OK,46621,471570217241026
1331.651,35.17410499999999,-89.97575479999999,ChIJmfYTGFmAf4gRHGKCaD0qCtI,OK,83955,471570009001009
1331.651,35.17410499999999,-89.97575479999999,ChIJmfYTGFmAf4gRHGKCaD0qCtI,OK,83955,471570009001009
1468.478,35.1507888,-89.977317,ChIJdVWrOuqAf4gR-V7s1E3qo7g,OK,92171,471570009001009
753.827,35.1497164,-89.95515999999999,ChIJcQb6ehiBf4gR-uA54eRPNq8,OK,47455,471570028002000
753.827,35.1497164,-89.95515999999999,ChIJcQb6ehiBf4gR-uA54eRPNq8,OK,47455,471570028002000
1230.727,35.14981359999999,-89.94918609999999,ChIJVdGBGRaBf4gRsi89Rzqn8W4,OK,73838,471570028002000
1938.891,35.14859919999999,-89.91828060000002,ChIJRflgf-eDf4gRHX_XNYKER-s,OK,144326,471570029001018
1938.891,35.14859919999999,-89.91828060000002,ChIJRflgf-eDf4gRHX_XNYKER-s,OK,144326,471570029001018
2245.776,35.14981359999999,-89.94918609999999,ChIJVdGBGRaBf4gRsi89Rzqn8W4,OK,177950,471570029001018
5849.121,35.183951,-89.93106899999999,ChIJWQ0EIo-Bf4gR6cuqlCcQuNw,OK,368595,471570205124016
5849.121,35.183951,-89.93106899999999,ChIJWQ0EIo-Bf4gR6cuqlCcQuNw,OK,368595,471570205124016
5849.36,35.1839382,-89.93104869999999,ChIJrQx5Io-Bf4gRSwDAaGIf4WE,OK,368638,471570205124016
1081.098,35.183951,-89.93106899999999,ChIJWQ0EIo-Bf4gR6cuqlCcQuNw,OK,100092,471570089003027
1081.098,35.183951,-89.93106899999999,ChIJWQ0EIo-Bf4gR6cuqlCcQuNw,OK,100092,471570089003027
1081.337,35.1839382,-89.93104869999999,ChIJrQx5Io-Bf4gRSwDAaGIf4WE,OK,100135,471570089003027
394.092,35.1804299,-89.9263818,ChIJIfvtv4eBf4gRJLjVGBpAzmc,OK,38104,471570089002012
1044.083,35.183951,-89.93106899999999,ChIJWQ0EIo-Bf4gR6cuqlCcQuNw,OK,98826,471570089002012
1044.083,35.183951,-89.93106899999999,ChIJWQ0EIo-Bf4gR6cuqlCcQuNw,OK,98826,471570089002012
491.914,35.1497164,-89.95515999999999,ChIJcQb6ehiBf4gR-uA54eRPNq8,OK,39721,471570028001005
491.914,35.1497164,-89.95515999999999,ChIJcQb6ehiBf4gR-uA54eRPNq8,OK,39721,471570028001005
799.091,35.14981359999999,-89.94918609999999,ChIJVdGBGRaBf4gRsi89Rzqn8W4,OK,47943,471570028001005
941.642,35.1497164,-89.95515999999999,ChIJcQb6ehiBf4gR-uA54eRPNq8,OK,108570,471570028001022
941.642,35.1497164,-89.95515999999999,ChIJcQb6ehiBf4gR-uA54eRPNq8,OK,108570,471570028001022
1331.465,35.14981359999999,-89.94918609999999,ChIJVdGBGRaBf4gRsi89Rzqn8W4,OK,115691,471570028001022
2041.578,35.14981359999999,-89.94918609999999,ChIJVdGBGRaBf4gRsi89Rzqn8W4,OK,149897,471570029003006
2041.578,35.14981359999999,-89.94918609999999,ChIJVdGBGRaBf4gRsi89Rzqn8W4,OK,149897,471570029003006
2592.781,35.1497164,-89.95515999999999,ChIJcQb6ehiBf4gR-uA54eRPNq8,OK,185197,471570029003006
924.49,35.14859919999999,-89.91828060000002,ChIJRflgf-eDf4gRHX_XNYKER-s,OK,88125,471570086001015
924.49,35.14859919999999,-89.91828060000002,ChIJRflgf-eDf4gRHX_XNYKER-s,OK,88125,471570086001015
2733.669,35.1489345,-89.89838259999999,ChIJaTBvX72Df4gRiyFT0LQMnrQ,OK,194472,471570086001015
1666.91,35.14859919999999,-89.91828060000002,ChIJRflgf-eDf4gRHX_XNYKER-s,OK,123494,471570086001030
1666.91,35.14859919999999,-89.91828060000002,ChIJRflgf-eDf4gRHX_XNYKER-s,OK,123494,471570086001030
2994.274,35.1489345,-89.89838259999999,ChIJaTBvX72Df4gRiyFT0LQMnrQ,OK,200933,471570086001030
1773.066,35.109859,-89.99141100000001,ChIJs6JbpFyHf4gR9O01gG0a7fQ,OK,134523,471570065002008
1773.066,35.109859,-89.99141100000001,ChIJs6JbpFyHf4gR9O01gG0a7fQ,OK,134523,471570065002008
2328.582,35.10874099999999,-90.021185,ChIJrVbiDcF91YcRG9TBOTpHc3I,OK,165358,471570065002008
1229.708,35.109859,-89.99141100000001,ChIJs6JbpFyHf4gR9O01gG0a7fQ,OK,110186,471570065001016
1229.708,35.109859,-89.99141100000001,ChIJs6JbpFyHf4gR9O01gG0a7fQ,OK,110186,471570065001016
1976.298,35.104197,-89.98335349999999,ChIJNST6hGqHf4gR0Mml4gyjQWk,OK,155618,471570065001016
540.372,35.104197,-89.98335349999999,ChIJNST6hGqHf4gR0Mml4gyjQWk,OK,39671,471570065001013
540.372,35.104197,-89.98335349999999,ChIJNST6hGqHf4gR0Mml4gyjQWk,OK,39671,471570065001013
653.37,35.107529,-89.9862127,ChIJ0WGfSUKHf4gRjDLrfGQwCV4,OK,50792,471570065001013
1173.065,35.12545849999999,-89.97454169999999,ChIJoyT3HjOHf4gRS6EdHckmff8,OK,90752,471570067001013
1173.065,35.12545849999999,-89.97454169999999,ChIJoyT3HjOHf4gRS6EdHckmff8,OK,90752,471570067001013
2450.139,35.107529,-89.9862127,ChIJ0WGfSUKHf4gRjDLrfGQwCV4,OK,194705,471570067001013
2198.248,35.12545849999999,-89.97454169999999,ChIJoyT3HjOHf4gRS6EdHckmff8,OK,154673,471570070003001
2198.248,35.12545849999999,-89.97454169999999,ChIJoyT3HjOHf4gRS6EdHckmff8,OK,154673,471570070003001
2323.278,35.1161637,-89.9446263,ChIJ-ZiED8iGf4gR32IlfgDBKWY,OK,157169,471570070003001
4885.416,35.1546312,-89.79260459999999,ChIJ8UeuSEecf4gRniit7ubZLtM,OK,286167,471570211412008
4885.416,35.1546312,-89.79260459999999,ChIJ8UeuSEecf4gRniit7ubZLtM,OK,286167,471570211412008
4276.285,35.2044739,-89.76342459999999,ChIJ3XsJxyKef4gRTeWb3lonWsU,OK,306858,471570211412008
164.566,35.1804299,-89.9263818,ChIJIfvtv4eBf4gRJLjVGBpAzmc,OK,17192,471570089002019
164.566,35.1804299,-89.9263818,ChIJIfvtv4eBf4gRJLjVGBpAzmc,OK,17192,471570089002019
1120.68,35.183951,-89.93106899999999,ChIJWQ0EIo-Bf4gR6cuqlCcQuNw,OK,96281,471570089002019
1729.657,35.16339899999999,-89.855841,ChIJA_xfkC6Df4gRAjVZwLz1jqA,OK,143748,471570211224009
1729.657,35.16339899999999,-89.855841,ChIJA_xfkC6Df4gRAjVZwLz1jqA,OK,143748,471570211224009
1804.813,35.1623785,-89.8566175,ChIJXQHWWS6Df4gRqhH5EQ9H1j0,OK,152713,471570211224009
2869.444,35.1738374,-89.98954379999999,ChIJ_S0BIGOAf4gRU3Ph4W65cOQ,OK,172161,471570006001006
2869.444,35.1738374,-89.98954379999999,ChIJ_S0BIGOAf4gRU3Ph4W65cOQ,OK,172161,471570006001006
3655.258,35.21475480000001,-90.00354540000001,ChIJF6XvX_9_1YcRD4jlF4jzevw,OK,219300,471570006001006
831.647,35.1507888,-89.977317,ChIJdVWrOuqAf4gR-V7s1E3qo7g,OK,56012,471570016001006
831.647,35.1507888,-89.977317,ChIJdVWrOuqAf4gR-V7s1E3qo7g,OK,56012,471570016001006
2608.648,35.17410499999999,-89.97575479999999,ChIJmfYTGFmAf4gRHGKCaD0qCtI,OK,164192,471570016001006
5294.983,35.218332,-90.00299799999999,ChIJfRCGEgGA1YcRsZsWP_dycDI,OK,296642,471570101205016
5294.983,35.218332,-90.00299799999999,ChIJfRCGEgGA1YcRsZsWP_dycDI,OK,296642,471570101205016
4855.462,35.21475480000001,-90.00354540000001,ChIJF6XvX_9_1YcRD4jlF4jzevw,OK,305409,471570101205016
5412.909,35.218332,-90.00299799999999,ChIJfRCGEgGA1YcRsZsWP_dycDI,OK,303174,471570099021014
5412.909,35.218332,-90.00299799999999,ChIJfRCGEgGA1YcRsZsWP_dycDI,OK,303174,471570099021014
4973.387,35.21475480000001,-90.00354540000001,ChIJF6XvX_9_1YcRD4jlF4jzevw,OK,311941,471570099021014
2605.326,35.2044739,-89.76342459999999,ChIJ3XsJxyKef4gRTeWb3lonWsU,OK,199431,471570211412000
2605.326,35.2044739,-89.76342459999999,ChIJ3XsJxyKef4gRTeWb3lonWsU,OK,199431,471570211412000
4295.742,35.2074362,-89.7805166,ChIJ62ATRfudf4gRPIrPAXGVsiQ,OK,330917,471570211412000
2517.067,35.2045576,-89.81176689999999,ChIJ8ROix4Kdf4gR4Su-1OwAUMo,OK,163172,471570211122012
2517.067,35.2045576,-89.81176689999999,ChIJ8ROix4Kdf4gR4Su-1OwAUMo,OK,163172,471570211122012
2861.482,35.19067459999999,-89.8489943,ChIJ364PGjWdf4gRKbsrGLq8_XQ,OK,165193,471570211122012
2470.296,35.2044739,-89.76342459999999,ChIJ3XsJxyKef4gRTeWb3lonWsU,OK,196571,471570211413001
2470.296,35.2044739,-89.76342459999999,ChIJ3XsJxyKef4gRTeWb3lonWsU,OK,196571,471570211413001
4160.711,35.2074362,-89.7805166,ChIJ62ATRfudf4gRPIrPAXGVsiQ,OK,328057,471570211413001
2504.433,35.2044739,-89.76342459999999,ChIJ3XsJxyKef4gRTeWb3lonWsU,OK,200666,471570211413006
2504.433,35.2044739,-89.76342459999999,ChIJ3XsJxyKef4gRTeWb3lonWsU,OK,200666,471570211413006
4194.848,35.2074362,-89.7805166,ChIJ62ATRfudf4gRPIrPAXGVsiQ,OK,332152,471570211413006
2238.045,35.1251709,-90.0481695,ChIJybIJtCd81YcR9Otxws-5qCM,OK,152724,471570117001069
2238.045,35.1251709,-90.0481695,ChIJybIJtCd81YcR9Otxws-5qCM,OK,152724,471570117001069
2239.859,35.125222,-90.048147,ChIJ9cKdtid81YcRKs9h6RjzQzw,OK,152825,471570117001069
3531.197,35.16339899999999,-89.855841,ChIJA_xfkC6Df4gRAjVZwLz1jqA,OK,223141,471570211241044
3531.197,35.16339899999999,-89.855841,ChIJA_xfkC6Df4gRAjVZwLz1jqA,OK,223141,471570211241044
3606.353,35.1623785,-89.8566175,ChIJXQHWWS6Df4gRqhH5EQ9H1j0,OK,232106,471570211241044
915.016,35.02379430000001,-89.96377079999999,ChIJDVntamKIf4gRlF5S6rdAlgc,OK,54900,471579801001101
915.016,35.02379430000001,-89.96377079999999,ChIJDVntamKIf4gRlF5S6rdAlgc,OK,54900,471579801001101
3271.971,35.051879,-89.95322299999999,ChIJtbdkhjqGf4gRndtG1KtFnTA,OK,191776,471579801001101
2381.011,35.2051043,-89.79754849999999,ChIJpRDMlY2df4gRQqHmUo_lzmc,OK,179283,471570211131034
2381.011,35.2051043,-89.79754849999999,ChIJpRDMlY2df4gRQqHmUo_lzmc,OK,179283,471570211131034
2733.234,35.2045576,-89.81176689999999,ChIJ8ROix4Kdf4gR4Su-1OwAUMo,OK,190420,471570211131034
865.322,35.021381,-90.020287,ChIJnVfwxMBi1YcR65EtGsZDcOY,OK,48664,471570221124015
865.322,35.021381,-90.020287,ChIJnVfwxMBi1YcR65EtGsZDcOY,OK,48664,471570221124015
865.661,35.021384,-90.019407,ChIJk8DCu8Bi1YcRUnUQCgCMr-E,OK,48689,471570221124015
1520.341,35.054745,-90.007971,ChIJXxyyQlt91YcRhldtWgjSnSE,OK,114482,471570220233010
1520.341,35.054745,-90.007971,ChIJXxyyQlt91YcRhldtWgjSnSE,OK,114482,471570220233010
2085.693,35.05407199999999,-90.00125899999999,ChIJIzdhk1h91YcRZT7cBcBslaM,OK,137915,471570220233010
1693.509,35.13418100000001,-89.98599,ChIJnf1_yraAf4gR9pQmD7CXhgg,OK,118202,471570063001001
1693.509,35.13418100000001,-89.98599,ChIJnf1_yraAf4gR9pQmD7CXhgg,OK,118202,471570063001001
1759.789,35.13779299999999,-89.99118349999999,ChIJUQlZ-K-Af4gRkRKK62-ap5w,OK,127700,471570063001001
2296.91,35.1251709,-90.0481695,ChIJybIJtCd81YcR9Otxws-5qCM,OK,142056,471570117001068
2296.91,35.1251709,-90.0481695,ChIJybIJtCd81YcR9Otxws-5qCM,OK,142056,471570117001068
2298.725,35.125222,-90.048147,ChIJ9cKdtid81YcRKs9h6RjzQzw,OK,142157,471570117001068
1782.073,35.19067459999999,-89.8489943,ChIJ364PGjWdf4gRKbsrGLq8_XQ,OK,148640,471570211124006
1782.073,35.19067459999999,-89.8489943,ChIJ364PGjWdf4gRKbsrGLq8_XQ,OK,148640,471570211124006
3768.96,35.1927931,-89.86922029999999,ChIJAQAAAMCCf4gRZL0qi0KLjtw,OK,290490,471570211124006
1501.988,35.093591,-90.056624,ChIJgyVl92d81YcRhuRHHckl8Y4,OK,111602,471570055003006
1501.988,35.093591,-90.056624,ChIJgyVl92d81YcRhuRHHckl8Y4,OK,111602,471570055003006
1681.825,35.095133,-90.05542799999999,ChIJATnUo0J81YcRpbAuNwXeqRw,OK,121562,471570055003006
3707.394,35.2064292,-89.73436359999999,ChIJP6qgZdGff4gRQoIww3TX5kM,OK,204943,471570208202077
3707.394,35.2064292,-89.73436359999999,ChIJP6qgZdGff4gRQoIww3TX5kM,OK,204943,471570208202077
6369.298,35.2044739,-89.76342459999999,ChIJ3XsJxyKef4gRTeWb3lonWsU,OK,333121,471570208202077
2056.386,35.0643218,-89.9923063,ChIJb3DQuo2Hf4gRC8UI6d4pa68,OK,154133,471570220225030
1770.12,35.05407199999999,-90.00125899999999,ChIJIzdhk1h91YcRZT7cBcBslaM,OK,112699,471570220225018
1770.12,35.05407199999999,-90.00125899999999,ChIJIzdhk1h91YcRZT7cBcBslaM,OK,112699,471570220225018
2173.519,35.0643218,-89.9923063,ChIJb3DQuo2Hf4gRC8UI6d4pa68,OK,154970,471570220225018
1497.182,35.054745,-90.007971,ChIJXxyyQlt91YcRhldtWgjSnSE,OK,97103,471570220241011
1497.182,35.054745,-90.007971,ChIJXxyyQlt91YcRhldtWgjSnSE,OK,97103,471570220241011
1929.031,35.05407199999999,-90.00125899999999,ChIJIzdhk1h91YcRZT7cBcBslaM,OK,113142,471570220241011
2869.511,35.02138900000001,-89.996898,ChIJz3MQkR6If4gRIBgmNH-BQcg,OK,173368,471570221123009
2869.511,35.02138900000001,-89.996898,ChIJz3MQkR6If4gRIBgmNH-BQcg,OK,173368,471570221123009
3066.639,35.021381,-90.020287,ChIJnVfwxMBi1YcR65EtGsZDcOY,OK,185028,471570221123009
1823.284,35.054745,-90.007971,ChIJXxyyQlt91YcRhldtWgjSnSE,OK,123501,471570220241013
1823.284,35.054745,-90.007971,ChIJXxyyQlt91YcRhldtWgjSnSE,OK,123501,471570220241013
2255.132,35.05407199999999,-90.00125899999999,ChIJIzdhk1h91YcRZT7cBcBslaM,OK,139540,471570220241013
2868.447,35.02138900000001,-89.996898,ChIJz3MQkR6If4gRIBgmNH-BQcg,OK,191143,471570221123004
2868.447,35.02138900000001,-89.996898,ChIJz3MQkR6If4gRIBgmNH-BQcg,OK,191143,471570221123004
3065.575,35.021381,-90.020287,ChIJnVfwxMBi1YcR65EtGsZDcOY,OK,202803,471570221123004
1942.57,35.02138900000001,-89.996898,ChIJz3MQkR6If4gRIBgmNH-BQcg,OK,112074,471570221123006
1942.57,35.02138900000001,-89.996898,ChIJz3MQkR6If4gRIBgmNH-BQcg,OK,112074,471570221123006
2139.698,35.021381,-90.020287,ChIJnVfwxMBi1YcR65EtGsZDcOY,OK,123734,471570221123006
1840.08,35.02138900000001,-89.996898,ChIJz3MQkR6If4gRIBgmNH-BQcg,OK,114011,471570221121008
1840.08,35.02138900000001,-89.996898,ChIJz3MQkR6If4gRIBgmNH-BQcg,OK,114011,471570221121008
3710.941,35.05407199999999,-90.00125899999999,ChIJIzdhk1h91YcRZT7cBcBslaM,OK,217625,471570221121008
2911.625,35.054745,-90.007971,ChIJXxyyQlt91YcRhldtWgjSnSE,OK,188325,471570221122005
3321.926,35.02138900000001,-89.996898,ChIJz3MQkR6If4gRIBgmNH-BQcg,OK,195237,471570221122005
3321.926,35.02138900000001,-89.996898,ChIJz3MQkR6If4gRIBgmNH-BQcg,OK,195237,471570221122005
1207.443,35.02138900000001,-89.996898,ChIJz3MQkR6If4gRIBgmNH-BQcg,OK,142983,471570221121009
1207.443,35.02138900000001,-89.996898,ChIJz3MQkR6If4gRIBgmNH-BQcg,OK,142983,471570221121009
4056.549,35.05407199999999,-90.00125899999999,ChIJIzdhk1h91YcRZT7cBcBslaM,OK,259097,471570221121009
1239.082,35.02138900000001,-89.996898,ChIJz3MQkR6If4gRIBgmNH-BQcg,OK,146779,471570221122007
1239.082,35.02138900000001,-89.996898,ChIJz3MQkR6If4gRIBgmNH-BQcg,OK,146779,471570221122007
2989.756,35.021381,-90.020287,ChIJnVfwxMBi1YcR65EtGsZDcOY,OK,244984,471570221122007
2851.162,35.02138900000001,-89.996898,ChIJz3MQkR6If4gRIBgmNH-BQcg,OK,182985,471570221121000
2851.162,35.02138900000001,-89.996898,ChIJz3MQkR6If4gRIBgmNH-BQcg,OK,182985,471570221121000
3509.451,35.05407199999999,-90.00125899999999,ChIJIzdhk1h91YcRZT7cBcBslaM,OK,219443,471570221121000
2066.02,35.02138900000001,-89.996898,ChIJz3MQkR6If4gRIBgmNH-BQcg,OK,140299,471570221123005
2066.02,35.02138900000001,-89.996898,ChIJz3MQkR6If4gRIBgmNH-BQcg,OK,140299,471570221123005
2263.148,35.021381,-90.020287,ChIJnVfwxMBi1YcR65EtGsZDcOY,OK,151959,471570221123005
1304.294,35.02138900000001,-89.996898,ChIJz3MQkR6If4gRIBgmNH-BQcg,OK,73781,471570221123016
1304.294,35.02138900000001,-89.996898,ChIJz3MQkR6If4gRIBgmNH-BQcg,OK,73781,471570221123016
1501.422,35.021381,-90.020287,ChIJnVfwxMBi1YcR65EtGsZDcOY,OK,85441,471570221123016
1468.224,35.02138900000001,-89.996898,ChIJz3MQkR6If4gRIBgmNH-BQcg,OK,105236,471570221123011
1468.224,35.02138900000001,-89.996898,ChIJz3MQkR6If4gRIBgmNH-BQcg,OK,105236,471570221123011
1665.352,35.021381,-90.020287,ChIJnVfwxMBi1YcR65EtGsZDcOY,OK,116896,471570221123011
1528.792,35.021381,-90.020287,ChIJnVfwxMBi1YcR65EtGsZDcOY,OK,118825,471570221124017
1528.792,35.021381,-90.020287,ChIJnVfwxMBi1YcR65EtGsZDcOY,OK,118825,471570221124017
1529.131,35.021384,-90.019407,ChIJk8DCu8Bi1YcRUnUQCgCMr-E,OK,118850,471570221124017
10674.815,35.02138900000001,-89.996898,ChIJz3MQkR6If4gRIBgmNH-BQcg,OK,443363,471570221222001
10674.815,35.02138900000001,-89.996898,ChIJz3MQkR6If4gRIBgmNH-BQcg,OK,443363,471570221222001
10415.338,35.021384,-90.019407,ChIJk8DCu8Bi1YcRUnUQCgCMr-E,OK,499550,471570221222001
1439.468,35.02138900000001,-89.996898,ChIJz3MQkR6If4gRIBgmNH-BQcg,OK,101785,471570221123012
1439.468,35.02138900000001,-89.996898,ChIJz3MQkR6If4gRIBgmNH-BQcg,OK,101785,471570221123012
1636.596,35.021381,-90.020287,ChIJnVfwxMBi1YcR65EtGsZDcOY,OK,113445,471570221123012
1488.157,35.02138900000001,-89.996898,ChIJz3MQkR6If4gRIBgmNH-BQcg,OK,103959,471570221222003
1488.157,35.02138900000001,-89.996898,ChIJz3MQkR6If4gRIBgmNH-BQcg,OK,103959,471570221222003
1685.624,35.021384,-90.019407,ChIJk8DCu8Bi1YcRUnUQCgCMr-E,OK,115644,471570221222003
10755.784,35.02138900000001,-89.996898,ChIJz3MQkR6If4gRIBgmNH-BQcg,OK,447527,471570221222002
10755.784,35.02138900000001,-89.996898,ChIJz3MQkR6If4gRIBgmNH-BQcg,OK,447527,471570221222002
10496.306,35.021384,-90.019407,ChIJk8DCu8Bi1YcRUnUQCgCMr-E,OK,503714,471570221222002
1169.658,35.02138900000001,-89.996898,ChIJz3MQkR6If4gRIBgmNH-BQcg,OK,138449,471570221122008
1169.658,35.02138900000001,-89.996898,ChIJz3MQkR6If4gRIBgmNH-BQcg,OK,138449,471570221122008
2864.633,35.021381,-90.020287,ChIJnVfwxMBi1YcR65EtGsZDcOY,OK,229970,471570221122008
1165.66,35.02138900000001,-89.996898,ChIJz3MQkR6If4gRIBgmNH-BQcg,OK,137969,471570221122009
1165.66,35.02138900000001,-89.996898,ChIJz3MQkR6If4gRIBgmNH-BQcg,OK,137969,471570221122009
2868.631,35.021381,-90.020287,ChIJnVfwxMBi1YcR65EtGsZDcOY,OK,230450,471570221122009
1002.274,35.02138900000001,-89.996898,ChIJz3MQkR6If4gRIBgmNH-BQcg,OK,118364,471570221121012
1002.274,35.02138900000001,-89.996898,ChIJz3MQkR6If4gRIBgmNH-BQcg,OK,118364,471570221121012
819.014,35.222344,-89.97682999999999,ChIJ987Br45_f4gRjwrvnFN8t7k,OK,73699,471570102101018
819.014,35.222344,-89.97682999999999,ChIJ987Br45_f4gRjwrvnFN8t7k,OK,73699,471570102101018
1219.881,35.2227028,-89.97692290000001,ChIJ987Br45_f4gRMoYIhCny13Q,OK,109831,471570102101018
2942.432,35.2337782,-89.9252472,ChIJra3pLkt_f4gRjZbqnHrruIM,OK,179479,471570205213009
2942.432,35.2337782,-89.9252472,ChIJra3pLkt_f4gRjZbqnHrruIM,OK,179479,471570205213009
4454.555,35.222344,-89.97682999999999,ChIJ987Br45_f4gRjwrvnFN8t7k,OK,267264,471570205213009
2929.892,35.2337782,-89.9252472,ChIJra3pLkt_f4gRjZbqnHrruIM,OK,244836,471570205231008
2929.892,35.2337782,-89.9252472,ChIJra3pLkt_f4gRjZbqnHrruIM,OK,244836,471570205231008
6576.704,35.2158947,-89.9151158,ChIJxetq6ad4f4gRD1K1cIBWUQ4,OK,481417,471570205231008
4894.967,35.14868459999999,-89.7948203,ChIJ4w9Lr2qcf4gRHdzl9FciAFM,OK,331263,471570211401045
4894.967,35.14868459999999,-89.7948203,ChIJ4w9Lr2qcf4gRHdzl9FciAFM,OK,331263,471570211401045
5661.129,35.1546312,-89.79260459999999,ChIJ8UeuSEecf4gRniit7ubZLtM,OK,351962,471570211401045
774.742,35.2023757,-89.9218691,ChIJvw7rwByCf4gRrAscHKjp1Iw,OK,92966,471570205421015
774.742,35.2023757,-89.9218691,ChIJvw7rwByCf4gRrAscHKjp1Iw,OK,92966,471570205421015
1183.147,35.210167,-89.919383,ChIJi0gqlgaCf4gRjUvfmHxGMyw,OK,128564,471570205421015
2771.543,35.2337782,-89.9252472,ChIJra3pLkt_f4gRjZbqnHrruIM,OK,169226,471570205243009
2771.543,35.2337782,-89.9252472,ChIJra3pLkt_f4gRjZbqnHrruIM,OK,169226,471570205243009
4668.874,35.222344,-89.97682999999999,ChIJ987Br45_f4gRjwrvnFN8t7k,OK,280123,471570205243009
1900.012,35.2337782,-89.9252472,ChIJra3pLkt_f4gRjZbqnHrruIM,OK,139150,471570205232013
1900.012,35.2337782,-89.9252472,ChIJra3pLkt_f4gRjZbqnHrruIM,OK,139150,471570205232013
4610.801,35.210167,-89.919383,ChIJi0gqlgaCf4gRjUvfmHxGMyw,OK,328147,471570205232013
1666.561,35.2337782,-89.9252472,ChIJra3pLkt_f4gRjZbqnHrruIM,OK,169542,471570205232016
1666.561,35.2337782,-89.9252472,ChIJra3pLkt_f4gRjZbqnHrruIM,OK,169542,471570205232016
5189.456,35.210167,-89.919383,ChIJi0gqlgaCf4gRjUvfmHxGMyw,OK,391466,471570205232016
367.153,35.2337782,-89.9252472,ChIJra3pLkt_f4gRjZbqnHrruIM,OK,28788,471570205243000
367.153,35.2337782,-89.9252472,ChIJra3pLkt_f4gRjZbqnHrruIM,OK,28788,471570205243000
4013.965,35.2158947,-89.9151158,ChIJxetq6ad4f4gRD1K1cIBWUQ4,OK,265369,471570205243000
1311.016,35.2337782,-89.9252472,ChIJra3pLkt_f4gRjZbqnHrruIM,OK,111651,471570205243003
1311.016,35.2337782,-89.9252472,ChIJra3pLkt_f4gRjZbqnHrruIM,OK,111651,471570205243003
4270.219,35.210167,-89.919383,ChIJi0gqlgaCf4gRjUvfmHxGMyw,OK,318913,471570205243003
2187.304,35.2337782,-89.9252472,ChIJra3pLkt_f4gRjZbqnHrruIM,OK,148864,471570205123004
2187.304,35.2337782,-89.9252472,ChIJra3pLkt_f4gRjZbqnHrruIM,OK,148864,471570205123004
1835.181,35.210167,-89.919383,ChIJi0gqlgaCf4gRjUvfmHxGMyw,OK,157740,471570205123004
1744.748,35.2337782,-89.9252472,ChIJra3pLkt_f4gRjZbqnHrruIM,OK,141276,471570205311015
1744.748,35.2337782,-89.9252472,ChIJra3pLkt_f4gRjZbqnHrruIM,OK,141276,471570205311015
5391.56,35.2158947,-89.9151158,ChIJxetq6ad4f4gRD1K1cIBWUQ4,OK,377857,471570205311015
1344.804,35.2337782,-89.9252472,ChIJra3pLkt_f4gRjZbqnHrruIM,OK,131223,471570205242009
1344.804,35.2337782,-89.9252472,ChIJra3pLkt_f4gRjZbqnHrruIM,OK,131223,471570205242009
2923.39,35.210167,-89.919383,ChIJi0gqlgaCf4gRjUvfmHxGMyw,OK,241827,471570205242009
1238.962,35.2337782,-89.9252472,ChIJra3pLkt_f4gRjZbqnHrruIM,OK,118524,471570205321010
1238.962,35.2337782,-89.9252472,ChIJra3pLkt_f4gRjZbqnHrruIM,OK,118524,471570205321010
2535.493,35.2158947,-89.9151158,ChIJxetq6ad4f4gRD1K1cIBWUQ4,OK,218739,471570205321010
1258.834,35.1075089,-89.9318387,ChIJVboYU6KGf4gRHfEHUi8Izac,OK,145380,471570085001032
1258.834,35.1075089,-89.9318387,ChIJVboYU6KGf4gRHfEHUi8Izac,OK,145380,471570085001032
1400.742,35.1079763,-89.9333841,ChIJqZoM4qKGf4gREaZMyPG1GBQ,OK,153895,471570085001032
395.091,35.1075089,-89.9318387,ChIJVboYU6KGf4gRHfEHUi8Izac,OK,31315,471570074002019
395.091,35.1075089,-89.9318387,ChIJVboYU6KGf4gRHfEHUi8Izac,OK,31315,471570074002019
536.999,35.1079763,-89.9333841,ChIJqZoM4qKGf4gREaZMyPG1GBQ,OK,39830,471570074002019
512.699,35.1075089,-89.9318387,ChIJVboYU6KGf4gRHfEHUi8Izac,OK,38485,471570074002020
512.699,35.1075089,-89.9318387,ChIJVboYU6KGf4gRHfEHUi8Izac,OK,38485,471570074002020
654.607,35.1079763,-89.9333841,ChIJqZoM4qKGf4gREaZMyPG1GBQ,OK,47000,471570074002020
881.988,35.1145886,-89.90089789999999,ChIJKWmlFW6Ef4gR0YNISWQMkss,OK,70378,471570085001030
881.988,35.1145886,-89.90089789999999,ChIJKWmlFW6Ef4gR0YNISWQMkss,OK,70378,471570085001030
1699.756,35.1153996,-89.89414069999999,ChIJCb4NOWWEf4gR79YlPQoocW4,OK,126611,471570085001030
1336.977,35.1145886,-89.90089789999999,ChIJKWmlFW6Ef4gR0YNISWQMkss,OK,97707,471570085001029
1336.977,35.1145886,-89.90089789999999,ChIJKWmlFW6Ef4gR0YNISWQMkss,OK,97707,471570085001029
2154.745,35.1153996,-89.89414069999999,ChIJCb4NOWWEf4gR79YlPQoocW4,OK,153940,471570085001029
2236.666,35.1145886,-89.90089789999999,ChIJKWmlFW6Ef4gR0YNISWQMkss,OK,149317,471570085001014
2467.452,35.1075089,-89.9318387,ChIJVboYU6KGf4gRHfEHUi8Izac,OK,188200,471570085001014
2467.452,35.1075089,-89.9318387,ChIJVboYU6KGf4gRHfEHUi8Izac,OK,188200,471570085001014
1883.939,35.1145886,-89.90089789999999,ChIJKWmlFW6Ef4gR0YNISWQMkss,OK,121047,471570085001016
1883.939,35.1145886,-89.90089789999999,ChIJKWmlFW6Ef4gR0YNISWQMkss,OK,121047,471570085001016
3193.477,35.1075089,-89.9318387,ChIJVboYU6KGf4gRHfEHUi8Izac,OK,197266,471570085001016
1856.495,35.1075089,-89.9318387,ChIJVboYU6KGf4gRHfEHUi8Izac,OK,118762,471570085001033
1856.495,35.1075089,-89.9318387,ChIJVboYU6KGf4gRHfEHUi8Izac,OK,118762,471570085001033
2636.952,35.1145886,-89.90089789999999,ChIJKWmlFW6Ef4gR0YNISWQMkss,OK,162394,471570085001033
250.821,35.0971,-89.9305344,ChIJRd53mZuGf4gRp0fETcD5Y3I,OK,26987,471570118001003
250.821,35.0971,-89.9305344,ChIJRd53mZuGf4gRp0fETcD5Y3I,OK,26987,471570118001003
341.078,35.0960067,-89.93138279999999,ChIJFfDYDZuGf4gR5IbqhV7MTAo,OK,34736,471570118001003
1873.991,35.0971,-89.9305344,ChIJRd53mZuGf4gRp0fETcD5Y3I,OK,141747,471570118004010
1873.991,35.0971,-89.9305344,ChIJRd53mZuGf4gRp0fETcD5Y3I,OK,141747,471570118004010
2067.922,35.0960067,-89.93138279999999,ChIJFfDYDZuGf4gR5IbqhV7MTAo,OK,155716,471570118004010
689.302,35.0971,-89.9305344,ChIJRd53mZuGf4gRp0fETcD5Y3I,OK,41356,471570118001001
689.302,35.0971,-89.9305344,ChIJRd53mZuGf4gRp0fETcD5Y3I,OK,41356,471570118001001
883.233,35.0960067,-89.93138279999999,ChIJFfDYDZuGf4gR5IbqhV7MTAo,OK,55325,471570118001001
855.041,35.1075089,-89.9318387,ChIJVboYU6KGf4gRHfEHUi8Izac,OK,57229,471570118004009
855.041,35.1075089,-89.9318387,ChIJVboYU6KGf4gRHfEHUi8Izac,OK,57229,471570118004009
996.949,35.1079763,-89.9333841,ChIJqZoM4qKGf4gREaZMyPG1GBQ,OK,65744,471570118004009
2283.737,35.1075089,-89.9318387,ChIJVboYU6KGf4gRHfEHUi8Izac,OK,192257,471570118004000
2283.737,35.1075089,-89.9318387,ChIJVboYU6KGf4gRHfEHUi8Izac,OK,192257,471570118004000
2425.644,35.1079763,-89.9333841,ChIJqZoM4qKGf4gREaZMyPG1GBQ,OK,200772,471570118004000
1258.814,35.1075089,-89.9318387,ChIJVboYU6KGf4gRHfEHUi8Izac,OK,120297,471570118004003
1258.814,35.1075089,-89.9318387,ChIJVboYU6KGf4gRHfEHUi8Izac,OK,120297,471570118004003
1400.721,35.1079763,-89.9333841,ChIJqZoM4qKGf4gREaZMyPG1GBQ,OK,128812,471570118004003
2652.408,35.1444038,-90.0168571,ChIJufYEjhR-1YcREff46W6Lons,OK,170766,471570017003000
2162.587,35.1490317,-90.0140679,ChIJw3q9_xV-1YcRqrte6yBn1CI,OK,143035,471570017001005
2162.587,35.1490317,-90.0140679,ChIJw3q9_xV-1YcRqrte6yBn1CI,OK,143035,471570017001005
2367.733,35.1738374,-89.98954379999999,ChIJ_S0BIGOAf4gRU3Ph4W65cOQ,OK,157060,471570017001005
1932.334,35.1490317,-90.0140679,ChIJw3q9_xV-1YcRqrte6yBn1CI,OK,111894,471570017001020
1932.334,35.1490317,-90.0140679,ChIJw3q9_xV-1YcRqrte6yBn1CI,OK,111894,471570017001020
2521.541,35.1738374,-89.98954379999999,ChIJ_S0BIGOAf4gRU3Ph4W65cOQ,OK,148533,471570017001020
1903.357,35.1490317,-90.0140679,ChIJw3q9_xV-1YcRqrte6yBn1CI,OK,120195,471570017001022
1903.357,35.1490317,-90.0140679,ChIJw3q9_xV-1YcRqrte6yBn1CI,OK,120195,471570017001022
2625.594,35.1444038,-90.0168571,ChIJufYEjhR-1YcREff46W6Lons,OK,167548,471570017001022
1207.42,35.1738374,-89.98954379999999,ChIJ_S0BIGOAf4gRU3Ph4W65cOQ,OK,83709,471570007002012
1207.42,35.1738374,-89.98954379999999,ChIJ_S0BIGOAf4gRU3Ph4W65cOQ,OK,83709,471570007002012
2554.029,35.17410499999999,-89.97575479999999,ChIJmfYTGFmAf4gRHGKCaD0qCtI,OK,164495,471570007002012
1409.61,35.1738374,-89.98954379999999,ChIJ_S0BIGOAf4gRU3Ph4W65cOQ,OK,101023,471570007002011
1409.61,35.1738374,-89.98954379999999,ChIJ_S0BIGOAf4gRU3Ph4W65cOQ,OK,101023,471570007002011
2756.219,35.17410499999999,-89.97575479999999,ChIJmfYTGFmAf4gRHGKCaD0qCtI,OK,181809,471570007002011
831.074,35.1738374,-89.98954379999999,ChIJ_S0BIGOAf4gRU3Ph4W65cOQ,OK,68310,471570007002018
831.074,35.1738374,-89.98954379999999,ChIJ_S0BIGOAf4gRU3Ph4W65cOQ,OK,68310,471570007002018
2177.683,35.17410499999999,-89.97575479999999,ChIJmfYTGFmAf4gRHGKCaD0qCtI,OK,149096,471570007002018
1492.034,35.1738374,-89.98954379999999,ChIJ_S0BIGOAf4gRU3Ph4W65cOQ,OK,93348,471570007001005
1492.034,35.1738374,-89.98954379999999,ChIJ_S0BIGOAf4gRU3Ph4W65cOQ,OK,93348,471570007001005
2838.643,35.17410499999999,-89.97575479999999,ChIJmfYTGFmAf4gRHGKCaD0qCtI,OK,174134,471570007001005
1321.591,35.1738374,-89.98954379999999,ChIJ_S0BIGOAf4gRU3Ph4W65cOQ,OK,93265,471570007003000
1321.591,35.1738374,-89.98954379999999,ChIJ_S0BIGOAf4gRU3Ph4W65cOQ,OK,93265,471570007003000
2668.2,35.17410499999999,-89.97575479999999,ChIJmfYTGFmAf4gRHGKCaD0qCtI,OK,174051,471570007003000
1688.405,35.1087458,-90.0211918,ChIJe6w2EsF91YcRquzVZc8M0-I,OK,101004,471570078102032
1688.405,35.1087458,-90.0211918,ChIJe6w2EsF91YcRquzVZc8M0-I,OK,101004,471570078102032
1689.046,35.10874099999999,-90.021185,ChIJrVbiDcF91YcRG9TBOTpHc3I,OK,101081,471570078102032
1298.103,35.1738374,-89.98954379999999,ChIJ_S0BIGOAf4gRU3Ph4W65cOQ,OK,90446,471570007003015
1298.103,35.1738374,-89.98954379999999,ChIJ_S0BIGOAf4gRU3Ph4W65cOQ,OK,90446,471570007003015
2644.712,35.17410499999999,-89.97575479999999,ChIJmfYTGFmAf4gRHGKCaD0qCtI,OK,171232,471570007003015
1974.325,35.1738374,-89.98954379999999,ChIJ_S0BIGOAf4gRU3Ph4W65cOQ,OK,139038,471570007003016
1974.325,35.1738374,-89.98954379999999,ChIJ_S0BIGOAf4gRU3Ph4W65cOQ,OK,139038,471570007003016
2573.213,35.1490317,-90.0140679,ChIJw3q9_xV-1YcRqrte6yBn1CI,OK,164024,471570007003016
1736.671,35.1738374,-89.98954379999999,ChIJ_S0BIGOAf4gRU3Ph4W65cOQ,OK,135079,471570007001004
1736.671,35.1738374,-89.98954379999999,ChIJ_S0BIGOAf4gRU3Ph4W65cOQ,OK,135079,471570007001004
2940.281,35.1507888,-89.977317,ChIJdVWrOuqAf4gR-V7s1E3qo7g,OK,188608,471570007001004
1409.041,35.1738374,-89.98954379999999,ChIJ_S0BIGOAf4gRU3Ph4W65cOQ,OK,95802,471570007002006
1409.041,35.1738374,-89.98954379999999,ChIJ_S0BIGOAf4gRU3Ph4W65cOQ,OK,95802,471570007002006
2755.65,35.17410499999999,-89.97575479999999,ChIJmfYTGFmAf4gRHGKCaD0qCtI,OK,176588,471570007002006
2228.752,35.1490317,-90.0140679,ChIJw3q9_xV-1YcRqrte6yBn1CI,OK,143570,471570017001004
2228.752,35.1490317,-90.0140679,ChIJw3q9_xV-1YcRqrte6yBn1CI,OK,143570,471570017001004
2259.954,35.1738374,-89.98954379999999,ChIJ_S0BIGOAf4gRU3Ph4W65cOQ,OK,149128,471570017001004
2045.752,35.1490317,-90.0140679,ChIJw3q9_xV-1YcRqrte6yBn1CI,OK,118176,471570017001010
2045.752,35.1490317,-90.0140679,ChIJw3q9_xV-1YcRqrte6yBn1CI,OK,118176,471570017001010
2408.123,35.1738374,-89.98954379999999,ChIJ_S0BIGOAf4gRU3Ph4W65cOQ,OK,142252,471570017001010
1148.299,35.098685,-90.05664899999999,ChIJ31qwBkJ81YcRk2V5pdmdhrM,OK,69707,471570117001130
1537.292,35.095133,-90.05542799999999,ChIJATnUo0J81YcRpbAuNwXeqRw,OK,91251,471570117001130
1063.504,35.098685,-90.05664899999999,ChIJ31qwBkJ81YcRk2V5pdmdhrM,OK,59218,471570058002019
1063.504,35.098685,-90.05664899999999,ChIJ31qwBkJ81YcRk2V5pdmdhrM,OK,59218,471570058002019
1452.497,35.095133,-90.05542799999999,ChIJATnUo0J81YcRpbAuNwXeqRw,OK,80762,471570058002019
1530.663,35.098685,-90.05664899999999,ChIJ31qwBkJ81YcRk2V5pdmdhrM,OK,104660,471570058002010
1530.663,35.098685,-90.05664899999999,ChIJ31qwBkJ81YcRk2V5pdmdhrM,OK,104660,471570058002010
1476.945,35.1060329,-90.039159,ChIJ231bcjV81YcRQ1quDeYAd6M,OK,114031,471570058002010
956.35,35.098685,-90.05664899999999,ChIJ31qwBkJ81YcRk2V5pdmdhrM,OK,63874,471570055001004
956.35,35.098685,-90.05664899999999,ChIJ31qwBkJ81YcRk2V5pdmdhrM,OK,63874,471570055001004
1345.342,35.095133,-90.05542799999999,ChIJATnUo0J81YcRpbAuNwXeqRw,OK,85418,471570055001004
1117.391,35.1060329,-90.039159,ChIJ231bcjV81YcRQ1quDeYAd6M,OK,84362,471570058002015
1117.391,35.1060329,-90.039159,ChIJ231bcjV81YcRQ1quDeYAd6M,OK,84362,471570058002015
1783.914,35.098685,-90.05664899999999,ChIJ31qwBkJ81YcRk2V5pdmdhrM,OK,111755,471570058002015
1265.936,35.098685,-90.05664899999999,ChIJ31qwBkJ81YcRk2V5pdmdhrM,OK,71363,471570057001011
1265.936,35.098685,-90.05664899999999,ChIJ31qwBkJ81YcRk2V5pdmdhrM,OK,71363,471570057001011
1324.853,35.1060329,-90.039159,ChIJ231bcjV81YcRQ1quDeYAd6M,OK,87492,471570057001011
185.317,35.1060329,-90.039159,ChIJ231bcjV81YcRQ1quDeYAd6M,OK,19129,471570059002027
185.317,35.1060329,-90.039159,ChIJ231bcjV81YcRQ1quDeYAd6M,OK,19129,471570059002027
1908.153,35.1087458,-90.0211918,ChIJe6w2EsF91YcRquzVZc8M0-I,OK,112286,471570059002027
883.715,35.1060329,-90.039159,ChIJ231bcjV81YcRQ1quDeYAd6M,OK,70395,471570059003027
883.715,35.1060329,-90.039159,ChIJ231bcjV81YcRQ1quDeYAd6M,OK,70395,471570059003027
2019.341,35.098685,-90.05664899999999,ChIJ31qwBkJ81YcRk2V5pdmdhrM,OK,125932,471570059003027
795.891,35.1060329,-90.039159,ChIJ231bcjV81YcRQ1quDeYAd6M,OK,64995,471570059003025
795.891,35.1060329,-90.039159,ChIJ231bcjV81YcRQ1quDeYAd6M,OK,64995,471570059003025
2102.813,35.098685,-90.05664899999999,ChIJ31qwBkJ81YcRk2V5pdmdhrM,OK,130808,471570059003025
730.524,35.1060329,-90.039159,ChIJ231bcjV81YcRQ1quDeYAd6M,OK,54130,471570059003020
730.524,35.1060329,-90.039159,ChIJ231bcjV81YcRQ1quDeYAd6M,OK,54130,471570059003020
2094.173,35.125222,-90.048147,ChIJ9cKdtid81YcRKs9h6RjzQzw,OK,170823,471570059003020
695.172,35.1060329,-90.039159,ChIJ231bcjV81YcRQ1quDeYAd6M,OK,51584,471570059003023
695.172,35.1060329,-90.039159,ChIJ231bcjV81YcRQ1quDeYAd6M,OK,51584,471570059003023
2207.052,35.098685,-90.05664899999999,ChIJ31qwBkJ81YcRk2V5pdmdhrM,OK,129693,471570059003023
601.995,35.1060329,-90.039159,ChIJ231bcjV81YcRQ1quDeYAd6M,OK,55740,471570059003019
601.995,35.1060329,-90.039159,ChIJ231bcjV81YcRQ1quDeYAd6M,OK,55740,471570059003019
2222.725,35.125222,-90.048147,ChIJ9cKdtid81YcRKs9h6RjzQzw,OK,195402,471570059003019
447.166,35.1060329,-90.039159,ChIJ231bcjV81YcRQ1quDeYAd6M,OK,50162,471570059002020
447.166,35.1060329,-90.039159,ChIJ231bcjV81YcRQ1quDeYAd6M,OK,50162,471570059002020
2754.547,35.125222,-90.048147,ChIJ9cKdtid81YcRKs9h6RjzQzw,OK,188444,471570059002020
344.613,35.1060329,-90.039159,ChIJ231bcjV81YcRQ1quDeYAd6M,OK,28685,471570059003030
344.613,35.1060329,-90.039159,ChIJ231bcjV81YcRQ1quDeYAd6M,OK,28685,471570059003030
2246.176,35.098685,-90.05664899999999,ChIJ31qwBkJ81YcRk2V5pdmdhrM,OK,130170,471570059003030
297.487,35.1060329,-90.039159,ChIJ231bcjV81YcRQ1quDeYAd6M,OK,25858,471570059003029
297.487,35.1060329,-90.039159,ChIJ231bcjV81YcRQ1quDeYAd6M,OK,25858,471570059003029
2293.302,35.098685,-90.05664899999999,ChIJ31qwBkJ81YcRk2V5pdmdhrM,OK,132997,471570059003029
940.902,35.2064292,-89.73436359999999,ChIJP6qgZdGff4gRQoIww3TX5kM,OK,61211,471570210101131
940.902,35.2064292,-89.73436359999999,ChIJP6qgZdGff4gRQoIww3TX5kM,OK,61211,471570210101131
3602.806,35.2044739,-89.76342459999999,ChIJ3XsJxyKef4gRTeWb3lonWsU,OK,189389,471570210101131
703.401,35.2060393,-89.89459389999999,ChIJN_fdM1CCf4gRqHZ_YUZgoJo,OK,38955,471570205422028
703.401,35.2060393,-89.89459389999999,ChIJN_fdM1CCf4gRqHZ_YUZgoJo,OK,38955,471570205422028
1353.563,35.192778,-89.895242,ChIJ2ehTh2eCf4gR95JHzr6OIMA,OK,76088,471570205422028
1110.859,35.2051043,-89.79754849999999,ChIJpRDMlY2df4gRQqHmUo_lzmc,OK,65226,471570211132048
1110.859,35.2051043,-89.79754849999999,ChIJpRDMlY2df4gRQqHmUo_lzmc,OK,65226,471570211132048
1575.829,35.2072684,-89.7827147,ChIJKdJ2xvqdf4gRKLRUePlbOOs,OK,122648,471570211132048
4336.351,35.222344,-89.97682999999999,ChIJ987Br45_f4gRjwrvnFN8t7k,OK,265925,471570205112020
4336.351,35.222344,-89.97682999999999,ChIJ987Br45_f4gRjwrvnFN8t7k,OK,265925,471570205112020
4556.423,35.17410499999999,-89.97575479999999,ChIJmfYTGFmAf4gRHGKCaD0qCtI,OK,279127,471570205112020
4405.218,35.222344,-89.97682999999999,ChIJ987Br45_f4gRjwrvnFN8t7k,OK,265531,471570205112015
4405.218,35.222344,-89.97682999999999,ChIJ987Br45_f4gRjwrvnFN8t7k,OK,265531,471570205112015
4806.084,35.2227028,-89.97692290000001,ChIJ987Br45_f4gRMoYIhCny13Q,OK,301663,471570205112015
1002.576,35.2045576,-89.81176689999999,ChIJ8ROix4Kdf4gR4Su-1OwAUMo,OK,59082,471570211131019
1002.576,35.2045576,-89.81176689999999,ChIJ8ROix4Kdf4gR4Su-1OwAUMo,OK,59082,471570211131019
2059.084,35.2051043,-89.79754849999999,ChIJpRDMlY2df4gRQqHmUo_lzmc,OK,116501,471570211131019
917.83,35.2072684,-89.7827147,ChIJKdJ2xvqdf4gRKLRUePlbOOs,OK,121946,471570211132031
917.83,35.2072684,-89.7827147,ChIJKdJ2xvqdf4gRKLRUePlbOOs,OK,121946,471570211132031
1789.931,35.2051043,-89.79754849999999,ChIJpRDMlY2df4gRQqHmUo_lzmc,OK,138352,471570211132031
1218.827,35.2064292,-89.73436359999999,ChIJP6qgZdGff4gRQoIww3TX5kM,OK,94561,471570210101137
1218.827,35.2064292,-89.73436359999999,ChIJP6qgZdGff4gRQoIww3TX5kM,OK,94561,471570210101137
3880.731,35.2044739,-89.76342459999999,ChIJ3XsJxyKef4gRTeWb3lonWsU,OK,222739,471570210101137
1302.462,35.2051043,-89.79754849999999,ChIJpRDMlY2df4gRQqHmUo_lzmc,OK,88217,471570211132047
1302.462,35.2051043,-89.79754849999999,ChIJpRDMlY2df4gRQqHmUo_lzmc,OK,88217,471570211132047
1767.432,35.2072684,-89.7827147,ChIJKdJ2xvqdf4gRKLRUePlbOOs,OK,145639,471570211132047
122.278,35.192778,-89.895242,ChIJ2ehTh2eCf4gR95JHzr6OIMA,OK,7058,471570205422035
122.278,35.192778,-89.895242,ChIJ2ehTh2eCf4gR95JHzr6OIMA,OK,7058,471570205422035
182.328,35.1942326,-89.8965709,ChIJD7pM72eCf4gRg19OPcAuyDw,OK,10661,471570205422035
835.326,35.2045576,-89.81176689999999,ChIJ8ROix4Kdf4gR4Su-1OwAUMo,OK,49047,471570211131009
835.326,35.2045576,-89.81176689999999,ChIJ8ROix4Kdf4gR4Su-1OwAUMo,OK,49047,471570211131009
1891.834,35.2051043,-89.79754849999999,ChIJpRDMlY2df4gRQqHmUo_lzmc,OK,106466,471570211131009
584.992,35.2044739,-89.76342459999999,ChIJ3XsJxyKef4gRTeWb3lonWsU,OK,41113,471570211421067
584.992,35.2044739,-89.76342459999999,ChIJ3XsJxyKef4gRTeWb3lonWsU,OK,41113,471570211421067
2275.407,35.2074362,-89.7805166,ChIJ62ATRfudf4gRPIrPAXGVsiQ,OK,172599,471570211421067
749.4,35.2044739,-89.76342459999999,ChIJ3XsJxyKef4gRTeWb3lonWsU,OK,52949,471570211421031
749.4,35.2044739,-89.76342459999999,ChIJ3XsJxyKef4gRTeWb3lonWsU,OK,52949,471570211421031
2439.815,35.2074362,-89.7805166,ChIJ62ATRfudf4gRPIrPAXGVsiQ,OK,184435,471570211421031
825.729,35.2044739,-89.76342459999999,ChIJ3XsJxyKef4gRTeWb3lonWsU,OK,58444,471570211421059
825.729,35.2044739,-89.76342459999999,ChIJ3XsJxyKef4gRTeWb3lonWsU,OK,58444,471570211421059
2516.144,35.2074362,-89.7805166,ChIJ62ATRfudf4gRPIrPAXGVsiQ,OK,189930,471570211421059
1604.321,35.2045576,-89.81176689999999,ChIJ8ROix4Kdf4gR4Su-1OwAUMo,OK,95184,471570211131026
1604.321,35.2045576,-89.81176689999999,ChIJ8ROix4Kdf4gR4Su-1OwAUMo,OK,95184,471570211131026
2660.829,35.2051043,-89.79754849999999,ChIJpRDMlY2df4gRQqHmUo_lzmc,OK,152603,471570211131026
3101.884,35.10874099999999,-90.021185,ChIJrVbiDcF91YcRG9TBOTpHc3I,OK,182173,471570078211012
2566.381,35.1087458,-90.0211918,ChIJe6w2EsF91YcRquzVZc8M0-I,OK,191725,471570078211001
2566.381,35.1087458,-90.0211918,ChIJe6w2EsF91YcRquzVZc8M0-I,OK,191725,471570078211001
2567.022,35.10874099999999,-90.021185,ChIJrVbiDcF91YcRG9TBOTpHc3I,OK,191802,471570078211001
2739.902,35.1087458,-90.0211918,ChIJe6w2EsF91YcRquzVZc8M0-I,OK,212729,471570078211006
2739.902,35.1087458,-90.0211918,ChIJe6w2EsF91YcRquzVZc8M0-I,OK,212729,471570078211006
2740.543,35.10874099999999,-90.021185,ChIJrVbiDcF91YcRG9TBOTpHc3I,OK,212806,471570078211006
3555.28,35.1439641,-90.0517892,ChIJL-0zBZR-1YcRj7p5p1WY4-g,OK,267930,471570001003065
3555.28,35.1439641,-90.0517892,ChIJL-0zBZR-1YcRj7p5p1WY4-g,OK,267930,471570001003065
3764.196,35.1450994,-90.0538646,ChIJne6_s5V-1YcRn_LPaqiwhrk,OK,273384,471570001003065
3579.653,35.10874099999999,-90.021185,ChIJrVbiDcF91YcRG9TBOTpHc3I,OK,203231,471570078212000
5118.123,35.0643218,-89.9923063,ChIJb3DQuo2Hf4gRC8UI6d4pa68,OK,298949,471570078212000
5118.123,35.0643218,-89.9923063,ChIJb3DQuo2Hf4gRC8UI6d4pa68,OK,298949,471570078212000
907.128,35.2044739,-89.76342459999999,ChIJ3XsJxyKef4gRTeWb3lonWsU,OK,62806,471570211414000
907.128,35.2044739,-89.76342459999999,ChIJ3XsJxyKef4gRTeWb3lonWsU,OK,62806,471570211414000
2143.836,35.2064292,-89.73436359999999,ChIJP6qgZdGff4gRQoIww3TX5kM,OK,112055,471570211414000
3539.981,35.1087458,-90.0211918,ChIJe6w2EsF91YcRquzVZc8M0-I,OK,218532,471570078211018
3540.622,35.10874099999999,-90.021185,ChIJrVbiDcF91YcRG9TBOTpHc3I,OK,218609,471570078211018
3540.622,35.10874099999999,-90.021185,ChIJrVbiDcF91YcRG9TBOTpHc3I,OK,218609,471570078211018
3149.918,35.1087458,-90.0211918,ChIJe6w2EsF91YcRquzVZc8M0-I,OK,185594,471570078221033
3149.918,35.1087458,-90.0211918,ChIJe6w2EsF91YcRquzVZc8M0-I,OK,185594,471570078221033
3150.559,35.10874099999999,-90.021185,ChIJrVbiDcF91YcRG9TBOTpHc3I,OK,185671,471570078221033
3141.351,35.1087458,-90.0211918,ChIJe6w2EsF91YcRquzVZc8M0-I,OK,180714,471570078221032
3141.351,35.1087458,-90.0211918,ChIJe6w2EsF91YcRquzVZc8M0-I,OK,180714,471570078221032
3141.992,35.10874099999999,-90.021185,ChIJrVbiDcF91YcRG9TBOTpHc3I,OK,180791,471570078221032
3374.135,35.1087458,-90.0211918,ChIJe6w2EsF91YcRquzVZc8M0-I,OK,198631,471570078211017
3374.135,35.1087458,-90.0211918,ChIJe6w2EsF91YcRquzVZc8M0-I,OK,198631,471570078211017
3374.776,35.10874099999999,-90.021185,ChIJrVbiDcF91YcRG9TBOTpHc3I,OK,198708,471570078211017
4601.452,35.054745,-90.007971,ChIJXxyyQlt91YcRhldtWgjSnSE,OK,282530,471570078212009
4601.452,35.054745,-90.007971,ChIJXxyyQlt91YcRhldtWgjSnSE,OK,282530,471570078212009
5031.644,35.05407199999999,-90.00125899999999,ChIJIzdhk1h91YcRZT7cBcBslaM,OK,302214,471570078212009
4061.857,35.054745,-90.007971,ChIJXxyyQlt91YcRhldtWgjSnSE,OK,248110,471570078213003
4061.857,35.054745,-90.007971,ChIJXxyyQlt91YcRhldtWgjSnSE,OK,248110,471570078213003
4492.049,35.05407199999999,-90.00125899999999,ChIJIzdhk1h91YcRZT7cBcBslaM,OK,267794,471570078213003
812.879,35.2044739,-89.76342459999999,ChIJ3XsJxyKef4gRTeWb3lonWsU,OK,58260,471570211411002
812.879,35.2044739,-89.76342459999999,ChIJ3XsJxyKef4gRTeWb3lonWsU,OK,58260,471570211411002
2503.295,35.2074362,-89.7805166,ChIJ62ATRfudf4gRPIrPAXGVsiQ,OK,189746,471570211411002
5212.126,35.054745,-90.007971,ChIJXxyyQlt91YcRhldtWgjSnSE,OK,355808,471570078213001
5212.126,35.054745,-90.007971,ChIJXxyyQlt91YcRhldtWgjSnSE,OK,355808,471570078213001
5850.325,35.0643218,-89.9923063,ChIJb3DQuo2Hf4gRC8UI6d4pa68,OK,369718,471570078213001
2213.93,35.1490317,-90.0140679,ChIJw3q9_xV-1YcRqrte6yBn1CI,OK,143901,471570112001004
2213.93,35.1490317,-90.0140679,ChIJw3q9_xV-1YcRqrte6yBn1CI,OK,143901,471570112001004
2936.168,35.1444038,-90.0168571,ChIJufYEjhR-1YcREff46W6Lons,OK,191254,471570112001004
1958.076,35.1490317,-90.0140679,ChIJw3q9_xV-1YcRqrte6yBn1CI,OK,140771,471570112002002
1958.076,35.1490317,-90.0140679,ChIJw3q9_xV-1YcRqrte6yBn1CI,OK,140771,471570112002002
2680.313,35.1444038,-90.0168571,ChIJufYEjhR-1YcREff46W6Lons,OK,188124,471570112002002
1660.891,35.1490317,-90.0140679,ChIJw3q9_xV-1YcRqrte6yBn1CI,OK,121664,471570112002007
1660.891,35.1490317,-90.0140679,ChIJw3q9_xV-1YcRqrte6yBn1CI,OK,121664,471570112002007
2383.129,35.1444038,-90.0168571,ChIJufYEjhR-1YcREff46W6Lons,OK,169017,471570112002007
1888.382,35.1490317,-90.0140679,ChIJw3q9_xV-1YcRqrte6yBn1CI,OK,132408,471570112002001
1888.382,35.1490317,-90.0140679,ChIJw3q9_xV-1YcRqrte6yBn1CI,OK,132408,471570112002001
2610.62,35.1444038,-90.0168571,ChIJufYEjhR-1YcREff46W6Lons,OK,179761,471570112002001
1630.44,35.1490317,-90.0140679,ChIJw3q9_xV-1YcRqrte6yBn1CI,OK,103905,471570112003018
1630.44,35.1490317,-90.0140679,ChIJw3q9_xV-1YcRqrte6yBn1CI,OK,103905,471570112003018
2352.677,35.1444038,-90.0168571,ChIJufYEjhR-1YcREff46W6Lons,OK,151258,471570112003018
1485.73,35.1490317,-90.0140679,ChIJw3q9_xV-1YcRqrte6yBn1CI,OK,95674,471570112002014
1485.73,35.1490317,-90.0140679,ChIJw3q9_xV-1YcRqrte6yBn1CI,OK,95674,471570112002014
2207.968,35.1444038,-90.0168571,ChIJufYEjhR-1YcREff46W6Lons,OK,143027,471570112002014
1486.671,35.1490317,-90.0140679,ChIJw3q9_xV-1YcRqrte6yBn1CI,OK,95787,471570112002013
1486.671,35.1490317,-90.0140679,ChIJw3q9_xV-1YcRqrte6yBn1CI,OK,95787,471570112002013
2208.908,35.1444038,-90.0168571,ChIJufYEjhR-1YcREff46W6Lons,OK,143140,471570112002013
1583.236,35.1490317,-90.0140679,ChIJw3q9_xV-1YcRqrte6yBn1CI,OK,117119,471570112002008
1583.236,35.1490317,-90.0140679,ChIJw3q9_xV-1YcRqrte6yBn1CI,OK,117119,471570112002008
2305.473,35.1444038,-90.0168571,ChIJufYEjhR-1YcREff46W6Lons,OK,164472,471570112002008
1409.346,35.1490317,-90.0140679,ChIJw3q9_xV-1YcRqrte6yBn1CI,OK,91479,471570112002012
1409.346,35.1490317,-90.0140679,ChIJw3q9_xV-1YcRqrte6yBn1CI,OK,91479,471570112002012
2131.583,35.1444038,-90.0168571,ChIJufYEjhR-1YcREff46W6Lons,OK,138832,471570112002012
2072.725,35.1490317,-90.0140679,ChIJw3q9_xV-1YcRqrte6yBn1CI,OK,134080,471570112001006
2072.725,35.1490317,-90.0140679,ChIJw3q9_xV-1YcRqrte6yBn1CI,OK,134080,471570112001006
2652.22,35.1738374,-89.98954379999999,ChIJ_S0BIGOAf4gRU3Ph4W65cOQ,OK,174527,471570112001006
1812.651,35.1490317,-90.0140679,ChIJw3q9_xV-1YcRqrte6yBn1CI,OK,123321,471570112002000
1812.651,35.1490317,-90.0140679,ChIJw3q9_xV-1YcRqrte6yBn1CI,OK,123321,471570112002000
2534.889,35.1444038,-90.0168571,ChIJufYEjhR-1YcREff46W6Lons,OK,170674,471570112002000
1505.896,35.1490317,-90.0140679,ChIJw3q9_xV-1YcRqrte6yBn1CI,OK,112548,471570112002009
1505.896,35.1490317,-90.0140679,ChIJw3q9_xV-1YcRqrte6yBn1CI,OK,112548,471570112002009
2228.134,35.1444038,-90.0168571,ChIJufYEjhR-1YcREff46W6Lons,OK,159901,471570112002009
1961.925,35.1490317,-90.0140679,ChIJw3q9_xV-1YcRqrte6yBn1CI,OK,117699,471570007003010
1961.925,35.1490317,-90.0140679,ChIJw3q9_xV-1YcRqrte6yBn1CI,OK,117699,471570007003010
2545.387,35.1738374,-89.98954379999999,ChIJ_S0BIGOAf4gRU3Ph4W65cOQ,OK,152716,471570007003010
1787.597,35.1490317,-90.0140679,ChIJw3q9_xV-1YcRqrte6yBn1CI,OK,120315,471570017002004
1787.597,35.1490317,-90.0140679,ChIJw3q9_xV-1YcRqrte6yBn1CI,OK,120315,471570017002004
2509.835,35.1444038,-90.0168571,ChIJufYEjhR-1YcREff46W6Lons,OK,167668,471570017002004
2319.341,35.1546312,-89.79260459999999,ChIJ8UeuSEecf4gRniit7ubZLtM,OK,180181,471570211252026
2319.341,35.1546312,-89.79260459999999,ChIJ8UeuSEecf4gRniit7ubZLtM,OK,180181,471570211252026
2699.228,35.14868459999999,-89.7948203,ChIJ4w9Lr2qcf4gRHdzl9FciAFM,OK,199681,471570211252026
716.46,35.14981359999999,-89.94918609999999,ChIJVdGBGRaBf4gRsi89Rzqn8W4,OK,53064,471570013004009
716.46,35.14981359999999,-89.94918609999999,ChIJVdGBGRaBf4gRsi89Rzqn8W4,OK,53064,471570013004009
950.501,35.1497164,-89.95515999999999,ChIJcQb6ehiBf4gR-uA54eRPNq8,OK,73819,471570013004009
566.783,35.1507888,-89.977317,ChIJdVWrOuqAf4gR-V7s1E3qo7g,OK,33048,471570015002011
566.783,35.1507888,-89.977317,ChIJdVWrOuqAf4gR-V7s1E3qo7g,OK,33048,471570015002011
2431.167,35.13418100000001,-89.98599,ChIJnf1_yraAf4gR9pQmD7CXhgg,OK,131917,471570015002011
1072.133,35.1507888,-89.977317,ChIJdVWrOuqAf4gR-V7s1E3qo7g,OK,58218,471570016001015
1072.133,35.1507888,-89.977317,ChIJdVWrOuqAf4gR-V7s1E3qo7g,OK,58218,471570016001015
2974.352,35.13774119999999,-89.99713,ChIJtwtohKiAf4gRFxkNLUf9PgA,OK,176147,471570016001015
2043.244,35.1507888,-89.977317,ChIJdVWrOuqAf4gR-V7s1E3qo7g,OK,151288,471570016001016
2043.244,35.1507888,-89.977317,ChIJdVWrOuqAf4gR-V7s1E3qo7g,OK,151288,471570016001016
3139.827,35.13774119999999,-89.99713,ChIJtwtohKiAf4gRFxkNLUf9PgA,OK,226538,471570016001016
1898.724,35.1450994,-90.0538646,ChIJne6_s5V-1YcRn_LPaqiwhrk,OK,102745,471570113001032
1898.724,35.1450994,-90.0538646,ChIJne6_s5V-1YcRn_LPaqiwhrk,OK,102745,471570113001032
2118.262,35.1435177,-90.0539328,ChIJ8VFg1pV-1YcRR9G8p0pZx6U,OK,111500,471570113001032
963.515,35.1507888,-89.977317,ChIJdVWrOuqAf4gR-V7s1E3qo7g,OK,54123,471570016001019
963.515,35.1507888,-89.977317,ChIJdVWrOuqAf4gR-V7s1E3qo7g,OK,54123,471570016001019
2827.898,35.13418100000001,-89.98599,ChIJnf1_yraAf4gR9pQmD7CXhgg,OK,152992,471570016001019
537.267,35.1546312,-89.79260459999999,ChIJ8UeuSEecf4gRniit7ubZLtM,OK,35575,471570211251016
537.267,35.1546312,-89.79260459999999,ChIJ8UeuSEecf4gRniit7ubZLtM,OK,35575,471570211251016
917.154,35.14868459999999,-89.7948203,ChIJ4w9Lr2qcf4gRHdzl9FciAFM,OK,55075,471570211251016
372.046,35.1507888,-89.977317,ChIJdVWrOuqAf4gR-V7s1E3qo7g,OK,35173,471570015001029
372.046,35.1507888,-89.977317,ChIJdVWrOuqAf4gR-V7s1E3qo7g,OK,35173,471570015001029
2446.253,35.13418100000001,-89.98599,ChIJnf1_yraAf4gR9pQmD7CXhgg,OK,139512,471570015001029
1222.47,35.13779299999999,-89.99118349999999,ChIJUQlZ-K-Af4gRkRKK62-ap5w,OK,108029,471570016001024
1222.47,35.13779299999999,-89.99118349999999,ChIJUQlZ-K-Af4gRkRKK62-ap5w,OK,108029,471570016001024
1638.359,35.13418100000001,-89.98599,ChIJnf1_yraAf4gR9pQmD7CXhgg,OK,118719,471570016001024
3566.504,35.1439641,-90.0517892,ChIJL-0zBZR-1YcRj7p5p1WY4-g,OK,290513,471570042001006
3775.42,35.1450994,-90.0538646,ChIJne6_s5V-1YcRn_LPaqiwhrk,OK,295967,471570042001006
3775.42,35.1450994,-90.0538646,ChIJne6_s5V-1YcRn_LPaqiwhrk,OK,295967,471570042001006
575.275,35.1507888,-89.977317,ChIJdVWrOuqAf4gR-V7s1E3qo7g,OK,33987,471570016001020
575.275,35.1507888,-89.977317,ChIJdVWrOuqAf4gR-V7s1E3qo7g,OK,33987,471570016001020
2439.659,35.13418100000001,-89.98599,ChIJnf1_yraAf4gR9pQmD7CXhgg,OK,132856,471570016001020
575.764,35.14981359999999,-89.94918609999999,ChIJVdGBGRaBf4gRsi89Rzqn8W4,OK,36532,471570013004014
575.764,35.14981359999999,-89.94918609999999,ChIJVdGBGRaBf4gRsi89Rzqn8W4,OK,36532,471570013004014
815.006,35.1497164,-89.95515999999999,ChIJcQb6ehiBf4gR-uA54eRPNq8,OK,56730,471570013004014
507.224,35.1507888,-89.977317,ChIJdVWrOuqAf4gR-V7s1E3qo7g,OK,30456,471570015001038
507.224,35.1507888,-89.977317,ChIJdVWrOuqAf4gR-V7s1E3qo7g,OK,30456,471570015001038
2174.687,35.13418100000001,-89.98599,ChIJnf1_yraAf4gR9pQmD7CXhgg,OK,117910,471570015001038
2110.709,35.051879,-89.95322299999999,ChIJtbdkhjqGf4gRndtG1KtFnTA,OK,125993,471570110201024
2110.709,35.051879,-89.95322299999999,ChIJtbdkhjqGf4gRndtG1KtFnTA,OK,125993,471570110201024
2186.14,35.02138900000001,-89.996898,ChIJz3MQkR6If4gRIBgmNH-BQcg,OK,93423,471570220241014
2186.14,35.02138900000001,-89.996898,ChIJz3MQkR6If4gRIBgmNH-BQcg,OK,93423,471570220241014
6535.214,35.054745,-90.007971,ChIJXxyyQlt91YcRhldtWgjSnSE,OK,351556,471570220241014
1928.376,35.0614623,-89.8536277,ChIJ4TWJkTWFf4gRbkNZYfkF9Jw,OK,127054,471570217251005
1928.376,35.0614623,-89.8536277,ChIJ4TWJkTWFf4gRbkNZYfkF9Jw,OK,127054,471570217251005
2013.148,35.0512763,-89.8427476,ChIJ7VPJ3q-af4gRdxERIyaZ0gk,OK,133242,471570217251005
797.729,35.2072684,-89.7827147,ChIJKdJ2xvqdf4gRKLRUePlbOOs,OK,101974,471570211132039
797.729,35.2072684,-89.7827147,ChIJKdJ2xvqdf4gRKLRUePlbOOs,OK,101974,471570211132039
1669.83,35.2051043,-89.79754849999999,ChIJpRDMlY2df4gRQqHmUo_lzmc,OK,118380,471570211132039
2336.721,35.16339899999999,-89.855841,ChIJA_xfkC6Df4gRAjVZwLz1jqA,OK,162540,471570211113008
2336.721,35.16339899999999,-89.855841,ChIJA_xfkC6Df4gRAjVZwLz1jqA,OK,162540,471570211113008
2410.104,35.1623785,-89.8566175,ChIJXQHWWS6Df4gRqhH5EQ9H1j0,OK,171399,471570211113008
1463.238,35.16339899999999,-89.855841,ChIJA_xfkC6Df4gRAjVZwLz1jqA,OK,96757,471570211113029
1463.238,35.16339899999999,-89.855841,ChIJA_xfkC6Df4gRAjVZwLz1jqA,OK,96757,471570211113029
1531.593,35.164068,-89.8770782,ChIJpUMbExuDf4gRyW4QpPURe54,OK,99604,471570211113029
2505.386,35.0493563,-89.83813929999999,ChIJjRQNzqSaf4gRxmNqB0YAYGM,OK,130826,471570217241021
2505.386,35.0493563,-89.83813929999999,ChIJjRQNzqSaf4gRxmNqB0YAYGM,OK,130826,471570217241021
2827.151,35.049031,-89.841437,ChIJt6vl46-af4gRvoN8Yvkmx9A,OK,153668,471570217241021
928.281,35.0461089,-89.7947008,ChIJaZI6O3Oaf4gRqa_eh0DNj_s,OK,66028,471570213423080
928.281,35.0461089,-89.7947008,ChIJaZI6O3Oaf4gRqa_eh0DNj_s,OK,66028,471570213423080
1046.286,35.045091,-89.795412,ChIJVelsQnOaf4gRECqTW7fq-dY,OK,72563,471570213423080
2788.123,35.1546312,-89.79260459999999,ChIJ8UeuSEecf4gRniit7ubZLtM,OK,204471,471570211374027
2788.123,35.1546312,-89.79260459999999,ChIJ8UeuSEecf4gRniit7ubZLtM,OK,204471,471570211374027
2571.184,35.14868459999999,-89.7948203,ChIJ4w9Lr2qcf4gRHdzl9FciAFM,OK,211522,471570211374027
1217.454,35.2045576,-89.81176689999999,ChIJ8ROix4Kdf4gR4Su-1OwAUMo,OK,69671,471570211122000
1217.454,35.2045576,-89.81176689999999,ChIJ8ROix4Kdf4gR4Su-1OwAUMo,OK,69671,471570211122000
2273.962,35.2051043,-89.79754849999999,ChIJpRDMlY2df4gRQqHmUo_lzmc,OK,127090,471570211122000
2687.584,35.05407199999999,-90.00125899999999,ChIJIzdhk1h91YcRZT7cBcBslaM,OK,148839,471570225001114
1157.779,35.054745,-90.007971,ChIJXxyyQlt91YcRhldtWgjSnSE,OK,93456,471570220232005
1157.779,35.054745,-90.007971,ChIJXxyyQlt91YcRhldtWgjSnSE,OK,93456,471570220232005
1723.131,35.05407199999999,-90.00125899999999,ChIJIzdhk1h91YcRZT7cBcBslaM,OK,116889,471570220232005
2272.996,35.054745,-90.007971,ChIJXxyyQlt91YcRhldtWgjSnSE,OK,162715,471570225001044
2272.996,35.054745,-90.007971,ChIJXxyyQlt91YcRhldtWgjSnSE,OK,162715,471570225001044
2704.844,35.05407199999999,-90.00125899999999,ChIJIzdhk1h91YcRZT7cBcBslaM,OK,178754,471570225001044
3081.69,35.054745,-90.007971,ChIJXxyyQlt91YcRhldtWgjSnSE,OK,176980,471570225001064
3081.69,35.054745,-90.007971,ChIJXxyyQlt91YcRhldtWgjSnSE,OK,176980,471570225001064
3511.882,35.05407199999999,-90.00125899999999,ChIJIzdhk1h91YcRZT7cBcBslaM,OK,196664,471570225001064
2256.374,35.054745,-90.007971,ChIJXxyyQlt91YcRhldtWgjSnSE,OK,134946,471570225001065
2256.374,35.054745,-90.007971,ChIJXxyyQlt91YcRhldtWgjSnSE,OK,134946,471570225001065
2688.222,35.05407199999999,-90.00125899999999,ChIJIzdhk1h91YcRZT7cBcBslaM,OK,150985,471570225001065
6130.473,35.054745,-90.007971,ChIJXxyyQlt91YcRhldtWgjSnSE,OK,322371,471570225001066
6130.473,35.054745,-90.007971,ChIJXxyyQlt91YcRhldtWgjSnSE,OK,322371,471570225001066
6562.321,35.05407199999999,-90.00125899999999,ChIJIzdhk1h91YcRZT7cBcBslaM,OK,338410,471570225001066
1852.478,35.054745,-90.007971,ChIJXxyyQlt91YcRhldtWgjSnSE,OK,114205,471570225001060
1852.478,35.054745,-90.007971,ChIJXxyyQlt91YcRhldtWgjSnSE,OK,114205,471570225001060
2284.326,35.05407199999999,-90.00125899999999,ChIJIzdhk1h91YcRZT7cBcBslaM,OK,130244,471570225001060
6382.817,35.054745,-90.007971,ChIJXxyyQlt91YcRhldtWgjSnSE,OK,333898,471570220233001
6382.817,35.054745,-90.007971,ChIJXxyyQlt91YcRhldtWgjSnSE,OK,333898,471570220233001
6814.665,35.05407199999999,-90.00125899999999,ChIJIzdhk1h91YcRZT7cBcBslaM,OK,349937,471570220233001
2496.257,35.054745,-90.007971,ChIJXxyyQlt91YcRhldtWgjSnSE,OK,159075,471570220233009
2496.257,35.054745,-90.007971,ChIJXxyyQlt91YcRhldtWgjSnSE,OK,159075,471570220233009
3061.609,35.05407199999999,-90.00125899999999,ChIJIzdhk1h91YcRZT7cBcBslaM,OK,182508,471570220233009
3700.152,35.086634,-89.96355199999999,ChIJW0XU3AGHf4gRINnmxvx9m5A,OK,228986,471579801001026
4174.694,35.0904795,-89.96597299999999,ChIJHfaNmAOHf4gR1d8V2K9rfSU,OK,255267,471579801001026
1292.335,35.1497164,-89.95515999999999,ChIJcQb6ehiBf4gR-uA54eRPNq8,OK,98524,471570014001027
1292.335,35.1497164,-89.95515999999999,ChIJcQb6ehiBf4gR-uA54eRPNq8,OK,98524,471570014001027
1423.222,35.1507888,-89.977317,ChIJdVWrOuqAf4gR-V7s1E3qo7g,OK,104149,471570014001027
1866.646,35.2023757,-89.9218691,ChIJvw7rwByCf4gRrAscHKjp1Iw,OK,136623,471570205121004
1866.646,35.2023757,-89.9218691,ChIJvw7rwByCf4gRrAscHKjp1Iw,OK,136623,471570205121004
3982.127,35.183951,-89.93106899999999,ChIJWQ0EIo-Bf4gR6cuqlCcQuNw,OK,253108,471570205121004
240.917,35.14981359999999,-89.94918609999999,ChIJVdGBGRaBf4gRsi89Rzqn8W4,OK,15876,471570028001007
240.917,35.14981359999999,-89.94918609999999,ChIJVdGBGRaBf4gRsi89Rzqn8W4,OK,15876,471570028001007
685.72,35.1497164,-89.95515999999999,ChIJcQb6ehiBf4gR-uA54eRPNq8,OK,43370,471570028001007
1840.535,35.14859919999999,-89.91828060000002,ChIJRflgf-eDf4gRHX_XNYKER-s,OK,137869,471570087001003
1840.535,35.14859919999999,-89.91828060000002,ChIJRflgf-eDf4gRHX_XNYKER-s,OK,137869,471570087001003
3101.725,35.1804299,-89.9263818,ChIJIfvtv4eBf4gRJLjVGBpAzmc,OK,195416,471570087001003
1821.927,35.109859,-89.99141100000001,ChIJs6JbpFyHf4gR9O01gG0a7fQ,OK,140386,471570065002009
1821.927,35.109859,-89.99141100000001,ChIJs6JbpFyHf4gR9O01gG0a7fQ,OK,140386,471570065002009
2623.987,35.107529,-89.9862127,ChIJ0WGfSUKHf4gRjDLrfGQwCV4,OK,191267,471570065002009
6109.022,35.0854368,-89.89541919999999,ChIJf5cc-VKEf4gRF-lYLgijYQQ,OK,335157,471570213113022
5289.557,35.1153996,-89.89414069999999,ChIJCb4NOWWEf4gR79YlPQoocW4,OK,336811,471570213113022
5289.557,35.1153996,-89.89414069999999,ChIJCb4NOWWEf4gR79YlPQoocW4,OK,336811,471570213113022
345.616,35.0493563,-89.83813929999999,ChIJjRQNzqSaf4gRxmNqB0YAYGM,OK,35645,471570217242011
345.616,35.0493563,-89.83813929999999,ChIJjRQNzqSaf4gRxmNqB0YAYGM,OK,35645,471570217242011
667.381,35.049031,-89.841437,ChIJt6vl46-af4gRvoN8Yvkmx9A,OK,58487,471570217242011
3632.707,35.1546312,-89.79260459999999,ChIJ8UeuSEecf4gRniit7ubZLtM,OK,245313,471570211262005
3632.707,35.1546312,-89.79260459999999,ChIJ8UeuSEecf4gRniit7ubZLtM,OK,245313,471570211262005
4012.594,35.14868459999999,-89.7948203,ChIJ4w9Lr2qcf4gRHdzl9FciAFM,OK,264813,471570211262005
2041.966,35.0333519,-90.02557630000001,ChIJK8z8Ksxi1YcRt8pxxgP2SA4,OK,127198,471570220242003
2042.06,35.033351,-90.02556199999999,ChIJY7ePKsxi1YcRIP55gZFchMw,OK,127203,471570220242003
2042.06,35.033351,-90.02556199999999,ChIJY7ePKsxi1YcRIP55gZFchMw,OK,127203,471570220242003
1400.663,35.05905920000001,-89.9340455,ChIJM89Mbw2Gf4gRFqf4fPnKU7k,OK,88164,471570110201002
1400.663,35.05905920000001,-89.9340455,ChIJM89Mbw2Gf4gRFqf4fPnKU7k,OK,88164,471570110201002
1613.672,35.0515544,-89.92255089999999,ChIJG_UFGuOFf4gRyHNDzwp5is0,OK,101894,471570110201002
628.98,35.05407199999999,-90.00125899999999,ChIJIzdhk1h91YcRZT7cBcBslaM,OK,71772,471570220223020
628.98,35.05407199999999,-90.00125899999999,ChIJIzdhk1h91YcRZT7cBcBslaM,OK,71772,471570220223020
1041.947,35.054745,-90.007971,ChIJXxyyQlt91YcRhldtWgjSnSE,OK,107096,471570220223020
1295.832,35.0461089,-89.7947008,ChIJaZI6O3Oaf4gRqa_eh0DNj_s,OK,73020,471570215101013
1295.832,35.0461089,-89.7947008,ChIJaZI6O3Oaf4gRqa_eh0DNj_s,OK,73020,471570215101013
1413.837,35.045091,-89.795412,ChIJVelsQnOaf4gRECqTW7fq-dY,OK,79555,471570215101013
1208.019,35.0461089,-89.7947008,ChIJaZI6O3Oaf4gRqa_eh0DNj_s,OK,99597,471570213423076
1208.019,35.0461089,-89.7947008,ChIJaZI6O3Oaf4gRqa_eh0DNj_s,OK,99597,471570213423076
1326.025,35.045091,-89.795412,ChIJVelsQnOaf4gRECqTW7fq-dY,OK,106132,471570213423076
652.544,35.0515568,-89.90630259999999,ChIJrU8jyZKFf4gRubg1AIyELWY,OK,44350,471570226001058
652.544,35.0515568,-89.90630259999999,ChIJrU8jyZKFf4gRubg1AIyELWY,OK,44350,471570226001058
1744.425,35.0515544,-89.92255089999999,ChIJG_UFGuOFf4gRyHNDzwp5is0,OK,97932,471570226001058
4123.872,35.0543926,-90.0597009,ChIJT5TzUbl81YcRiPqNjkbj9CA,OK,262730,471570223105004
4774.407,35.0326981,-90.07589809999999,ChIJ9S1ljalk1YcRvuG-_hbpimA,OK,300412,471570223105004
4774.407,35.0326981,-90.07589809999999,ChIJ9S1ljalk1YcRvuG-_hbpimA,OK,300412,471570223105004
3565.338,35.05113000000001,-89.815021,ChIJAdLMX4iaf4gRUenKpoiyrBc,OK,193300,471570213421051
3565.338,35.05113000000001,-89.815021,ChIJAdLMX4iaf4gRUenKpoiyrBc,OK,193300,471570213421051
3739.259,35.048632,-89.814048,ChIJqY7T64eaf4gRoqZRK7sz4Co,OK,205720,471570213421051
261.688,35.0493563,-89.83813929999999,ChIJjRQNzqSaf4gRxmNqB0YAYGM,OK,25574,471570217242013
261.688,35.0493563,-89.83813929999999,ChIJjRQNzqSaf4gRxmNqB0YAYGM,OK,25574,471570217242013
583.454,35.049031,-89.841437,ChIJt6vl46-af4gRvoN8Yvkmx9A,OK,48416,471570217242013
3049.972,35.2064292,-89.73436359999999,ChIJP6qgZdGff4gRQoIww3TX5kM,OK,270250,471570208202075
3049.972,35.2064292,-89.73436359999999,ChIJP6qgZdGff4gRQoIww3TX5kM,OK,270250,471570208202075
5711.876,35.2044739,-89.76342459999999,ChIJ3XsJxyKef4gRTeWb3lonWsU,OK,398428,471570208202075
1737.776,35.2064292,-89.73436359999999,ChIJP6qgZdGff4gRQoIww3TX5kM,OK,78197,471570208202086
1737.776,35.2064292,-89.73436359999999,ChIJP6qgZdGff4gRQoIww3TX5kM,OK,78197,471570208202086
4399.68,35.2044739,-89.76342459999999,ChIJ3XsJxyKef4gRTeWb3lonWsU,OK,206375,471570208202086
970.508,35.2064292,-89.73436359999999,ChIJP6qgZdGff4gRQoIww3TX5kM,OK,64764,471570210101136
970.508,35.2064292,-89.73436359999999,ChIJP6qgZdGff4gRQoIww3TX5kM,OK,64764,471570210101136
3632.412,35.2044739,-89.76342459999999,ChIJ3XsJxyKef4gRTeWb3lonWsU,OK,192942,471570210101136
2113.151,35.2064292,-89.73436359999999,ChIJP6qgZdGff4gRQoIww3TX5kM,OK,133230,471570210102059
2113.151,35.2064292,-89.73436359999999,ChIJP6qgZdGff4gRQoIww3TX5kM,OK,133230,471570210102059
4775.055,35.2044739,-89.76342459999999,ChIJ3XsJxyKef4gRTeWb3lonWsU,OK,261408,471570210102059
5944.467,35.2064292,-89.73436359999999,ChIJP6qgZdGff4gRQoIww3TX5kM,OK,289875,471570210101004
5944.467,35.2064292,-89.73436359999999,ChIJP6qgZdGff4gRQoIww3TX5kM,OK,289875,471570210101004
8606.371,35.2044739,-89.76342459999999,ChIJ3XsJxyKef4gRTeWb3lonWsU,OK,418053,471570210101004
1881.785,35.02379430000001,-89.96377079999999,ChIJDVntamKIf4gRlF5S6rdAlgc,OK,144248,471579801001099
1881.785,35.02379430000001,-89.96377079999999,ChIJDVntamKIf4gRlF5S6rdAlgc,OK,144248,471579801001099
3349.987,35.051879,-89.95322299999999,ChIJtbdkhjqGf4gRndtG1KtFnTA,OK,227799,471579801001099
1196.867,35.051879,-89.95322299999999,ChIJtbdkhjqGf4gRndtG1KtFnTA,OK,71778,471579801001085
1196.867,35.051879,-89.95322299999999,ChIJtbdkhjqGf4gRndtG1KtFnTA,OK,71778,471579801001085
3217.717,35.02379430000001,-89.96377079999999,ChIJDVntamKIf4gRlF5S6rdAlgc,OK,204153,471579801001085
1291.295,35.0543926,-90.0597009,ChIJT5TzUbl81YcRiPqNjkbj9CA,OK,105077,471570222205010
971.146,35.061362,-90.05986399999999,ChIJL_Gh8ZV81YcRDlMHRKqR_IA,OK,116536,471570222205010
971.146,35.061362,-90.05986399999999,ChIJL_Gh8ZV81YcRDlMHRKqR_IA,OK,116536,471570222205010
1000.96,35.0543926,-90.0597009,ChIJT5TzUbl81YcRiPqNjkbj9CA,OK,83210,471570222205008
911.837,35.06128,-90.05978399999999,ChIJm06f8ZV81YcRTjzAsJPcBKY,OK,95474,471570222205008
911.837,35.06128,-90.05978399999999,ChIJm06f8ZV81YcRTjzAsJPcBKY,OK,95474,471570222205008
1346.853,35.0745932,-89.9204618,ChIJPX58KNGFf4gRLgBWAHPwusk,OK,113569,471570106104016
1346.853,35.0745932,-89.9204618,ChIJPX58KNGFf4gRLgBWAHPwusk,OK,113569,471570106104016
1847.919,35.062945,-89.90568519999999,ChIJjxj9mL-Ff4gRoOEx9OzDyxs,OK,145421,471570106104016
1367.991,35.062945,-89.90568519999999,ChIJjxj9mL-Ff4gRoOEx9OzDyxs,OK,95427,471570106302008
1367.991,35.062945,-89.90568519999999,ChIJjxj9mL-Ff4gRoOEx9OzDyxs,OK,95427,471570106302008
1112.374,35.063996,-89.90690699999999,ChIJn51vcb-Ff4gRvoXU4r8swrw,OK,102620,471570106302008
1482.335,35.062945,-89.90568519999999,ChIJjxj9mL-Ff4gRoOEx9OzDyxs,OK,101552,471570106302002
1226.719,35.063996,-89.90690699999999,ChIJn51vcb-Ff4gRvoXU4r8swrw,OK,108745,471570106302002
1226.719,35.063996,-89.90690699999999,ChIJn51vcb-Ff4gRvoXU4r8swrw,OK,108745,471570106302002
2272.107,35.14981359999999,-89.94918609999999,ChIJVdGBGRaBf4gRsi89Rzqn8W4,OK,167671,471570030002005
2272.107,35.14981359999999,-89.94918609999999,ChIJVdGBGRaBf4gRsi89Rzqn8W4,OK,167671,471570030002005
2416.965,35.1497164,-89.95515999999999,ChIJcQb6ehiBf4gR-uA54eRPNq8,OK,178590,471570030002005
2025.324,35.1161637,-89.9446263,ChIJ-ZiED8iGf4gR32IlfgDBKWY,OK,133989,471570030003004
2025.324,35.1161637,-89.9446263,ChIJ-ZiED8iGf4gR32IlfgDBKWY,OK,133989,471570030003004
2570.051,35.14981359999999,-89.94918609999999,ChIJVdGBGRaBf4gRsi89Rzqn8W4,OK,160598,471570030003004
2201.767,35.1161637,-89.9446263,ChIJ-ZiED8iGf4gR32IlfgDBKWY,OK,142666,471570030003016
2201.767,35.1161637,-89.9446263,ChIJ-ZiED8iGf4gR32IlfgDBKWY,OK,142666,471570030003016
2340.787,35.14981359999999,-89.94918609999999,ChIJVdGBGRaBf4gRsi89Rzqn8W4,OK,144722,471570030003016
1994.42,35.0543926,-90.0597009,ChIJT5TzUbl81YcRiPqNjkbj9CA,OK,137491,471570223102009
2575.776,35.06128,-90.05978399999999,ChIJm06f8ZV81YcRTjzAsJPcBKY,OK,169688,471570223102009
1899.615,35.0543926,-90.0597009,ChIJT5TzUbl81YcRiPqNjkbj9CA,OK,118318,471570223102007
1899.615,35.0543926,-90.0597009,ChIJT5TzUbl81YcRiPqNjkbj9CA,OK,118318,471570223102007
2480.971,35.06128,-90.05978399999999,ChIJm06f8ZV81YcRTjzAsJPcBKY,OK,150515,471570223102007
2010.874,35.098685,-90.05664899999999,ChIJ31qwBkJ81YcRk2V5pdmdhrM,OK,118024,471570053001000
2010.874,35.098685,-90.05664899999999,ChIJ31qwBkJ81YcRk2V5pdmdhrM,OK,118024,471570053001000
2399.867,35.095133,-90.05542799999999,ChIJATnUo0J81YcRpbAuNwXeqRw,OK,139568,471570053001000
2225.984,35.095133,-90.05542799999999,ChIJATnUo0J81YcRpbAuNwXeqRw,OK,182388,471570053002022
2387.387,35.098685,-90.05664899999999,ChIJ31qwBkJ81YcRk2V5pdmdhrM,OK,191327,471570053002022
2387.387,35.098685,-90.05664899999999,ChIJ31qwBkJ81YcRk2V5pdmdhrM,OK,191327,471570053002022
1083.157,35.1546312,-89.79260459999999,ChIJ8UeuSEecf4gRniit7ubZLtM,OK,83941,471570211353040
1083.157,35.1546312,-89.79260459999999,ChIJ8UeuSEecf4gRniit7ubZLtM,OK,83941,471570211353040
2030.619,35.14868459999999,-89.7948203,ChIJ4w9Lr2qcf4gRHdzl9FciAFM,OK,137493,471570211353040
3501.872,35.14868459999999,-89.7948203,ChIJ4w9Lr2qcf4gRHdzl9FciAFM,OK,260418,471570211402030
3501.872,35.14868459999999,-89.7948203,ChIJ4w9Lr2qcf4gRHdzl9FciAFM,OK,260418,471570211402030
4268.034,35.1546312,-89.79260459999999,ChIJ8UeuSEecf4gRniit7ubZLtM,OK,281117,471570211402030
3137.566,35.021384,-90.019407,ChIJk8DCu8Bi1YcRUnUQCgCMr-E,OK,237368,471570221121012
1040.982,35.02138900000001,-89.996898,ChIJz3MQkR6If4gRIBgmNH-BQcg,OK,123009,471570221122010
1040.982,35.02138900000001,-89.996898,ChIJz3MQkR6If4gRIBgmNH-BQcg,OK,123009,471570221122010
2781.336,35.021381,-90.020287,ChIJnVfwxMBi1YcR65EtGsZDcOY,OK,219975,471570221122010
833.843,35.02138900000001,-89.996898,ChIJz3MQkR6If4gRIBgmNH-BQcg,OK,98151,471570221122011
833.843,35.02138900000001,-89.996898,ChIJz3MQkR6If4gRIBgmNH-BQcg,OK,98151,471570221122011
2969.135,35.021384,-90.019407,ChIJk8DCu8Bi1YcRUnUQCgCMr-E,OK,217155,471570221122011
7531.972,35.095133,-90.05542799999999,ChIJATnUo0J81YcRpbAuNwXeqRw,OK,398230,471570055003044
1257.755,35.093591,-90.056624,ChIJgyVl92d81YcRhuRHHckl8Y4,OK,82294,471570055003036
1257.755,35.093591,-90.056624,ChIJgyVl92d81YcRhuRHHckl8Y4,OK,82294,471570055003036
1437.592,35.095133,-90.05542799999999,ChIJATnUo0J81YcRpbAuNwXeqRw,OK,92254,471570055003036
1400.296,35.095133,-90.05542799999999,ChIJATnUo0J81YcRpbAuNwXeqRw,OK,142922,471570056003003
1400.296,35.095133,-90.05542799999999,ChIJATnUo0J81YcRpbAuNwXeqRw,OK,142922,471570056003003
1561.699,35.098685,-90.05664899999999,ChIJ31qwBkJ81YcRk2V5pdmdhrM,OK,151861,471570056003003
4123.607,35.1145886,-89.90089789999999,ChIJKWmlFW6Ef4gR0YNISWQMkss,OK,290691,471570096001008
630.351,35.104197,-89.98335349999999,ChIJNST6hGqHf4gR0Mml4gyjQWk,OK,52430,471570069002001
630.351,35.104197,-89.98335349999999,ChIJNST6hGqHf4gR0Mml4gyjQWk,OK,52430,471570069002001
1221.868,35.107529,-89.9862127,ChIJ0WGfSUKHf4gRjDLrfGQwCV4,OK,90049,471570069002001
1467.626,35.062945,-89.90568519999999,ChIJjxj9mL-Ff4gRoOEx9OzDyxs,OK,107383,471570106302003
1467.626,35.062945,-89.90568519999999,ChIJjxj9mL-Ff4gRoOEx9OzDyxs,OK,107383,471570106302003
1212.01,35.063996,-89.90690699999999,ChIJn51vcb-Ff4gRvoXU4r8swrw,OK,114576,471570106302003
1819.657,35.223866,-89.90499,ChIJJRXCRJh4f4gRcTFbl9qZzNM,OK,193522,471570205323027
1819.657,35.223866,-89.90499,ChIJJRXCRJh4f4gRcTFbl9qZzNM,OK,193522,471570205323027
2829.4,35.2158947,-89.9151158,ChIJxetq6ad4f4gRD1K1cIBWUQ4,OK,200676,471570205323027
734.744,35.0612606,-89.88628629999999,ChIJAQ_I1gqFf4gRFrt5yQeAEps,OK,66996,471570107103020
734.744,35.0612606,-89.88628629999999,ChIJAQ_I1gqFf4gRFrt5yQeAEps,OK,66996,471570107103020
618.144,35.0632829,-89.88727279999999,ChIJvVoQ4QqFf4gRItXZGUDZ-Hc,OK,82423,471570107103020
584.594,35.104197,-89.98335349999999,ChIJNST6hGqHf4gR0Mml4gyjQWk,OK,46939,471570069002002
584.594,35.104197,-89.98335349999999,ChIJNST6hGqHf4gR0Mml4gyjQWk,OK,46939,471570069002002
284.581,35.1060329,-90.039159,ChIJ231bcjV81YcRQ1quDeYAd6M,OK,31918,471570059002028
615.952,35.16339899999999,-89.855841,ChIJA_xfkC6Df4gRAjVZwLz1jqA,OK,52526,471570212001003
1176.111,35.107529,-89.9862127,ChIJ0WGfSUKHf4gRjDLrfGQwCV4,OK,84558,471570069002002
284.581,35.1060329,-90.039159,ChIJ231bcjV81YcRQ1quDeYAd6M,OK,31918,471570059002028
615.952,35.16339899999999,-89.855841,ChIJA_xfkC6Df4gRAjVZwLz1jqA,OK,52526,471570212001003
689.335,35.1623785,-89.8566175,ChIJXQHWWS6Df4gRqhH5EQ9H1j0,OK,61385,471570212001003
2036.659,35.1087458,-90.0211918,ChIJe6w2EsF91YcRquzVZc8M0-I,OK,126829,471570059002028
3058.687,35.1546312,-89.79260459999999,ChIJ8UeuSEecf4gRniit7ubZLtM,OK,225286,471570211353017
3058.687,35.1546312,-89.79260459999999,ChIJ8UeuSEecf4gRniit7ubZLtM,OK,225286,471570211353017
943.398,35.2044739,-89.76342459999999,ChIJ3XsJxyKef4gRTeWb3lonWsU,OK,66915,471570211421053
4006.149,35.14868459999999,-89.7948203,ChIJ4w9Lr2qcf4gRHdzl9FciAFM,OK,278838,471570211353017
943.398,35.2044739,-89.76342459999999,ChIJ3XsJxyKef4gRTeWb3lonWsU,OK,66915,471570211421053
2633.813,35.2074362,-89.7805166,ChIJ62ATRfudf4gRPIrPAXGVsiQ,OK,198401,471570211421053
1686.41,35.0971,-89.9305344,ChIJRd53mZuGf4gRp0fETcD5Y3I,OK,101178,471570118004017
1686.41,35.0971,-89.9305344,ChIJRd53mZuGf4gRp0fETcD5Y3I,OK,101178,471570118004017
1880.342,35.0960067,-89.93138279999999,ChIJFfDYDZuGf4gR5IbqhV7MTAo,OK,115147,471570118004017
58.549,35.14981359999999,-89.94918609999999,ChIJVdGBGRaBf4gRsi89Rzqn8W4,OK,3512,471570028001001
58.549,35.14981359999999,-89.94918609999999,ChIJVdGBGRaBf4gRsi89Rzqn8W4,OK,3512,471570028001001
492.655,35.1497164,-89.95515999999999,ChIJcQb6ehiBf4gR-uA54eRPNq8,OK,31786,471570028001001
1425.173,35.0543926,-90.0597009,ChIJT5TzUbl81YcRiPqNjkbj9CA,OK,108564,471570223102010
1425.173,35.0543926,-90.0597009,ChIJT5TzUbl81YcRiPqNjkbj9CA,OK,108564,471570223102010
2006.528,35.06128,-90.05978399999999,ChIJm06f8ZV81YcRTjzAsJPcBKY,OK,140761,471570223102010
2471.91,35.1145886,-89.90089789999999,ChIJKWmlFW6Ef4gR0YNISWQMkss,OK,191862,471570096004016
2471.91,35.1145886,-89.90089789999999,ChIJKWmlFW6Ef4gR0YNISWQMkss,OK,191862,471570096004016
2038.097,35.1153996,-89.89414069999999,ChIJCb4NOWWEf4gR79YlPQoocW4,OK,192162,471570096004016
2350.099,35.093591,-90.056624,ChIJgyVl92d81YcRhuRHHckl8Y4,OK,148385,471570056003010
2060.211,35.1490317,-90.0140679,ChIJw3q9_xV-1YcRqrte6yBn1CI,OK,130751,471570017001019
2350.099,35.093591,-90.056624,ChIJgyVl92d81YcRhuRHHckl8Y4,OK,148385,471570056003010
2060.211,35.1490317,-90.0140679,ChIJw3q9_xV-1YcRqrte6yBn1CI,OK,130751,471570017001019
2529.936,35.095133,-90.05542799999999,ChIJATnUo0J81YcRpbAuNwXeqRw,OK,158345,471570056003010
2223.772,35.142439,-90.006118,ChIJeUPo2Rt-1YcRdoG2a54M-d0,OK,186610,471570017001019
632.892,35.14981359999999,-89.94918609999999,ChIJVdGBGRaBf4gRsi89Rzqn8W4,OK,36816,471570028001008
632.892,35.14981359999999,-89.94918609999999,ChIJVdGBGRaBf4gRsi89Rzqn8W4,OK,36816,471570028001008
1184.095,35.1497164,-89.95515999999999,ChIJcQb6ehiBf4gR-uA54eRPNq8,OK,72116,471570028001008
1013.426,35.0971,-89.9305344,ChIJRd53mZuGf4gRp0fETcD5Y3I,OK,70831,471570118001000
1013.426,35.0971,-89.9305344,ChIJRd53mZuGf4gRp0fETcD5Y3I,OK,70831,471570118001000
1207.357,35.0960067,-89.93138279999999,ChIJFfDYDZuGf4gR5IbqhV7MTAo,OK,84800,471570118001000
1333.29,35.1490317,-90.0140679,ChIJw3q9_xV-1YcRqrte6yBn1CI,OK,87126,471570112002011
1333.29,35.1490317,-90.0140679,ChIJw3q9_xV-1YcRqrte6yBn1CI,OK,87126,471570112002011
2055.527,35.1444038,-90.0168571,ChIJufYEjhR-1YcREff46W6Lons,OK,134479,471570112002011
1607.65,35.0543926,-90.0597009,ChIJT5TzUbl81YcRiPqNjkbj9CA,OK,116536,471570223102011
1607.65,35.0543926,-90.0597009,ChIJT5TzUbl81YcRiPqNjkbj9CA,OK,116536,471570223102011
2189.006,35.06128,-90.05978399999999,ChIJm06f8ZV81YcRTjzAsJPcBKY,OK,148733,471570223102011
1280.31,35.0878609,-89.931612,ChIJ78kLm4aGf4gRhPZ5eF_7ojg,OK,88474,471570118003005
1280.31,35.0878609,-89.931612,ChIJ78kLm4aGf4gRhPZ5eF_7ojg,OK,88474,471570118003005
1875.533,35.093158,-89.93038,ChIJU1HLuoSGf4gRK5KIVLXtvbU,OK,125666,471570118003005
1468.892,35.062945,-89.90568519999999,ChIJjxj9mL-Ff4gRoOEx9OzDyxs,OK,107535,471570106302004
1468.892,35.062945,-89.90568519999999,ChIJjxj9mL-Ff4gRoOEx9OzDyxs,OK,107535,471570106302004
1213.276,35.063996,-89.90690699999999,ChIJn51vcb-Ff4gRvoXU4r8swrw,OK,114728,471570106302004
460.664,35.0515544,-89.92255089999999,ChIJG_UFGuOFf4gRyHNDzwp5is0,OK,29767,471570226001033
460.664,35.0515544,-89.92255089999999,ChIJG_UFGuOFf4gRyHNDzwp5is0,OK,29767,471570226001033
1636.424,35.05905920000001,-89.9340455,ChIJM89Mbw2Gf4gRFqf4fPnKU7k,OK,85942,471570226001033
225.172,35.1060329,-90.039159,ChIJ231bcjV81YcRQ1quDeYAd6M,OK,21520,471570059002024
225.172,35.1060329,-90.039159,ChIJ231bcjV81YcRQ1quDeYAd6M,OK,21520,471570059002024
2051.591,35.1087458,-90.0211918,ChIJe6w2EsF91YcRquzVZc8M0-I,OK,120891,471570059002024
410.614,35.109859,-89.99141100000001,ChIJs6JbpFyHf4gR9O01gG0a7fQ,OK,22739,471570068002010
410.614,35.109859,-89.99141100000001,ChIJs6JbpFyHf4gR9O01gG0a7fQ,OK,22739,471570068002010
573.096,35.104197,-89.98335349999999,ChIJNST6hGqHf4gR0Mml4gyjQWk,OK,31737,471570068002010
138.89,35.1060329,-90.039159,ChIJ231bcjV81YcRQ1quDeYAd6M,OK,16343,471570059002026
138.89,35.1060329,-90.039159,ChIJ231bcjV81YcRQ1quDeYAd6M,OK,16343,471570059002026
1954.579,35.1087458,-90.0211918,ChIJe6w2EsF91YcRquzVZc8M0-I,OK,115071,471570059002026
0,35.107529,-89.9862127,ChIJ0WGfSUKHf4gRjDLrfGQwCV4,OK,0,471570068002008
0,35.107529,-89.9862127,ChIJ0WGfSUKHf4gRjDLrfGQwCV4,OK,0,471570068002008
591.518,35.104197,-89.98335349999999,ChIJNST6hGqHf4gR0Mml4gyjQWk,OK,37619,471570068002008
2912.537,35.1145886,-89.90089789999999,ChIJKWmlFW6Ef4gR0YNISWQMkss,OK,222838,471570096001032
2912.537,35.1145886,-89.90089789999999,ChIJKWmlFW6Ef4gR0YNISWQMkss,OK,222838,471570096001032
2882.571,35.1153996,-89.89414069999999,ChIJCb4NOWWEf4gR79YlPQoocW4,OK,228211,471570096001032
375.48,35.1060329,-90.039159,ChIJ231bcjV81YcRQ1quDeYAd6M,OK,31884,471570059002033
375.48,35.1060329,-90.039159,ChIJ231bcjV81YcRQ1quDeYAd6M,OK,31884,471570059002033
1773.989,35.1087458,-90.0211918,ChIJe6w2EsF91YcRquzVZc8M0-I,OK,108725,471570059002033
230.863,35.1060329,-90.039159,ChIJ231bcjV81YcRQ1quDeYAd6M,OK,21861,471570059002036
230.863,35.1060329,-90.039159,ChIJ231bcjV81YcRQ1quDeYAd6M,OK,21861,471570059002036
1862.607,35.1087458,-90.0211918,ChIJe6w2EsF91YcRquzVZc8M0-I,OK,109554,471570059002036
1034.143,35.109859,-89.99141100000001,ChIJs6JbpFyHf4gR9O01gG0a7fQ,OK,74472,471570065002002
1034.143,35.109859,-89.99141100000001,ChIJs6JbpFyHf4gR9O01gG0a7fQ,OK,74472,471570065002002
1836.203,35.107529,-89.9862127,ChIJ0WGfSUKHf4gRjDLrfGQwCV4,OK,125353,471570065002002
2802.446,35.1145886,-89.90089789999999,ChIJKWmlFW6Ef4gR0YNISWQMkss,OK,203022,471570096001047
2802.446,35.1145886,-89.90089789999999,ChIJKWmlFW6Ef4gR0YNISWQMkss,OK,203022,471570096001047
2772.48,35.1153996,-89.89414069999999,ChIJCb4NOWWEf4gR79YlPQoocW4,OK,208395,471570096001047
968.879,35.1087458,-90.0211918,ChIJe6w2EsF91YcRquzVZc8M0-I,OK,71072,471570115004020
968.879,35.1087458,-90.0211918,ChIJe6w2EsF91YcRquzVZc8M0-I,OK,71072,471570115004020
969.52,35.10874099999999,-90.021185,ChIJrVbiDcF91YcRG9TBOTpHc3I,OK,71149,471570115004020
2755.707,35.1145886,-89.90089789999999,ChIJKWmlFW6Ef4gR0YNISWQMkss,OK,194609,471570096001051
2755.707,35.1145886,-89.90089789999999,ChIJKWmlFW6Ef4gR0YNISWQMkss,OK,194609,471570096001051
2725.741,35.1153996,-89.89414069999999,ChIJCb4NOWWEf4gR79YlPQoocW4,OK,199982,471570096001051
1392.556,35.098685,-90.05664899999999,ChIJ31qwBkJ81YcRk2V5pdmdhrM,OK,78959,471570057001010
1392.556,35.098685,-90.05664899999999,ChIJ31qwBkJ81YcRk2V5pdmdhrM,OK,78959,471570057001010
1198.232,35.1060329,-90.039159,ChIJ231bcjV81YcRQ1quDeYAd6M,OK,79896,471570057001010
1271.267,35.098685,-90.05664899999999,ChIJ31qwBkJ81YcRk2V5pdmdhrM,OK,71682,471570057001013
1271.267,35.098685,-90.05664899999999,ChIJ31qwBkJ81YcRk2V5pdmdhrM,OK,71682,471570057001013
1319.522,35.1060329,-90.039159,ChIJ231bcjV81YcRQ1quDeYAd6M,OK,87172,471570057001013
2833.687,35.1145886,-89.90089789999999,ChIJKWmlFW6Ef4gR0YNISWQMkss,OK,208645,471570096001037
2833.687,35.1145886,-89.90089789999999,ChIJKWmlFW6Ef4gR0YNISWQMkss,OK,208645,471570096001037
2803.721,35.1153996,-89.89414069999999,ChIJCb4NOWWEf4gR79YlPQoocW4,OK,214018,471570096001037
2678.803,35.1145886,-89.90089789999999,ChIJKWmlFW6Ef4gR0YNISWQMkss,OK,180768,471570096001019
2678.803,35.1145886,-89.90089789999999,ChIJKWmlFW6Ef4gR0YNISWQMkss,OK,180768,471570096001019
2648.837,35.1153996,-89.89414069999999,ChIJCb4NOWWEf4gR79YlPQoocW4,OK,186141,471570096001019
2794.091,35.1145886,-89.90089789999999,ChIJKWmlFW6Ef4gR0YNISWQMkss,OK,201519,471570096001052
2794.091,35.1145886,-89.90089789999999,ChIJKWmlFW6Ef4gR0YNISWQMkss,OK,201519,471570096001052
2764.125,35.1153996,-89.89414069999999,ChIJCb4NOWWEf4gR79YlPQoocW4,OK,206892,471570096001052
6546.363,35.0854368,-89.89541919999999,ChIJf5cc-VKEf4gRF-lYLgijYQQ,OK,376562,471570213113011
5726.898,35.1153996,-89.89414069999999,ChIJCb4NOWWEf4gR79YlPQoocW4,OK,378216,471570213113011
5726.898,35.1153996,-89.89414069999999,ChIJCb4NOWWEf4gR79YlPQoocW4,OK,378216,471570213113011
1225.889,35.1087458,-90.0211918,ChIJe6w2EsF91YcRquzVZc8M0-I,OK,86422,471570060001027
1225.889,35.1087458,-90.0211918,ChIJe6w2EsF91YcRquzVZc8M0-I,OK,86422,471570060001027
1226.53,35.10874099999999,-90.021185,ChIJrVbiDcF91YcRG9TBOTpHc3I,OK,86499,471570060001027
2793.177,35.1145886,-89.90089789999999,ChIJKWmlFW6Ef4gR0YNISWQMkss,OK,201355,471570096001025
2793.177,35.1145886,-89.90089789999999,ChIJKWmlFW6Ef4gR0YNISWQMkss,OK,201355,471570096001025
2763.211,35.1153996,-89.89414069999999,ChIJCb4NOWWEf4gR79YlPQoocW4,OK,206728,471570096001025
2863.36,35.1145886,-89.90089789999999,ChIJKWmlFW6Ef4gR0YNISWQMkss,OK,213986,471570096001036
2863.36,35.1145886,-89.90089789999999,ChIJKWmlFW6Ef4gR0YNISWQMkss,OK,213986,471570096001036
2833.394,35.1153996,-89.89414069999999,ChIJCb4NOWWEf4gR79YlPQoocW4,OK,219359,471570096001036
2664.682,35.1145886,-89.90089789999999,ChIJKWmlFW6Ef4gR0YNISWQMkss,OK,178226,471570096001049
2664.682,35.1145886,-89.90089789999999,ChIJKWmlFW6Ef4gR0YNISWQMkss,OK,178226,471570096001049
2634.716,35.1153996,-89.89414069999999,ChIJCb4NOWWEf4gR79YlPQoocW4,OK,183599,471570096001049
778.821,35.1060329,-90.039159,ChIJ231bcjV81YcRQ1quDeYAd6M,OK,75481,471570057002031
778.821,35.1060329,-90.039159,ChIJ231bcjV81YcRQ1quDeYAd6M,OK,75481,471570057002031
1977.275,35.1087458,-90.0211918,ChIJe6w2EsF91YcRquzVZc8M0-I,OK,137920,471570057002031
1484.103,35.098685,-90.05664899999999,ChIJ31qwBkJ81YcRk2V5pdmdhrM,OK,86184,471570057001015
1484.103,35.098685,-90.05664899999999,ChIJ31qwBkJ81YcRk2V5pdmdhrM,OK,86184,471570057001015
521.556,35.0612606,-89.88628629999999,ChIJAQ_I1gqFf4gRFrt5yQeAEps,OK,31969,471570107103022
521.556,35.0612606,-89.88628629999999,ChIJAQ_I1gqFf4gRFrt5yQeAEps,OK,31969,471570107103022
404.955,35.0632829,-89.88727279999999,ChIJvVoQ4QqFf4gRItXZGUDZ-Hc,OK,47396,471570107103022
45.037,35.0632829,-89.88727279999999,ChIJvVoQ4QqFf4gRItXZGUDZ-Hc,OK,8106,471570107103018
45.037,35.0632829,-89.88727279999999,ChIJvVoQ4QqFf4gRItXZGUDZ-Hc,OK,8106,471570107103018
377.471,35.0612606,-89.88628629999999,ChIJAQ_I1gqFf4gRFrt5yQeAEps,OK,39119,471570107103018
1075.879,35.05018,-89.89110199999999,ChIJNUozxJyFf4gRrJ8tUHk1p2Q,OK,80419,471570108103010
1233.517,35.0612606,-89.88628629999999,ChIJAQ_I1gqFf4gRFrt5yQeAEps,OK,83776,471570108103010
1233.517,35.0612606,-89.88628629999999,ChIJAQ_I1gqFf4gRFrt5yQeAEps,OK,83776,471570108103010
791.205,35.0612606,-89.88628629999999,ChIJAQ_I1gqFf4gRFrt5yQeAEps,OK,52371,471570108101005
791.205,35.0612606,-89.88628629999999,ChIJAQ_I1gqFf4gRFrt5yQeAEps,OK,52371,471570108101005
814.657,35.0531879,-89.8855975,ChIJy5TuWnaFf4gRzUE1FqfjCIk,OK,57139,471570108101005
648.974,35.0612606,-89.88628629999999,ChIJAQ_I1gqFf4gRFrt5yQeAEps,OK,56704,471570107103021
648.974,35.0612606,-89.88628629999999,ChIJAQ_I1gqFf4gRFrt5yQeAEps,OK,56704,471570107103021
532.373,35.0632829,-89.88727279999999,ChIJvVoQ4QqFf4gRItXZGUDZ-Hc,OK,72131,471570107103021
1089.401,35.04677619999999,-89.8859339,ChIJycTJ_niFf4gR5esliSzp17E,OK,91309,471570217311005
1089.401,35.04677619999999,-89.8859339,ChIJycTJ_niFf4gR5esliSzp17E,OK,91309,471570217311005
1829.314,35.0531879,-89.8855975,ChIJy5TuWnaFf4gRzUE1FqfjCIk,OK,140640,471570217311005
3895.023,35.0614623,-89.8536277,ChIJ4TWJkTWFf4gRbkNZYfkF9Jw,OK,266031,471570213312010
3895.023,35.0614623,-89.8536277,ChIJ4TWJkTWFf4gRbkNZYfkF9Jw,OK,266031,471570213312010
4886.617,35.0612606,-89.88628629999999,ChIJAQ_I1gqFf4gRFrt5yQeAEps,OK,320645,471570213312010
694.483,35.0612606,-89.88628629999999,ChIJAQ_I1gqFf4gRFrt5yQeAEps,OK,49870,471570108101007
694.483,35.0612606,-89.88628629999999,ChIJAQ_I1gqFf4gRFrt5yQeAEps,OK,49870,471570108101007
717.935,35.0531879,-89.8855975,ChIJy5TuWnaFf4gRzUE1FqfjCIk,OK,54638,471570108101007
204.759,35.0531879,-89.8855975,ChIJy5TuWnaFf4gRzUE1FqfjCIk,OK,30111,471570108101009
204.759,35.0531879,-89.8855975,ChIJy5TuWnaFf4gRzUE1FqfjCIk,OK,30111,471570108101009
886.467,35.04677619999999,-89.8859339,ChIJycTJ_niFf4gR5esliSzp17E,OK,61303,471570108101009
303.713,35.0531879,-89.8855975,ChIJy5TuWnaFf4gRzUE1FqfjCIk,OK,23377,471570108101011
303.713,35.0531879,-89.8855975,ChIJy5TuWnaFf4gRzUE1FqfjCIk,OK,23377,471570108101011
644.201,35.0612606,-89.88628629999999,ChIJAQ_I1gqFf4gRFrt5yQeAEps,OK,38765,471570108101011
398.243,35.0612606,-89.88628629999999,ChIJAQ_I1gqFf4gRFrt5yQeAEps,OK,35140,471570108101002
398.243,35.0612606,-89.88628629999999,ChIJAQ_I1gqFf4gRFrt5yQeAEps,OK,35140,471570108101002
310.947,35.0632829,-89.88727279999999,ChIJvVoQ4QqFf4gRItXZGUDZ-Hc,OK,46486,471570108101002
376.416,35.0612606,-89.88628629999999,ChIJAQ_I1gqFf4gRFrt5yQeAEps,OK,35566,471570107203009
376.416,35.0612606,-89.88628629999999,ChIJAQ_I1gqFf4gRFrt5yQeAEps,OK,35566,471570107203009
501.02,35.0632829,-89.88727279999999,ChIJvVoQ4QqFf4gRItXZGUDZ-Hc,OK,64349,471570107203009
514.773,35.0612606,-89.88628629999999,ChIJAQ_I1gqFf4gRFrt5yQeAEps,OK,31593,471570107203004
514.773,35.0612606,-89.88628629999999,ChIJAQ_I1gqFf4gRFrt5yQeAEps,OK,31593,471570107203004
398.173,35.0632829,-89.88727279999999,ChIJvVoQ4QqFf4gRItXZGUDZ-Hc,OK,47020,471570107203004
924.562,35.0612606,-89.88628629999999,ChIJAQ_I1gqFf4gRFrt5yQeAEps,OK,62779,471570107201011
924.562,35.0612606,-89.88628629999999,ChIJAQ_I1gqFf4gRFrt5yQeAEps,OK,62779,471570107201011
1158.016,35.0632829,-89.88727279999999,ChIJvVoQ4QqFf4gRItXZGUDZ-Hc,OK,93359,471570107201011
1156.877,35.0612606,-89.88628629999999,ChIJAQ_I1gqFf4gRFrt5yQeAEps,OK,71907,471570107203001
1156.877,35.0612606,-89.88628629999999,ChIJAQ_I1gqFf4gRFrt5yQeAEps,OK,71907,471570107203001
1040.276,35.0632829,-89.88727279999999,ChIJvVoQ4QqFf4gRItXZGUDZ-Hc,OK,87334,471570107203001
1413.925,35.0612606,-89.88628629999999,ChIJAQ_I1gqFf4gRFrt5yQeAEps,OK,103363,471570107203003
1413.925,35.0612606,-89.88628629999999,ChIJAQ_I1gqFf4gRFrt5yQeAEps,OK,103363,471570107203003
1429.274,35.0632829,-89.88727279999999,ChIJvVoQ4QqFf4gRItXZGUDZ-Hc,OK,120693,471570107203003
738.317,35.0490562,-89.84441600000001,ChIJCUulJK6af4gR7vOP_qSrYdM,OK,68942,471570217462004
738.317,35.0490562,-89.84441600000001,ChIJCUulJK6af4gR7vOP_qSrYdM,OK,68942,471570217462004
1041.94,35.049031,-89.841437,ChIJt6vl46-af4gRvoN8Yvkmx9A,OK,84232,471570217462004
3236.199,35.0543926,-90.0597009,ChIJT5TzUbl81YcRiPqNjkbj9CA,OK,227152,471570222202013
2894.258,35.06128,-90.05978399999999,ChIJm06f8ZV81YcRTjzAsJPcBKY,OK,239353,471570222202013
2894.258,35.06128,-90.05978399999999,ChIJm06f8ZV81YcRTjzAsJPcBKY,OK,239353,471570222202013
1084.274,35.13418100000001,-89.98599,ChIJnf1_yraAf4gR9pQmD7CXhgg,OK,61839,471570027002025
1084.274,35.13418100000001,-89.98599,ChIJnf1_yraAf4gR9pQmD7CXhgg,OK,61839,471570027002025
1226.901,35.13779299999999,-89.99118349999999,ChIJUQlZ-K-Af4gRkRKK62-ap5w,OK,82433,471570027002025
951.604,35.0344414,-89.8319559,ChIJfcC9SguQf4gR_xf02Tpo1-w,OK,76544,471570217444000
951.604,35.0344414,-89.8319559,ChIJfcC9SguQf4gR_xf02Tpo1-w,OK,76544,471570217444000
1884.441,35.0220022,-89.82947999999999,ChIJxT9DeWuQf4gRf6HLF5uJHd0,OK,128207,471570217444000
300.917,35.0512763,-89.8427476,ChIJ7VPJ3q-af4gRdxERIyaZ0gk,OK,52500,471570217262013
300.917,35.0512763,-89.8427476,ChIJ7VPJ3q-af4gRdxERIyaZ0gk,OK,52500,471570217262013
546.31,35.0490562,-89.84441600000001,ChIJCUulJK6af4gR7vOP_qSrYdM,OK,57490,471570217262013
1130.069,35.0512763,-89.8427476,ChIJ7VPJ3q-af4gRdxERIyaZ0gk,OK,113454,471570217241007
1130.069,35.0512763,-89.8427476,ChIJ7VPJ3q-af4gRdxERIyaZ0gk,OK,113454,471570217241007
1512.261,35.049031,-89.841437,ChIJt6vl46-af4gRvoN8Yvkmx9A,OK,124496,471570217241007
2330.429,35.148225,-89.89748700000001,ChIJC8t095eDf4gRGuXK3FleZyg,OK,167016,471570092004016
2330.429,35.148225,-89.89748700000001,ChIJC8t095eDf4gRGuXK3FleZyg,OK,167016,471570092004016
2410.974,35.1489345,-89.89838259999999,ChIJaTBvX72Df4gRiyFT0LQMnrQ,OK,171848,471570092004016
4345.455,35.164068,-89.8770782,ChIJpUMbExuDf4gRyW4QpPURe54,OK,204303,471570092003002
5819.004,35.156962,-89.88851749999999,ChIJaVmJmQmDf4gR3ZGZP7kcoeo,OK,299605,471570092003002
5819.004,35.156962,-89.88851749999999,ChIJaVmJmQmDf4gR3ZGZP7kcoeo,OK,299605,471570092003002
1120.863,35.16339899999999,-89.855841,ChIJA_xfkC6Df4gRAjVZwLz1jqA,OK,113113,471570212001014
1120.863,35.16339899999999,-89.855841,ChIJA_xfkC6Df4gRAjVZwLz1jqA,OK,113113,471570212001014
1194.246,35.1623785,-89.8566175,ChIJXQHWWS6Df4gRqhH5EQ9H1j0,OK,121972,471570212001014
5421.267,35.1153996,-89.89414069999999,ChIJCb4NOWWEf4gR79YlPQoocW4,OK,401595,471570213112012
7584.681,35.16339899999999,-89.855841,ChIJA_xfkC6Df4gRAjVZwLz1jqA,OK,483582,471570213112012
7584.681,35.16339899999999,-89.855841,ChIJA_xfkC6Df4gRAjVZwLz1jqA,OK,483582,471570213112012
6221.915,35.1153996,-89.89414069999999,ChIJCb4NOWWEf4gR79YlPQoocW4,OK,446977,471570213112007
7993.549,35.16339899999999,-89.855841,ChIJA_xfkC6Df4gRAjVZwLz1jqA,OK,500758,471570213112007
7993.549,35.16339899999999,-89.855841,ChIJA_xfkC6Df4gRAjVZwLz1jqA,OK,500758,471570213112007
1132.65,35.1153996,-89.89414069999999,ChIJCb4NOWWEf4gR79YlPQoocW4,OK,87614,471570096004008
1132.65,35.1153996,-89.89414069999999,ChIJCb4NOWWEf4gR79YlPQoocW4,OK,87614,471570096004008
1711.427,35.1145886,-89.90089789999999,ChIJKWmlFW6Ef4gR0YNISWQMkss,OK,115167,471570096004008
4095.779,35.1546312,-89.79260459999999,ChIJ8UeuSEecf4gRniit7ubZLtM,OK,264453,471570211212055
4095.779,35.1546312,-89.79260459999999,ChIJ8UeuSEecf4gRniit7ubZLtM,OK,264453,471570211212055
4475.667,35.14868459999999,-89.7948203,ChIJ4w9Lr2qcf4gRHdzl9FciAFM,OK,283953,471570211212055
2555.826,35.19067459999999,-89.8489943,ChIJ364PGjWdf4gRKbsrGLq8_XQ,OK,182734,471570211125007
2555.826,35.19067459999999,-89.8489943,ChIJ364PGjWdf4gRKbsrGLq8_XQ,OK,182734,471570211125007
4013.18,35.2045576,-89.81176689999999,ChIJ8ROix4Kdf4gR4Su-1OwAUMo,OK,265350,471570211125007
3073.611,35.2045576,-89.81176689999999,ChIJ8ROix4Kdf4gR4Su-1OwAUMo,OK,183184,471570211212016
3073.611,35.2045576,-89.81176689999999,ChIJ8ROix4Kdf4gR4Su-1OwAUMo,OK,183184,471570211212016
4300.007,35.2051043,-89.79754849999999,ChIJpRDMlY2df4gRQqHmUo_lzmc,OK,215942,471570211212016
698.606,35.16339899999999,-89.855841,ChIJA_xfkC6Df4gRAjVZwLz1jqA,OK,72720,471570211221002
698.606,35.16339899999999,-89.855841,ChIJA_xfkC6Df4gRAjVZwLz1jqA,OK,72720,471570211221002
773.762,35.1623785,-89.8566175,ChIJXQHWWS6Df4gRqhH5EQ9H1j0,OK,81685,471570211221002
1369.327,35.1546312,-89.79260459999999,ChIJ8UeuSEecf4gRniit7ubZLtM,OK,89087,471570211261047
1369.327,35.1546312,-89.79260459999999,ChIJ8UeuSEecf4gRniit7ubZLtM,OK,89087,471570211261047
1749.214,35.14868459999999,-89.7948203,ChIJ4w9Lr2qcf4gRHdzl9FciAFM,OK,108587,471570211261047
833.28,35.16339899999999,-89.855841,ChIJA_xfkC6Df4gRAjVZwLz1jqA,OK,61642,471570211223000
833.28,35.16339899999999,-89.855841,ChIJA_xfkC6Df4gRAjVZwLz1jqA,OK,61642,471570211223000
908.435,35.1623785,-89.8566175,ChIJXQHWWS6Df4gRqhH5EQ9H1j0,OK,70607,471570211223000
707.082,35.16339899999999,-89.855841,ChIJA_xfkC6Df4gRAjVZwLz1jqA,OK,73736,471570211222016
707.082,35.16339899999999,-89.855841,ChIJA_xfkC6Df4gRAjVZwLz1jqA,OK,73736,471570211222016
638.846,35.1623785,-89.8566175,ChIJXQHWWS6Df4gRqhH5EQ9H1j0,OK,76659,471570211222016
2069.67,35.16339899999999,-89.855841,ChIJA_xfkC6Df4gRAjVZwLz1jqA,OK,184549,471570211224010
2069.67,35.16339899999999,-89.855841,ChIJA_xfkC6Df4gRAjVZwLz1jqA,OK,184549,471570211224010
2144.826,35.1623785,-89.8566175,ChIJXQHWWS6Df4gRqhH5EQ9H1j0,OK,193514,471570211224010
3579.728,35.2051043,-89.79754849999999,ChIJpRDMlY2df4gRQqHmUo_lzmc,OK,224629,471570211213024
3579.728,35.2051043,-89.79754849999999,ChIJpRDMlY2df4gRQqHmUo_lzmc,OK,224629,471570211213024
3871.726,35.2071893,-89.79833029999999,ChIJQ0zWJIydf4gRstwjg5hObuM,OK,285142,471570211213024
2648.333,35.1145886,-89.90089789999999,ChIJKWmlFW6Ef4gR0YNISWQMkss,OK,163813,471570096004037
2648.333,35.1145886,-89.90089789999999,ChIJKWmlFW6Ef4gR0YNISWQMkss,OK,163813,471570096004037
2618.367,35.1153996,-89.89414069999999,ChIJCb4NOWWEf4gR79YlPQoocW4,OK,169186,471570096004037
2668.642,35.1145886,-89.90089789999999,ChIJKWmlFW6Ef4gR0YNISWQMkss,OK,164806,471570096004036
2668.642,35.1145886,-89.90089789999999,ChIJKWmlFW6Ef4gR0YNISWQMkss,OK,164806,471570096004036
2638.676,35.1153996,-89.89414069999999,ChIJCb4NOWWEf4gR79YlPQoocW4,OK,170179,471570096004036
731.348,35.1145886,-89.90089789999999,ChIJKWmlFW6Ef4gR0YNISWQMkss,OK,69142,471570094001004
731.348,35.1145886,-89.90089789999999,ChIJKWmlFW6Ef4gR0YNISWQMkss,OK,69142,471570094001004
905.959,35.1153996,-89.89414069999999,ChIJCb4NOWWEf4gR79YlPQoocW4,OK,79877,471570094001004
5775.599,35.1145886,-89.90089789999999,ChIJKWmlFW6Ef4gR0YNISWQMkss,OK,392804,471570213111035
5775.599,35.1145886,-89.90089789999999,ChIJKWmlFW6Ef4gR0YNISWQMkss,OK,392804,471570213111035
6565.098,35.0854368,-89.89541919999999,ChIJf5cc-VKEf4gRF-lYLgijYQQ,OK,396523,471570213111035
394.134,35.1439641,-90.0517892,ChIJL-0zBZR-1YcRj7p5p1WY4-g,OK,35464,471570042001039
394.134,35.1439641,-90.0517892,ChIJL-0zBZR-1YcRj7p5p1WY4-g,OK,35464,471570042001039
654.987,35.1435177,-90.0539328,ChIJ8VFg1pV-1YcRR9G8p0pZx6U,OK,44669,471570042001039
390.246,35.142439,-90.006118,ChIJeUPo2Rt-1YcRdoG2a54M-d0,OK,37939,471570026001019
390.246,35.142439,-90.006118,ChIJeUPo2Rt-1YcRdoG2a54M-d0,OK,37939,471570026001019
595.152,35.139426,-90.00714049999999,ChIJC-6kIBt-1YcRA1cskDtjsVc,OK,71417,471570026001019
2505.167,35.1145886,-89.90089789999999,ChIJKWmlFW6Ef4gR0YNISWQMkss,OK,159867,471570095003001
2614.703,35.0854368,-89.89541919999999,ChIJf5cc-VKEf4gRF-lYLgijYQQ,OK,164246,471570095003001
2614.703,35.0854368,-89.89541919999999,ChIJf5cc-VKEf4gRF-lYLgijYQQ,OK,164246,471570095003001
0,35.223866,-89.90499,ChIJJRXCRJh4f4gRcTFbl9qZzNM,OK,0,471570205324023
0,35.223866,-89.90499,ChIJJRXCRJh4f4gRcTFbl9qZzNM,OK,0,471570205324023
1322.639,35.220637,-89.892425,ChIJiZ78r4Z4f4gRyy0DWRWI7n0,OK,100058,471570205324023
2156.352,35.095133,-90.05542799999999,ChIJATnUo0J81YcRpbAuNwXeqRw,OK,158262,471570053002023
2317.755,35.098685,-90.05664899999999,ChIJ31qwBkJ81YcRk2V5pdmdhrM,OK,167201,471570053002023
2317.755,35.098685,-90.05664899999999,ChIJ31qwBkJ81YcRk2V5pdmdhrM,OK,167201,471570053002023
1566.11,35.109859,-89.99141100000001,ChIJs6JbpFyHf4gR9O01gG0a7fQ,OK,92328,471570063002011
2025.683,35.095133,-90.05542799999999,ChIJATnUo0J81YcRpbAuNwXeqRw,OK,153186,471570053001025
1566.11,35.109859,-89.99141100000001,ChIJs6JbpFyHf4gR9O01gG0a7fQ,OK,92328,471570063002011
2025.683,35.095133,-90.05542799999999,ChIJATnUo0J81YcRpbAuNwXeqRw,OK,153186,471570053001025
1880.685,35.1157645,-90.022279,ChIJwZqBNMN91YcRRpdDvj5Pcr8,OK,129154,471570063002011
2411.079,35.098685,-90.05664899999999,ChIJ31qwBkJ81YcRk2V5pdmdhrM,OK,157719,471570053001025
1959.521,35.093591,-90.056624,ChIJgyVl92d81YcRhuRHHckl8Y4,OK,128247,471570053003041
1959.521,35.093591,-90.056624,ChIJgyVl92d81YcRhuRHHckl8Y4,OK,128247,471570053003041
2139.358,35.095133,-90.05542799999999,ChIJATnUo0J81YcRpbAuNwXeqRw,OK,138207,471570053003041
6063.587,35.1490317,-90.0140679,ChIJw3q9_xV-1YcRqrte6yBn1CI,OK,361814,471570003001006
6063.587,35.1490317,-90.0140679,ChIJw3q9_xV-1YcRqrte6yBn1CI,OK,361814,471570003001006
5737.299,35.1738374,-89.98954379999999,ChIJ_S0BIGOAf4gRU3Ph4W65cOQ,OK,370794,471570003001006
3056.733,35.218332,-90.00299799999999,ChIJfRCGEgGA1YcRsZsWP_dycDI,OK,180340,471570099011022
3056.733,35.218332,-90.00299799999999,ChIJfRCGEgGA1YcRsZsWP_dycDI,OK,180340,471570099011022
3264.638,35.21475480000001,-90.00354540000001,ChIJF6XvX_9_1YcRD4jlF4jzevw,OK,192814,471570099011022
2291.281,35.220637,-89.892425,ChIJiZ78r4Z4f4gRyy0DWRWI7n0,OK,205516,471570205324002
2291.281,35.220637,-89.892425,ChIJiZ78r4Z4f4gRyy0DWRWI7n0,OK,205516,471570205324002
3262.036,35.223866,-89.90499,ChIJJRXCRJh4f4gRcTFbl9qZzNM,OK,284462,471570205324002
2049.532,35.095133,-90.05542799999999,ChIJATnUo0J81YcRpbAuNwXeqRw,OK,177844,471570053003025
2210.935,35.098685,-90.05664899999999,ChIJ31qwBkJ81YcRk2V5pdmdhrM,OK,186783,471570053003025
2210.935,35.098685,-90.05664899999999,ChIJ31qwBkJ81YcRk2V5pdmdhrM,OK,186783,471570053003025
4447.112,35.098685,-90.05664899999999,ChIJ31qwBkJ81YcRk2V5pdmdhrM,OK,241824,471570053003004
4447.112,35.098685,-90.05664899999999,ChIJ31qwBkJ81YcRk2V5pdmdhrM,OK,241824,471570053003004
4836.105,35.095133,-90.05542799999999,ChIJATnUo0J81YcRpbAuNwXeqRw,OK,263368,471570053003004
1374.616,35.220637,-89.892425,ChIJiZ78r4Z4f4gRyy0DWRWI7n0,OK,105624,471570206443020
1374.616,35.220637,-89.892425,ChIJiZ78r4Z4f4gRyy0DWRWI7n0,OK,105624,471570206443020
2529.027,35.223866,-89.90499,ChIJJRXCRJh4f4gRcTFbl9qZzNM,OK,190852,471570206443020
1463.694,35.1738374,-89.98954379999999,ChIJ_S0BIGOAf4gRU3Ph4W65cOQ,OK,101698,471570007003019
1463.694,35.1738374,-89.98954379999999,ChIJ_S0BIGOAf4gRU3Ph4W65cOQ,OK,101698,471570007003019
2810.303,35.17410499999999,-89.97575479999999,ChIJmfYTGFmAf4gRHGKCaD0qCtI,OK,182484,471570007003019
1600.377,35.220637,-89.892425,ChIJiZ78r4Z4f4gRyy0DWRWI7n0,OK,136897,471570206515001
1600.377,35.220637,-89.892425,ChIJiZ78r4Z4f4gRyy0DWRWI7n0,OK,136897,471570206515001
2044.393,35.2060393,-89.89459389999999,ChIJN_fdM1CCf4gRqHZ_YUZgoJo,OK,173123,471570206515001
3198.086,35.218332,-90.00299799999999,ChIJfRCGEgGA1YcRsZsWP_dycDI,OK,208329,471570099013037
3198.086,35.218332,-90.00299799999999,ChIJfRCGEgGA1YcRsZsWP_dycDI,OK,208329,471570099013037
3405.99,35.21475480000001,-90.00354540000001,ChIJF6XvX_9_1YcRD4jlF4jzevw,OK,220803,471570099013037
1576.897,35.1738374,-89.98954379999999,ChIJ_S0BIGOAf4gRU3Ph4W65cOQ,OK,120369,471570016002002
1576.897,35.1738374,-89.98954379999999,ChIJ_S0BIGOAf4gRU3Ph4W65cOQ,OK,120369,471570016002002
2461.569,35.1507888,-89.977317,ChIJdVWrOuqAf4gR-V7s1E3qo7g,OK,147976,471570016002002
1829.432,35.1507888,-89.977317,ChIJdVWrOuqAf4gR-V7s1E3qo7g,OK,102974,471570007001024
1829.432,35.1507888,-89.977317,ChIJdVWrOuqAf4gR-V7s1E3qo7g,OK,102974,471570007001024
1963.814,35.1738374,-89.98954379999999,ChIJ_S0BIGOAf4gRU3Ph4W65cOQ,OK,134454,471570007001024
3597.787,35.1439641,-90.0517892,ChIJL-0zBZR-1YcRj7p5p1WY4-g,OK,252594,471570001003013
3597.787,35.1439641,-90.0517892,ChIJL-0zBZR-1YcRj7p5p1WY4-g,OK,252594,471570001003013
3806.703,35.1450994,-90.0538646,ChIJne6_s5V-1YcRn_LPaqiwhrk,OK,258048,471570001003013
1175.325,35.1507888,-89.977317,ChIJdVWrOuqAf4gR-V7s1E3qo7g,OK,84429,471570016001001
1175.325,35.1507888,-89.977317,ChIJdVWrOuqAf4gR-V7s1E3qo7g,OK,84429,471570016001001
2623.639,35.17410499999999,-89.97575479999999,ChIJmfYTGFmAf4gRHGKCaD0qCtI,OK,164609,471570016001001
4914.327,35.218332,-90.00299799999999,ChIJfRCGEgGA1YcRsZsWP_dycDI,OK,274771,471570101205012
4914.327,35.218332,-90.00299799999999,ChIJfRCGEgGA1YcRsZsWP_dycDI,OK,274771,471570101205012
4474.806,35.21475480000001,-90.00354540000001,ChIJF6XvX_9_1YcRD4jlF4jzevw,OK,283538,471570101205012
594.528,35.142439,-90.006118,ChIJeUPo2Rt-1YcRdoG2a54M-d0,OK,55310,471570032002003
594.528,35.142439,-90.006118,ChIJeUPo2Rt-1YcRdoG2a54M-d0,OK,55310,471570032002003
704.678,35.13763670000001,-90.00757159999999,ChIJl69WLQV-1YcRU3z7Tt2MyhY,OK,65351,471570032002003
3889.578,35.21475480000001,-90.00354540000001,ChIJF6XvX_9_1YcRD4jlF4jzevw,OK,248153,471570101204005
3889.578,35.21475480000001,-90.00354540000001,ChIJF6XvX_9_1YcRD4jlF4jzevw,OK,248153,471570101204005
4288.067,35.218332,-90.00299799999999,ChIJfRCGEgGA1YcRsZsWP_dycDI,OK,272062,471570101204005
532.219,35.13774119999999,-89.99713,ChIJtwtohKiAf4gRFxkNLUf9PgA,OK,63863,471570032002001
532.219,35.13774119999999,-89.99713,ChIJtwtohKiAf4gRFxkNLUf9PgA,OK,63863,471570032002001
1060.002,35.142439,-90.006118,ChIJeUPo2Rt-1YcRdoG2a54M-d0,OK,80241,471570032002001
3338.095,35.218332,-90.00299799999999,ChIJfRCGEgGA1YcRsZsWP_dycDI,OK,228238,471570099012013
2640.492,35.14868459999999,-89.7948203,ChIJ4w9Lr2qcf4gRHdzl9FciAFM,OK,200305,471570211371004
2640.492,35.14868459999999,-89.7948203,ChIJ4w9Lr2qcf4gRHdzl9FciAFM,OK,200305,471570211371004
3062.739,35.1546312,-89.79260459999999,ChIJ8UeuSEecf4gRniit7ubZLtM,OK,216771,471570211371004
1468.421,35.05905920000001,-89.9340455,ChIJM89Mbw2Gf4gRFqf4fPnKU7k,OK,101319,471570105002004
1720.803,35.0757114,-89.9271675,ChIJ-d7FIHmGf4gR6Aa1VQWm0ps,OK,105704,471570105002004
1720.803,35.0757114,-89.9271675,ChIJ-d7FIHmGf4gR6Aa1VQWm0ps,OK,105704,471570105002004
3890.175,35.0326981,-90.07589809999999,ChIJ9S1ljalk1YcRvuG-_hbpimA,OK,258705,471570227005014
3890.175,35.0326981,-90.07589809999999,ChIJ9S1ljalk1YcRvuG-_hbpimA,OK,258705,471570227005014
4269.76,35.02753099999999,-90.082077,ChIJK66rdetk1YcRwwxI9gDREks,OK,279016,471570227005014
2677.45,35.054745,-90.007971,ChIJXxyyQlt91YcRhldtWgjSnSE,OK,175358,471570225001084
3109.298,35.05407199999999,-90.00125899999999,ChIJIzdhk1h91YcRZT7cBcBslaM,OK,191397,471570225001084
3109.298,35.05407199999999,-90.00125899999999,ChIJIzdhk1h91YcRZT7cBcBslaM,OK,191397,471570225001084
3652.312,35.1546312,-89.79260459999999,ChIJ8UeuSEecf4gRniit7ubZLtM,OK,235857,471570211213003
3652.312,35.1546312,-89.79260459999999,ChIJ8UeuSEecf4gRniit7ubZLtM,OK,235857,471570211213003
3714.555,35.2051043,-89.79754849999999,ChIJpRDMlY2df4gRQqHmUo_lzmc,OK,240809,471570211213003
1334.853,35.107529,-89.9862127,ChIJ0WGfSUKHf4gRjDLrfGQwCV4,OK,110744,471570067002012
1334.853,35.107529,-89.9862127,ChIJ0WGfSUKHf4gRjDLrfGQwCV4,OK,110744,471570067002012
1775.871,35.104197,-89.98335349999999,ChIJNST6hGqHf4gR0Mml4gyjQWk,OK,130303,471570067002012
1801.309,35.1835367,-89.8717722,ChIJv1U5XuiCf4gRMlXiIrwnbJo,OK,155457,471570206101028
1801.309,35.1835367,-89.8717722,ChIJv1U5XuiCf4gRMlXiIrwnbJo,OK,155457,471570206101028
2330.315,35.192778,-89.895242,ChIJ2ehTh2eCf4gR95JHzr6OIMA,OK,183376,471570206101028
3173.443,35.02100869999999,-89.8995317,ChIJ-f6gz22Pf4gR-rWEeLgd-68,OK,162389,471570226001185
3173.443,35.02100869999999,-89.8995317,ChIJ-f6gz22Pf4gR-rWEeLgd-68,OK,162389,471570226001185
3184.716,35.0209193,-89.8996561,ChIJxWQfy22Pf4gRlC1jxVU1A2g,OK,163014,471570226001185
395.437,35.1439641,-90.0517892,ChIJL-0zBZR-1YcRj7p5p1WY4-g,OK,35620,471570042001033
395.437,35.1439641,-90.0517892,ChIJL-0zBZR-1YcRj7p5p1WY4-g,OK,35620,471570042001033
656.291,35.1435177,-90.0539328,ChIJ8VFg1pV-1YcRR9G8p0pZx6U,OK,44825,471570042001033
4394.371,35.1153996,-89.89414069999999,ChIJCb4NOWWEf4gR79YlPQoocW4,OK,334944,471570213111024
4394.371,35.1153996,-89.89414069999999,ChIJCb4NOWWEf4gR79YlPQoocW4,OK,334944,471570213111024
4973.147,35.1145886,-89.90089789999999,ChIJKWmlFW6Ef4gR0YNISWQMkss,OK,362497,471570213111024
1636.041,35.16339899999999,-89.855841,ChIJA_xfkC6Df4gRAjVZwLz1jqA,OK,129697,471570211224003
1636.041,35.16339899999999,-89.855841,ChIJA_xfkC6Df4gRAjVZwLz1jqA,OK,129697,471570211224003
1711.197,35.1623785,-89.8566175,ChIJXQHWWS6Df4gRqhH5EQ9H1j0,OK,138662,471570211224003
3282.797,35.1546312,-89.79260459999999,ChIJ8UeuSEecf4gRniit7ubZLtM,OK,249773,471570211362027
3282.797,35.1546312,-89.79260459999999,ChIJ8UeuSEecf4gRniit7ubZLtM,OK,249773,471570211362027
4230.259,35.14868459999999,-89.7948203,ChIJ4w9Lr2qcf4gRHdzl9FciAFM,OK,303325,471570211362027
1307.707,35.0374859,-89.93716700000002,ChIJESgedaeIf4gRXlLu5ht4wNo,OK,72117,471570226001042
1307.707,35.0374859,-89.93716700000002,ChIJESgedaeIf4gRXlLu5ht4wNo,OK,72117,471570226001042
2576.593,35.0515544,-89.92255089999999,ChIJG_UFGuOFf4gRyHNDzwp5is0,OK,142591,471570226001042
811.296,35.0508681,-89.88111619999999,ChIJ68PUi3CFf4gRLPYGzNKUdto,OK,65275,471570108204008
1049.88,35.050596,-89.869556,ChIJQ4vLA2iFf4gRyyCo3ihKH44,OK,77092,471570108204008
1049.88,35.050596,-89.869556,ChIJQ4vLA2iFf4gRyyCo3ihKH44,OK,77092,471570108204008
1703.092,35.05113000000001,-89.815021,ChIJAdLMX4iaf4gRUenKpoiyrBc,OK,143714,471570213421007
1703.092,35.05113000000001,-89.815021,ChIJAdLMX4iaf4gRUenKpoiyrBc,OK,143714,471570213421007
1917.234,35.048632,-89.814048,ChIJqY7T64eaf4gRoqZRK7sz4Co,OK,155990,471570213421007
1142.56,35.1942326,-89.8965709,ChIJD7pM72eCf4gRg19OPcAuyDw,OK,82265,471570205423007
1142.56,35.1942326,-89.8965709,ChIJD7pM72eCf4gRg19OPcAuyDw,OK,82265,471570205423007
1327.073,35.192778,-89.895242,ChIJ2ehTh2eCf4gR95JHzr6OIMA,OK,93335,471570205423007
2009.369,35.1546312,-89.79260459999999,ChIJ8UeuSEecf4gRniit7ubZLtM,OK,161424,471570211362033
2009.369,35.1546312,-89.79260459999999,ChIJ8UeuSEecf4gRniit7ubZLtM,OK,161424,471570211362033
2956.831,35.14868459999999,-89.7948203,ChIJ4w9Lr2qcf4gRHdzl9FciAFM,OK,214976,471570211362033
1814.147,35.1497164,-89.95515999999999,ChIJcQb6ehiBf4gR-uA54eRPNq8,OK,122157,471570030001005
1814.147,35.1497164,-89.95515999999999,ChIJcQb6ehiBf4gR-uA54eRPNq8,OK,122157,471570030001005
1823.135,35.14981359999999,-89.94918609999999,ChIJVdGBGRaBf4gRsi89Rzqn8W4,OK,125774,471570030001005
712.353,35.05905920000001,-89.9340455,ChIJM89Mbw2Gf4gRFqf4fPnKU7k,OK,62519,471570106203007
712.353,35.05905920000001,-89.9340455,ChIJM89Mbw2Gf4gRFqf4fPnKU7k,OK,62519,471570106203007
1429.124,35.0515544,-89.92255089999999,ChIJG_UFGuOFf4gRyHNDzwp5is0,OK,99166,471570106203007
5128.328,35.16339899999999,-89.855841,ChIJA_xfkC6Df4gRAjVZwLz1jqA,OK,374016,471579804001043
5128.328,35.16339899999999,-89.855841,ChIJA_xfkC6Df4gRAjVZwLz1jqA,OK,374016,471579804001043
5203.483,35.1623785,-89.8566175,ChIJXQHWWS6Df4gRqhH5EQ9H1j0,OK,382981,471579804001043
3343.312,35.1439641,-90.0517892,ChIJL-0zBZR-1YcRj7p5p1WY4-g,OK,259442,471570001003066
3343.312,35.1439641,-90.0517892,ChIJL-0zBZR-1YcRj7p5p1WY4-g,OK,259442,471570001003066
3552.228,35.1450994,-90.0538646,ChIJne6_s5V-1YcRn_LPaqiwhrk,OK,264896,471570001003066
657.713,35.1738374,-89.98954379999999,ChIJ_S0BIGOAf4gRU3Ph4W65cOQ,OK,44913,471570006002019
657.713,35.1738374,-89.98954379999999,ChIJ_S0BIGOAf4gRU3Ph4W65cOQ,OK,44913,471570006002019
870.718,35.17410499999999,-89.97575479999999,ChIJmfYTGFmAf4gRHGKCaD0qCtI,OK,57691,471570006002019
1709.895,35.05113000000001,-89.815021,ChIJAdLMX4iaf4gRUenKpoiyrBc,OK,144530,471570213421008
1544.861,35.192778,-89.895242,ChIJ2ehTh2eCf4gR95JHzr6OIMA,OK,86683,471570205422032
2465.669,35.1546312,-89.79260459999999,ChIJ8UeuSEecf4gRniit7ubZLtM,OK,183339,471570211352011
2465.669,35.1546312,-89.79260459999999,ChIJ8UeuSEecf4gRniit7ubZLtM,OK,183339,471570211352011
1544.861,35.192778,-89.895242,ChIJ2ehTh2eCf4gR95JHzr6OIMA,OK,86683,471570205422032
2845.556,35.14868459999999,-89.7948203,ChIJ4w9Lr2qcf4gRHdzl9FciAFM,OK,202839,471570211352011
1604.911,35.1942326,-89.8965709,ChIJD7pM72eCf4gRg19OPcAuyDw,OK,90286,471570205422032
934.051,35.2044739,-89.76342459999999,ChIJ3XsJxyKef4gRTeWb3lonWsU,OK,66800,471570211411006
934.051,35.2044739,-89.76342459999999,ChIJ3XsJxyKef4gRTeWb3lonWsU,OK,66800,471570211411006
2624.467,35.2074362,-89.7805166,ChIJ62ATRfudf4gRPIrPAXGVsiQ,OK,198286,471570211411006
1664.168,35.1546312,-89.79260459999999,ChIJ8UeuSEecf4gRniit7ubZLtM,OK,151744,471570211374013
1664.168,35.1546312,-89.79260459999999,ChIJ8UeuSEecf4gRniit7ubZLtM,OK,151744,471570211374013
2611.63,35.14868459999999,-89.7948203,ChIJ4w9Lr2qcf4gRHdzl9FciAFM,OK,205296,471570211374013
2485.748,35.2045576,-89.81176689999999,ChIJ8ROix4Kdf4gR4Su-1OwAUMo,OK,148814,471570211121008
2485.748,35.2045576,-89.81176689999999,ChIJ8ROix4Kdf4gR4Su-1OwAUMo,OK,148814,471570211121008
3542.256,35.2051043,-89.79754849999999,ChIJpRDMlY2df4gRQqHmUo_lzmc,OK,206233,471570211121008
2625.007,35.1546312,-89.79260459999999,ChIJ8UeuSEecf4gRniit7ubZLtM,OK,167806,471570211381018
2625.007,35.1546312,-89.79260459999999,ChIJ8UeuSEecf4gRniit7ubZLtM,OK,167806,471570211381018
3572.469,35.14868459999999,-89.7948203,ChIJ4w9Lr2qcf4gRHdzl9FciAFM,OK,221358,471570211381018
2258.802,35.1546312,-89.79260459999999,ChIJ8UeuSEecf4gRniit7ubZLtM,OK,168463,471570211374007
2258.802,35.1546312,-89.79260459999999,ChIJ8UeuSEecf4gRniit7ubZLtM,OK,168463,471570211374007
3206.264,35.14868459999999,-89.7948203,ChIJ4w9Lr2qcf4gRHdzl9FciAFM,OK,222015,471570211374007
2736.932,35.2045576,-89.81176689999999,ChIJ8ROix4Kdf4gR4Su-1OwAUMo,OK,163828,471570211121009
2736.932,35.2045576,-89.81176689999999,ChIJ8ROix4Kdf4gR4Su-1OwAUMo,OK,163828,471570211121009
3279.702,35.19067459999999,-89.8489943,ChIJ364PGjWdf4gRKbsrGLq8_XQ,OK,190286,471570211121009
2981.048,35.21475480000001,-90.00354540000001,ChIJF6XvX_9_1YcRD4jlF4jzevw,OK,203159,471570102204013
2981.048,35.21475480000001,-90.00354540000001,ChIJF6XvX_9_1YcRD4jlF4jzevw,OK,203159,471570102204013
3173.175,35.2166323,-89.9945206,ChIJ4fSgw_h_f4gRx0hAJfGjdzA,OK,214686,471570102204013
4249.263,35.14868459999999,-89.7948203,ChIJ4w9Lr2qcf4gRHdzl9FciAFM,OK,266774,471570211401003
4249.263,35.14868459999999,-89.7948203,ChIJ4w9Lr2qcf4gRHdzl9FciAFM,OK,266774,471570211401003
5015.425,35.1546312,-89.79260459999999,ChIJ8UeuSEecf4gRniit7ubZLtM,OK,287473,471570211401003
2239.801,35.21475480000001,-90.00354540000001,ChIJF6XvX_9_1YcRD4jlF4jzevw,OK,148376,471570101205022
2239.801,35.21475480000001,-90.00354540000001,ChIJF6XvX_9_1YcRD4jlF4jzevw,OK,148376,471570101205022
2638.29,35.218332,-90.00299799999999,ChIJfRCGEgGA1YcRsZsWP_dycDI,OK,172285,471570101205022
3140.806,35.14868459999999,-89.7948203,ChIJ4w9Lr2qcf4gRHdzl9FciAFM,OK,217091,471570211402033
3140.806,35.14868459999999,-89.7948203,ChIJ4w9Lr2qcf4gRHdzl9FciAFM,OK,217091,471570211402033
3906.969,35.1546312,-89.79260459999999,ChIJ8UeuSEecf4gRniit7ubZLtM,OK,237790,471570211402033
2133.215,35.21475480000001,-90.00354540000001,ChIJF6XvX_9_1YcRD4jlF4jzevw,OK,127984,471570101205031
2133.215,35.21475480000001,-90.00354540000001,ChIJF6XvX_9_1YcRD4jlF4jzevw,OK,127984,471570101205031
2531.704,35.218332,-90.00299799999999,ChIJfRCGEgGA1YcRsZsWP_dycDI,OK,151893,471570101205031
1053.582,35.2044739,-89.76342459999999,ChIJ3XsJxyKef4gRTeWb3lonWsU,OK,74848,471570211421046
1053.582,35.2044739,-89.76342459999999,ChIJ3XsJxyKef4gRTeWb3lonWsU,OK,74848,471570211421046
2743.997,35.2074362,-89.7805166,ChIJ62ATRfudf4gRPIrPAXGVsiQ,OK,206334,471570211421046
3509.463,35.14868459999999,-89.7948203,ChIJ4w9Lr2qcf4gRHdzl9FciAFM,OK,218607,471570211402023
3509.463,35.14868459999999,-89.7948203,ChIJ4w9Lr2qcf4gRHdzl9FciAFM,OK,218607,471570211402023
4275.625,35.1546312,-89.79260459999999,ChIJ8UeuSEecf4gRniit7ubZLtM,OK,239306,471570211402023
605.261,35.1942326,-89.8965709,ChIJD7pM72eCf4gRg19OPcAuyDw,OK,40155,471570205422023
605.261,35.1942326,-89.8965709,ChIJD7pM72eCf4gRg19OPcAuyDw,OK,40155,471570205422023
789.774,35.192778,-89.895242,ChIJ2ehTh2eCf4gR95JHzr6OIMA,OK,51225,471570205422023
2575.027,35.14868459999999,-89.7948203,ChIJ4w9Lr2qcf4gRHdzl9FciAFM,OK,215052,471570211372015
2575.027,35.14868459999999,-89.7948203,ChIJ4w9Lr2qcf4gRHdzl9FciAFM,OK,215052,471570211372015
2997.274,35.1546312,-89.79260459999999,ChIJ8UeuSEecf4gRniit7ubZLtM,OK,231518,471570211372015
1732.194,35.2045576,-89.81176689999999,ChIJ8ROix4Kdf4gR4Su-1OwAUMo,OK,126716,471570211131023
1732.194,35.2045576,-89.81176689999999,ChIJ8ROix4Kdf4gR4Su-1OwAUMo,OK,126716,471570211131023
2788.702,35.2051043,-89.79754849999999,ChIJpRDMlY2df4gRQqHmUo_lzmc,OK,184135,471570211131023
1843.035,35.1546312,-89.79260459999999,ChIJ8UeuSEecf4gRniit7ubZLtM,OK,144900,471570211373018
1843.035,35.1546312,-89.79260459999999,ChIJ8UeuSEecf4gRniit7ubZLtM,OK,144900,471570211373018
1335.286,35.14868459999999,-89.7948203,ChIJ4w9Lr2qcf4gRHdzl9FciAFM,OK,147093,471570211373018
4576.884,35.1546312,-89.79260459999999,ChIJ8UeuSEecf4gRniit7ubZLtM,OK,318922,471570211381010
4576.884,35.1546312,-89.79260459999999,ChIJ8UeuSEecf4gRniit7ubZLtM,OK,318922,471570211381010
5524.346,35.14868459999999,-89.7948203,ChIJ4w9Lr2qcf4gRHdzl9FciAFM,OK,372474,471570211381010
995.73,35.2044739,-89.76342459999999,ChIJ3XsJxyKef4gRTeWb3lonWsU,OK,70683,471570211421041
995.73,35.2044739,-89.76342459999999,ChIJ3XsJxyKef4gRTeWb3lonWsU,OK,70683,471570211421041
2686.145,35.2074362,-89.7805166,ChIJ62ATRfudf4gRPIrPAXGVsiQ,OK,202169,471570211421041
382.093,35.12545849999999,-89.97454169999999,ChIJoyT3HjOHf4gRS6EdHckmff8,OK,26800,471570071001032
382.093,35.12545849999999,-89.97454169999999,ChIJoyT3HjOHf4gRS6EdHckmff8,OK,26800,471570071001032
1965.162,35.13418100000001,-89.98599,ChIJnf1_yraAf4gR9pQmD7CXhgg,OK,131351,471570071001032
613.237,35.104197,-89.98335349999999,ChIJNST6hGqHf4gR0Mml4gyjQWk,OK,50959,471570069002004
3744.898,35.14868459999999,-89.7948203,ChIJ4w9Lr2qcf4gRHdzl9FciAFM,OK,234729,471570211401010
613.237,35.104197,-89.98335349999999,ChIJNST6hGqHf4gR0Mml4gyjQWk,OK,50959,471570069002004
3744.898,35.14868459999999,-89.7948203,ChIJ4w9Lr2qcf4gRHdzl9FciAFM,OK,234729,471570211401010
981.378,35.107529,-89.9862127,ChIJ0WGfSUKHf4gRjDLrfGQwCV4,OK,76208,471570069002004
4511.06,35.1546312,-89.79260459999999,ChIJ8UeuSEecf4gRniit7ubZLtM,OK,255428,471570211401010
1951.163,35.0461089,-89.7947008,ChIJaZI6O3Oaf4gRqa_eh0DNj_s,OK,110920,471570213423049
706.252,35.104197,-89.98335349999999,ChIJNST6hGqHf4gR0Mml4gyjQWk,OK,61537,471570069002007
706.252,35.104197,-89.98335349999999,ChIJNST6hGqHf4gR0Mml4gyjQWk,OK,61537,471570069002007
1951.163,35.0461089,-89.7947008,ChIJaZI6O3Oaf4gRqa_eh0DNj_s,OK,110920,471570213423049
1198.01,35.107529,-89.9862127,ChIJ0WGfSUKHf4gRjDLrfGQwCV4,OK,95927,471570069002007
2069.168,35.045091,-89.795412,ChIJVelsQnOaf4gRECqTW7fq-dY,OK,117455,471570213423049
1056.815,35.104197,-89.98335349999999,ChIJNST6hGqHf4gR0Mml4gyjQWk,OK,80211,471570069003008
1056.815,35.104197,-89.98335349999999,ChIJNST6hGqHf4gR0Mml4gyjQWk,OK,80211,471570069003008
1429.27,35.107529,-89.9862127,ChIJ0WGfSUKHf4gRjDLrfGQwCV4,OK,102620,471570069003008
5078.545,35.0614623,-89.8536277,ChIJ4TWJkTWFf4gRbkNZYfkF9Jw,OK,309687,471570213201001
5078.545,35.0614623,-89.8536277,ChIJ4TWJkTWFf4gRbkNZYfkF9Jw,OK,309687,471570213201001
5163.317,35.0512763,-89.8427476,ChIJ7VPJ3q-af4gRdxERIyaZ0gk,OK,315875,471570213201001
981.607,35.104197,-89.98335349999999,ChIJNST6hGqHf4gR0Mml4gyjQWk,OK,76702,471570069003009
981.607,35.104197,-89.98335349999999,ChIJNST6hGqHf4gR0Mml4gyjQWk,OK,76702,471570069003009
1349.749,35.107529,-89.9862127,ChIJ0WGfSUKHf4gRjDLrfGQwCV4,OK,101951,471570069003009
889.679,35.09464699999999,-89.9708677,ChIJx5uAuBqHf4gRze5MKc5WJFI,OK,77657,471570069002010
889.679,35.09464699999999,-89.9708677,ChIJx5uAuBqHf4gRze5MKc5WJFI,OK,77657,471570069002010
1251.875,35.104197,-89.98335349999999,ChIJNST6hGqHf4gR0Mml4gyjQWk,OK,115125,471570069002010
1007.526,35.1087458,-90.0211918,ChIJe6w2EsF91YcRquzVZc8M0-I,OK,60536,471570060001033
1007.526,35.1087458,-90.0211918,ChIJe6w2EsF91YcRquzVZc8M0-I,OK,60536,471570060001033
1008.167,35.10874099999999,-90.021185,ChIJrVbiDcF91YcRG9TBOTpHc3I,OK,60613,471570060001033
1993.272,35.1435177,-90.0539328,ChIJ8VFg1pV-1YcRR9G8p0pZx6U,OK,154244,471570043001035
1993.272,35.1435177,-90.0539328,ChIJ8VFg1pV-1YcRR9G8p0pZx6U,OK,154244,471570043001035
2118.101,35.1450994,-90.0538646,ChIJne6_s5V-1YcRn_LPaqiwhrk,OK,166149,471570043001035
1268.561,35.2064292,-89.73436359999999,ChIJP6qgZdGff4gRQoIww3TX5kM,OK,57082,471570208311008
1268.561,35.2064292,-89.73436359999999,ChIJP6qgZdGff4gRQoIww3TX5kM,OK,57082,471570208311008
1393.344,35.2044739,-89.76342459999999,ChIJ3XsJxyKef4gRTeWb3lonWsU,OK,71094,471570208311008
2648.632,35.109859,-89.99141100000001,ChIJs6JbpFyHf4gR9O01gG0a7fQ,OK,203824,471570078101002
2648.632,35.109859,-89.99141100000001,ChIJs6JbpFyHf4gR9O01gG0a7fQ,OK,203824,471570078101002
2831.346,35.104197,-89.98335349999999,ChIJNST6hGqHf4gR0Mml4gyjQWk,OK,205716,471570078101002
188.395,35.13763670000001,-90.00757159999999,ChIJl69WLQV-1YcRU3z7Tt2MyhY,OK,18642,471570034001002
188.395,35.13763670000001,-90.00757159999999,ChIJl69WLQV-1YcRU3z7Tt2MyhY,OK,18642,471570034001002
297.178,35.139426,-90.00714049999999,ChIJC-6kIBt-1YcRA1cskDtjsVc,OK,31695,471570034001002
3138.287,35.0512763,-89.8427476,ChIJ7VPJ3q-af4gRdxERIyaZ0gk,OK,209139,471570213331010
3138.287,35.0512763,-89.8427476,ChIJ7VPJ3q-af4gRdxERIyaZ0gk,OK,209139,471570213331010
3520.479,35.049031,-89.841437,ChIJt6vl46-af4gRvoN8Yvkmx9A,OK,220181,471570213331010
3185.654,35.104197,-89.98335349999999,ChIJNST6hGqHf4gR0Mml4gyjQWk,OK,198392,471570078101003
3298.652,35.107529,-89.9862127,ChIJ0WGfSUKHf4gRjDLrfGQwCV4,OK,209513,471570078101003
3261.608,35.0614623,-89.8536277,ChIJ4TWJkTWFf4gRbkNZYfkF9Jw,OK,201607,471570213332004
3298.652,35.107529,-89.9862127,ChIJ0WGfSUKHf4gRjDLrfGQwCV4,OK,209513,471570078101003
3261.608,35.0614623,-89.8536277,ChIJ4TWJkTWFf4gRbkNZYfkF9Jw,OK,201607,471570213332004
3346.38,35.0512763,-89.8427476,ChIJ7VPJ3q-af4gRdxERIyaZ0gk,OK,207795,471570213332004
1022.54,35.2064292,-89.73436359999999,ChIJP6qgZdGff4gRQoIww3TX5kM,OK,46012,471570208313014
1022.54,35.2064292,-89.73436359999999,ChIJP6qgZdGff4gRQoIww3TX5kM,OK,46012,471570208313014
1639.366,35.2044739,-89.76342459999999,ChIJ3XsJxyKef4gRTeWb3lonWsU,OK,82165,471570208313014
2387.027,35.109859,-89.99141100000001,ChIJs6JbpFyHf4gR9O01gG0a7fQ,OK,191745,471570078101001
2387.027,35.109859,-89.99141100000001,ChIJs6JbpFyHf4gR9O01gG0a7fQ,OK,191745,471570078101001
2569.741,35.104197,-89.98335349999999,ChIJNST6hGqHf4gR0Mml4gyjQWk,OK,193637,471570078101001
3236.129,35.104197,-89.98335349999999,ChIJNST6hGqHf4gR0Mml4gyjQWk,OK,193528,471570078101004
3349.127,35.107529,-89.9862127,ChIJ0WGfSUKHf4gRjDLrfGQwCV4,OK,204649,471570078101004
3349.127,35.107529,-89.9862127,ChIJ0WGfSUKHf4gRjDLrfGQwCV4,OK,204649,471570078101004
4320.586,35.14868459999999,-89.7948203,ChIJ4w9Lr2qcf4gRHdzl9FciAFM,OK,316219,471570211371006
4320.586,35.14868459999999,-89.7948203,ChIJ4w9Lr2qcf4gRHdzl9FciAFM,OK,316219,471570211371006
5086.749,35.1546312,-89.79260459999999,ChIJ8UeuSEecf4gRniit7ubZLtM,OK,336918,471570211371006
3041.678,35.14868459999999,-89.7948203,ChIJ4w9Lr2qcf4gRHdzl9FciAFM,OK,211378,471570211374050
3041.678,35.14868459999999,-89.7948203,ChIJ4w9Lr2qcf4gRHdzl9FciAFM,OK,211378,471570211374050
3316.539,35.1546312,-89.79260459999999,ChIJ8UeuSEecf4gRniit7ubZLtM,OK,227062,471570211374050
2316.768,35.109859,-89.99141100000001,ChIJs6JbpFyHf4gR9O01gG0a7fQ,OK,183315,471570078101000
2316.768,35.109859,-89.99141100000001,ChIJs6JbpFyHf4gR9O01gG0a7fQ,OK,183315,471570078101000
2499.482,35.104197,-89.98335349999999,ChIJNST6hGqHf4gR0Mml4gyjQWk,OK,185207,471570078101000
3235.022,35.14868459999999,-89.7948203,ChIJ4w9Lr2qcf4gRHdzl9FciAFM,OK,232066,471570211374049
2201.414,35.1490317,-90.0140679,ChIJw3q9_xV-1YcRqrte6yBn1CI,OK,140290,471570017001018
2201.414,35.1490317,-90.0140679,ChIJw3q9_xV-1YcRqrte6yBn1CI,OK,140290,471570017001018
2670.101,35.1738374,-89.98954379999999,ChIJ_S0BIGOAf4gRU3Ph4W65cOQ,OK,170254,471570017001018
2372.084,35.1450994,-90.0538646,ChIJne6_s5V-1YcRn_LPaqiwhrk,OK,124044,471570113001062
2372.084,35.1450994,-90.0538646,ChIJne6_s5V-1YcRn_LPaqiwhrk,OK,124044,471570113001062
2459.009,35.1439641,-90.0517892,ChIJL-0zBZR-1YcRj7p5p1WY4-g,OK,132573,471570113001062
4824.398,35.05113000000001,-89.815021,ChIJAdLMX4iaf4gRUenKpoiyrBc,OK,228372,471570213421048
4824.398,35.05113000000001,-89.815021,ChIJAdLMX4iaf4gRUenKpoiyrBc,OK,228372,471570213421048
4838.405,35.048632,-89.814048,ChIJqY7T64eaf4gRoqZRK7sz4Co,OK,230791,471570213421048
1984.568,35.0333519,-90.02557630000001,ChIJK8z8Ksxi1YcRt8pxxgP2SA4,OK,131769,471570225002011
1984.568,35.0333519,-90.02557630000001,ChIJK8z8Ksxi1YcRt8pxxgP2SA4,OK,131769,471570225002011
1984.662,35.033351,-90.02556199999999,ChIJY7ePKsxi1YcRIP55gZFchMw,OK,131774,471570225002011
1608.372,35.0333519,-90.02557630000001,ChIJK8z8Ksxi1YcRt8pxxgP2SA4,OK,133331,471570225004002
1608.372,35.0333519,-90.02557630000001,ChIJK8z8Ksxi1YcRt8pxxgP2SA4,OK,133331,471570225004002
1608.466,35.033351,-90.02556199999999,ChIJY7ePKsxi1YcRIP55gZFchMw,OK,133336,471570225004002
1371.272,35.0333519,-90.02557630000001,ChIJK8z8Ksxi1YcRt8pxxgP2SA4,OK,103193,471570225004001
1371.272,35.0333519,-90.02557630000001,ChIJK8z8Ksxi1YcRt8pxxgP2SA4,OK,103193,471570225004001
1371.366,35.033351,-90.02556199999999,ChIJY7ePKsxi1YcRIP55gZFchMw,OK,103198,471570225004001
2252.22,35.1490317,-90.0140679,ChIJw3q9_xV-1YcRqrte6yBn1CI,OK,129610,471570017001012
2252.22,35.1490317,-90.0140679,ChIJw3q9_xV-1YcRqrte6yBn1CI,OK,129610,471570017001012
2201.655,35.1738374,-89.98954379999999,ChIJ_S0BIGOAf4gRU3Ph4W65cOQ,OK,130818,471570017001012
235.963,35.05113000000001,-89.815021,ChIJAdLMX4iaf4gRUenKpoiyrBc,OK,22407,471570213421055
235.963,35.05113000000001,-89.815021,ChIJAdLMX4iaf4gRUenKpoiyrBc,OK,22407,471570213421055
409.884,35.048632,-89.814048,ChIJqY7T64eaf4gRoqZRK7sz4Co,OK,34827,471570213421055
1762.049,35.0333519,-90.02557630000001,ChIJK8z8Ksxi1YcRt8pxxgP2SA4,OK,115292,471570225003001
1762.049,35.0333519,-90.02557630000001,ChIJK8z8Ksxi1YcRt8pxxgP2SA4,OK,115292,471570225003001
1762.143,35.033351,-90.02556199999999,ChIJY7ePKsxi1YcRIP55gZFchMw,OK,115297,471570225003001
2196.43,35.1444038,-90.0168571,ChIJufYEjhR-1YcREff46W6Lons,OK,133073,471570025002022
2196.43,35.1444038,-90.0168571,ChIJufYEjhR-1YcREff46W6Lons,OK,133073,471570025002022
2648.574,35.1490317,-90.0140679,ChIJw3q9_xV-1YcRqrte6yBn1CI,OK,156179,471570025002022
1620.574,35.1738374,-89.98954379999999,ChIJ_S0BIGOAf4gRU3Ph4W65cOQ,OK,120523,471570007003017
1620.574,35.1738374,-89.98954379999999,ChIJ_S0BIGOAf4gRU3Ph4W65cOQ,OK,120523,471570007003017
2957.283,35.1490317,-90.0140679,ChIJw3q9_xV-1YcRqrte6yBn1CI,OK,194168,471570007003017
1568.31,35.054745,-90.007971,ChIJXxyyQlt91YcRhldtWgjSnSE,OK,120237,471570220233008
1568.31,35.054745,-90.007971,ChIJXxyyQlt91YcRhldtWgjSnSE,OK,120237,471570220233008
2133.662,35.05407199999999,-90.00125899999999,ChIJIzdhk1h91YcRZT7cBcBslaM,OK,143670,471570220233008
320.615,35.0515544,-89.92255089999999,ChIJG_UFGuOFf4gRyHNDzwp5is0,OK,24610,471570226001021
320.615,35.0515544,-89.92255089999999,ChIJG_UFGuOFf4gRyHNDzwp5is0,OK,24610,471570226001021
1429.462,35.0515568,-89.90630259999999,ChIJrU8jyZKFf4gRubg1AIyELWY,OK,92910,471570226001021
1887.42,35.1738374,-89.98954379999999,ChIJ_S0BIGOAf4gRU3Ph4W65cOQ,OK,124314,471570007003018
1887.42,35.1738374,-89.98954379999999,ChIJ_S0BIGOAf4gRU3Ph4W65cOQ,OK,124314,471570007003018
2887.783,35.1490317,-90.0140679,ChIJw3q9_xV-1YcRqrte6yBn1CI,OK,185828,471570007003018
2471.607,35.16339899999999,-89.855841,ChIJA_xfkC6Df4gRAjVZwLz1jqA,OK,174195,471579804001047
2471.607,35.16339899999999,-89.855841,ChIJA_xfkC6Df4gRAjVZwLz1jqA,OK,174195,471579804001047
2546.763,35.1623785,-89.8566175,ChIJXQHWWS6Df4gRqhH5EQ9H1j0,OK,183160,471579804001047
1540.719,35.054745,-90.007971,ChIJXxyyQlt91YcRhldtWgjSnSE,OK,121637,471570220231007
1540.719,35.054745,-90.007971,ChIJXxyyQlt91YcRhldtWgjSnSE,OK,121637,471570220231007
2349.671,35.0333519,-90.02557630000001,ChIJK8z8Ksxi1YcRt8pxxgP2SA4,OK,152400,471570220231007
2721.322,35.1546312,-89.79260459999999,ChIJ8UeuSEecf4gRniit7ubZLtM,OK,209707,471570211251023
2721.322,35.1546312,-89.79260459999999,ChIJ8UeuSEecf4gRniit7ubZLtM,OK,209707,471570211251023
3101.209,35.14868459999999,-89.7948203,ChIJ4w9Lr2qcf4gRHdzl9FciAFM,OK,229207,471570211251023
2078.88,35.1738374,-89.98954379999999,ChIJ_S0BIGOAf4gRU3Ph4W65cOQ,OK,124019,471570017001014
2078.88,35.1738374,-89.98954379999999,ChIJ_S0BIGOAf4gRU3Ph4W65cOQ,OK,124019,471570017001014
2374.995,35.1490317,-90.0140679,ChIJw3q9_xV-1YcRqrte6yBn1CI,OK,136409,471570017001014
294.244,35.0493493,-89.855357,ChIJH2Nw4lGFf4gRq0vxk4n5iAE,OK,29519,471570217212013
294.244,35.0493493,-89.855357,ChIJH2Nw4lGFf4gRq0vxk4n5iAE,OK,29519,471570217212013
555.774,35.0501932,-89.8529489,ChIJJ3DCd1KFf4gRBb2DFEnzV7w,OK,39530,471570217212013
2339.571,35.1490317,-90.0140679,ChIJw3q9_xV-1YcRqrte6yBn1CI,OK,143449,471570017001017
2339.571,35.1490317,-90.0140679,ChIJw3q9_xV-1YcRqrte6yBn1CI,OK,143449,471570017001017
2347.985,35.1738374,-89.98954379999999,ChIJ_S0BIGOAf4gRU3Ph4W65cOQ,OK,153969,471570017001017
2137.408,35.1738374,-89.98954379999999,ChIJ_S0BIGOAf4gRU3Ph4W65cOQ,OK,133943,471570017001016
2137.408,35.1738374,-89.98954379999999,ChIJ_S0BIGOAf4gRU3Ph4W65cOQ,OK,133943,471570017001016
2733.018,35.1490317,-90.0140679,ChIJw3q9_xV-1YcRqrte6yBn1CI,OK,159322,471570017001016
2993.823,35.0333519,-90.02557630000001,ChIJK8z8Ksxi1YcRt8pxxgP2SA4,OK,199579,471570225002000
2993.823,35.0333519,-90.02557630000001,ChIJK8z8Ksxi1YcRt8pxxgP2SA4,OK,199579,471570225002000
2993.918,35.033351,-90.02556199999999,ChIJY7ePKsxi1YcRIP55gZFchMw,OK,199584,471570225002000
1586.216,35.054745,-90.007971,ChIJXxyyQlt91YcRhldtWgjSnSE,OK,122386,471570220233012
1623.296,35.093591,-90.056624,ChIJgyVl92d81YcRhuRHHckl8Y4,OK,119542,471570056003030
1623.296,35.093591,-90.056624,ChIJgyVl92d81YcRhuRHHckl8Y4,OK,119542,471570056003030
1803.133,35.095133,-90.05542799999999,ChIJATnUo0J81YcRpbAuNwXeqRw,OK,129502,471570056003030
1878.787,35.093591,-90.056624,ChIJgyVl92d81YcRhuRHHckl8Y4,OK,150201,471570056003016
1878.787,35.093591,-90.056624,ChIJgyVl92d81YcRhuRHHckl8Y4,OK,150201,471570056003016
2058.624,35.095133,-90.05542799999999,ChIJATnUo0J81YcRpbAuNwXeqRw,OK,160161,471570056003016
1922.876,35.093591,-90.056624,ChIJgyVl92d81YcRhuRHHckl8Y4,OK,128005,471570056003009
1922.876,35.093591,-90.056624,ChIJgyVl92d81YcRhuRHHckl8Y4,OK,128005,471570056003009
2102.713,35.095133,-90.05542799999999,ChIJATnUo0J81YcRpbAuNwXeqRw,OK,137965,471570056003009
1650.683,35.093591,-90.056624,ChIJgyVl92d81YcRhuRHHckl8Y4,OK,122828,471570056003031
1650.683,35.093591,-90.056624,ChIJgyVl92d81YcRhuRHHckl8Y4,OK,122828,471570056003031
1830.52,35.095133,-90.05542799999999,ChIJATnUo0J81YcRpbAuNwXeqRw,OK,132788,471570056003031
2105.452,35.061362,-90.05986399999999,ChIJL_Gh8ZV81YcRDlMHRKqR_IA,OK,119059,471570055003047
3038.232,35.093591,-90.056624,ChIJgyVl92d81YcRhuRHHckl8Y4,OK,167616,471570055003047
3038.232,35.093591,-90.056624,ChIJgyVl92d81YcRhuRHHckl8Y4,OK,167616,471570055003047
3143.672,35.093591,-90.056624,ChIJgyVl92d81YcRhuRHHckl8Y4,OK,173038,471570055003046
3143.672,35.093591,-90.056624,ChIJgyVl92d81YcRhuRHHckl8Y4,OK,173038,471570055003046
3323.509,35.095133,-90.05542799999999,ChIJATnUo0J81YcRpbAuNwXeqRw,OK,182998,471570055003046
7229.551,35.093591,-90.056624,ChIJgyVl92d81YcRhuRHHckl8Y4,OK,381966,471570055003045
7229.551,35.093591,-90.056624,ChIJgyVl92d81YcRhuRHHckl8Y4,OK,381966,471570055003045
7409.388,35.095133,-90.05542799999999,ChIJATnUo0J81YcRpbAuNwXeqRw,OK,391926,471570055003045
946.564,35.06128,-90.05978399999999,ChIJm06f8ZV81YcRTjzAsJPcBKY,OK,67946,471570225001104
946.564,35.06128,-90.05978399999999,ChIJm06f8ZV81YcRTjzAsJPcBKY,OK,67946,471570225001104
946.385,35.061362,-90.05986399999999,ChIJL_Gh8ZV81YcRDlMHRKqR_IA,OK,70812,471570225001104
683.273,35.06128,-90.05978399999999,ChIJm06f8ZV81YcRTjzAsJPcBKY,OK,44657,471570225001106
683.273,35.06128,-90.05978399999999,ChIJm06f8ZV81YcRTjzAsJPcBKY,OK,44657,471570225001106
683.094,35.061362,-90.05986399999999,ChIJL_Gh8ZV81YcRDlMHRKqR_IA,OK,47523,471570225001106
4473.473,35.093591,-90.056624,ChIJgyVl92d81YcRhuRHHckl8Y4,OK,429379,471570225001024
6517.969,35.06128,-90.05978399999999,ChIJm06f8ZV81YcRTjzAsJPcBKY,OK,542400,471570225001024
6517.969,35.06128,-90.05978399999999,ChIJm06f8ZV81YcRTjzAsJPcBKY,OK,542400,471570225001024
2473.623,35.093591,-90.056624,ChIJgyVl92d81YcRhuRHHckl8Y4,OK,129645,471570056003054
2473.623,35.093591,-90.056624,ChIJgyVl92d81YcRhuRHHckl8Y4,OK,129645,471570056003054
2388.974,35.061362,-90.05986399999999,ChIJL_Gh8ZV81YcRDlMHRKqR_IA,OK,131387,471570056003054
2739.049,35.093591,-90.056624,ChIJgyVl92d81YcRhuRHHckl8Y4,OK,193804,471570056003034
2739.049,35.093591,-90.056624,ChIJgyVl92d81YcRhuRHHckl8Y4,OK,193804,471570056003034
2918.886,35.095133,-90.05542799999999,ChIJATnUo0J81YcRpbAuNwXeqRw,OK,203764,471570056003034
2668.476,35.093591,-90.056624,ChIJgyVl92d81YcRhuRHHckl8Y4,OK,190440,471570056003021
2668.476,35.093591,-90.056624,ChIJgyVl92d81YcRhuRHHckl8Y4,OK,190440,471570056003021
2848.313,35.095133,-90.05542799999999,ChIJATnUo0J81YcRpbAuNwXeqRw,OK,200400,471570056003021
3151.17,35.093591,-90.056624,ChIJgyVl92d81YcRhuRHHckl8Y4,OK,243259,471570056003044
3151.17,35.093591,-90.056624,ChIJgyVl92d81YcRhuRHHckl8Y4,OK,243259,471570056003044
3331.007,35.095133,-90.05542799999999,ChIJATnUo0J81YcRpbAuNwXeqRw,OK,253219,471570056003044
1807.041,35.2337782,-89.9252472,ChIJra3pLkt_f4gRjZbqnHrruIM,OK,118519,471570205413008
1827.83,35.210167,-89.919383,ChIJi0gqlgaCf4gRjUvfmHxGMyw,OK,143933,471570205413008
1827.83,35.210167,-89.919383,ChIJi0gqlgaCf4gRjUvfmHxGMyw,OK,143933,471570205413008
2158.697,35.2023757,-89.9218691,ChIJvw7rwByCf4gRrAscHKjp1Iw,OK,186431,471570205122007
2158.697,35.2023757,-89.9218691,ChIJvw7rwByCf4gRrAscHKjp1Iw,OK,186431,471570205122007
2828.739,35.210167,-89.919383,ChIJi0gqlgaCf4gRjUvfmHxGMyw,OK,227456,471570205122007
1814.084,35.2158947,-89.9151158,ChIJxetq6ad4f4gRD1K1cIBWUQ4,OK,126816,471570205322018
1814.084,35.2158947,-89.9151158,ChIJxetq6ad4f4gRD1K1cIBWUQ4,OK,126816,471570205322018
2503.266,35.2337782,-89.9252472,ChIJra3pLkt_f4gRjZbqnHrruIM,OK,162508,471570205322018
1239.629,35.2023757,-89.9218691,ChIJvw7rwByCf4gRrAscHKjp1Iw,OK,104206,471570205121006
1239.629,35.2023757,-89.9218691,ChIJvw7rwByCf4gRrAscHKjp1Iw,OK,104206,471570205121006
1909.671,35.210167,-89.919383,ChIJi0gqlgaCf4gRjUvfmHxGMyw,OK,145231,471570205121006
2565.963,35.17410499999999,-89.97575479999999,ChIJmfYTGFmAf4gRHGKCaD0qCtI,OK,191621,471570111002001
2565.963,35.17410499999999,-89.97575479999999,ChIJmfYTGFmAf4gRHGKCaD0qCtI,OK,191621,471570111002001
2911.581,35.167095,-89.950496,ChIJecYfJgmBf4gRJh-YY67U6V8,OK,223754,471570111002001
3197.122,35.183951,-89.93106899999999,ChIJWQ0EIo-Bf4gR6cuqlCcQuNw,OK,169434,471570205121020
3197.122,35.183951,-89.93106899999999,ChIJWQ0EIo-Bf4gR6cuqlCcQuNw,OK,169434,471570205121020
3197.361,35.1839382,-89.93104869999999,ChIJrQx5Io-Bf4gRSwDAaGIf4WE,OK,169477,471570205121020
2613.577,35.2023757,-89.9218691,ChIJvw7rwByCf4gRrAscHKjp1Iw,OK,209847,471570205124009
4729.057,35.183951,-89.93106899999999,ChIJWQ0EIo-Bf4gR6cuqlCcQuNw,OK,326332,471570205124009
4729.057,35.183951,-89.93106899999999,ChIJWQ0EIo-Bf4gR6cuqlCcQuNw,OK,326332,471570205124009
915.498,35.210167,-89.919383,ChIJi0gqlgaCf4gRjUvfmHxGMyw,OK,93965,471570205122011
915.498,35.210167,-89.919383,ChIJi0gqlgaCf4gRjUvfmHxGMyw,OK,93965,471570205122011
1270.291,35.2023757,-89.9218691,ChIJvw7rwByCf4gRrAscHKjp1Iw,OK,107930,471570205122011
846.332,35.210167,-89.919383,ChIJi0gqlgaCf4gRjUvfmHxGMyw,OK,81344,471570205122013
846.332,35.210167,-89.919383,ChIJi0gqlgaCf4gRjUvfmHxGMyw,OK,81344,471570205122013
1648.149,35.0854368,-89.89541919999999,ChIJf5cc-VKEf4gRF-lYLgijYQQ,OK,99039,471570095002010
1648.149,35.0854368,-89.89541919999999,ChIJf5cc-VKEf4gRF-lYLgijYQQ,OK,99039,471570095002010
2544.364,35.1145886,-89.90089789999999,ChIJKWmlFW6Ef4gR0YNISWQMkss,OK,155001,471570095002010
871.572,35.12545849999999,-89.97454169999999,ChIJoyT3HjOHf4gRS6EdHckmff8,OK,53754,471570071001026
871.572,35.12545849999999,-89.97454169999999,ChIJoyT3HjOHf4gRS6EdHckmff8,OK,53754,471570071001026
2678.334,35.13418100000001,-89.98599,ChIJnf1_yraAf4gR9pQmD7CXhgg,OK,165093,471570071001026
2083.14,35.1507888,-89.977317,ChIJdVWrOuqAf4gR-V7s1E3qo7g,OK,129512,471570028003010
2083.14,35.1507888,-89.977317,ChIJdVWrOuqAf4gR-V7s1E3qo7g,OK,129512,471570028003010
2262.385,35.1497164,-89.95515999999999,ChIJcQb6ehiBf4gR-uA54eRPNq8,OK,142494,471570028003010
1416.686,35.1060329,-90.039159,ChIJ231bcjV81YcRQ1quDeYAd6M,OK,109806,471570056001006
1416.686,35.1060329,-90.039159,ChIJ231bcjV81YcRQ1quDeYAd6M,OK,109806,471570056001006
1771.385,35.095133,-90.05542799999999,ChIJATnUo0J81YcRpbAuNwXeqRw,OK,153895,471570056001006
2022.967,35.0854368,-89.89541919999999,ChIJf5cc-VKEf4gRF-lYLgijYQQ,OK,147418,471570093001020
2022.967,35.0854368,-89.89541919999999,ChIJf5cc-VKEf4gRF-lYLgijYQQ,OK,147418,471570093001020
3667.511,35.1145886,-89.90089789999999,ChIJKWmlFW6Ef4gR0YNISWQMkss,OK,236626,471570093001020
1577.132,35.183951,-89.93106899999999,ChIJWQ0EIo-Bf4gR6cuqlCcQuNw,OK,122604,471570089003035
1577.132,35.183951,-89.93106899999999,ChIJWQ0EIo-Bf4gR6cuqlCcQuNw,OK,122604,471570089003035
1577.371,35.1839382,-89.93104869999999,ChIJrQx5Io-Bf4gRSwDAaGIf4WE,OK,122647,471570089003035
2195.134,35.095133,-90.05542799999999,ChIJATnUo0J81YcRpbAuNwXeqRw,OK,195145,471570056002000
2195.134,35.095133,-90.05542799999999,ChIJATnUo0J81YcRpbAuNwXeqRw,OK,195145,471570056002000
2374.971,35.093591,-90.056624,ChIJgyVl92d81YcRhuRHHckl8Y4,OK,205105,471570056002000
1035.105,35.062945,-89.90568519999999,ChIJjxj9mL-Ff4gRoOEx9OzDyxs,OK,66297,471570106101043
1035.105,35.062945,-89.90568519999999,ChIJjxj9mL-Ff4gRoOEx9OzDyxs,OK,66297,471570106101043
1021.468,35.063996,-89.90690699999999,ChIJn51vcb-Ff4gRvoXU4r8swrw,OK,80447,471570106101043
820.608,35.167095,-89.950496,ChIJecYfJgmBf4gRJh-YY67U6V8,OK,47446,471570013001002
820.608,35.167095,-89.950496,ChIJecYfJgmBf4gRJh-YY67U6V8,OK,47446,471570013001002
1764.598,35.14981359999999,-89.94918609999999,ChIJVdGBGRaBf4gRsi89Rzqn8W4,OK,105865,471570013001002
741.891,35.00495799999999,-90.0276544,ChIJuXbrrfFi1YcR97C4vX-T9Zk,OK,67921,471570221213020
741.891,35.00495799999999,-90.0276544,ChIJuXbrrfFi1YcR97C4vX-T9Zk,OK,67921,471570221213020
2166.906,35.0225458,-90.0257415,ChIJnc94gMRi1YcRKYztFRuX2Yw,OK,155069,471570221213020
1046.893,35.00495799999999,-90.0276544,ChIJuXbrrfFi1YcR97C4vX-T9Zk,OK,94126,471570221211024
1046.893,35.00495799999999,-90.0276544,ChIJuXbrrfFi1YcR97C4vX-T9Zk,OK,94126,471570221211024
2316.435,35.021381,-90.020287,ChIJnVfwxMBi1YcR65EtGsZDcOY,OK,168343,471570221211024
1257.397,35.1738374,-89.98954379999999,ChIJ_S0BIGOAf4gRU3Ph4W65cOQ,OK,100330,471570007001018
1257.397,35.1738374,-89.98954379999999,ChIJ_S0BIGOAf4gRU3Ph4W65cOQ,OK,100330,471570007001018
2596.187,35.1507888,-89.977317,ChIJdVWrOuqAf4gR-V7s1E3qo7g,OK,171517,471570007001018
1717.484,35.17410499999999,-89.97575479999999,ChIJmfYTGFmAf4gRHGKCaD0qCtI,OK,103044,471570111001054
1717.484,35.17410499999999,-89.97575479999999,ChIJmfYTGFmAf4gRHGKCaD0qCtI,OK,103044,471570111001054
2467.294,35.167095,-89.950496,ChIJecYfJgmBf4gRJh-YY67U6V8,OK,141695,471570111001054
47.151,35.086634,-89.96355199999999,ChIJW0XU3AGHf4gRINnmxvx9m5A,OK,2611,471570081201007
47.151,35.086634,-89.96355199999999,ChIJW0XU3AGHf4gRINnmxvx9m5A,OK,2611,471570081201007
427.392,35.0904795,-89.96597299999999,ChIJHfaNmAOHf4gR1d8V2K9rfSU,OK,23670,471570081201007
3646.247,35.0543926,-90.0597009,ChIJT5TzUbl81YcRiPqNjkbj9CA,OK,233798,471570223105000
5242.834,35.0326981,-90.07589809999999,ChIJ9S1ljalk1YcRvuG-_hbpimA,OK,328240,471570223105000
5242.834,35.0326981,-90.07589809999999,ChIJ9S1ljalk1YcRvuG-_hbpimA,OK,328240,471570223105000
984.675,35.1507888,-89.977317,ChIJdVWrOuqAf4gR-V7s1E3qo7g,OK,91848,471570015001020
984.675,35.1507888,-89.977317,ChIJdVWrOuqAf4gR-V7s1E3qo7g,OK,91848,471570015001020
2051.551,35.1497164,-89.95515999999999,ChIJcQb6ehiBf4gR-uA54eRPNq8,OK,151118,471570015001020
2317.277,35.1497164,-89.95515999999999,ChIJcQb6ehiBf4gR-uA54eRPNq8,OK,159966,471570030002007
2317.277,35.1497164,-89.95515999999999,ChIJcQb6ehiBf4gR-uA54eRPNq8,OK,159966,471570030002007
2413.399,35.12545849999999,-89.97454169999999,ChIJoyT3HjOHf4gRS6EdHckmff8,OK,178026,471570030002007
1316.032,35.183951,-89.93106899999999,ChIJWQ0EIo-Bf4gR6cuqlCcQuNw,OK,115669,471570089003030
1316.032,35.183951,-89.93106899999999,ChIJWQ0EIo-Bf4gR6cuqlCcQuNw,OK,115669,471570089003030
1316.271,35.1839382,-89.93104869999999,ChIJrQx5Io-Bf4gRSwDAaGIf4WE,OK,115712,471570089003030
1392.504,35.00495799999999,-90.0276544,ChIJuXbrrfFi1YcR97C4vX-T9Zk,OK,123461,471570227002011
1392.504,35.00495799999999,-90.0276544,ChIJuXbrrfFi1YcR97C4vX-T9Zk,OK,123461,471570227002011
3187.368,35.0225458,-90.0257415,ChIJnc94gMRi1YcRKYztFRuX2Yw,OK,213380,471570227002011
2822.887,35.1738374,-89.98954379999999,ChIJ_S0BIGOAf4gRU3Ph4W65cOQ,OK,204271,471570004001015
2822.887,35.1738374,-89.98954379999999,ChIJ_S0BIGOAf4gRU3Ph4W65cOQ,OK,204271,471570004001015
4070.521,35.1490317,-90.0140679,ChIJw3q9_xV-1YcRqrte6yBn1CI,OK,254585,471570004001015
1611.486,35.107529,-89.9862127,ChIJ0WGfSUKHf4gRjDLrfGQwCV4,OK,119514,471570066001000
1611.486,35.107529,-89.9862127,ChIJ0WGfSUKHf4gRjDLrfGQwCV4,OK,119514,471570066001000
1925.482,35.109859,-89.99141100000001,ChIJs6JbpFyHf4gR9O01gG0a7fQ,OK,129564,471570066001000
10874.625,35.14868459999999,-89.7948203,ChIJ4w9Lr2qcf4gRHdzl9FciAFM,OK,648037,471570213511000
10874.625,35.14868459999999,-89.7948203,ChIJ4w9Lr2qcf4gRHdzl9FciAFM,OK,648037,471570213511000
11640.787,35.1546312,-89.79260459999999,ChIJ8UeuSEecf4gRniit7ubZLtM,OK,668736,471570213511000
1258.843,35.167095,-89.950496,ChIJecYfJgmBf4gRJh-YY67U6V8,OK,84854,471570011001007
1258.843,35.167095,-89.950496,ChIJecYfJgmBf4gRJh-YY67U6V8,OK,84854,471570011001007
2222.608,35.183951,-89.93106899999999,ChIJWQ0EIo-Bf4gR6cuqlCcQuNw,OK,156667,471570011001007
1217.755,35.167095,-89.950496,ChIJecYfJgmBf4gRJh-YY67U6V8,OK,88669,471570011001008
1217.755,35.167095,-89.950496,ChIJecYfJgmBf4gRJh-YY67U6V8,OK,88669,471570011001008
2341.448,35.183951,-89.93106899999999,ChIJWQ0EIo-Bf4gR6cuqlCcQuNw,OK,164548,471570011001008
1275.32,35.167095,-89.950496,ChIJecYfJgmBf4gRJh-YY67U6V8,OK,95577,471570011001009
1275.32,35.167095,-89.950496,ChIJecYfJgmBf4gRJh-YY67U6V8,OK,95577,471570011001009
2399.013,35.183951,-89.93106899999999,ChIJWQ0EIo-Bf4gR6cuqlCcQuNw,OK,171456,471570011001009
1682.482,35.167095,-89.950496,ChIJecYfJgmBf4gRJh-YY67U6V8,OK,133644,471570011001014
1682.482,35.167095,-89.950496,ChIJecYfJgmBf4gRJh-YY67U6V8,OK,133644,471570011001014
2284.812,35.1804299,-89.9263818,ChIJIfvtv4eBf4gRJLjVGBpAzmc,OK,161266,471570011001014
1552.969,35.1804299,-89.9263818,ChIJIfvtv4eBf4gRJLjVGBpAzmc,OK,134358,471570088003025
1552.969,35.1804299,-89.9263818,ChIJIfvtv4eBf4gRJLjVGBpAzmc,OK,134358,471570088003025
2202.797,35.183951,-89.93106899999999,ChIJWQ0EIo-Bf4gR6cuqlCcQuNw,OK,205936,471570088003025
1597.971,35.167095,-89.950496,ChIJecYfJgmBf4gRJh-YY67U6V8,OK,148336,471570011001016
1597.971,35.167095,-89.950496,ChIJecYfJgmBf4gRJh-YY67U6V8,OK,148336,471570011001016
2379.793,35.1804299,-89.9263818,ChIJIfvtv4eBf4gRJLjVGBpAzmc,OK,172664,471570011001016
1632.233,35.167095,-89.950496,ChIJecYfJgmBf4gRJh-YY67U6V8,OK,138406,471570011001012
1632.233,35.167095,-89.950496,ChIJecYfJgmBf4gRJh-YY67U6V8,OK,138406,471570011001012
2376.127,35.1804299,-89.9263818,ChIJIfvtv4eBf4gRJLjVGBpAzmc,OK,172224,471570011001012
2168.21,35.167095,-89.950496,ChIJecYfJgmBf4gRJh-YY67U6V8,OK,143280,471570011003001
2168.21,35.167095,-89.950496,ChIJecYfJgmBf4gRJh-YY67U6V8,OK,143280,471570011003001
2704.762,35.14981359999999,-89.94918609999999,ChIJVdGBGRaBf4gRsi89Rzqn8W4,OK,177254,471570011003001
1465.431,35.167095,-89.950496,ChIJecYfJgmBf4gRJh-YY67U6V8,OK,88128,471570012002004
1465.431,35.167095,-89.950496,ChIJecYfJgmBf4gRJh-YY67U6V8,OK,88128,471570012002004
1622.468,35.14981359999999,-89.94918609999999,ChIJVdGBGRaBf4gRsi89Rzqn8W4,OK,111742,471570012002004
2171.322,35.1804299,-89.9263818,ChIJIfvtv4eBf4gRJLjVGBpAzmc,OK,147648,471570011001017
2171.322,35.1804299,-89.9263818,ChIJIfvtv4eBf4gRJLjVGBpAzmc,OK,147648,471570011001017
2680.111,35.183951,-89.93106899999999,ChIJWQ0EIo-Bf4gR6cuqlCcQuNw,OK,191220,471570011001017
2074.692,35.1804299,-89.9263818,ChIJIfvtv4eBf4gRJLjVGBpAzmc,OK,139970,471570011001018
2074.692,35.1804299,-89.9263818,ChIJIfvtv4eBf4gRJLjVGBpAzmc,OK,139970,471570011001018
2746.68,35.183951,-89.93106899999999,ChIJWQ0EIo-Bf4gR6cuqlCcQuNw,OK,195292,471570011001018
2138.025,35.167095,-89.950496,ChIJecYfJgmBf4gRJh-YY67U6V8,OK,128574,471570012002000
2138.025,35.167095,-89.950496,ChIJecYfJgmBf4gRJh-YY67U6V8,OK,128574,471570012002000
2674.577,35.14981359999999,-89.94918609999999,ChIJVdGBGRaBf4gRsi89Rzqn8W4,OK,162548,471570012002000
1838.647,35.167095,-89.950496,ChIJecYfJgmBf4gRJh-YY67U6V8,OK,115893,471570012002001
1838.647,35.167095,-89.950496,ChIJecYfJgmBf4gRJh-YY67U6V8,OK,115893,471570012002001
2375.199,35.14981359999999,-89.94918609999999,ChIJVdGBGRaBf4gRsi89Rzqn8W4,OK,149867,471570012002001
2018.042,35.1804299,-89.9263818,ChIJIfvtv4eBf4gRJLjVGBpAzmc,OK,136480,471570088003026
2018.042,35.1804299,-89.9263818,ChIJIfvtv4eBf4gRJLjVGBpAzmc,OK,136480,471570088003026
2827.861,35.183951,-89.93106899999999,ChIJWQ0EIo-Bf4gR6cuqlCcQuNw,OK,201724,471570088003026
1369.438,35.1804299,-89.9263818,ChIJIfvtv4eBf4gRJLjVGBpAzmc,OK,112335,471570088003016
1369.438,35.1804299,-89.9263818,ChIJIfvtv4eBf4gRJLjVGBpAzmc,OK,112335,471570088003016
2325.552,35.183951,-89.93106899999999,ChIJWQ0EIo-Bf4gR6cuqlCcQuNw,OK,191424,471570088003016
1841.289,35.167095,-89.950496,ChIJecYfJgmBf4gRJh-YY67U6V8,OK,170468,471570011003000
1841.289,35.167095,-89.950496,ChIJecYfJgmBf4gRJh-YY67U6V8,OK,170468,471570011003000
2418.936,35.1804299,-89.9263818,ChIJIfvtv4eBf4gRJLjVGBpAzmc,OK,183178,471570011003000
2512.728,35.167095,-89.950496,ChIJecYfJgmBf4gRJh-YY67U6V8,OK,177093,471570011003012
2512.728,35.167095,-89.950496,ChIJecYfJgmBf4gRJh-YY67U6V8,OK,177093,471570011003012
2651.907,35.1804299,-89.9263818,ChIJIfvtv4eBf4gRJLjVGBpAzmc,OK,195470,471570011003012
2423.474,35.167095,-89.950496,ChIJecYfJgmBf4gRJh-YY67U6V8,OK,166383,471570011003011
2423.474,35.167095,-89.950496,ChIJecYfJgmBf4gRJh-YY67U6V8,OK,166383,471570011003011
3048.95,35.1804299,-89.9263818,ChIJIfvtv4eBf4gRJLjVGBpAzmc,OK,204046,471570011003011
2432.245,35.167095,-89.950496,ChIJecYfJgmBf4gRJh-YY67U6V8,OK,153393,471570011003010
2432.245,35.167095,-89.950496,ChIJecYfJgmBf4gRJh-YY67U6V8,OK,153393,471570011003010
2924.749,35.1804299,-89.9263818,ChIJIfvtv4eBf4gRJLjVGBpAzmc,OK,182639,471570011003010
2550.707,35.167095,-89.950496,ChIJecYfJgmBf4gRJh-YY67U6V8,OK,161107,471570088004012
2550.707,35.167095,-89.950496,ChIJecYfJgmBf4gRJh-YY67U6V8,OK,161107,471570088004012
2826.466,35.1804299,-89.9263818,ChIJIfvtv4eBf4gRJLjVGBpAzmc,OK,177349,471570088004012
2280.414,35.1804299,-89.9263818,ChIJIfvtv4eBf4gRJLjVGBpAzmc,OK,166556,471570088004003
2280.414,35.1804299,-89.9263818,ChIJIfvtv4eBf4gRJLjVGBpAzmc,OK,166556,471570088004003
2525.391,35.167095,-89.950496,ChIJecYfJgmBf4gRJh-YY67U6V8,OK,181591,471570088004003
2277.897,35.167095,-89.950496,ChIJecYfJgmBf4gRJh-YY67U6V8,OK,148915,471570011003009
2277.897,35.167095,-89.950496,ChIJecYfJgmBf4gRJh-YY67U6V8,OK,148915,471570011003009
2814.449,35.14981359999999,-89.94918609999999,ChIJVdGBGRaBf4gRsi89Rzqn8W4,OK,182889,471570011003009
2781.171,35.167095,-89.950496,ChIJecYfJgmBf4gRJh-YY67U6V8,OK,188761,471570012001004
2781.171,35.167095,-89.950496,ChIJecYfJgmBf4gRJh-YY67U6V8,OK,188761,471570012001004
2544.178,35.14859919999999,-89.91828060000002,ChIJRflgf-eDf4gRHX_XNYKER-s,OK,192072,471570012001004
726.702,35.0971,-89.9305344,ChIJRd53mZuGf4gRp0fETcD5Y3I,OK,84091,471570118001010
726.702,35.0971,-89.9305344,ChIJRd53mZuGf4gRp0fETcD5Y3I,OK,84091,471570118001010
787.509,35.0960067,-89.93138279999999,ChIJFfDYDZuGf4gR5IbqhV7MTAo,OK,90510,471570118001010
1222.238,35.0971,-89.9305344,ChIJRd53mZuGf4gRp0fETcD5Y3I,OK,89750,471570118004006
1222.238,35.0971,-89.9305344,ChIJRd53mZuGf4gRp0fETcD5Y3I,OK,89750,471570118004006
1416.169,35.0960067,-89.93138279999999,ChIJFfDYDZuGf4gR5IbqhV7MTAo,OK,103719,471570118004006
1081.676,35.0971,-89.9305344,ChIJRd53mZuGf4gRp0fETcD5Y3I,OK,72883,471570118002002
1081.676,35.0971,-89.9305344,ChIJRd53mZuGf4gRp0fETcD5Y3I,OK,72883,471570118002002
1275.607,35.0960067,-89.93138279999999,ChIJFfDYDZuGf4gR5IbqhV7MTAo,OK,86852,471570118002002
820.225,35.0971,-89.9305344,ChIJRd53mZuGf4gRp0fETcD5Y3I,OK,95314,471570118002003
820.225,35.0971,-89.9305344,ChIJRd53mZuGf4gRp0fETcD5Y3I,OK,95314,471570118002003
876.957,35.0960067,-89.93138279999999,ChIJFfDYDZuGf4gR5IbqhV7MTAo,OK,101243,471570118002003
1768.073,35.0971,-89.9305344,ChIJRd53mZuGf4gRp0fETcD5Y3I,OK,155249,471570118004011
1768.073,35.0971,-89.9305344,ChIJRd53mZuGf4gRp0fETcD5Y3I,OK,155249,471570118004011
1962.004,35.0960067,-89.93138279999999,ChIJFfDYDZuGf4gR5IbqhV7MTAo,OK,169218,471570118004011
1773.678,35.0971,-89.9305344,ChIJRd53mZuGf4gRp0fETcD5Y3I,OK,129709,471570118004016
1773.678,35.0971,-89.9305344,ChIJRd53mZuGf4gRp0fETcD5Y3I,OK,129709,471570118004016
1967.609,35.0960067,-89.93138279999999,ChIJFfDYDZuGf4gR5IbqhV7MTAo,OK,143678,471570118004016
1253.845,35.0971,-89.9305344,ChIJRd53mZuGf4gRp0fETcD5Y3I,OK,75226,471570118004012
1253.845,35.0971,-89.9305344,ChIJRd53mZuGf4gRp0fETcD5Y3I,OK,75226,471570118004012
1447.777,35.0960067,-89.93138279999999,ChIJFfDYDZuGf4gR5IbqhV7MTAo,OK,89195,471570118004012
1372.67,35.0971,-89.9305344,ChIJRd53mZuGf4gRp0fETcD5Y3I,OK,95249,471570118002000
1372.67,35.0971,-89.9305344,ChIJRd53mZuGf4gRp0fETcD5Y3I,OK,95249,471570118002000
1566.601,35.0960067,-89.93138279999999,ChIJFfDYDZuGf4gR5IbqhV7MTAo,OK,109218,471570118002000
1040.173,35.1060329,-90.039159,ChIJ231bcjV81YcRQ1quDeYAd6M,OK,80889,471570057001008
1040.173,35.1060329,-90.039159,ChIJ231bcjV81YcRQ1quDeYAd6M,OK,80889,471570057001008
1672.722,35.098685,-90.05664899999999,ChIJ31qwBkJ81YcRk2V5pdmdhrM,OK,105791,471570057001008
844.366,35.0612606,-89.88628629999999,ChIJAQ_I1gqFf4gRFrt5yQeAEps,OK,80151,471570107203005
844.366,35.0612606,-89.88628629999999,ChIJAQ_I1gqFf4gRFrt5yQeAEps,OK,80151,471570107203005
727.766,35.0632829,-89.88727279999999,ChIJvVoQ4QqFf4gRItXZGUDZ-Hc,OK,95578,471570107203005
990.555,35.0612606,-89.88628629999999,ChIJAQ_I1gqFf4gRFrt5yQeAEps,OK,73274,471570107203007
990.555,35.0612606,-89.88628629999999,ChIJAQ_I1gqFf4gRFrt5yQeAEps,OK,73274,471570107203007
1224.009,35.0632829,-89.88727279999999,ChIJvVoQ4QqFf4gRItXZGUDZ-Hc,OK,103854,471570107203007
1155.506,35.0612606,-89.88628629999999,ChIJAQ_I1gqFf4gRFrt5yQeAEps,OK,93068,471570107203008
1155.506,35.0612606,-89.88628629999999,ChIJAQ_I1gqFf4gRFrt5yQeAEps,OK,93068,471570107203008
931.963,35.0632829,-89.88727279999999,ChIJvVoQ4QqFf4gRItXZGUDZ-Hc,OK,120081,471570107203008
358.521,35.0612606,-89.88628629999999,ChIJAQ_I1gqFf4gRFrt5yQeAEps,OK,29150,471570107203011
358.521,35.0612606,-89.88628629999999,ChIJAQ_I1gqFf4gRFrt5yQeAEps,OK,29150,471570107203011
351.003,35.0632829,-89.88727279999999,ChIJvVoQ4QqFf4gRItXZGUDZ-Hc,OK,50617,471570107203011
280.507,35.0612606,-89.88628629999999,ChIJAQ_I1gqFf4gRFrt5yQeAEps,OK,24057,471570107203010
280.507,35.0612606,-89.88628629999999,ChIJAQ_I1gqFf4gRFrt5yQeAEps,OK,24057,471570107203010
405.111,35.0632829,-89.88727279999999,ChIJvVoQ4QqFf4gRItXZGUDZ-Hc,OK,52840,471570107203010
168.139,35.0612606,-89.88628629999999,ChIJAQ_I1gqFf4gRFrt5yQeAEps,OK,21671,471570108101006
168.139,35.0612606,-89.88628629999999,ChIJAQ_I1gqFf4gRFrt5yQeAEps,OK,21671,471570108101006
541.047,35.0632829,-89.88727279999999,ChIJvVoQ4QqFf4gRItXZGUDZ-Hc,OK,59971,471570108101006
22.399,35.0344414,-89.8319559,ChIJfcC9SguQf4gR_xf02Tpo1-w,OK,1240,471570217461000
22.399,35.0344414,-89.8319559,ChIJfcC9SguQf4gR_xf02Tpo1-w,OK,1240,471570217461000
1365.819,35.0220022,-89.82947999999999,ChIJxT9DeWuQf4gRf6HLF5uJHd0,OK,75640,471570217461000
681.165,35.0344414,-89.8319559,ChIJfcC9SguQf4gR_xf02Tpo1-w,OK,63635,471570217463011
681.165,35.0344414,-89.8319559,ChIJfcC9SguQf4gR_xf02Tpo1-w,OK,63635,471570217463011
3067.121,35.0493563,-89.83813929999999,ChIJjRQNzqSaf4gRxmNqB0YAYGM,OK,226515,471570217463011
698.148,35.0612606,-89.88628629999999,ChIJAQ_I1gqFf4gRFrt5yQeAEps,OK,51890,471570108202008
698.148,35.0612606,-89.88628629999999,ChIJAQ_I1gqFf4gRFrt5yQeAEps,OK,51890,471570108202008
721.601,35.0531879,-89.8855975,ChIJy5TuWnaFf4gRzUE1FqfjCIk,OK,56658,471570108202008
557.656,35.0612606,-89.88628629999999,ChIJAQ_I1gqFf4gRFrt5yQeAEps,OK,43151,471570108202003
557.656,35.0612606,-89.88628629999999,ChIJAQ_I1gqFf4gRFrt5yQeAEps,OK,43151,471570108202003
791.11,35.0632829,-89.88727279999999,ChIJvVoQ4QqFf4gRItXZGUDZ-Hc,OK,73731,471570108202003
984.046,35.0612606,-89.88628629999999,ChIJAQ_I1gqFf4gRFrt5yQeAEps,OK,78061,471570107201013
984.046,35.0612606,-89.88628629999999,ChIJAQ_I1gqFf4gRFrt5yQeAEps,OK,78061,471570107201013
1217.5,35.0632829,-89.88727279999999,ChIJvVoQ4QqFf4gRItXZGUDZ-Hc,OK,108641,471570107201013
577.088,35.0612606,-89.88628629999999,ChIJAQ_I1gqFf4gRFrt5yQeAEps,OK,55167,471570108202007
577.088,35.0612606,-89.88628629999999,ChIJAQ_I1gqFf4gRFrt5yQeAEps,OK,55167,471570108202007
993.58,35.0531879,-89.8855975,ChIJy5TuWnaFf4gRzUE1FqfjCIk,OK,81703,471570108202007
893.416,35.0612606,-89.88628629999999,ChIJAQ_I1gqFf4gRFrt5yQeAEps,OK,60536,471570108202006
893.416,35.0612606,-89.88628629999999,ChIJAQ_I1gqFf4gRFrt5yQeAEps,OK,60536,471570108202006
856.268,35.0508681,-89.88111619999999,ChIJ68PUi3CFf4gRLPYGzNKUdto,OK,64424,471570108202006
836.349,35.0508681,-89.88111619999999,ChIJ68PUi3CFf4gRLPYGzNKUdto,OK,72907,471570108203006
1258.523,35.1490317,-90.0140679,ChIJw3q9_xV-1YcRqrte6yBn1CI,OK,82863,471570112002010
1258.523,35.1490317,-90.0140679,ChIJw3q9_xV-1YcRqrte6yBn1CI,OK,82863,471570112002010
1980.761,35.1444038,-90.0168571,ChIJufYEjhR-1YcREff46W6Lons,OK,130216,471570112002010
1015.389,35.220637,-89.892425,ChIJiZ78r4Z4f4gRyy0DWRWI7n0,OK,67133,471570205324015
1015.389,35.220637,-89.892425,ChIJiZ78r4Z4f4gRyy0DWRWI7n0,OK,67133,471570205324015
1986.145,35.223866,-89.90499,ChIJJRXCRJh4f4gRcTFbl9qZzNM,OK,146079,471570205324015
1325.805,35.1490317,-90.0140679,ChIJw3q9_xV-1YcRqrte6yBn1CI,OK,79532,471570017002008
1325.805,35.1490317,-90.0140679,ChIJw3q9_xV-1YcRqrte6yBn1CI,OK,79532,471570017002008
2048.043,35.1444038,-90.0168571,ChIJufYEjhR-1YcREff46W6Lons,OK,126885,471570017002008
1262.754,35.220637,-89.892425,ChIJiZ78r4Z4f4gRyy0DWRWI7n0,OK,118584,471570205324011
1262.754,35.220637,-89.892425,ChIJiZ78r4Z4f4gRyy0DWRWI7n0,OK,118584,471570205324011
1084.592,35.223866,-89.90499,ChIJJRXCRJh4f4gRcTFbl9qZzNM,OK,121522,471570205324011
2165.818,35.1490317,-90.0140679,ChIJw3q9_xV-1YcRqrte6yBn1CI,OK,123846,471570019001012
2165.818,35.1490317,-90.0140679,ChIJw3q9_xV-1YcRqrte6yBn1CI,OK,123846,471570019001012
2888.056,35.1444038,-90.0168571,ChIJufYEjhR-1YcREff46W6Lons,OK,171199,471570019001012
985.819,35.220637,-89.892425,ChIJiZ78r4Z4f4gRyy0DWRWI7n0,OK,63584,471570205324014
985.819,35.220637,-89.892425,ChIJiZ78r4Z4f4gRyy0DWRWI7n0,OK,63584,471570205324014
1956.574,35.223866,-89.90499,ChIJJRXCRJh4f4gRcTFbl9qZzNM,OK,142530,471570205324014
3287.32,35.1444038,-90.0168571,ChIJufYEjhR-1YcREff46W6Lons,OK,187682,471570025001003
3287.32,35.1444038,-90.0168571,ChIJufYEjhR-1YcREff46W6Lons,OK,187682,471570025001003
3739.464,35.1490317,-90.0140679,ChIJw3q9_xV-1YcRqrte6yBn1CI,OK,210788,471570025001003
819.837,35.02099699999999,-89.93544,ChIJW6hY3LmIf4gRWjIeu9tMgvU,OK,71888,471570219001012
819.837,35.02099699999999,-89.93544,ChIJW6hY3LmIf4gRWjIeu9tMgvU,OK,71888,471570219001012
1206.883,35.015991,-89.935953,ChIJSSHzkseIf4gRnqbOP98HojY,OK,93322,471570219001012
1460.65,35.1490317,-90.0140679,ChIJw3q9_xV-1YcRqrte6yBn1CI,OK,86113,471570025001014
1460.65,35.1490317,-90.0140679,ChIJw3q9_xV-1YcRqrte6yBn1CI,OK,86113,471570025001014
2182.888,35.1444038,-90.0168571,ChIJufYEjhR-1YcREff46W6Lons,OK,133466,471570025001014
2560.426,35.1738374,-89.98954379999999,ChIJ_S0BIGOAf4gRU3Ph4W65cOQ,OK,172778,471570004001018
2560.426,35.1738374,-89.98954379999999,ChIJ_S0BIGOAf4gRU3Ph4W65cOQ,OK,172778,471570004001018
3866.462,35.1490317,-90.0140679,ChIJw3q9_xV-1YcRqrte6yBn1CI,OK,232939,471570004001018
2297.288,35.1490317,-90.0140679,ChIJw3q9_xV-1YcRqrte6yBn1CI,OK,130131,471570024001000
2297.288,35.1490317,-90.0140679,ChIJw3q9_xV-1YcRqrte6yBn1CI,OK,130131,471570024001000
3019.526,35.1444038,-90.0168571,ChIJufYEjhR-1YcREff46W6Lons,OK,177484,471570024001000
177.788,35.167095,-89.950496,ChIJecYfJgmBf4gRJh-YY67U6V8,OK,10785,471570111001047
177.788,35.167095,-89.950496,ChIJecYfJgmBf4gRJh-YY67U6V8,OK,10785,471570111001047
2639.819,35.14981359999999,-89.94918609999999,ChIJVdGBGRaBf4gRsi89Rzqn8W4,OK,156270,471570111001047
1274.872,35.1490317,-90.0140679,ChIJw3q9_xV-1YcRqrte6yBn1CI,OK,86946,471570025001027
1274.872,35.1490317,-90.0140679,ChIJw3q9_xV-1YcRqrte6yBn1CI,OK,86946,471570025001027
1997.11,35.1444038,-90.0168571,ChIJufYEjhR-1YcREff46W6Lons,OK,134299,471570025001027
4360.347,35.1490317,-90.0140679,ChIJw3q9_xV-1YcRqrte6yBn1CI,OK,268752,471570003001022
4360.347,35.1490317,-90.0140679,ChIJw3q9_xV-1YcRqrte6yBn1CI,OK,268752,471570003001022
4831.293,35.1439641,-90.0517892,ChIJL-0zBZR-1YcRj7p5p1WY4-g,OK,278172,471570003001022
492.103,35.1490317,-90.0140679,ChIJw3q9_xV-1YcRqrte6yBn1CI,OK,52056,471570025001042
492.103,35.1490317,-90.0140679,ChIJw3q9_xV-1YcRqrte6yBn1CI,OK,52056,471570025001042
1214.341,35.1444038,-90.0168571,ChIJufYEjhR-1YcREff46W6Lons,OK,99409,471570025001042
913.461,35.1507888,-89.977317,ChIJdVWrOuqAf4gR-V7s1E3qo7g,OK,51549,471570016001018
913.461,35.1507888,-89.977317,ChIJdVWrOuqAf4gR-V7s1E3qo7g,OK,51549,471570016001018
2777.845,35.13418100000001,-89.98599,ChIJnf1_yraAf4gR9pQmD7CXhgg,OK,150418,471570016001018
1100.886,35.1490317,-90.0140679,ChIJw3q9_xV-1YcRqrte6yBn1CI,OK,78849,471570025001047
1100.886,35.1490317,-90.0140679,ChIJw3q9_xV-1YcRqrte6yBn1CI,OK,78849,471570025001047
1823.123,35.1444038,-90.0168571,ChIJufYEjhR-1YcREff46W6Lons,OK,126202,471570025001047
576.17,35.13418100000001,-89.98599,ChIJnf1_yraAf4gR9pQmD7CXhgg,OK,35709,471570031002015
576.17,35.13418100000001,-89.98599,ChIJnf1_yraAf4gR9pQmD7CXhgg,OK,35709,471570031002015
927.893,35.13779299999999,-89.99118349999999,ChIJUQlZ-K-Af4gRkRKK62-ap5w,OK,71413,471570031002015
1326.246,35.0461089,-89.7947008,ChIJaZI6O3Oaf4gRqa_eh0DNj_s,OK,73446,471570213423052
1326.246,35.0461089,-89.7947008,ChIJaZI6O3Oaf4gRqa_eh0DNj_s,OK,73446,471570213423052
1444.251,35.045091,-89.795412,ChIJVelsQnOaf4gRECqTW7fq-dY,OK,79981,471570213423052
1274.973,35.1490317,-90.0140679,ChIJw3q9_xV-1YcRqrte6yBn1CI,OK,86958,471570025001015
1274.973,35.1490317,-90.0140679,ChIJw3q9_xV-1YcRqrte6yBn1CI,OK,86958,471570025001015
1997.211,35.1444038,-90.0168571,ChIJufYEjhR-1YcREff46W6Lons,OK,134311,471570025001015
1356.402,35.1161637,-89.9446263,ChIJ-ZiED8iGf4gR32IlfgDBKWY,OK,96395,471570073001012
1356.402,35.1161637,-89.9446263,ChIJ-ZiED8iGf4gR32IlfgDBKWY,OK,96395,471570073001012
2652.913,35.108097,-89.941227,ChIJwxJT-r6Gf4gRhLDuFpyb128,OK,170361,471570073001012
1094.294,35.1490317,-90.0140679,ChIJw3q9_xV-1YcRqrte6yBn1CI,OK,78058,471570025001026
1094.294,35.1490317,-90.0140679,ChIJw3q9_xV-1YcRqrte6yBn1CI,OK,78058,471570025001026
1816.531,35.1444038,-90.0168571,ChIJufYEjhR-1YcREff46W6Lons,OK,125411,471570025001026
1456.159,35.1251709,-90.0481695,ChIJybIJtCd81YcR9Otxws-5qCM,OK,86119,471570043001064
1456.159,35.1251709,-90.0481695,ChIJybIJtCd81YcR9Otxws-5qCM,OK,86119,471570043001064
1457.974,35.125222,-90.048147,ChIJ9cKdtid81YcRKs9h6RjzQzw,OK,86220,471570043001064
2457.249,35.04677619999999,-89.8859339,ChIJycTJ_niFf4gR5esliSzp17E,OK,192679,471570226002024
2457.249,35.04677619999999,-89.8859339,ChIJycTJ_niFf4gR5esliSzp17E,OK,192679,471570226002024
3197.162,35.0531879,-89.8855975,ChIJy5TuWnaFf4gRzUE1FqfjCIk,OK,242010,471570226002024
2835.235,35.1546312,-89.79260459999999,ChIJ8UeuSEecf4gRniit7ubZLtM,OK,210124,471570211374026
2835.235,35.1546312,-89.79260459999999,ChIJ8UeuSEecf4gRniit7ubZLtM,OK,210124,471570211374026
2618.296,35.14868459999999,-89.7948203,ChIJ4w9Lr2qcf4gRHdzl9FciAFM,OK,217175,471570211374026
3292.053,35.0461089,-89.7947008,ChIJaZI6O3Oaf4gRqa_eh0DNj_s,OK,209098,471570213424022
3292.053,35.0461089,-89.7947008,ChIJaZI6O3Oaf4gRqa_eh0DNj_s,OK,209098,471570213424022
3410.058,35.045091,-89.795412,ChIJVelsQnOaf4gRECqTW7fq-dY,OK,215633,471570213424022
3084.018,35.156962,-89.88851749999999,ChIJaVmJmQmDf4gR3ZGZP7kcoeo,OK,159478,471570206101038
3084.018,35.156962,-89.88851749999999,ChIJaVmJmQmDf4gR3ZGZP7kcoeo,OK,159478,471570206101038
3468.41,35.1913738,-89.8964247,ChIJwQffFF2Cf4gRzaR3rfvt3f4,OK,193721,471570206101038
1599.955,35.16339899999999,-89.855841,ChIJA_xfkC6Df4gRAjVZwLz1jqA,OK,125366,471570211223009
1599.955,35.16339899999999,-89.855841,ChIJA_xfkC6Df4gRAjVZwLz1jqA,OK,125366,471570211223009
1675.11,35.1623785,-89.8566175,ChIJXQHWWS6Df4gRqhH5EQ9H1j0,OK,134331,471570211223009
1590.203,35.1507888,-89.977317,ChIJdVWrOuqAf4gR-V7s1E3qo7g,OK,90719,471570009003018
1590.203,35.1507888,-89.977317,ChIJdVWrOuqAf4gR-V7s1E3qo7g,OK,90719,471570009003018
2225.608,35.1738374,-89.98954379999999,ChIJ_S0BIGOAf4gRU3Ph4W65cOQ,OK,153589,471570009003018
97.262,35.0490562,-89.84441600000001,ChIJCUulJK6af4gR7vOP_qSrYdM,OK,17504,471570217321019
97.262,35.0490562,-89.84441600000001,ChIJCUulJK6af4gR7vOP_qSrYdM,OK,17504,471570217321019
454.853,35.049031,-89.841437,ChIJt6vl46-af4gRvoN8Yvkmx9A,OK,42508,471570217321019
2319.56,35.16339899999999,-89.855841,ChIJA_xfkC6Df4gRAjVZwLz1jqA,OK,164703,471570211113002
2319.56,35.16339899999999,-89.855841,ChIJA_xfkC6Df4gRAjVZwLz1jqA,OK,164703,471570211113002
2392.943,35.1623785,-89.8566175,ChIJXQHWWS6Df4gRqhH5EQ9H1j0,OK,173562,471570211113002
451.101,35.0220022,-89.82947999999999,ChIJxT9DeWuQf4gRf6HLF5uJHd0,OK,24983,471570217472000
451.101,35.0220022,-89.82947999999999,ChIJxT9DeWuQf4gRf6HLF5uJHd0,OK,24983,471570217472000
1188.587,35.0344414,-89.8319559,ChIJfcC9SguQf4gR_xf02Tpo1-w,OK,66869,471570217472000
2214.503,35.0461089,-89.7947008,ChIJaZI6O3Oaf4gRqa_eh0DNj_s,OK,139155,471570213423045
2214.503,35.0461089,-89.7947008,ChIJaZI6O3Oaf4gRqa_eh0DNj_s,OK,139155,471570213423045
2332.508,35.045091,-89.795412,ChIJVelsQnOaf4gRECqTW7fq-dY,OK,145690,471570213423045
4968.945,35.1439641,-90.0517892,ChIJL-0zBZR-1YcRj7p5p1WY4-g,OK,383729,471570001001027
4968.945,35.1439641,-90.0517892,ChIJL-0zBZR-1YcRj7p5p1WY4-g,OK,383729,471570001001027
5177.861,35.1450994,-90.0538646,ChIJne6_s5V-1YcRn_LPaqiwhrk,OK,389183,471570001001027
296.474,35.0643218,-89.9923063,ChIJb3DQuo2Hf4gRC8UI6d4pa68,OK,36350,471570225001121
296.474,35.0643218,-89.9923063,ChIJb3DQuo2Hf4gRC8UI6d4pa68,OK,36350,471570225001121
2194.707,35.05407199999999,-90.00125899999999,ChIJIzdhk1h91YcRZT7cBcBslaM,OK,121543,471570225001121
2236.511,35.0643218,-89.9923063,ChIJb3DQuo2Hf4gRC8UI6d4pa68,OK,178140,471570225001005
2236.511,35.0643218,-89.9923063,ChIJb3DQuo2Hf4gRC8UI6d4pa68,OK,178140,471570225001005
4134.744,35.05407199999999,-90.00125899999999,ChIJIzdhk1h91YcRZT7cBcBslaM,OK,263333,471570225001005
185.321,35.049031,-89.841437,ChIJt6vl46-af4gRvoN8Yvkmx9A,OK,33355,471570217462001
185.321,35.049031,-89.841437,ChIJt6vl46-af4gRvoN8Yvkmx9A,OK,33355,471570217462001
272.23,35.0490562,-89.84441600000001,ChIJCUulJK6af4gR7vOP_qSrYdM,OK,40112,471570217462001
960.134,35.1145886,-89.90089789999999,ChIJKWmlFW6Ef4gR0YNISWQMkss,OK,107850,471570093001008
960.134,35.1145886,-89.90089789999999,ChIJKWmlFW6Ef4gR0YNISWQMkss,OK,107850,471570093001008
1777.902,35.1153996,-89.89414069999999,ChIJCb4NOWWEf4gR79YlPQoocW4,OK,164083,471570093001008
2058.334,35.2045576,-89.81176689999999,ChIJ8ROix4Kdf4gR4Su-1OwAUMo,OK,115088,471570211123027
2058.334,35.2045576,-89.81176689999999,ChIJ8ROix4Kdf4gR4Su-1OwAUMo,OK,115088,471570211123027
2849.251,35.19067459999999,-89.8489943,ChIJ364PGjWdf4gRKbsrGLq8_XQ,OK,158885,471570211123027
2023.373,35.0461089,-89.7947008,ChIJaZI6O3Oaf4gRqa_eh0DNj_s,OK,113295,471570213423009
2023.373,35.0461089,-89.7947008,ChIJaZI6O3Oaf4gRqa_eh0DNj_s,OK,113295,471570213423009
2141.378,35.045091,-89.795412,ChIJVelsQnOaf4gRECqTW7fq-dY,OK,119830,471570213423009
956.349,35.2023757,-89.9218691,ChIJvw7rwByCf4gRrAscHKjp1Iw,OK,76282,471570205421000
956.349,35.2023757,-89.9218691,ChIJvw7rwByCf4gRrAscHKjp1Iw,OK,76282,471570205421000
1122.43,35.210167,-89.919383,ChIJi0gqlgaCf4gRjUvfmHxGMyw,OK,104733,471570205421000
1570.133,35.04677619999999,-89.8859339,ChIJycTJ_niFf4gR5esliSzp17E,OK,88076,471570217311030
1570.133,35.04677619999999,-89.8859339,ChIJycTJ_niFf4gR5esliSzp17E,OK,88076,471570217311030
2488.635,35.0508681,-89.88111619999999,ChIJ68PUi3CFf4gRLPYGzNKUdto,OK,143089,471570217311030
746.782,35.0326981,-90.07589809999999,ChIJ9S1ljalk1YcRvuG-_hbpimA,OK,43040,471570223224008
746.782,35.0326981,-90.07589809999999,ChIJ9S1ljalk1YcRvuG-_hbpimA,OK,43040,471570223224008
1547.854,35.02753099999999,-90.082077,ChIJK66rdetk1YcRwwxI9gDREks,OK,87406,471570223224008
6319.942,35.14868459999999,-89.7948203,ChIJ4w9Lr2qcf4gRHdzl9FciAFM,OK,404892,471570211381033
6319.942,35.14868459999999,-89.7948203,ChIJ4w9Lr2qcf4gRHdzl9FciAFM,OK,404892,471570211381033
7086.104,35.1546312,-89.79260459999999,ChIJ8UeuSEecf4gRniit7ubZLtM,OK,425591,471570211381033
7951.071,35.1503395,-89.89321,ChIJRaSiF6KDf4gRNIqqt1VnH58,OK,440161,471570092003006
7960.915,35.156962,-89.88851749999999,ChIJaVmJmQmDf4gR3ZGZP7kcoeo,OK,449636,471570092003006
7960.915,35.156962,-89.88851749999999,ChIJaVmJmQmDf4gR3ZGZP7kcoeo,OK,449636,471570092003006
1076.347,35.02099699999999,-89.93544,ChIJW6hY3LmIf4gRWjIeu9tMgvU,OK,71073,471570226001117
2538.06,35.0326981,-90.07589809999999,ChIJ9S1ljalk1YcRvuG-_hbpimA,OK,181107,471570223103009
2538.06,35.0326981,-90.07589809999999,ChIJ9S1ljalk1YcRvuG-_hbpimA,OK,181107,471570223103009
2925.439,35.0543926,-90.0597009,ChIJT5TzUbl81YcRiPqNjkbj9CA,OK,206020,471570223103009
667.928,35.0326981,-90.07589809999999,ChIJ9S1ljalk1YcRvuG-_hbpimA,OK,66330,471570223302001
667.928,35.0326981,-90.07589809999999,ChIJ9S1ljalk1YcRvuG-_hbpimA,OK,66330,471570223302001
942.444,35.02753099999999,-90.082077,ChIJK66rdetk1YcRwwxI9gDREks,OK,81390,471570223302001
1774.264,35.0543926,-90.0597009,ChIJT5TzUbl81YcRiPqNjkbj9CA,OK,136530,471570223102005
1774.264,35.0543926,-90.0597009,ChIJT5TzUbl81YcRiPqNjkbj9CA,OK,136530,471570223102005
2355.619,35.06128,-90.05978399999999,ChIJm06f8ZV81YcRTjzAsJPcBKY,OK,168727,471570223102005
1575.472,35.0543926,-90.0597009,ChIJT5TzUbl81YcRiPqNjkbj9CA,OK,126600,471570223102008
1575.472,35.0543926,-90.0597009,ChIJT5TzUbl81YcRiPqNjkbj9CA,OK,126600,471570223102008
2156.828,35.06128,-90.05978399999999,ChIJm06f8ZV81YcRTjzAsJPcBKY,OK,158797,471570223102008
503.558,35.061362,-90.05986399999999,ChIJL_Gh8ZV81YcRDlMHRKqR_IA,OK,60426,471570222205002
503.558,35.061362,-90.05986399999999,ChIJL_Gh8ZV81YcRDlMHRKqR_IA,OK,60426,471570222205002
592.74,35.06128,-90.05978399999999,ChIJm06f8ZV81YcRTjzAsJPcBKY,OK,68240,471570222205002
1323.753,35.06128,-90.05978399999999,ChIJm06f8ZV81YcRTjzAsJPcBKY,OK,99945,471570222201009
1323.753,35.06128,-90.05978399999999,ChIJm06f8ZV81YcRTjzAsJPcBKY,OK,99945,471570222201009
850.349,35.061362,-90.05986399999999,ChIJL_Gh8ZV81YcRDlMHRKqR_IA,OK,102041,471570222201009
974.186,35.0543926,-90.0597009,ChIJT5TzUbl81YcRiPqNjkbj9CA,OK,67024,471570222205013
974.186,35.0543926,-90.0597009,ChIJT5TzUbl81YcRiPqNjkbj9CA,OK,67024,471570222205013
1555.542,35.06128,-90.05978399999999,ChIJm06f8ZV81YcRTjzAsJPcBKY,OK,99221,471570222205013
403.249,35.06128,-90.05978399999999,ChIJm06f8ZV81YcRTjzAsJPcBKY,OK,35043,471570222205000
403.249,35.06128,-90.05978399999999,ChIJm06f8ZV81YcRTjzAsJPcBKY,OK,35043,471570222205000
403.07,35.061362,-90.05986399999999,ChIJL_Gh8ZV81YcRDlMHRKqR_IA,OK,37909,471570222205000
145.635,35.061362,-90.05986399999999,ChIJL_Gh8ZV81YcRDlMHRKqR_IA,OK,17476,471570222205003
145.635,35.061362,-90.05986399999999,ChIJL_Gh8ZV81YcRDlMHRKqR_IA,OK,17476,471570222205003
234.816,35.06128,-90.05978399999999,ChIJm06f8ZV81YcRTjzAsJPcBKY,OK,25290,471570222205003
1002.183,35.0543926,-90.0597009,ChIJT5TzUbl81YcRiPqNjkbj9CA,OK,83357,471570222205006
910.613,35.06128,-90.05978399999999,ChIJm06f8ZV81YcRTjzAsJPcBKY,OK,95327,471570222205006
910.613,35.06128,-90.05978399999999,ChIJm06f8ZV81YcRTjzAsJPcBKY,OK,95327,471570222205006
264.444,35.06128,-90.05978399999999,ChIJm06f8ZV81YcRTjzAsJPcBKY,OK,26893,471570222205004
264.444,35.06128,-90.05978399999999,ChIJm06f8ZV81YcRTjzAsJPcBKY,OK,26893,471570222205004
353.625,35.061362,-90.05986399999999,ChIJL_Gh8ZV81YcRDlMHRKqR_IA,OK,34708,471570222205004
758.508,35.06128,-90.05978399999999,ChIJm06f8ZV81YcRTjzAsJPcBKY,OK,42840,471570222201010
758.508,35.06128,-90.05978399999999,ChIJm06f8ZV81YcRTjzAsJPcBKY,OK,42840,471570222201010
758.33,35.061362,-90.05986399999999,ChIJL_Gh8ZV81YcRDlMHRKqR_IA,OK,45706,471570222201010
503.832,35.06128,-90.05978399999999,ChIJm06f8ZV81YcRTjzAsJPcBKY,OK,35257,471570225001107
503.832,35.06128,-90.05978399999999,ChIJm06f8ZV81YcRTjzAsJPcBKY,OK,35257,471570225001107
503.653,35.061362,-90.05986399999999,ChIJL_Gh8ZV81YcRDlMHRKqR_IA,OK,38123,471570225001107
348.759,35.06128,-90.05978399999999,ChIJm06f8ZV81YcRTjzAsJPcBKY,OK,27905,471570225001116
348.759,35.06128,-90.05978399999999,ChIJm06f8ZV81YcRTjzAsJPcBKY,OK,27905,471570225001116
437.94,35.061362,-90.05986399999999,ChIJL_Gh8ZV81YcRDlMHRKqR_IA,OK,35720,471570225001116
695.188,35.0543926,-90.0597009,ChIJT5TzUbl81YcRiPqNjkbj9CA,OK,63915,471570222205012
1276.544,35.06128,-90.05978399999999,ChIJm06f8ZV81YcRTjzAsJPcBKY,OK,96112,471570222205012
1276.544,35.06128,-90.05978399999999,ChIJm06f8ZV81YcRTjzAsJPcBKY,OK,96112,471570222205012
817.269,35.0543926,-90.0597009,ChIJT5TzUbl81YcRiPqNjkbj9CA,OK,72492,471570222205015
817.269,35.0543926,-90.0597009,ChIJT5TzUbl81YcRiPqNjkbj9CA,OK,72492,471570222205015
817.239,35.06128,-90.05978399999999,ChIJm06f8ZV81YcRTjzAsJPcBKY,OK,84123,471570222205015
844.78,35.0543926,-90.0597009,ChIJT5TzUbl81YcRiPqNjkbj9CA,OK,75793,471570222205014
844.78,35.0543926,-90.0597009,ChIJT5TzUbl81YcRiPqNjkbj9CA,OK,75793,471570222205014
844.75,35.06128,-90.05978399999999,ChIJm06f8ZV81YcRTjzAsJPcBKY,OK,87424,471570222205014
966.346,35.17410499999999,-89.97575479999999,ChIJmfYTGFmAf4gRHGKCaD0qCtI,OK,65441,471570009001006
966.346,35.17410499999999,-89.97575479999999,ChIJmfYTGFmAf4gRHGKCaD0qCtI,OK,65441,471570009001006
1947.183,35.1507888,-89.977317,ChIJdVWrOuqAf4gR-V7s1E3qo7g,OK,124293,471570009001006
1561.6,35.1507888,-89.977317,ChIJdVWrOuqAf4gR-V7s1E3qo7g,OK,112457,471570009003011
1561.6,35.1507888,-89.977317,ChIJdVWrOuqAf4gR-V7s1E3qo7g,OK,112457,471570009003011
1782.613,35.17410499999999,-89.97575479999999,ChIJmfYTGFmAf4gRHGKCaD0qCtI,OK,141296,471570009003011
1724.214,35.1507888,-89.977317,ChIJdVWrOuqAf4gR-V7s1E3qo7g,OK,125796,471570009003006
1724.214,35.1507888,-89.977317,ChIJdVWrOuqAf4gR-V7s1E3qo7g,OK,125796,471570009003006
1753.585,35.17410499999999,-89.97575479999999,ChIJmfYTGFmAf4gRHGKCaD0qCtI,OK,137813,471570009003006
1089.601,35.17410499999999,-89.97575479999999,ChIJmfYTGFmAf4gRHGKCaD0qCtI,OK,69185,471570009003000
1089.601,35.17410499999999,-89.97575479999999,ChIJmfYTGFmAf4gRHGKCaD0qCtI,OK,69185,471570009003000
1702.238,35.1507888,-89.977317,ChIJdVWrOuqAf4gR-V7s1E3qo7g,OK,105947,471570009003000
875.418,35.17410499999999,-89.97575479999999,ChIJmfYTGFmAf4gRHGKCaD0qCtI,OK,60069,471570009001005
875.418,35.17410499999999,-89.97575479999999,ChIJmfYTGFmAf4gRHGKCaD0qCtI,OK,60069,471570009001005
2040.845,35.1507888,-89.977317,ChIJdVWrOuqAf4gR-V7s1E3qo7g,OK,129993,471570009001005
698.587,35.05905920000001,-89.9340455,ChIJM89Mbw2Gf4gRFqf4fPnKU7k,OK,45760,471570105001019
698.587,35.05905920000001,-89.9340455,ChIJM89Mbw2Gf4gRFqf4fPnKU7k,OK,45760,471570105001019
872.487,35.06591589999999,-89.94154240000002,ChIJTUcfL2qGf4gRH4x-pmmajWw,OK,66039,471570105001019
1750.867,35.2337782,-89.9252472,ChIJra3pLkt_f4gRjZbqnHrruIM,OK,142010,471570205311018
1750.867,35.2337782,-89.9252472,ChIJra3pLkt_f4gRjZbqnHrruIM,OK,142010,471570205311018
5259.168,35.223866,-89.90499,ChIJJRXCRJh4f4gRcTFbl9qZzNM,OK,371966,471570205311018
3456.837,35.086634,-89.96355199999999,ChIJW0XU3AGHf4gRINnmxvx9m5A,OK,296201,471579801001013
3456.837,35.086634,-89.96355199999999,ChIJW0XU3AGHf4gRINnmxvx9m5A,OK,296201,471579801001013
3931.38,35.0904795,-89.96597299999999,ChIJHfaNmAOHf4gR1d8V2K9rfSU,OK,322482,471579801001013
972.794,35.086634,-89.96355199999999,ChIJW0XU3AGHf4gRINnmxvx9m5A,OK,101654,471570081203008
972.794,35.086634,-89.96355199999999,ChIJW0XU3AGHf4gRINnmxvx9m5A,OK,101654,471570081203008
1447.336,35.0904795,-89.96597299999999,ChIJHfaNmAOHf4gR1d8V2K9rfSU,OK,127935,471570081203008
1196.663,35.0643218,-89.9923063,ChIJb3DQuo2Hf4gRC8UI6d4pa68,OK,99795,471570225001075
1196.663,35.0643218,-89.9923063,ChIJb3DQuo2Hf4gRC8UI6d4pa68,OK,99795,471570225001075
3094.897,35.05407199999999,-90.00125899999999,ChIJIzdhk1h91YcRZT7cBcBslaM,OK,184988,471570225001075
4771.153,35.0757114,-89.9271675,ChIJ-d7FIHmGf4gR6Aa1VQWm0ps,OK,261032,471570082005007
4771.153,35.0757114,-89.9271675,ChIJ-d7FIHmGf4gR6Aa1VQWm0ps,OK,261032,471570082005007
5679.627,35.0878609,-89.931612,ChIJ78kLm4aGf4gRhPZ5eF_7ojg,OK,284128,471570082005007
3081.486,35.104197,-89.98335349999999,ChIJNST6hGqHf4gR0Mml4gyjQWk,OK,216926,471570078101033
3081.486,35.104197,-89.98335349999999,ChIJNST6hGqHf4gR0Mml4gyjQWk,OK,216926,471570078101033
3194.484,35.107529,-89.9862127,ChIJ0WGfSUKHf4gRjDLrfGQwCV4,OK,228047,471570078101033
808.942,35.0515544,-89.92255089999999,ChIJG_UFGuOFf4gRyHNDzwp5is0,OK,66214,471570106303006
808.942,35.0515544,-89.92255089999999,ChIJG_UFGuOFf4gRyHNDzwp5is0,OK,66214,471570106303006
1391.763,35.0515568,-89.90630259999999,ChIJrU8jyZKFf4gRubg1AIyELWY,OK,105382,471570106303006
2952.831,34.999309,-90.118577,ChIJ9TRIjgZl1YcR3fm2jM14AHY,OK,257775,471570224105016
2952.831,34.999309,-90.118577,ChIJ9TRIjgZl1YcR3fm2jM14AHY,OK,257775,471570224105016
3997.254,35.02753099999999,-90.082077,ChIJK66rdetk1YcRwwxI9gDREks,OK,326801,471570224105016
876.223,35.00495799999999,-90.0276544,ChIJuXbrrfFi1YcR97C4vX-T9Zk,OK,74278,471570221304009
876.223,35.00495799999999,-90.0276544,ChIJuXbrrfFi1YcR97C4vX-T9Zk,OK,74278,471570221304009
2492.443,34.99227370000001,-90.0232297,ChIJY7HkKF9i1YcRjKJ-3GH9XsM,OK,154304,471570221304009
317.153,35.0225458,-90.0257415,ChIJnc94gMRi1YcRKYztFRuX2Yw,OK,22273,471570221211009
317.153,35.0225458,-90.0257415,ChIJnc94gMRi1YcRKYztFRuX2Yw,OK,22273,471570221211009
526.6,35.021381,-90.020287,ChIJnVfwxMBi1YcR65EtGsZDcOY,OK,39967,471570221211009
1318.866,35.0068452,-90.00681259999999,ChIJz3G0Jpti1YcRMCYWHOflqrA,OK,95519,471570221222007
1318.866,35.0068452,-90.00681259999999,ChIJz3G0Jpti1YcRMCYWHOflqrA,OK,95519,471570221222007
2231.813,35.02138900000001,-89.996898,ChIJz3MQkR6If4gRIBgmNH-BQcg,OK,145820,471570221222007
955.338,35.148225,-89.89748700000001,ChIJC8t095eDf4gRGuXK3FleZyg,OK,68710,471570086003015
955.338,35.148225,-89.89748700000001,ChIJC8t095eDf4gRGuXK3FleZyg,OK,68710,471570086003015
1035.884,35.1489345,-89.89838259999999,ChIJaTBvX72Df4gRiyFT0LQMnrQ,OK,73542,471570086003015
1504.633,35.0612606,-89.88628629999999,ChIJAQ_I1gqFf4gRFrt5yQeAEps,OK,113431,471570107102001
1504.633,35.0612606,-89.88628629999999,ChIJAQ_I1gqFf4gRFrt5yQeAEps,OK,113431,471570107102001
1388.033,35.0632829,-89.88727279999999,ChIJvVoQ4QqFf4gRItXZGUDZ-Hc,OK,128858,471570107102001
1746.72,35.1145886,-89.90089789999999,ChIJKWmlFW6Ef4gR0YNISWQMkss,OK,107145,471570096004029
1746.72,35.1145886,-89.90089789999999,ChIJKWmlFW6Ef4gR0YNISWQMkss,OK,107145,471570096004029
1716.754,35.1153996,-89.89414069999999,ChIJCb4NOWWEf4gR79YlPQoocW4,OK,112518,471570096004029
2237.084,35.1145886,-89.90089789999999,ChIJKWmlFW6Ef4gR0YNISWQMkss,OK,142673,471570096004020
2237.084,35.1145886,-89.90089789999999,ChIJKWmlFW6Ef4gR0YNISWQMkss,OK,142673,471570096004020
2207.118,35.1153996,-89.89414069999999,ChIJCb4NOWWEf4gR79YlPQoocW4,OK,148046,471570096004020
4378.923,35.0614623,-89.8536277,ChIJ4TWJkTWFf4gRbkNZYfkF9Jw,OK,324098,471570213312011
4378.923,35.0614623,-89.8536277,ChIJ4TWJkTWFf4gRbkNZYfkF9Jw,OK,324098,471570213312011
5370.517,35.0612606,-89.88628629999999,ChIJAQ_I1gqFf4gRFrt5yQeAEps,OK,378712,471570213312011
3349.862,35.0854368,-89.89541919999999,ChIJf5cc-VKEf4gRF-lYLgijYQQ,OK,208166,471570213203017
3349.862,35.0854368,-89.89541919999999,ChIJf5cc-VKEf4gRF-lYLgijYQQ,OK,208166,471570213203017
4381.621,35.1153996,-89.89414069999999,ChIJCb4NOWWEf4gR79YlPQoocW4,OK,279432,471570213203017
3461.601,35.0854368,-89.89541919999999,ChIJf5cc-VKEf4gRF-lYLgijYQQ,OK,221574,471570213203021
3461.601,35.0854368,-89.89541919999999,ChIJf5cc-VKEf4gRF-lYLgijYQQ,OK,221574,471570213203021
4493.36,35.1153996,-89.89414069999999,ChIJCb4NOWWEf4gR79YlPQoocW4,OK,292840,471570213203021
3000.588,35.0614623,-89.8536277,ChIJ4TWJkTWFf4gRbkNZYfkF9Jw,OK,180163,471570213311018
3000.588,35.0614623,-89.8536277,ChIJ4TWJkTWFf4gRbkNZYfkF9Jw,OK,180163,471570213311018
3085.36,35.0512763,-89.8427476,ChIJ7VPJ3q-af4gRdxERIyaZ0gk,OK,186351,471570213311018
2628.838,35.04577219999999,-89.82821469999999,ChIJL-jEaJmaf4gREtYdkYi2nAs,OK,203572,471570217443003
2628.838,35.04577219999999,-89.82821469999999,ChIJL-jEaJmaf4gREtYdkYi2nAs,OK,203572,471570217443003
2607.454,35.048632,-89.814048,ChIJqY7T64eaf4gRoqZRK7sz4Co,OK,209288,471570217443003
7655.495,35.1145886,-89.90089789999999,ChIJKWmlFW6Ef4gR0YNISWQMkss,OK,565714,471570213112015
7655.495,35.1145886,-89.90089789999999,ChIJKWmlFW6Ef4gR0YNISWQMkss,OK,565714,471570213112015
7625.528,35.1153996,-89.89414069999999,ChIJCb4NOWWEf4gR79YlPQoocW4,OK,571087,471570213112015
1174.095,35.062945,-89.90568519999999,ChIJjxj9mL-Ff4gRoOEx9OzDyxs,OK,91248,471570106301001
1174.095,35.062945,-89.90568519999999,ChIJjxj9mL-Ff4gRoOEx9OzDyxs,OK,91248,471570106301001
1136.511,35.063996,-89.90690699999999,ChIJn51vcb-Ff4gRvoXU4r8swrw,OK,101088,471570106301001
1425.603,35.062945,-89.90568519999999,ChIJjxj9mL-Ff4gRoOEx9OzDyxs,OK,110138,471570106104007
1425.603,35.062945,-89.90568519999999,ChIJjxj9mL-Ff4gRoOEx9OzDyxs,OK,110138,471570106104007
1169.986,35.063996,-89.90690699999999,ChIJn51vcb-Ff4gRvoXU4r8swrw,OK,117331,471570106104007
1026.929,35.062945,-89.90568519999999,ChIJjxj9mL-Ff4gRoOEx9OzDyxs,OK,71595,471570107101018
1026.929,35.062945,-89.90568519999999,ChIJjxj9mL-Ff4gRoOEx9OzDyxs,OK,71595,471570107101018
1013.292,35.063996,-89.90690699999999,ChIJn51vcb-Ff4gRvoXU4r8swrw,OK,85745,471570107101018
934.796,35.062945,-89.90568519999999,ChIJjxj9mL-Ff4gRoOEx9OzDyxs,OK,57991,471570106104013
934.796,35.062945,-89.90568519999999,ChIJjxj9mL-Ff4gRoOEx9OzDyxs,OK,57991,471570106104013
679.18,35.063996,-89.90690699999999,ChIJn51vcb-Ff4gRvoXU4r8swrw,OK,65184,471570106104013
1096.708,35.062945,-89.90568519999999,ChIJjxj9mL-Ff4gRoOEx9OzDyxs,OK,91829,471570106104009
1096.708,35.062945,-89.90568519999999,ChIJjxj9mL-Ff4gRoOEx9OzDyxs,OK,91829,471570106104009
841.091,35.063996,-89.90690699999999,ChIJn51vcb-Ff4gRvoXU4r8swrw,OK,99022,471570106104009
675.596,35.062945,-89.90568519999999,ChIJjxj9mL-Ff4gRoOEx9OzDyxs,OK,61416,471570106104010
675.596,35.062945,-89.90568519999999,ChIJjxj9mL-Ff4gRoOEx9OzDyxs,OK,61416,471570106104010
661.958,35.063996,-89.90690699999999,ChIJn51vcb-Ff4gRvoXU4r8swrw,OK,75566,471570106104010
358.724,35.063996,-89.90690699999999,ChIJn51vcb-Ff4gRvoXU4r8swrw,OK,64566,471570106104011
358.724,35.063996,-89.90690699999999,ChIJn51vcb-Ff4gRvoXU4r8swrw,OK,64566,471570106104011
676.647,35.062945,-89.90568519999999,ChIJjxj9mL-Ff4gRoOEx9OzDyxs,OK,75295,471570106104011
708.307,35.062945,-89.90568519999999,ChIJjxj9mL-Ff4gRoOEx9OzDyxs,OK,64294,471570106301000
708.307,35.062945,-89.90568519999999,ChIJjxj9mL-Ff4gRoOEx9OzDyxs,OK,64294,471570106301000
670.723,35.063996,-89.90690699999999,ChIJn51vcb-Ff4gRvoXU4r8swrw,OK,74134,471570106301000
998.937,35.062945,-89.90568519999999,ChIJjxj9mL-Ff4gRoOEx9OzDyxs,OK,86887,471570108103014
998.937,35.062945,-89.90568519999999,ChIJjxj9mL-Ff4gRoOEx9OzDyxs,OK,86887,471570108103014
961.353,35.063996,-89.90690699999999,ChIJn51vcb-Ff4gRvoXU4r8swrw,OK,96727,471570108103014
979.458,35.062945,-89.90568519999999,ChIJjxj9mL-Ff4gRoOEx9OzDyxs,OK,84549,471570108103006
979.458,35.062945,-89.90568519999999,ChIJjxj9mL-Ff4gRoOEx9OzDyxs,OK,84549,471570108103006
941.874,35.063996,-89.90690699999999,ChIJn51vcb-Ff4gRvoXU4r8swrw,OK,94389,471570108103006
507.32,35.0515568,-89.90630259999999,ChIJrU8jyZKFf4gRubg1AIyELWY,OK,34985,471570106303014
507.32,35.0515568,-89.90630259999999,ChIJrU8jyZKFf4gRubg1AIyELWY,OK,34985,471570106303014
1030.54,35.0515544,-89.92255089999999,ChIJG_UFGuOFf4gRyHNDzwp5is0,OK,57073,471570106303014
630.64,35.062945,-89.90568519999999,ChIJjxj9mL-Ff4gRoOEx9OzDyxs,OK,50316,471570108103005
630.64,35.062945,-89.90568519999999,ChIJjxj9mL-Ff4gRoOEx9OzDyxs,OK,50316,471570108103005
593.056,35.063996,-89.90690699999999,ChIJn51vcb-Ff4gRvoXU4r8swrw,OK,60156,471570108103005
123.303,35.062945,-89.90568519999999,ChIJjxj9mL-Ff4gRoOEx9OzDyxs,OK,6828,471570107101024
123.303,35.062945,-89.90568519999999,ChIJjxj9mL-Ff4gRoOEx9OzDyxs,OK,6828,471570107101024
505.343,35.063996,-89.90690699999999,ChIJn51vcb-Ff4gRvoXU4r8swrw,OK,41467,471570107101024
1099.182,35.0515568,-89.90630259999999,ChIJrU8jyZKFf4gRubg1AIyELWY,OK,80656,471570106301002
1099.182,35.0515568,-89.90630259999999,ChIJrU8jyZKFf4gRubg1AIyELWY,OK,80656,471570106301002
1099.197,35.062945,-89.90568519999999,ChIJjxj9mL-Ff4gRoOEx9OzDyxs,OK,82261,471570106301002
673.721,35.0515544,-89.92255089999999,ChIJG_UFGuOFf4gRyHNDzwp5is0,OK,49988,471570106303015
673.721,35.0515544,-89.92255089999999,ChIJG_UFGuOFf4gRyHNDzwp5is0,OK,49988,471570106303015
1256.542,35.0515568,-89.90630259999999,ChIJrU8jyZKFf4gRubg1AIyELWY,OK,89156,471570106303015
3571.865,35.14868459999999,-89.7948203,ChIJ4w9Lr2qcf4gRHdzl9FciAFM,OK,324527,471570211371008
3571.865,35.14868459999999,-89.7948203,ChIJ4w9Lr2qcf4gRHdzl9FciAFM,OK,324527,471570211371008
3994.111,35.1546312,-89.79260459999999,ChIJ8UeuSEecf4gRniit7ubZLtM,OK,340993,471570211371008
1388.298,35.0515568,-89.90630259999999,ChIJrU8jyZKFf4gRubg1AIyELWY,OK,108714,471570106302005
1672.195,35.062945,-89.90568519999999,ChIJjxj9mL-Ff4gRoOEx9OzDyxs,OK,115120,471570106302005
1672.195,35.062945,-89.90568519999999,ChIJjxj9mL-Ff4gRoOEx9OzDyxs,OK,115120,471570106302005
1133.446,35.0614623,-89.8536277,ChIJ4TWJkTWFf4gRbkNZYfkF9Jw,OK,88350,471570217212005
1133.446,35.0614623,-89.8536277,ChIJ4TWJkTWFf4gRbkNZYfkF9Jw,OK,88350,471570217212005
1695.91,35.050596,-89.869556,ChIJQ4vLA2iFf4gRyyCo3ihKH44,OK,132743,471570217212005
1154.834,35.0614623,-89.8536277,ChIJ4TWJkTWFf4gRbkNZYfkF9Jw,OK,85676,471570217211017
1154.834,35.0614623,-89.8536277,ChIJ4TWJkTWFf4gRbkNZYfkF9Jw,OK,85676,471570217211017
1805.363,35.050596,-89.869556,ChIJQ4vLA2iFf4gRyyCo3ihKH44,OK,115501,471570217211017
1481.518,35.0477573,-89.86637909999999,ChIJ5_0L5VyFf4gR4HBEwl6nmRE,OK,95745,471570217212008
1540.74,35.050596,-89.869556,ChIJQ4vLA2iFf4gRyyCo3ihKH44,OK,106147,471570217212008
1540.74,35.050596,-89.869556,ChIJQ4vLA2iFf4gRyyCo3ihKH44,OK,106147,471570217212008
863.523,35.0614623,-89.8536277,ChIJ4TWJkTWFf4gRbkNZYfkF9Jw,OK,77386,471570217213002
863.523,35.0614623,-89.8536277,ChIJ4TWJkTWFf4gRbkNZYfkF9Jw,OK,77386,471570217213002
1554.792,35.0493493,-89.855357,ChIJH2Nw4lGFf4gRq0vxk4n5iAE,OK,117072,471570217213002
775.411,35.0614623,-89.8536277,ChIJ4TWJkTWFf4gRbkNZYfkF9Jw,OK,63870,471570217213003
775.411,35.0614623,-89.8536277,ChIJ4TWJkTWFf4gRbkNZYfkF9Jw,OK,63870,471570217213003
1211.696,35.0493493,-89.855357,ChIJH2Nw4lGFf4gRq0vxk4n5iAE,OK,89785,471570217213003
1586.216,35.054745,-90.007971,ChIJXxyyQlt91YcRhldtWgjSnSE,OK,122386,471570220233012
2151.568,35.05407199999999,-90.00125899999999,ChIJIzdhk1h91YcRZT7cBcBslaM,OK,145819,471570220233012
1550.889,35.054745,-90.007971,ChIJXxyyQlt91YcRhldtWgjSnSE,OK,118148,471570220233014
1550.889,35.054745,-90.007971,ChIJXxyyQlt91YcRhldtWgjSnSE,OK,118148,471570220233014
2116.241,35.05407199999999,-90.00125899999999,ChIJIzdhk1h91YcRZT7cBcBslaM,OK,141581,471570220233014
1579.615,35.054745,-90.007971,ChIJXxyyQlt91YcRhldtWgjSnSE,OK,121594,471570220233004
1579.615,35.054745,-90.007971,ChIJXxyyQlt91YcRhldtWgjSnSE,OK,121594,471570220233004
2144.967,35.05407199999999,-90.00125899999999,ChIJIzdhk1h91YcRZT7cBcBslaM,OK,145027,471570220233004
1520.749,35.054745,-90.007971,ChIJXxyyQlt91YcRhldtWgjSnSE,OK,114531,471570220233003
1520.749,35.054745,-90.007971,ChIJXxyyQlt91YcRhldtWgjSnSE,OK,114531,471570220233003
2086.101,35.05407199999999,-90.00125899999999,ChIJIzdhk1h91YcRZT7cBcBslaM,OK,137964,471570220233003
1518.834,35.054745,-90.007971,ChIJXxyyQlt91YcRhldtWgjSnSE,OK,114301,471570220233006
1518.834,35.054745,-90.007971,ChIJXxyyQlt91YcRhldtWgjSnSE,OK,114301,471570220233006
2084.186,35.05407199999999,-90.00125899999999,ChIJIzdhk1h91YcRZT7cBcBslaM,OK,137734,471570220233006
1316.408,35.054745,-90.007971,ChIJXxyyQlt91YcRhldtWgjSnSE,OK,90011,471570220233015
1316.408,35.054745,-90.007971,ChIJXxyyQlt91YcRhldtWgjSnSE,OK,90011,471570220233015
1881.76,35.05407199999999,-90.00125899999999,ChIJIzdhk1h91YcRZT7cBcBslaM,OK,113444,471570220233015
1308.615,35.054745,-90.007971,ChIJXxyyQlt91YcRhldtWgjSnSE,OK,89077,471570220233017
1308.615,35.054745,-90.007971,ChIJXxyyQlt91YcRhldtWgjSnSE,OK,89077,471570220233017
1873.968,35.05407199999999,-90.00125899999999,ChIJIzdhk1h91YcRZT7cBcBslaM,OK,112510,471570220233017
1454.345,35.054745,-90.007971,ChIJXxyyQlt91YcRhldtWgjSnSE,OK,106563,471570220233013
1454.345,35.054745,-90.007971,ChIJXxyyQlt91YcRhldtWgjSnSE,OK,106563,471570220233013
2019.697,35.05407199999999,-90.00125899999999,ChIJIzdhk1h91YcRZT7cBcBslaM,OK,129996,471570220233013
1340.545,35.054745,-90.007971,ChIJXxyyQlt91YcRhldtWgjSnSE,OK,92907,471570220233016
1340.545,35.054745,-90.007971,ChIJXxyyQlt91YcRhldtWgjSnSE,OK,92907,471570220233016
1905.897,35.05407199999999,-90.00125899999999,ChIJIzdhk1h91YcRZT7cBcBslaM,OK,116340,471570220233016
1360.553,35.054745,-90.007971,ChIJXxyyQlt91YcRhldtWgjSnSE,OK,100017,471570220231008
1360.553,35.054745,-90.007971,ChIJXxyyQlt91YcRhldtWgjSnSE,OK,100017,471570220231008
2529.837,35.0333519,-90.02557630000001,ChIJK8z8Ksxi1YcRt8pxxgP2SA4,OK,174020,471570220231008
1348.608,35.054745,-90.007971,ChIJXxyyQlt91YcRhldtWgjSnSE,OK,98584,471570220231006
1348.608,35.054745,-90.007971,ChIJXxyyQlt91YcRhldtWgjSnSE,OK,98584,471570220231006
1913.96,35.05407199999999,-90.00125899999999,ChIJIzdhk1h91YcRZT7cBcBslaM,OK,122017,471570220231006
1389.44,35.054745,-90.007971,ChIJXxyyQlt91YcRhldtWgjSnSE,OK,109910,471570220231001
1389.44,35.054745,-90.007971,ChIJXxyyQlt91YcRhldtWgjSnSE,OK,109910,471570220231001
1954.792,35.05407199999999,-90.00125899999999,ChIJIzdhk1h91YcRZT7cBcBslaM,OK,133343,471570220231001
1077.595,35.0333519,-90.02557630000001,ChIJK8z8Ksxi1YcRt8pxxgP2SA4,OK,59677,471570225004000
1077.595,35.0333519,-90.02557630000001,ChIJK8z8Ksxi1YcRt8pxxgP2SA4,OK,59677,471570225004000
1077.689,35.033351,-90.02556199999999,ChIJY7ePKsxi1YcRIP55gZFchMw,OK,59682,471570225004000
1518.437,35.054745,-90.007971,ChIJXxyyQlt91YcRhldtWgjSnSE,OK,99793,471570225001049
1518.437,35.054745,-90.007971,ChIJXxyyQlt91YcRhldtWgjSnSE,OK,99793,471570225001049
1950.285,35.05407199999999,-90.00125899999999,ChIJIzdhk1h91YcRZT7cBcBslaM,OK,115832,471570225001049
1554.92,35.0333519,-90.02557630000001,ChIJK8z8Ksxi1YcRt8pxxgP2SA4,OK,105791,471570220242004
1554.92,35.0333519,-90.02557630000001,ChIJK8z8Ksxi1YcRt8pxxgP2SA4,OK,105791,471570220242004
1555.014,35.033351,-90.02556199999999,ChIJY7ePKsxi1YcRIP55gZFchMw,OK,105796,471570220242004
732.352,35.14859919999999,-89.91828060000002,ChIJRflgf-eDf4gRHX_XNYKER-s,OK,71995,471570087002016
732.352,35.14859919999999,-89.91828060000002,ChIJRflgf-eDf4gRHX_XNYKER-s,OK,71995,471570087002016
2547.796,35.1489345,-89.89838259999999,ChIJaTBvX72Df4gRiyFT0LQMnrQ,OK,171170,471570087002016
1112.047,35.14859919999999,-89.91828060000002,ChIJRflgf-eDf4gRHX_XNYKER-s,OK,113108,471570087002011
1112.047,35.14859919999999,-89.91828060000002,ChIJRflgf-eDf4gRHX_XNYKER-s,OK,113108,471570087002011
2692.114,35.1489345,-89.89838259999999,ChIJaTBvX72Df4gRiyFT0LQMnrQ,OK,195337,471570087002011
971.698,35.14859919999999,-89.91828060000002,ChIJRflgf-eDf4gRHX_XNYKER-s,OK,96268,471570087002012
971.698,35.14859919999999,-89.91828060000002,ChIJRflgf-eDf4gRHX_XNYKER-s,OK,96268,471570087002012
2551.765,35.1489345,-89.89838259999999,ChIJaTBvX72Df4gRiyFT0LQMnrQ,OK,178497,471570087002012
358.878,35.14859919999999,-89.91828060000002,ChIJRflgf-eDf4gRHX_XNYKER-s,OK,35546,471570086001002
358.878,35.14859919999999,-89.91828060000002,ChIJRflgf-eDf4gRHX_XNYKER-s,OK,35546,471570086001002
2168.057,35.1489345,-89.89838259999999,ChIJaTBvX72Df4gRiyFT0LQMnrQ,OK,141893,471570086001002
995.25,35.14859919999999,-89.91828060000002,ChIJRflgf-eDf4gRHX_XNYKER-s,OK,61910,471570086001029
995.25,35.14859919999999,-89.91828060000002,ChIJRflgf-eDf4gRHX_XNYKER-s,OK,61910,471570086001029
2322.614,35.1489345,-89.89838259999999,ChIJaTBvX72Df4gRiyFT0LQMnrQ,OK,139349,471570086001029
5354.886,35.0612606,-89.88628629999999,ChIJAQ_I1gqFf4gRFrt5yQeAEps,OK,285846,471570213312017
5238.285,35.0632829,-89.88727279999999,ChIJvVoQ4QqFf4gRItXZGUDZ-Hc,OK,301273,471570213312017
5238.285,35.0632829,-89.88727279999999,ChIJvVoQ4QqFf4gRItXZGUDZ-Hc,OK,301273,471570213312017
707.003,35.14859919999999,-89.91828060000002,ChIJRflgf-eDf4gRHX_XNYKER-s,OK,49770,471570087002014
707.003,35.14859919999999,-89.91828060000002,ChIJRflgf-eDf4gRHX_XNYKER-s,OK,49770,471570087002014
2034.367,35.1489345,-89.89838259999999,ChIJaTBvX72Df4gRiyFT0LQMnrQ,OK,127209,471570087002014
2496.319,35.1804299,-89.9263818,ChIJIfvtv4eBf4gRJLjVGBpAzmc,OK,180981,471570091002010
330.23,35.0515544,-89.92255089999999,ChIJG_UFGuOFf4gRyHNDzwp5is0,OK,32375,471570226001019
330.23,35.0515544,-89.92255089999999,ChIJG_UFGuOFf4gRyHNDzwp5is0,OK,32375,471570226001019
1760.024,35.05905920000001,-89.9340455,ChIJM89Mbw2Gf4gRFqf4fPnKU7k,OK,108664,471570226001019
427.965,35.0461089,-89.7947008,ChIJaZI6O3Oaf4gRqa_eh0DNj_s,OK,29493,471570213421072
427.965,35.0461089,-89.7947008,ChIJaZI6O3Oaf4gRqa_eh0DNj_s,OK,29493,471570213421072
545.97,35.045091,-89.795412,ChIJVelsQnOaf4gRECqTW7fq-dY,OK,36028,471570213421072
154.526,35.0493563,-89.83813929999999,ChIJjRQNzqSaf4gRxmNqB0YAYGM,OK,21203,471570217242008
154.526,35.0493563,-89.83813929999999,ChIJjRQNzqSaf4gRxmNqB0YAYGM,OK,21203,471570217242008
272.82,35.049031,-89.841437,ChIJt6vl46-af4gRvoN8Yvkmx9A,OK,33485,471570217242008
911.221,35.0461089,-89.7947008,ChIJaZI6O3Oaf4gRqa_eh0DNj_s,OK,63981,471570213423077
911.221,35.0461089,-89.7947008,ChIJaZI6O3Oaf4gRqa_eh0DNj_s,OK,63981,471570213423077
1029.226,35.045091,-89.795412,ChIJVelsQnOaf4gRECqTW7fq-dY,OK,70516,471570213423077
818.559,35.0461089,-89.7947008,ChIJaZI6O3Oaf4gRqa_eh0DNj_s,OK,62390,471570213423084
818.559,35.0461089,-89.7947008,ChIJaZI6O3Oaf4gRqa_eh0DNj_s,OK,62390,471570213423084
936.564,35.045091,-89.795412,ChIJVelsQnOaf4gRECqTW7fq-dY,OK,68925,471570213423084
542.238,35.0515568,-89.90630259999999,ChIJrU8jyZKFf4gRubg1AIyELWY,OK,48951,471570226001002
542.238,35.0515568,-89.90630259999999,ChIJrU8jyZKFf4gRubg1AIyELWY,OK,48951,471570226001002
1271.389,35.05018,-89.89110199999999,ChIJNUozxJyFf4gRrJ8tUHk1p2Q,OK,86431,471570226001002
808.794,35.0515568,-89.90630259999999,ChIJrU8jyZKFf4gRubg1AIyELWY,OK,62620,471570226002009
808.794,35.0515568,-89.90630259999999,ChIJrU8jyZKFf4gRubg1AIyELWY,OK,62620,471570226002009
1130.957,35.05018,-89.89110199999999,ChIJNUozxJyFf4gRrJ8tUHk1p2Q,OK,82739,471570226002009
2714.009,35.02138900000001,-89.996898,ChIJz3MQkR6If4gRIBgmNH-BQcg,OK,237442,471579801001066
2714.009,35.02138900000001,-89.996898,ChIJz3MQkR6If4gRIBgmNH-BQcg,OK,237442,471579801001066
3317.834,35.02379430000001,-89.96377079999999,ChIJDVntamKIf4gRlF5S6rdAlgc,OK,272368,471579801001066
502.004,35.0515544,-89.92255089999999,ChIJG_UFGuOFf4gRyHNDzwp5is0,OK,33297,471570226001030
502.004,35.0515544,-89.92255089999999,ChIJG_UFGuOFf4gRyHNDzwp5is0,OK,33297,471570226001030
1648.47,35.05905920000001,-89.9340455,ChIJM89Mbw2Gf4gRFqf4fPnKU7k,OK,87364,471570226001030
277.684,35.04764,-89.81103399999999,ChIJI51OG32af4gRR1NU8GPdiEE,OK,45696,471570213421052
277.684,35.04764,-89.81103399999999,ChIJI51OG32af4gRR1NU8GPdiEE,OK,45696,471570213421052
322.428,35.048632,-89.814048,ChIJqY7T64eaf4gRoqZRK7sz4Co,OK,49038,471570213421052
117.215,35.04764,-89.81103399999999,ChIJI51OG32af4gRR1NU8GPdiEE,OK,16812,471570213421057
117.215,35.04764,-89.81103399999999,ChIJI51OG32af4gRR1NU8GPdiEE,OK,16812,471570213421057
268.096,35.048632,-89.814048,ChIJqY7T64eaf4gRoqZRK7sz4Co,OK,34916,471570213421057
897.286,35.051879,-89.95322299999999,ChIJtbdkhjqGf4gRndtG1KtFnTA,OK,78476,471570110203001
897.286,35.051879,-89.95322299999999,ChIJtbdkhjqGf4gRndtG1KtFnTA,OK,78476,471570110203001
2583.702,35.05905920000001,-89.9340455,ChIJM89Mbw2Gf4gRFqf4fPnKU7k,OK,171562,471570110203001
4279.066,35.05113000000001,-89.815021,ChIJAdLMX4iaf4gRUenKpoiyrBc,OK,205489,471570213421059
4293.073,35.048632,-89.814048,ChIJqY7T64eaf4gRoqZRK7sz4Co,OK,207908,471570213421059
4293.073,35.048632,-89.814048,ChIJqY7T64eaf4gRoqZRK7sz4Co,OK,207908,471570213421059
687.928,35.05407199999999,-90.00125899999999,ChIJIzdhk1h91YcRZT7cBcBslaM,OK,78845,471570220223024
687.928,35.05407199999999,-90.00125899999999,ChIJIzdhk1h91YcRZT7cBcBslaM,OK,78845,471570220223024
1172.538,35.054745,-90.007971,ChIJXxyyQlt91YcRhldtWgjSnSE,OK,104471,471570220223024
384.26,35.051879,-89.95322299999999,ChIJtbdkhjqGf4gRndtG1KtFnTA,OK,36612,471570110203004
384.26,35.051879,-89.95322299999999,ChIJtbdkhjqGf4gRndtG1KtFnTA,OK,36612,471570110203004
2974.282,35.05905920000001,-89.9340455,ChIJM89Mbw2Gf4gRFqf4fPnKU7k,OK,179742,471570110203004
996.13,35.0477573,-89.86637909999999,ChIJ5_0L5VyFf4gR4HBEwl6nmRE,OK,84601,471570217322004
996.13,35.0477573,-89.86637909999999,ChIJ5_0L5VyFf4gR4HBEwl6nmRE,OK,84601,471570217322004
770.962,35.0493493,-89.855357,ChIJH2Nw4lGFf4gRq0vxk4n5iAE,OK,85362,471570217322004
1131.461,35.0461089,-89.7947008,ChIJaZI6O3Oaf4gRqa_eh0DNj_s,OK,63851,471570215101015
1131.461,35.0461089,-89.7947008,ChIJaZI6O3Oaf4gRqa_eh0DNj_s,OK,63851,471570215101015
1249.466,35.045091,-89.795412,ChIJVelsQnOaf4gRECqTW7fq-dY,OK,70386,471570215101015
1412.569,35.0461089,-89.7947008,ChIJaZI6O3Oaf4gRqa_eh0DNj_s,OK,80014,471570213424068
1412.569,35.0461089,-89.7947008,ChIJaZI6O3Oaf4gRqa_eh0DNj_s,OK,80014,471570213424068
1530.575,35.045091,-89.795412,ChIJVelsQnOaf4gRECqTW7fq-dY,OK,86549,471570213424068
1536.233,35.0543926,-90.0597009,ChIJT5TzUbl81YcRiPqNjkbj9CA,OK,115945,471570223212004
1536.233,35.0543926,-90.0597009,ChIJT5TzUbl81YcRiPqNjkbj9CA,OK,115945,471570223212004
2117.589,35.06128,-90.05978399999999,ChIJm06f8ZV81YcRTjzAsJPcBKY,OK,148142,471570223212004
1195.53,35.0461089,-89.7947008,ChIJaZI6O3Oaf4gRqa_eh0DNj_s,OK,66210,471570215101044
1195.53,35.0461089,-89.7947008,ChIJaZI6O3Oaf4gRqa_eh0DNj_s,OK,66210,471570215101044
1313.535,35.045091,-89.795412,ChIJVelsQnOaf4gRECqTW7fq-dY,OK,72745,471570215101044
1317.794,35.0461089,-89.7947008,ChIJaZI6O3Oaf4gRqa_eh0DNj_s,OK,72980,471570215101045
1317.794,35.0461089,-89.7947008,ChIJaZI6O3Oaf4gRqa_eh0DNj_s,OK,72980,471570215101045
1435.799,35.045091,-89.795412,ChIJVelsQnOaf4gRECqTW7fq-dY,OK,79515,471570215101045
186.542,35.049031,-89.841437,ChIJt6vl46-af4gRvoN8Yvkmx9A,OK,24293,471570217462000
186.542,35.049031,-89.841437,ChIJt6vl46-af4gRvoN8Yvkmx9A,OK,24293,471570217462000
278.687,35.0493563,-89.83813929999999,ChIJjRQNzqSaf4gRxmNqB0YAYGM,OK,24369,471570217462000
206.372,35.048632,-89.814048,ChIJqY7T64eaf4gRoqZRK7sz4Co,OK,30682,471570213421054
782.319,35.1507888,-89.977317,ChIJdVWrOuqAf4gR-V7s1E3qo7g,OK,60021,471570015001040
782.319,35.1507888,-89.977317,ChIJdVWrOuqAf4gR-V7s1E3qo7g,OK,60021,471570015001040
2272.065,35.13418100000001,-89.98599,ChIJnf1_yraAf4gR9pQmD7CXhgg,OK,138396,471570015001040
709.16,35.1546312,-89.79260459999999,ChIJ8UeuSEecf4gRniit7ubZLtM,OK,49852,471570211251013
709.16,35.1546312,-89.79260459999999,ChIJ8UeuSEecf4gRniit7ubZLtM,OK,49852,471570211251013
1089.048,35.14868459999999,-89.7948203,ChIJ4w9Lr2qcf4gRHdzl9FciAFM,OK,69352,471570211251013
3137.008,35.1444038,-90.0168571,ChIJufYEjhR-1YcREff46W6Lons,OK,180084,471570024002002
3137.008,35.1444038,-90.0168571,ChIJufYEjhR-1YcREff46W6Lons,OK,180084,471570024002002
3589.153,35.1490317,-90.0140679,ChIJw3q9_xV-1YcRqrte6yBn1CI,OK,203190,471570024002002
2072.212,35.1439641,-90.0517892,ChIJL-0zBZR-1YcRj7p5p1WY4-g,OK,117924,471570113001075
2072.212,35.1439641,-90.0517892,ChIJL-0zBZR-1YcRj7p5p1WY4-g,OK,117924,471570113001075
2102.902,35.1435177,-90.0539328,ChIJ8VFg1pV-1YcRR9G8p0pZx6U,OK,118203,471570113001075
188.382,35.1507888,-89.977317,ChIJdVWrOuqAf4gR-V7s1E3qo7g,OK,11301,471570015001037
188.382,35.1507888,-89.977317,ChIJdVWrOuqAf4gR-V7s1E3qo7g,OK,11301,471570015001037
2396.026,35.13418100000001,-89.98599,ChIJnf1_yraAf4gR9pQmD7CXhgg,OK,130764,471570015001037
1850.286,35.1546312,-89.79260459999999,ChIJ8UeuSEecf4gRniit7ubZLtM,OK,132011,471570211251022
1850.286,35.1546312,-89.79260459999999,ChIJ8UeuSEecf4gRniit7ubZLtM,OK,132011,471570211251022
2230.174,35.14868459999999,-89.7948203,ChIJ4w9Lr2qcf4gRHdzl9FciAFM,OK,151511,471570211251022
2207.428,35.1490317,-90.0140679,ChIJw3q9_xV-1YcRqrte6yBn1CI,OK,152855,471570024001024
2207.428,35.1490317,-90.0140679,ChIJw3q9_xV-1YcRqrte6yBn1CI,OK,152855,471570024001024
2327.962,35.1444038,-90.0168571,ChIJufYEjhR-1YcREff46W6Lons,OK,170046,471570024001024
2527.602,35.16339899999999,-89.855841,ChIJA_xfkC6Df4gRAjVZwLz1jqA,OK,185066,471579804001048
2527.602,35.16339899999999,-89.855841,ChIJA_xfkC6Df4gRAjVZwLz1jqA,OK,185066,471579804001048
2602.758,35.1623785,-89.8566175,ChIJXQHWWS6Df4gRqhH5EQ9H1j0,OK,194031,471579804001048
561.468,35.14859919999999,-89.91828060000002,ChIJRflgf-eDf4gRHX_XNYKER-s,OK,54871,471570087004018
561.468,35.14859919999999,-89.91828060000002,ChIJRflgf-eDf4gRHX_XNYKER-s,OK,54871,471570087004018
1637.474,35.1489345,-89.89838259999999,ChIJaTBvX72Df4gRiyFT0LQMnrQ,OK,117230,471570087004018
444.258,35.14981359999999,-89.94918609999999,ChIJVdGBGRaBf4gRsi89Rzqn8W4,OK,36847,471570013004015
444.258,35.14981359999999,-89.94918609999999,ChIJVdGBGRaBf4gRsi89Rzqn8W4,OK,36847,471570013004015
677.1,35.1497164,-89.95515999999999,ChIJcQb6ehiBf4gR-uA54eRPNq8,OK,54259,471570013004015
2423.259,35.1503395,-89.89321,ChIJRaSiF6KDf4gRNIqqt1VnH58,OK,186828,471570092003019
2423.259,35.1503395,-89.89321,ChIJRaSiF6KDf4gRNIqqt1VnH58,OK,186828,471570092003019
2824.739,35.156962,-89.88851749999999,ChIJaVmJmQmDf4gR3ZGZP7kcoeo,OK,212491,471570092003019
1517.915,35.13774119999999,-89.99713,ChIJtwtohKiAf4gRFxkNLUf9PgA,OK,200632,471570016001025
1517.915,35.13774119999999,-89.99713,ChIJtwtohKiAf4gRFxkNLUf9PgA,OK,200632,471570016001025
2162.414,35.13779299999999,-89.99118349999999,ChIJUQlZ-K-Af4gRkRKK62-ap5w,OK,217523,471570016001025
2576.507,35.16339899999999,-89.855841,ChIJA_xfkC6Df4gRAjVZwLz1jqA,OK,198311,471579804001049
2576.507,35.16339899999999,-89.855841,ChIJA_xfkC6Df4gRAjVZwLz1jqA,OK,198311,471579804001049
2651.662,35.1623785,-89.8566175,ChIJXQHWWS6Df4gRqhH5EQ9H1j0,OK,207276,471579804001049
1809.777,35.142439,-90.006118,ChIJeUPo2Rt-1YcRdoG2a54M-d0,OK,172090,471570016001026
1387.693,35.13774119999999,-89.99713,ChIJtwtohKiAf4gRFxkNLUf9PgA,OK,177195,471570016001026
1387.693,35.13774119999999,-89.99713,ChIJtwtohKiAf4gRFxkNLUf9PgA,OK,177195,471570016001026
2349.06,35.1444038,-90.0168571,ChIJufYEjhR-1YcREff46W6Lons,OK,140922,471570025002023
2349.06,35.1444038,-90.0168571,ChIJufYEjhR-1YcREff46W6Lons,OK,140922,471570025002023
2801.205,35.1490317,-90.0140679,ChIJw3q9_xV-1YcRqrte6yBn1CI,OK,164028,471570025002023
535.122,35.14859919999999,-89.91828060000002,ChIJRflgf-eDf4gRHX_XNYKER-s,OK,50130,471570087004017
535.122,35.14859919999999,-89.91828060000002,ChIJRflgf-eDf4gRHX_XNYKER-s,OK,50130,471570087004017
1611.128,35.1489345,-89.89838259999999,ChIJaTBvX72Df4gRiyFT0LQMnrQ,OK,112489,471570087004017
1176.916,35.1507888,-89.977317,ChIJdVWrOuqAf4gR-V7s1E3qo7g,OK,79647,471570028002007
1176.916,35.1507888,-89.977317,ChIJdVWrOuqAf4gR-V7s1E3qo7g,OK,79647,471570028002007
1214.511,35.1497164,-89.95515999999999,ChIJcQb6ehiBf4gR-uA54eRPNq8,OK,84130,471570028002007
809.554,35.1507888,-89.977317,ChIJdVWrOuqAf4gR-V7s1E3qo7g,OK,46302,471570027002003
809.554,35.1507888,-89.977317,ChIJdVWrOuqAf4gR-V7s1E3qo7g,OK,46302,471570027002003
2090.954,35.13418100000001,-89.98599,ChIJnf1_yraAf4gR9pQmD7CXhgg,OK,114886,471570027002003
1655.13,35.142439,-90.006118,ChIJeUPo2Rt-1YcRdoG2a54M-d0,OK,144254,471570016001027
1233.046,35.13774119999999,-89.99713,ChIJtwtohKiAf4gRFxkNLUf9PgA,OK,149359,471570016001027
1233.046,35.13774119999999,-89.99713,ChIJtwtohKiAf4gRFxkNLUf9PgA,OK,149359,471570016001027
561.049,35.14859919999999,-89.91828060000002,ChIJRflgf-eDf4gRHX_XNYKER-s,OK,35859,471570086001008
561.049,35.14859919999999,-89.91828060000002,ChIJRflgf-eDf4gRHX_XNYKER-s,OK,35859,471570086001008
2253.254,35.14981359999999,-89.94918609999999,ChIJVdGBGRaBf4gRsi89Rzqn8W4,OK,135185,471570086001008
1677.495,35.1497164,-89.95515999999999,ChIJcQb6ehiBf4gR-uA54eRPNq8,OK,124640,471570028001012
1677.495,35.1497164,-89.95515999999999,ChIJcQb6ehiBf4gR-uA54eRPNq8,OK,124640,471570028001012
1984.673,35.14981359999999,-89.94918609999999,ChIJVdGBGRaBf4gRsi89Rzqn8W4,OK,132862,471570028001012
1464.404,35.1497164,-89.95515999999999,ChIJcQb6ehiBf4gR-uA54eRPNq8,OK,115051,471570028001013
1464.404,35.1497164,-89.95515999999999,ChIJcQb6ehiBf4gR-uA54eRPNq8,OK,115051,471570028001013
1771.581,35.14981359999999,-89.94918609999999,ChIJVdGBGRaBf4gRsi89Rzqn8W4,OK,123273,471570028001013
1979.96,35.1738374,-89.98954379999999,ChIJ_S0BIGOAf4gRU3Ph4W65cOQ,OK,118540,471570016002006
1979.96,35.1738374,-89.98954379999999,ChIJ_S0BIGOAf4gRU3Ph4W65cOQ,OK,118540,471570016002006
2594.698,35.1507888,-89.977317,ChIJdVWrOuqAf4gR-V7s1E3qo7g,OK,145355,471570016002006
1259.275,35.1490317,-90.0140679,ChIJw3q9_xV-1YcRqrte6yBn1CI,OK,108629,471570017003003
1259.275,35.1490317,-90.0140679,ChIJw3q9_xV-1YcRqrte6yBn1CI,OK,108629,471570017003003
1981.513,35.1444038,-90.0168571,ChIJufYEjhR-1YcREff46W6Lons,OK,155982,471570017003003
1468.979,35.1490317,-90.0140679,ChIJw3q9_xV-1YcRqrte6yBn1CI,OK,105218,471570017001023
1468.979,35.1490317,-90.0140679,ChIJw3q9_xV-1YcRqrte6yBn1CI,OK,105218,471570017001023
2070.715,35.142439,-90.006118,ChIJeUPo2Rt-1YcRdoG2a54M-d0,OK,158424,471570017001023
1443.522,35.1490317,-90.0140679,ChIJw3q9_xV-1YcRqrte6yBn1CI,OK,102163,471570017001047
1443.522,35.1490317,-90.0140679,ChIJw3q9_xV-1YcRqrte6yBn1CI,OK,102163,471570017001047
2045.258,35.142439,-90.006118,ChIJeUPo2Rt-1YcRdoG2a54M-d0,OK,155369,471570017001047
1302.778,35.1490317,-90.0140679,ChIJw3q9_xV-1YcRqrte6yBn1CI,OK,90231,471570017001056
1302.778,35.1490317,-90.0140679,ChIJw3q9_xV-1YcRqrte6yBn1CI,OK,90231,471570017001056
1740.689,35.142439,-90.006118,ChIJeUPo2Rt-1YcRdoG2a54M-d0,OK,134848,471570017001056
1590.029,35.1490317,-90.0140679,ChIJw3q9_xV-1YcRqrte6yBn1CI,OK,108541,471570017001043
1590.029,35.1490317,-90.0140679,ChIJw3q9_xV-1YcRqrte6yBn1CI,OK,108541,471570017001043
1816.876,35.142439,-90.006118,ChIJeUPo2Rt-1YcRdoG2a54M-d0,OK,137783,471570017001043
1753.085,35.1490317,-90.0140679,ChIJw3q9_xV-1YcRqrte6yBn1CI,OK,111048,471570017001045
1753.085,35.1490317,-90.0140679,ChIJw3q9_xV-1YcRqrte6yBn1CI,OK,111048,471570017001045
1695.818,35.142439,-90.006118,ChIJeUPo2Rt-1YcRdoG2a54M-d0,OK,131476,471570017001045
1466.71,35.1490317,-90.0140679,ChIJw3q9_xV-1YcRqrte6yBn1CI,OK,98716,471570017001055
1466.71,35.1490317,-90.0140679,ChIJw3q9_xV-1YcRqrte6yBn1CI,OK,98716,471570017001055
1575.626,35.142439,-90.006118,ChIJeUPo2Rt-1YcRdoG2a54M-d0,OK,122938,471570017001055
1789.978,35.1490317,-90.0140679,ChIJw3q9_xV-1YcRqrte6yBn1CI,OK,107255,471570017001042
1789.978,35.1490317,-90.0140679,ChIJw3q9_xV-1YcRqrte6yBn1CI,OK,107255,471570017001042
1732.711,35.142439,-90.006118,ChIJeUPo2Rt-1YcRdoG2a54M-d0,OK,127683,471570017001042
3674.037,35.1439641,-90.0517892,ChIJL-0zBZR-1YcRj7p5p1WY4-g,OK,286108,471570001003026
3674.037,35.1439641,-90.0517892,ChIJL-0zBZR-1YcRj7p5p1WY4-g,OK,286108,471570001003026
3882.954,35.1450994,-90.0538646,ChIJne6_s5V-1YcRn_LPaqiwhrk,OK,291562,471570001003026
1122.632,35.1490317,-90.0140679,ChIJw3q9_xV-1YcRqrte6yBn1CI,OK,93063,471570026002013
1122.632,35.1490317,-90.0140679,ChIJw3q9_xV-1YcRqrte6yBn1CI,OK,93063,471570026002013
1844.87,35.1444038,-90.0168571,ChIJufYEjhR-1YcREff46W6Lons,OK,140416,471570026002013
1380.535,35.1490317,-90.0140679,ChIJw3q9_xV-1YcRqrte6yBn1CI,OK,99465,471570026002011
1380.535,35.1490317,-90.0140679,ChIJw3q9_xV-1YcRqrte6yBn1CI,OK,99465,471570026002011
1456.46,35.142439,-90.006118,ChIJeUPo2Rt-1YcRdoG2a54M-d0,OK,125325,471570026002011
738.877,35.1490317,-90.0140679,ChIJw3q9_xV-1YcRqrte6yBn1CI,OK,59594,471570026002021
738.877,35.1490317,-90.0140679,ChIJw3q9_xV-1YcRqrte6yBn1CI,OK,59594,471570026002021
1534.976,35.142439,-90.006118,ChIJeUPo2Rt-1YcRdoG2a54M-d0,OK,117624,471570026002021
620.525,35.1490317,-90.0140679,ChIJw3q9_xV-1YcRqrte6yBn1CI,OK,48048,471570026001006
620.525,35.1490317,-90.0140679,ChIJw3q9_xV-1YcRqrte6yBn1CI,OK,48048,471570026001006
979.805,35.142439,-90.006118,ChIJeUPo2Rt-1YcRdoG2a54M-d0,OK,93686,471570026001006
1419.777,35.1490317,-90.0140679,ChIJw3q9_xV-1YcRqrte6yBn1CI,OK,93007,471570026002005
1419.777,35.1490317,-90.0140679,ChIJw3q9_xV-1YcRqrte6yBn1CI,OK,93007,471570026002005
1416.902,35.142439,-90.006118,ChIJeUPo2Rt-1YcRdoG2a54M-d0,OK,111475,471570026002005
1291.846,35.142439,-90.006118,ChIJeUPo2Rt-1YcRdoG2a54M-d0,OK,102531,471570026002010
1291.846,35.142439,-90.006118,ChIJeUPo2Rt-1YcRdoG2a54M-d0,OK,102531,471570026002010
1544.056,35.1490317,-90.0140679,ChIJw3q9_xV-1YcRqrte6yBn1CI,OK,107823,471570026002010
1658.942,35.1490317,-90.0140679,ChIJw3q9_xV-1YcRqrte6yBn1CI,OK,107199,471570017001054
1658.942,35.1490317,-90.0140679,ChIJw3q9_xV-1YcRqrte6yBn1CI,OK,107199,471570017001054
1601.675,35.142439,-90.006118,ChIJeUPo2Rt-1YcRdoG2a54M-d0,OK,127627,471570017001054
1160.068,35.142439,-90.006118,ChIJeUPo2Rt-1YcRdoG2a54M-d0,OK,93080,471570026002018
1160.068,35.142439,-90.006118,ChIJeUPo2Rt-1YcRdoG2a54M-d0,OK,93080,471570026002018
1206.251,35.1490317,-90.0140679,ChIJw3q9_xV-1YcRqrte6yBn1CI,OK,104043,471570026002018
974.369,35.1490317,-90.0140679,ChIJw3q9_xV-1YcRqrte6yBn1CI,OK,76012,471570026002019
974.369,35.1490317,-90.0140679,ChIJw3q9_xV-1YcRqrte6yBn1CI,OK,76012,471570026002019
1277.15,35.142439,-90.006118,ChIJeUPo2Rt-1YcRdoG2a54M-d0,OK,98526,471570026002019
1561.889,35.1490317,-90.0140679,ChIJw3q9_xV-1YcRqrte6yBn1CI,OK,85889,471570026002001
1561.889,35.1490317,-90.0140679,ChIJw3q9_xV-1YcRqrte6yBn1CI,OK,85889,471570026002001
1504.621,35.142439,-90.006118,ChIJeUPo2Rt-1YcRdoG2a54M-d0,OK,106317,471570026002001
1253.362,35.142439,-90.006118,ChIJeUPo2Rt-1YcRdoG2a54M-d0,OK,95867,471570026002009
1253.362,35.142439,-90.006118,ChIJeUPo2Rt-1YcRdoG2a54M-d0,OK,95867,471570026002009
1466.939,35.1490317,-90.0140679,ChIJw3q9_xV-1YcRqrte6yBn1CI,OK,110529,471570026002009
1041.095,35.142439,-90.006118,ChIJeUPo2Rt-1YcRdoG2a54M-d0,OK,84449,471570026002025
1041.095,35.142439,-90.006118,ChIJeUPo2Rt-1YcRdoG2a54M-d0,OK,84449,471570026002025
1086.282,35.1490317,-90.0140679,ChIJw3q9_xV-1YcRqrte6yBn1CI,OK,89590,471570026002025
1128.508,35.142439,-90.006118,ChIJeUPo2Rt-1YcRdoG2a54M-d0,OK,86911,471570026002017
1128.508,35.142439,-90.006118,ChIJeUPo2Rt-1YcRdoG2a54M-d0,OK,86911,471570026002017
1865.117,35.13774119999999,-89.99713,ChIJtwtohKiAf4gRFxkNLUf9PgA,OK,133743,471570026002017
851.41,35.142439,-90.006118,ChIJeUPo2Rt-1YcRdoG2a54M-d0,OK,65751,471570026001002
2526.232,35.19067459999999,-89.8489943,ChIJ364PGjWdf4gRKbsrGLq8_XQ,OK,150246,471570211123014
2526.232,35.19067459999999,-89.8489943,ChIJ364PGjWdf4gRKbsrGLq8_XQ,OK,150246,471570211123014
2893.296,35.2045576,-89.81176689999999,ChIJ8ROix4Kdf4gR4Su-1OwAUMo,OK,190769,471570211123014
2002.939,35.2051043,-89.79754849999999,ChIJpRDMlY2df4gRQqHmUo_lzmc,OK,156958,471570211132015
2002.939,35.2051043,-89.79754849999999,ChIJpRDMlY2df4gRQqHmUo_lzmc,OK,156958,471570211132015
2294.937,35.2071893,-89.79833029999999,ChIJQ0zWJIydf4gRstwjg5hObuM,OK,217471,471570211132015
1775.691,35.2044739,-89.76342459999999,ChIJ3XsJxyKef4gRTeWb3lonWsU,OK,126829,471570211421032
1775.691,35.2044739,-89.76342459999999,ChIJ3XsJxyKef4gRTeWb3lonWsU,OK,126829,471570211421032
3466.106,35.2074362,-89.7805166,ChIJ62ATRfudf4gRPIrPAXGVsiQ,OK,258315,471570211421032
610.747,35.192778,-89.895242,ChIJ2ehTh2eCf4gR95JHzr6OIMA,OK,34960,471570205422030
610.747,35.192778,-89.895242,ChIJ2ehTh2eCf4gR95JHzr6OIMA,OK,34960,471570205422030
670.797,35.1942326,-89.8965709,ChIJD7pM72eCf4gRg19OPcAuyDw,OK,38563,471570205422030
2307.405,35.19067459999999,-89.8489943,ChIJ364PGjWdf4gRKbsrGLq8_XQ,OK,131952,471570211123029
2307.405,35.19067459999999,-89.8489943,ChIJ364PGjWdf4gRKbsrGLq8_XQ,OK,131952,471570211123029
3080.131,35.2045576,-89.81176689999999,ChIJ8ROix4Kdf4gR4Su-1OwAUMo,OK,197543,471570211123029
3754.57,35.2072684,-89.7827147,ChIJKdJ2xvqdf4gRKLRUePlbOOs,OK,209850,471570211132016
4961.031,35.2051043,-89.79754849999999,ChIJpRDMlY2df4gRQqHmUo_lzmc,OK,237438,471570211132016
4961.031,35.2051043,-89.79754849999999,ChIJpRDMlY2df4gRQqHmUo_lzmc,OK,237438,471570211132016
6431.073,35.2051043,-89.79754849999999,ChIJpRDMlY2df4gRQqHmUo_lzmc,OK,312147,471570211421088
6431.073,35.2051043,-89.79754849999999,ChIJpRDMlY2df4gRQqHmUo_lzmc,OK,312147,471570211421088
6896.042,35.2072684,-89.7827147,ChIJKdJ2xvqdf4gRKLRUePlbOOs,OK,369569,471570211421088
670.371,35.1942326,-89.8965709,ChIJD7pM72eCf4gRg19OPcAuyDw,OK,47187,471570205423002
670.371,35.1942326,-89.8965709,ChIJD7pM72eCf4gRg19OPcAuyDw,OK,47187,471570205423002
854.884,35.192778,-89.895242,ChIJ2ehTh2eCf4gR95JHzr6OIMA,OK,58257,471570205423002
1231.314,35.2044739,-89.76342459999999,ChIJ3XsJxyKef4gRTeWb3lonWsU,OK,87642,471570211421082
1231.314,35.2044739,-89.76342459999999,ChIJ3XsJxyKef4gRTeWb3lonWsU,OK,87642,471570211421082
2921.73,35.2074362,-89.7805166,ChIJ62ATRfudf4gRPIrPAXGVsiQ,OK,219128,471570211421082
1594.33,35.2044739,-89.76342459999999,ChIJ3XsJxyKef4gRTeWb3lonWsU,OK,113776,471570211421038
1594.33,35.2044739,-89.76342459999999,ChIJ3XsJxyKef4gRTeWb3lonWsU,OK,113776,471570211421038
3284.745,35.2074362,-89.7805166,ChIJ62ATRfudf4gRPIrPAXGVsiQ,OK,245262,471570211421038
1256.235,35.2044739,-89.76342459999999,ChIJ3XsJxyKef4gRTeWb3lonWsU,OK,89436,471570211421084
1256.235,35.2044739,-89.76342459999999,ChIJ3XsJxyKef4gRTeWb3lonWsU,OK,89436,471570211421084
2946.65,35.2074362,-89.7805166,ChIJ62ATRfudf4gRPIrPAXGVsiQ,OK,220922,471570211421084
1846.195,35.2044739,-89.76342459999999,ChIJ3XsJxyKef4gRTeWb3lonWsU,OK,131905,471570211421060
1846.195,35.2044739,-89.76342459999999,ChIJ3XsJxyKef4gRTeWb3lonWsU,OK,131905,471570211421060
3536.611,35.2074362,-89.7805166,ChIJ62ATRfudf4gRPIrPAXGVsiQ,OK,263391,471570211421060
1473.285,35.2044739,-89.76342459999999,ChIJ3XsJxyKef4gRTeWb3lonWsU,OK,105062,471570211421048
1473.285,35.2044739,-89.76342459999999,ChIJ3XsJxyKef4gRTeWb3lonWsU,OK,105062,471570211421048
3163.701,35.2074362,-89.7805166,ChIJ62ATRfudf4gRPIrPAXGVsiQ,OK,236548,471570211421048
1491.102,35.2044739,-89.76342459999999,ChIJ3XsJxyKef4gRTeWb3lonWsU,OK,106345,471570211421049
1491.102,35.2044739,-89.76342459999999,ChIJ3XsJxyKef4gRTeWb3lonWsU,OK,106345,471570211421049
3181.517,35.2074362,-89.7805166,ChIJ62ATRfudf4gRPIrPAXGVsiQ,OK,237831,471570211421049
1357.257,35.2044739,-89.76342459999999,ChIJ3XsJxyKef4gRTeWb3lonWsU,OK,96709,471570211421080
1357.257,35.2044739,-89.76342459999999,ChIJ3XsJxyKef4gRTeWb3lonWsU,OK,96709,471570211421080
3047.672,35.2074362,-89.7805166,ChIJ62ATRfudf4gRPIrPAXGVsiQ,OK,228195,471570211421080
1906.072,35.2044739,-89.76342459999999,ChIJ3XsJxyKef4gRTeWb3lonWsU,OK,136215,471570211421061
1906.072,35.2044739,-89.76342459999999,ChIJ3XsJxyKef4gRTeWb3lonWsU,OK,136215,471570211421061
3596.487,35.2074362,-89.7805166,ChIJ62ATRfudf4gRPIrPAXGVsiQ,OK,267701,471570211421061
2290.923,35.2044739,-89.76342459999999,ChIJ3XsJxyKef4gRTeWb3lonWsU,OK,176269,471570211421055
3981.339,35.2074362,-89.7805166,ChIJ62ATRfudf4gRPIrPAXGVsiQ,OK,307755,471570211421055
3981.339,35.2074362,-89.7805166,ChIJ62ATRfudf4gRPIrPAXGVsiQ,OK,307755,471570211421055
1256.195,35.2044739,-89.76342459999999,ChIJ3XsJxyKef4gRTeWb3lonWsU,OK,89995,471570211411003
1256.195,35.2044739,-89.76342459999999,ChIJ3XsJxyKef4gRTeWb3lonWsU,OK,89995,471570211411003
2946.61,35.2074362,-89.7805166,ChIJ62ATRfudf4gRPIrPAXGVsiQ,OK,221481,471570211411003
2056.785,35.2044739,-89.76342459999999,ChIJ3XsJxyKef4gRTeWb3lonWsU,OK,148174,471570211421056
2056.785,35.2044739,-89.76342459999999,ChIJ3XsJxyKef4gRTeWb3lonWsU,OK,148174,471570211421056
3747.201,35.2074362,-89.7805166,ChIJ62ATRfudf4gRPIrPAXGVsiQ,OK,279660,471570211421056
605.825,35.1942326,-89.8965709,ChIJD7pM72eCf4gRg19OPcAuyDw,OK,44013,471570205423003
605.825,35.1942326,-89.8965709,ChIJD7pM72eCf4gRg19OPcAuyDw,OK,44013,471570205423003
790.338,35.192778,-89.895242,ChIJ2ehTh2eCf4gR95JHzr6OIMA,OK,55083,471570205423003
1020.163,35.1942326,-89.8965709,ChIJD7pM72eCf4gRg19OPcAuyDw,OK,57063,471570205422034
1465.392,35.2060393,-89.89459389999999,ChIJN_fdM1CCf4gRqHZ_YUZgoJo,OK,82007,471570205422034
1465.392,35.2060393,-89.89459389999999,ChIJN_fdM1CCf4gRqHZ_YUZgoJo,OK,82007,471570205422034
745.996,35.1942326,-89.8965709,ChIJD7pM72eCf4gRg19OPcAuyDw,OK,72062,471570205422025
745.996,35.1942326,-89.8965709,ChIJD7pM72eCf4gRg19OPcAuyDw,OK,72062,471570205422025
930.509,35.192778,-89.895242,ChIJ2ehTh2eCf4gR95JHzr6OIMA,OK,83132,471570205422025
2094.042,35.2044739,-89.76342459999999,ChIJ3XsJxyKef4gRTeWb3lonWsU,OK,149748,471570211421039
3338.095,35.218332,-90.00299799999999,ChIJfRCGEgGA1YcRsZsWP_dycDI,OK,228238,471570099012013
3546,35.21475480000001,-90.00354540000001,ChIJF6XvX_9_1YcRD4jlF4jzevw,OK,240712,471570099012013
3823.92,35.218332,-90.00299799999999,ChIJfRCGEgGA1YcRsZsWP_dycDI,OK,239565,471570099023004
3823.92,35.218332,-90.00299799999999,ChIJfRCGEgGA1YcRsZsWP_dycDI,OK,239565,471570099023004
4031.825,35.21475480000001,-90.00354540000001,ChIJF6XvX_9_1YcRD4jlF4jzevw,OK,252039,471570099023004
1745.635,35.1435177,-90.0539328,ChIJ8VFg1pV-1YcRR9G8p0pZx6U,OK,124530,471570043001030
1745.635,35.1435177,-90.0539328,ChIJ8VFg1pV-1YcRR9G8p0pZx6U,OK,124530,471570043001030
1870.464,35.1450994,-90.0538646,ChIJne6_s5V-1YcRn_LPaqiwhrk,OK,136435,471570043001030
4932.184,35.2064292,-89.73436359999999,ChIJP6qgZdGff4gRQoIww3TX5kM,OK,271165,471570210101006
4932.184,35.2064292,-89.73436359999999,ChIJP6qgZdGff4gRQoIww3TX5kM,OK,271165,471570210101006
7594.088,35.2044739,-89.76342459999999,ChIJ3XsJxyKef4gRTeWb3lonWsU,OK,399343,471570210101006
1321.826,35.1435177,-90.0539328,ChIJ8VFg1pV-1YcRR9G8p0pZx6U,OK,90514,471570043001039
1321.826,35.1435177,-90.0539328,ChIJ8VFg1pV-1YcRR9G8p0pZx6U,OK,90514,471570043001039
1446.655,35.1450994,-90.0538646,ChIJne6_s5V-1YcRn_LPaqiwhrk,OK,102419,471570043001039
3716.079,35.218332,-90.00299799999999,ChIJfRCGEgGA1YcRsZsWP_dycDI,OK,234076,471570099022010
3716.079,35.218332,-90.00299799999999,ChIJfRCGEgGA1YcRsZsWP_dycDI,OK,234076,471570099022010
3410.324,35.21475480000001,-90.00354540000001,ChIJF6XvX_9_1YcRD4jlF4jzevw,OK,243885,471570099022010
6423.644,35.1439641,-90.0517892,ChIJL-0zBZR-1YcRj7p5p1WY4-g,OK,505578,471570099011035
6423.644,35.1439641,-90.0517892,ChIJL-0zBZR-1YcRj7p5p1WY4-g,OK,505578,471570099011035
6632.56,35.1450994,-90.0538646,ChIJne6_s5V-1YcRn_LPaqiwhrk,OK,511032,471570099011035
5818.933,35.218332,-90.00299799999999,ChIJfRCGEgGA1YcRsZsWP_dycDI,OK,325660,471570001001001
5818.933,35.218332,-90.00299799999999,ChIJfRCGEgGA1YcRsZsWP_dycDI,OK,325660,471570001001001
5379.412,35.21475480000001,-90.00354540000001,ChIJF6XvX_9_1YcRD4jlF4jzevw,OK,334427,471570001001001
1609.725,35.2044739,-89.76342459999999,ChIJ3XsJxyKef4gRTeWb3lonWsU,OK,130634,471570211411000
1609.725,35.2044739,-89.76342459999999,ChIJ3XsJxyKef4gRTeWb3lonWsU,OK,130634,471570211411000
3300.141,35.2074362,-89.7805166,ChIJ62ATRfudf4gRPIrPAXGVsiQ,OK,262120,471570211411000
1740.897,35.2044739,-89.76342459999999,ChIJ3XsJxyKef4gRTeWb3lonWsU,OK,146373,471570211411001
1740.897,35.2044739,-89.76342459999999,ChIJ3XsJxyKef4gRTeWb3lonWsU,OK,146373,471570211411001
3431.312,35.2074362,-89.7805166,ChIJ62ATRfudf4gRPIrPAXGVsiQ,OK,277859,471570211411001
1265.296,35.1435177,-90.0539328,ChIJ8VFg1pV-1YcRR9G8p0pZx6U,OK,83731,471570042002062
1265.296,35.1435177,-90.0539328,ChIJ8VFg1pV-1YcRR9G8p0pZx6U,OK,83731,471570042002062
1390.126,35.1450994,-90.0538646,ChIJne6_s5V-1YcRn_LPaqiwhrk,OK,95636,471570042002062
1684.077,35.1251709,-90.0481695,ChIJybIJtCd81YcR9Otxws-5qCM,OK,111092,471570117001037
1684.077,35.1251709,-90.0481695,ChIJybIJtCd81YcR9Otxws-5qCM,OK,111092,471570117001037
1685.891,35.125222,-90.048147,ChIJ9cKdtid81YcRKs9h6RjzQzw,OK,111193,471570117001037
1601.602,35.1251709,-90.0481695,ChIJybIJtCd81YcR9Otxws-5qCM,OK,95186,471570117001053
1601.602,35.1251709,-90.0481695,ChIJybIJtCd81YcR9Otxws-5qCM,OK,95186,471570117001053
1603.416,35.125222,-90.048147,ChIJ9cKdtid81YcRKs9h6RjzQzw,OK,95287,471570117001053
4586.944,35.218332,-90.00299799999999,ChIJfRCGEgGA1YcRsZsWP_dycDI,OK,307422,471570099021019
4586.944,35.218332,-90.00299799999999,ChIJfRCGEgGA1YcRsZsWP_dycDI,OK,307422,471570099021019
4794.849,35.21475480000001,-90.00354540000001,ChIJF6XvX_9_1YcRD4jlF4jzevw,OK,319896,471570099021019
4308.83,35.218332,-90.00299799999999,ChIJfRCGEgGA1YcRsZsWP_dycDI,OK,274049,471570099021023
4308.83,35.218332,-90.00299799999999,ChIJfRCGEgGA1YcRsZsWP_dycDI,OK,274049,471570099021023
4516.735,35.21475480000001,-90.00354540000001,ChIJF6XvX_9_1YcRD4jlF4jzevw,OK,286523,471570099021023
5975.192,35.1439641,-90.0517892,ChIJL-0zBZR-1YcRj7p5p1WY4-g,OK,350974,471570001001008
5975.192,35.1439641,-90.0517892,ChIJL-0zBZR-1YcRj7p5p1WY4-g,OK,350974,471570001001008
6005.882,35.1435177,-90.0539328,ChIJ8VFg1pV-1YcRR9G8p0pZx6U,OK,351253,471570001001008
2377.437,35.21475480000001,-90.00354540000001,ChIJF6XvX_9_1YcRD4jlF4jzevw,OK,169710,471570101203005
2377.437,35.21475480000001,-90.00354540000001,ChIJF6XvX_9_1YcRD4jlF4jzevw,OK,169710,471570101203005
2775.926,35.218332,-90.00299799999999,ChIJfRCGEgGA1YcRsZsWP_dycDI,OK,193619,471570101203005
540.265,35.22619459999999,-90.0020167,ChIJvTh1mwiA1YcRLLqD5Uxq8Nc,OK,37234,471570101102001
540.265,35.22619459999999,-90.0020167,ChIJvTh1mwiA1YcRLLqD5Uxq8Nc,OK,37234,471570101102001
1073.514,35.218332,-90.00299799999999,ChIJfRCGEgGA1YcRsZsWP_dycDI,OK,68073,471570101102001
980.587,35.21475480000001,-90.00354540000001,ChIJF6XvX_9_1YcRD4jlF4jzevw,OK,84876,471570101106011
980.587,35.21475480000001,-90.00354540000001,ChIJF6XvX_9_1YcRD4jlF4jzevw,OK,84876,471570101106011
1379.076,35.218332,-90.00299799999999,ChIJfRCGEgGA1YcRsZsWP_dycDI,OK,108785,471570101106011
1285.912,35.21475480000001,-90.00354540000001,ChIJF6XvX_9_1YcRD4jlF4jzevw,OK,77150,471570101203004
1285.912,35.21475480000001,-90.00354540000001,ChIJF6XvX_9_1YcRD4jlF4jzevw,OK,77150,471570101203004
1684.401,35.218332,-90.00299799999999,ChIJfRCGEgGA1YcRsZsWP_dycDI,OK,101059,471570101203004
2056.965,35.21475480000001,-90.00354540000001,ChIJF6XvX_9_1YcRD4jlF4jzevw,OK,147929,471570101203014
2056.965,35.21475480000001,-90.00354540000001,ChIJF6XvX_9_1YcRD4jlF4jzevw,OK,147929,471570101203014
2455.455,35.218332,-90.00299799999999,ChIJfRCGEgGA1YcRsZsWP_dycDI,OK,171838,471570101203014
4473.508,35.1738374,-89.98954379999999,ChIJ_S0BIGOAf4gRU3Ph4W65cOQ,OK,316926,471570003001008
5016.762,35.1490317,-90.0140679,ChIJw3q9_xV-1YcRqrte6yBn1CI,OK,331323,471570003001008
5016.762,35.1490317,-90.0140679,ChIJw3q9_xV-1YcRqrte6yBn1CI,OK,331323,471570003001008
972.585,35.0543926,-90.0597009,ChIJT5TzUbl81YcRiPqNjkbj9CA,OK,71912,471570223212006
972.585,35.0543926,-90.0597009,ChIJT5TzUbl81YcRiPqNjkbj9CA,OK,71912,471570223212006
1553.941,35.06128,-90.05978399999999,ChIJm06f8ZV81YcRTjzAsJPcBKY,OK,104109,471570223212006
1994.683,35.1546312,-89.79260459999999,ChIJ8UeuSEecf4gRniit7ubZLtM,OK,128321,471570211374003
1994.683,35.1546312,-89.79260459999999,ChIJ8UeuSEecf4gRniit7ubZLtM,OK,128321,471570211374003
2942.145,35.14868459999999,-89.7948203,ChIJ4w9Lr2qcf4gRHdzl9FciAFM,OK,181873,471570211374003
1933.117,35.1546312,-89.79260459999999,ChIJ8UeuSEecf4gRniit7ubZLtM,OK,116265,471570211362058
1933.117,35.1546312,-89.79260459999999,ChIJ8UeuSEecf4gRniit7ubZLtM,OK,116265,471570211362058
2880.579,35.14868459999999,-89.7948203,ChIJ4w9Lr2qcf4gRHdzl9FciAFM,OK,169817,471570211362058
2010.191,35.1546312,-89.79260459999999,ChIJ8UeuSEecf4gRniit7ubZLtM,OK,130182,471570211374002
2010.191,35.1546312,-89.79260459999999,ChIJ8UeuSEecf4gRniit7ubZLtM,OK,130182,471570211374002
2957.652,35.14868459999999,-89.7948203,ChIJ4w9Lr2qcf4gRHdzl9FciAFM,OK,183734,471570211374002
2136.74,35.1546312,-89.79260459999999,ChIJ8UeuSEecf4gRniit7ubZLtM,OK,127542,471570211374001
2136.74,35.1546312,-89.79260459999999,ChIJ8UeuSEecf4gRniit7ubZLtM,OK,127542,471570211374001
3084.202,35.14868459999999,-89.7948203,ChIJ4w9Lr2qcf4gRHdzl9FciAFM,OK,181094,471570211374001
2790.441,35.1546312,-89.79260459999999,ChIJ8UeuSEecf4gRniit7ubZLtM,OK,192569,471570211381023
2790.441,35.1546312,-89.79260459999999,ChIJ8UeuSEecf4gRniit7ubZLtM,OK,192569,471570211381023
3737.902,35.14868459999999,-89.7948203,ChIJ4w9Lr2qcf4gRHdzl9FciAFM,OK,246121,471570211381023
6091.214,35.14868459999999,-89.7948203,ChIJ4w9Lr2qcf4gRHdzl9FciAFM,OK,373143,471570211391026
6091.214,35.14868459999999,-89.7948203,ChIJ4w9Lr2qcf4gRHdzl9FciAFM,OK,373143,471570211391026
6857.376,35.1546312,-89.79260459999999,ChIJ8UeuSEecf4gRniit7ubZLtM,OK,393842,471570211391026
2289.794,35.2064292,-89.73436359999999,ChIJP6qgZdGff4gRQoIww3TX5kM,OK,150688,471570210101010
2289.794,35.2064292,-89.73436359999999,ChIJP6qgZdGff4gRQoIww3TX5kM,OK,150688,471570210101010
4951.698,35.2044739,-89.76342459999999,ChIJ3XsJxyKef4gRTeWb3lonWsU,OK,278866,471570210101010
4006.207,35.1439641,-90.0517892,ChIJL-0zBZR-1YcRj7p5p1WY4-g,OK,314483,471570001001043
4006.207,35.1439641,-90.0517892,ChIJL-0zBZR-1YcRj7p5p1WY4-g,OK,314483,471570001001043
4215.124,35.1450994,-90.0538646,ChIJne6_s5V-1YcRn_LPaqiwhrk,OK,319937,471570001001043
1396.768,35.1546312,-89.79260459999999,ChIJ8UeuSEecf4gRniit7ubZLtM,OK,108063,471570211374009
1396.768,35.1546312,-89.79260459999999,ChIJ8UeuSEecf4gRniit7ubZLtM,OK,108063,471570211374009
1568.977,35.14868459999999,-89.7948203,ChIJ4w9Lr2qcf4gRHdzl9FciAFM,OK,143132,471570211374009
2232.68,35.02100869999999,-89.8995317,ChIJ-f6gz22Pf4gR-rWEeLgd-68,OK,165541,471570226001172
2232.68,35.02100869999999,-89.8995317,ChIJ-f6gz22Pf4gR-rWEeLgd-68,OK,165541,471570226001172
2243.953,35.0209193,-89.8996561,ChIJxWQfy22Pf4gRlC1jxVU1A2g,OK,166166,471570226001172
2088.757,35.1439641,-90.0517892,ChIJL-0zBZR-1YcRj7p5p1WY4-g,OK,171696,471570021001059
2088.757,35.1439641,-90.0517892,ChIJL-0zBZR-1YcRj7p5p1WY4-g,OK,171696,471570021001059
2297.673,35.1450994,-90.0538646,ChIJne6_s5V-1YcRn_LPaqiwhrk,OK,177150,471570021001059
1864.398,35.1738374,-89.98954379999999,ChIJ_S0BIGOAf4gRU3Ph4W65cOQ,OK,111862,471570006001004
1864.398,35.1738374,-89.98954379999999,ChIJ_S0BIGOAf4gRU3Ph4W65cOQ,OK,111862,471570006001004
3211.007,35.17410499999999,-89.97575479999999,ChIJmfYTGFmAf4gRHGKCaD0qCtI,OK,192648,471570006001004
3315.476,35.1738374,-89.98954379999999,ChIJ_S0BIGOAf4gRU3Ph4W65cOQ,OK,275968,471570004002003
3315.476,35.1738374,-89.98954379999999,ChIJ_S0BIGOAf4gRU3Ph4W65cOQ,OK,275968,471570004002003
4490.253,35.1490317,-90.0140679,ChIJw3q9_xV-1YcRqrte6yBn1CI,OK,304948,471570004002003
863.757,35.1161637,-89.9446263,ChIJ-ZiED8iGf4gR32IlfgDBKWY,OK,67350,471570074001012
863.757,35.1161637,-89.9446263,ChIJ-ZiED8iGf4gR32IlfgDBKWY,OK,67350,471570074001012
950.4,35.108097,-89.941227,ChIJwxJT-r6Gf4gRhLDuFpyb128,OK,68732,471570074001012
3873.228,35.1738374,-89.98954379999999,ChIJ_S0BIGOAf4gRU3Ph4W65cOQ,OK,221602,471570004001005
3873.228,35.1738374,-89.98954379999999,ChIJ_S0BIGOAf4gRU3Ph4W65cOQ,OK,221602,471570004001005
4360.274,35.1490317,-90.0140679,ChIJw3q9_xV-1YcRqrte6yBn1CI,OK,222456,471570004001005
2441.132,35.0512763,-89.8427476,ChIJ7VPJ3q-af4gRdxERIyaZ0gk,OK,146011,471570217241001
2441.132,35.0512763,-89.8427476,ChIJ7VPJ3q-af4gRdxERIyaZ0gk,OK,146011,471570217241001
2823.323,35.049031,-89.841437,ChIJt6vl46-af4gRvoN8Yvkmx9A,OK,157053,471570217241001
3024.646,35.1738374,-89.98954379999999,ChIJ_S0BIGOAf4gRU3Ph4W65cOQ,OK,241068,471570004001004
3024.646,35.1738374,-89.98954379999999,ChIJ_S0BIGOAf4gRU3Ph4W65cOQ,OK,241068,471570004001004
4321.295,35.1490317,-90.0140679,ChIJw3q9_xV-1YcRqrte6yBn1CI,OK,284673,471570004001004
3431.892,35.2072684,-89.7827147,ChIJKdJ2xvqdf4gRKLRUePlbOOs,OK,199538,471570211132050
4638.353,35.2051043,-89.79754849999999,ChIJpRDMlY2df4gRQqHmUo_lzmc,OK,227126,471570211132050
4638.353,35.2051043,-89.79754849999999,ChIJpRDMlY2df4gRQqHmUo_lzmc,OK,227126,471570211132050
1148.377,35.2044739,-89.76342459999999,ChIJ3XsJxyKef4gRTeWb3lonWsU,OK,60072,471570208311010
1148.377,35.2044739,-89.76342459999999,ChIJ3XsJxyKef4gRTeWb3lonWsU,OK,60072,471570208311010
1513.528,35.2064292,-89.73436359999999,ChIJP6qgZdGff4gRQoIww3TX5kM,OK,68105,471570208311010
2134.631,35.0543926,-90.0597009,ChIJT5TzUbl81YcRiPqNjkbj9CA,OK,153041,471570223213006
2134.631,35.0543926,-90.0597009,ChIJT5TzUbl81YcRiPqNjkbj9CA,OK,153041,471570223213006
2894.183,35.06128,-90.05978399999999,ChIJm06f8ZV81YcRTjzAsJPcBKY,OK,195106,471570223213006
3159.855,35.02100869999999,-89.8995317,ChIJ-f6gz22Pf4gR-rWEeLgd-68,OK,222424,471570226001191
3159.855,35.02100869999999,-89.8995317,ChIJ-f6gz22Pf4gR-rWEeLgd-68,OK,222424,471570226001191
3171.128,35.0209193,-89.8996561,ChIJxWQfy22Pf4gRlC1jxVU1A2g,OK,223049,471570226001191
1926.289,35.0614623,-89.8536277,ChIJ4TWJkTWFf4gRbkNZYfkF9Jw,OK,119523,471570213342025
102.991,35.13774119999999,-89.99713,ChIJtwtohKiAf4gRFxkNLUf9PgA,OK,9130,471570032001010
102.991,35.13774119999999,-89.99713,ChIJtwtohKiAf4gRFxkNLUf9PgA,OK,9130,471570032001010
809.59,35.13779299999999,-89.99118349999999,ChIJUQlZ-K-Af4gRkRKK62-ap5w,OK,63717,471570032001010
1180.139,35.13774119999999,-89.99713,ChIJtwtohKiAf4gRFxkNLUf9PgA,OK,84974,471570033002000
1180.139,35.13774119999999,-89.99713,ChIJtwtohKiAf4gRFxkNLUf9PgA,OK,84974,471570033002000
1243.396,35.13763670000001,-90.00757159999999,ChIJl69WLQV-1YcRU3z7Tt2MyhY,OK,104529,471570033002000
1717.549,35.13774119999999,-89.99713,ChIJtwtohKiAf4gRFxkNLUf9PgA,OK,108201,471570033002016
1717.549,35.13774119999999,-89.99713,ChIJtwtohKiAf4gRFxkNLUf9PgA,OK,108201,471570033002016
2080.399,35.13763670000001,-90.00757159999999,ChIJl69WLQV-1YcRU3z7Tt2MyhY,OK,134789,471570033002016
1860.05,35.109859,-89.99141100000001,ChIJs6JbpFyHf4gR9O01gG0a7fQ,OK,115274,471570063002002
1860.05,35.109859,-89.99141100000001,ChIJs6JbpFyHf4gR9O01gG0a7fQ,OK,115274,471570063002002
2284.587,35.13774119999999,-89.99713,ChIJtwtohKiAf4gRFxkNLUf9PgA,OK,151648,471570063002002
1595.67,35.13774119999999,-89.99713,ChIJtwtohKiAf4gRFxkNLUf9PgA,OK,123073,471570033001007
1595.67,35.13774119999999,-89.99713,ChIJtwtohKiAf4gRFxkNLUf9PgA,OK,123073,471570033001007
1606.453,35.13418100000001,-89.98599,ChIJnf1_yraAf4gR9pQmD7CXhgg,OK,124360,471570033001007
792.125,35.086634,-89.96355199999999,ChIJW0XU3AGHf4gRINnmxvx9m5A,OK,80562,471570081202019
792.125,35.086634,-89.96355199999999,ChIJW0XU3AGHf4gRINnmxvx9m5A,OK,80562,471570081202019
1266.667,35.0904795,-89.96597299999999,ChIJHfaNmAOHf4gR1d8V2K9rfSU,OK,106843,471570081202019
744.744,35.05407199999999,-90.00125899999999,ChIJIzdhk1h91YcRZT7cBcBslaM,OK,50050,471570220221010
744.744,35.05407199999999,-90.00125899999999,ChIJIzdhk1h91YcRZT7cBcBslaM,OK,50050,471570220221010
1436.521,35.054745,-90.007971,ChIJXxyyQlt91YcRhldtWgjSnSE,OK,96239,471570220221010
2536.418,35.02138900000001,-89.996898,ChIJz3MQkR6If4gRIBgmNH-BQcg,OK,106697,471570220224022
6885.493,35.054745,-90.007971,ChIJXxyyQlt91YcRhldtWgjSnSE,OK,364830,471570220224022
6885.493,35.054745,-90.007971,ChIJXxyyQlt91YcRhldtWgjSnSE,OK,364830,471570220224022
1882.074,35.054745,-90.007971,ChIJXxyyQlt91YcRhldtWgjSnSE,OK,130555,471570220241012
1882.074,35.054745,-90.007971,ChIJXxyyQlt91YcRhldtWgjSnSE,OK,130555,471570220241012
2313.922,35.05407199999999,-90.00125899999999,ChIJIzdhk1h91YcRZT7cBcBslaM,OK,146594,471570220241012
746.856,35.05407199999999,-90.00125899999999,ChIJIzdhk1h91YcRZT7cBcBslaM,OK,85915,471570220224012
746.856,35.05407199999999,-90.00125899999999,ChIJIzdhk1h91YcRZT7cBcBslaM,OK,85915,471570220224012
1170.329,35.054745,-90.007971,ChIJXxyyQlt91YcRhldtWgjSnSE,OK,104205,471570220224012
789.86,35.1507888,-89.977317,ChIJdVWrOuqAf4gR-V7s1E3qo7g,OK,47388,471570015001023
789.86,35.1507888,-89.977317,ChIJdVWrOuqAf4gR-V7s1E3qo7g,OK,47388,471570015001023
1300.312,35.1497164,-89.95515999999999,ChIJcQb6ehiBf4gR-uA54eRPNq8,OK,80241,471570015001023
927.055,35.05407199999999,-90.00125899999999,ChIJIzdhk1h91YcRZT7cBcBslaM,OK,73940,471570220221001
927.055,35.05407199999999,-90.00125899999999,ChIJIzdhk1h91YcRZT7cBcBslaM,OK,73940,471570220221001
1618.832,35.054745,-90.007971,ChIJXxyyQlt91YcRhldtWgjSnSE,OK,120129,471570220221001
1870.772,35.05407199999999,-90.00125899999999,ChIJIzdhk1h91YcRZT7cBcBslaM,OK,103605,471570220225007
1870.772,35.05407199999999,-90.00125899999999,ChIJIzdhk1h91YcRZT7cBcBslaM,OK,103605,471570220225007
2274.171,35.0643218,-89.9923063,ChIJb3DQuo2Hf4gRC8UI6d4pa68,OK,145876,471570220225007
3235.022,35.14868459999999,-89.7948203,ChIJ4w9Lr2qcf4gRHdzl9FciAFM,OK,232066,471570211374049
3657.268,35.1546312,-89.79260459999999,ChIJ8UeuSEecf4gRniit7ubZLtM,OK,248532,471570211374049
3298.996,35.1546312,-89.79260459999999,ChIJ8UeuSEecf4gRniit7ubZLtM,OK,212833,471570211381016
3298.996,35.1546312,-89.79260459999999,ChIJ8UeuSEecf4gRniit7ubZLtM,OK,212833,471570211381016
4246.458,35.14868459999999,-89.7948203,ChIJ4w9Lr2qcf4gRHdzl9FciAFM,OK,266385,471570211381016
3684.439,35.14868459999999,-89.7948203,ChIJ4w9Lr2qcf4gRHdzl9FciAFM,OK,216640,471579804001020
3684.439,35.14868459999999,-89.7948203,ChIJ4w9Lr2qcf4gRHdzl9FciAFM,OK,216640,471579804001020
4450.601,35.1546312,-89.79260459999999,ChIJ8UeuSEecf4gRniit7ubZLtM,OK,237339,471579804001020
1370.855,35.02753099999999,-90.082077,ChIJK66rdetk1YcRwwxI9gDREks,OK,156278,471570223303009
1370.855,35.02753099999999,-90.082077,ChIJK66rdetk1YcRwwxI9gDREks,OK,156278,471570223303009
2171.927,35.0326981,-90.07589809999999,ChIJ9S1ljalk1YcRvuG-_hbpimA,OK,200644,471570223303009
2395.582,35.222344,-89.97682999999999,ChIJ987Br45_f4gRjwrvnFN8t7k,OK,180053,471570100001002
2395.582,35.222344,-89.97682999999999,ChIJ987Br45_f4gRjwrvnFN8t7k,OK,180053,471570100001002
2397.435,35.2227028,-89.97692290000001,ChIJ987Br45_f4gRMoYIhCny13Q,OK,192245,471570100001002
2984.267,35.2051043,-89.79754849999999,ChIJpRDMlY2df4gRQqHmUo_lzmc,OK,244065,471570211421024
3449.237,35.2072684,-89.7827147,ChIJKdJ2xvqdf4gRKLRUePlbOOs,OK,301487,471570211421024
3449.237,35.2072684,-89.7827147,ChIJKdJ2xvqdf4gRKLRUePlbOOs,OK,301487,471570211421024
1737.343,35.220637,-89.892425,ChIJiZ78r4Z4f4gRyy0DWRWI7n0,OK,113813,471570206443014
1737.343,35.220637,-89.892425,ChIJiZ78r4Z4f4gRyy0DWRWI7n0,OK,113813,471570206443014
2817.85,35.223866,-89.90499,ChIJJRXCRJh4f4gRcTFbl9qZzNM,OK,206704,471570206443014
8503.816,35.14868459999999,-89.7948203,ChIJ4w9Lr2qcf4gRHdzl9FciAFM,OK,585699,471570213521000
8503.816,35.14868459999999,-89.7948203,ChIJ4w9Lr2qcf4gRHdzl9FciAFM,OK,585699,471570213521000
9269.978,35.1546312,-89.79260459999999,ChIJ8UeuSEecf4gRniit7ubZLtM,OK,606398,471570213521000
765.245,35.1060329,-90.039159,ChIJ231bcjV81YcRQ1quDeYAd6M,OK,79220,471570057002032
765.245,35.1060329,-90.039159,ChIJ231bcjV81YcRQ1quDeYAd6M,OK,79220,471570057002032
2030.267,35.1087458,-90.0211918,ChIJe6w2EsF91YcRquzVZc8M0-I,OK,144278,471570057002032
2056.28,35.1087458,-90.0211918,ChIJe6w2EsF91YcRquzVZc8M0-I,OK,169497,471570075001002
2056.28,35.1087458,-90.0211918,ChIJe6w2EsF91YcRquzVZc8M0-I,OK,169497,471570075001002
2056.922,35.10874099999999,-90.021185,ChIJrVbiDcF91YcRG9TBOTpHc3I,OK,169574,471570075001002
1776.713,35.0612606,-89.88628629999999,ChIJAQ_I1gqFf4gRFrt5yQeAEps,OK,124594,471570107202005
1776.713,35.0612606,-89.88628629999999,ChIJAQ_I1gqFf4gRFrt5yQeAEps,OK,124594,471570107202005
1660.113,35.0632829,-89.88727279999999,ChIJvVoQ4QqFf4gRItXZGUDZ-Hc,OK,140021,471570107202005
2539.863,35.05113000000001,-89.815021,ChIJAdLMX4iaf4gRUenKpoiyrBc,OK,163693,471570213331005
2539.863,35.05113000000001,-89.815021,ChIJAdLMX4iaf4gRUenKpoiyrBc,OK,163693,471570213331005
2754.005,35.048632,-89.814048,ChIJqY7T64eaf4gRoqZRK7sz4Co,OK,175969,471570213331005
2721.293,35.0477573,-89.86637909999999,ChIJ5_0L5VyFf4gR4HBEwl6nmRE,OK,169408,471570217414003
2721.293,35.0477573,-89.86637909999999,ChIJ5_0L5VyFf4gR4HBEwl6nmRE,OK,169408,471570217414003
3292.13,35.050596,-89.869556,ChIJQ4vLA2iFf4gRyyCo3ihKH44,OK,208137,471570217414003
3385.924,35.0461089,-89.7947008,ChIJaZI6O3Oaf4gRqa_eh0DNj_s,OK,252284,471570213421000
3385.924,35.0461089,-89.7947008,ChIJaZI6O3Oaf4gRqa_eh0DNj_s,OK,252284,471570213421000
3503.929,35.045091,-89.795412,ChIJVelsQnOaf4gRECqTW7fq-dY,OK,258819,471570213421000
3090.8,35.05113000000001,-89.815021,ChIJAdLMX4iaf4gRUenKpoiyrBc,OK,254058,471570213421005
3090.8,35.05113000000001,-89.815021,ChIJAdLMX4iaf4gRUenKpoiyrBc,OK,254058,471570213421005
3304.942,35.048632,-89.814048,ChIJqY7T64eaf4gRoqZRK7sz4Co,OK,266334,471570213421005
383.154,35.0461089,-89.7947008,ChIJaZI6O3Oaf4gRqa_eh0DNj_s,OK,24375,471570215101017
383.154,35.0461089,-89.7947008,ChIJaZI6O3Oaf4gRqa_eh0DNj_s,OK,24375,471570215101017
501.159,35.045091,-89.795412,ChIJVelsQnOaf4gRECqTW7fq-dY,OK,30910,471570215101017
3127.326,35.104197,-89.98335349999999,ChIJNST6hGqHf4gR0Mml4gyjQWk,OK,186218,471570078101005
3240.324,35.107529,-89.9862127,ChIJ0WGfSUKHf4gRjDLrfGQwCV4,OK,197339,471570078101005
3240.324,35.107529,-89.9862127,ChIJ0WGfSUKHf4gRjDLrfGQwCV4,OK,197339,471570078101005
2009.326,35.1435177,-90.0539328,ChIJ8VFg1pV-1YcRR9G8p0pZx6U,OK,156171,471570043001034
2009.326,35.1435177,-90.0539328,ChIJ8VFg1pV-1YcRR9G8p0pZx6U,OK,156171,471570043001034
2134.156,35.1450994,-90.0538646,ChIJne6_s5V-1YcRn_LPaqiwhrk,OK,168076,471570043001034
4958.594,35.0643218,-89.9923063,ChIJb3DQuo2Hf4gRC8UI6d4pa68,OK,303154,471570078214001
4958.594,35.0643218,-89.9923063,ChIJb3DQuo2Hf4gRC8UI6d4pa68,OK,303154,471570078214001
6474.345,35.05407199999999,-90.00125899999999,ChIJIzdhk1h91YcRZT7cBcBslaM,OK,361088,471570078214001
4990.943,35.0643218,-89.9923063,ChIJb3DQuo2Hf4gRC8UI6d4pa68,OK,307036,471570078214012
4990.943,35.0643218,-89.9923063,ChIJb3DQuo2Hf4gRC8UI6d4pa68,OK,307036,471570078214012
6506.694,35.05407199999999,-90.00125899999999,ChIJIzdhk1h91YcRZT7cBcBslaM,OK,364970,471570078214012
5100.708,35.0643218,-89.9923063,ChIJb3DQuo2Hf4gRC8UI6d4pa68,OK,328567,471570078214000
5100.708,35.0643218,-89.9923063,ChIJb3DQuo2Hf4gRC8UI6d4pa68,OK,328567,471570078214000
6616.459,35.05407199999999,-90.00125899999999,ChIJIzdhk1h91YcRZT7cBcBslaM,OK,386501,471570078214000
2992.051,35.0841884,-89.97146650000001,ChIJX1vb4AeHf4gRloPQ2o5nDXA,OK,303406,471570078101044
2992.051,35.0841884,-89.97146650000001,ChIJX1vb4AeHf4gRloPQ2o5nDXA,OK,303406,471570078101044
3757.119,35.104197,-89.98335349999999,ChIJNST6hGqHf4gR0Mml4gyjQWk,OK,316747,471570078101044
4776.725,35.0643218,-89.9923063,ChIJb3DQuo2Hf4gRC8UI6d4pa68,OK,327744,471570078214005
4776.725,35.0643218,-89.9923063,ChIJb3DQuo2Hf4gRC8UI6d4pa68,OK,327744,471570078214005
6292.475,35.05407199999999,-90.00125899999999,ChIJIzdhk1h91YcRZT7cBcBslaM,OK,385678,471570078214005
5021.798,35.05407199999999,-90.00125899999999,ChIJIzdhk1h91YcRZT7cBcBslaM,OK,270703,471570225001082
5538.313,35.0643218,-89.9923063,ChIJb3DQuo2Hf4gRC8UI6d4pa68,OK,315991,471570225001082
5538.313,35.0643218,-89.9923063,ChIJb3DQuo2Hf4gRC8UI6d4pa68,OK,315991,471570225001082
4551.143,35.0643218,-89.9923063,ChIJb3DQuo2Hf4gRC8UI6d4pa68,OK,300676,471570078214006
4551.143,35.0643218,-89.9923063,ChIJb3DQuo2Hf4gRC8UI6d4pa68,OK,300676,471570078214006
6066.893,35.05407199999999,-90.00125899999999,ChIJIzdhk1h91YcRZT7cBcBslaM,OK,358610,471570078214006
1688.218,35.1087458,-90.0211918,ChIJe6w2EsF91YcRquzVZc8M0-I,OK,100981,471570078102031
1688.218,35.1087458,-90.0211918,ChIJe6w2EsF91YcRquzVZc8M0-I,OK,100981,471570078102031
1688.859,35.10874099999999,-90.021185,ChIJrVbiDcF91YcRG9TBOTpHc3I,OK,101058,471570078102031
4703.413,35.09464699999999,-89.9708677,ChIJx5uAuBqHf4gRze5MKc5WJFI,OK,235765,471570078215009
4624.582,35.0841884,-89.97146650000001,ChIJX1vb4AeHf4gRloPQ2o5nDXA,OK,237806,471570078215009
4624.582,35.0841884,-89.97146650000001,ChIJX1vb4AeHf4gRloPQ2o5nDXA,OK,237806,471570078215009
1904.826,35.0841884,-89.97146650000001,ChIJX1vb4AeHf4gRloPQ2o5nDXA,OK,108849,471579801001034
1904.826,35.0841884,-89.97146650000001,ChIJX1vb4AeHf4gRloPQ2o5nDXA,OK,108849,471579801001034
2268.872,35.0643218,-89.9923063,ChIJb3DQuo2Hf4gRC8UI6d4pa68,OK,135328,471579801001034
4556.188,35.0643218,-89.9923063,ChIJb3DQuo2Hf4gRC8UI6d4pa68,OK,301281,471570078214007
4556.188,35.0643218,-89.9923063,ChIJb3DQuo2Hf4gRC8UI6d4pa68,OK,301281,471570078214007
6071.938,35.05407199999999,-90.00125899999999,ChIJIzdhk1h91YcRZT7cBcBslaM,OK,359215,471570078214007
4678.041,35.0643218,-89.9923063,ChIJb3DQuo2Hf4gRC8UI6d4pa68,OK,315903,471570078214018
4678.041,35.0643218,-89.9923063,ChIJb3DQuo2Hf4gRC8UI6d4pa68,OK,315903,471570078214018
6193.792,35.05407199999999,-90.00125899999999,ChIJIzdhk1h91YcRZT7cBcBslaM,OK,373837,471570078214018
2859.074,35.0841884,-89.97146650000001,ChIJX1vb4AeHf4gRloPQ2o5nDXA,OK,243094,471570078215005
3833.389,35.0643218,-89.9923063,ChIJb3DQuo2Hf4gRC8UI6d4pa68,OK,291539,471570078215005
3833.389,35.0643218,-89.9923063,ChIJb3DQuo2Hf4gRC8UI6d4pa68,OK,291539,471570078215005
4872.977,35.0643218,-89.9923063,ChIJb3DQuo2Hf4gRC8UI6d4pa68,OK,339295,471570078214017
4872.977,35.0643218,-89.9923063,ChIJb3DQuo2Hf4gRC8UI6d4pa68,OK,339295,471570078214017
6388.727,35.05407199999999,-90.00125899999999,ChIJIzdhk1h91YcRZT7cBcBslaM,OK,397229,471570078214017
2260.258,35.104197,-89.98335349999999,ChIJNST6hGqHf4gR0Mml4gyjQWk,OK,152509,471570078103006
2260.258,35.104197,-89.98335349999999,ChIJNST6hGqHf4gR0Mml4gyjQWk,OK,152509,471570078103006
2373.256,35.107529,-89.9862127,ChIJ0WGfSUKHf4gRjDLrfGQwCV4,OK,163630,471570078103006
2191.915,35.0841884,-89.97146650000001,ChIJX1vb4AeHf4gRloPQ2o5nDXA,OK,178672,471570078101054
2191.915,35.0841884,-89.97146650000001,ChIJX1vb4AeHf4gRloPQ2o5nDXA,OK,178672,471570078101054
2831.499,35.104197,-89.98335349999999,ChIJNST6hGqHf4gR0Mml4gyjQWk,OK,186927,471570078101054
1774.352,35.0841884,-89.97146650000001,ChIJX1vb4AeHf4gRloPQ2o5nDXA,OK,150478,471570081101010
1774.352,35.0841884,-89.97146650000001,ChIJX1vb4AeHf4gRloPQ2o5nDXA,OK,150478,471570081101010
2360.894,35.104197,-89.98335349999999,ChIJNST6hGqHf4gR0Mml4gyjQWk,OK,163596,471570081101010
2071.626,35.104197,-89.98335349999999,ChIJNST6hGqHf4gR0Mml4gyjQWk,OK,130446,471570069003020
2071.626,35.104197,-89.98335349999999,ChIJNST6hGqHf4gR0Mml4gyjQWk,OK,130446,471570069003020
2184.624,35.107529,-89.9862127,ChIJ0WGfSUKHf4gRjDLrfGQwCV4,OK,141567,471570069003020
425.91,35.220637,-89.892425,ChIJiZ78r4Z4f4gRyy0DWRWI7n0,OK,25553,471570205324020
425.91,35.220637,-89.892425,ChIJiZ78r4Z4f4gRyy0DWRWI7n0,OK,25553,471570205324020
896.729,35.223866,-89.90499,ChIJJRXCRJh4f4gRcTFbl9qZzNM,OK,74505,471570205324020
650.921,35.0841884,-89.97146650000001,ChIJX1vb4AeHf4gRloPQ2o5nDXA,OK,55700,471570081101004
650.921,35.0841884,-89.97146650000001,ChIJX1vb4AeHf4gRloPQ2o5nDXA,OK,55700,471570081101004
981.442,35.0904795,-89.96597299999999,ChIJHfaNmAOHf4gR1d8V2K9rfSU,OK,84261,471570081101004
1044.406,35.09464699999999,-89.9708677,ChIJx5uAuBqHf4gRze5MKc5WJFI,OK,75195,471570069003010
1331.248,35.1490317,-90.0140679,ChIJw3q9_xV-1YcRqrte6yBn1CI,OK,75035,471570025001038
1331.248,35.1490317,-90.0140679,ChIJw3q9_xV-1YcRqrte6yBn1CI,OK,75035,471570025001038
2053.485,35.1444038,-90.0168571,ChIJufYEjhR-1YcREff46W6Lons,OK,122388,471570025001038
1548.381,35.1490317,-90.0140679,ChIJw3q9_xV-1YcRqrte6yBn1CI,OK,103191,471570025001006
1548.381,35.1490317,-90.0140679,ChIJw3q9_xV-1YcRqrte6yBn1CI,OK,103191,471570025001006
2270.619,35.1444038,-90.0168571,ChIJufYEjhR-1YcREff46W6Lons,OK,150544,471570025001006
1691.085,35.1490317,-90.0140679,ChIJw3q9_xV-1YcRqrte6yBn1CI,OK,106807,471570025001002
1691.085,35.1490317,-90.0140679,ChIJw3q9_xV-1YcRqrte6yBn1CI,OK,106807,471570025001002
2413.323,35.1444038,-90.0168571,ChIJufYEjhR-1YcREff46W6Lons,OK,154160,471570025001002
1629.997,35.1490317,-90.0140679,ChIJw3q9_xV-1YcRqrte6yBn1CI,OK,95151,471570112003017
1629.997,35.1490317,-90.0140679,ChIJw3q9_xV-1YcRqrte6yBn1CI,OK,95151,471570112003017
2352.235,35.1444038,-90.0168571,ChIJufYEjhR-1YcREff46W6Lons,OK,142504,471570112003017
1565.597,35.1490317,-90.0140679,ChIJw3q9_xV-1YcRqrte6yBn1CI,OK,97877,471570025001016
1565.597,35.1490317,-90.0140679,ChIJw3q9_xV-1YcRqrte6yBn1CI,OK,97877,471570025001016
2287.835,35.1444038,-90.0168571,ChIJufYEjhR-1YcREff46W6Lons,OK,145230,471570025001016
1209.376,35.1490317,-90.0140679,ChIJw3q9_xV-1YcRqrte6yBn1CI,OK,87983,471570025001007
1209.376,35.1490317,-90.0140679,ChIJw3q9_xV-1YcRqrte6yBn1CI,OK,87983,471570025001007
1931.613,35.1444038,-90.0168571,ChIJufYEjhR-1YcREff46W6Lons,OK,135336,471570025001007
1199.198,35.1490317,-90.0140679,ChIJw3q9_xV-1YcRqrte6yBn1CI,OK,71294,471570025001000
1199.198,35.1490317,-90.0140679,ChIJw3q9_xV-1YcRqrte6yBn1CI,OK,71294,471570025001000
1921.435,35.1444038,-90.0168571,ChIJufYEjhR-1YcREff46W6Lons,OK,118647,471570025001000
1054.521,35.1490317,-90.0140679,ChIJw3q9_xV-1YcRqrte6yBn1CI,OK,76945,471570025001020
1054.521,35.1490317,-90.0140679,ChIJw3q9_xV-1YcRqrte6yBn1CI,OK,76945,471570025001020
1776.759,35.1444038,-90.0168571,ChIJufYEjhR-1YcREff46W6Lons,OK,124298,471570025001020
1101.658,35.1490317,-90.0140679,ChIJw3q9_xV-1YcRqrte6yBn1CI,OK,78941,471570025001039
1101.658,35.1490317,-90.0140679,ChIJw3q9_xV-1YcRqrte6yBn1CI,OK,78941,471570025001039
1823.895,35.1444038,-90.0168571,ChIJufYEjhR-1YcREff46W6Lons,OK,126294,471570025001039
933.467,35.1490317,-90.0140679,ChIJw3q9_xV-1YcRqrte6yBn1CI,OK,58759,471570025001025
933.467,35.1490317,-90.0140679,ChIJw3q9_xV-1YcRqrte6yBn1CI,OK,58759,471570025001025
1655.705,35.1444038,-90.0168571,ChIJufYEjhR-1YcREff46W6Lons,OK,106112,471570025001025
799.24,35.1490317,-90.0140679,ChIJw3q9_xV-1YcRqrte6yBn1CI,OK,59911,471570025001044
799.24,35.1490317,-90.0140679,ChIJw3q9_xV-1YcRqrte6yBn1CI,OK,59911,471570025001044
1521.478,35.1444038,-90.0168571,ChIJufYEjhR-1YcREff46W6Lons,OK,107264,471570025001044
1001.384,35.1490317,-90.0140679,ChIJw3q9_xV-1YcRqrte6yBn1CI,OK,69012,471570025001040
1001.384,35.1490317,-90.0140679,ChIJw3q9_xV-1YcRqrte6yBn1CI,OK,69012,471570025001040
1723.621,35.1444038,-90.0168571,ChIJufYEjhR-1YcREff46W6Lons,OK,116365,471570025001040
2296.955,35.1444038,-90.0168571,ChIJufYEjhR-1YcREff46W6Lons,OK,138242,471570025002045
2296.955,35.1444038,-90.0168571,ChIJufYEjhR-1YcREff46W6Lons,OK,138242,471570025002045
2749.099,35.1490317,-90.0140679,ChIJw3q9_xV-1YcRqrte6yBn1CI,OK,161348,471570025002045
1188.311,35.1489345,-89.89838259999999,ChIJaTBvX72Df4gRiyFT0LQMnrQ,OK,140273,471570098001006
1205.636,35.1503395,-89.89321,ChIJRaSiF6KDf4gRNIqqt1VnH58,OK,144672,471570098001006
1205.636,35.1503395,-89.89321,ChIJRaSiF6KDf4gRNIqqt1VnH58,OK,144672,471570098001006
502.049,35.1490317,-90.0140679,ChIJw3q9_xV-1YcRqrte6yBn1CI,OK,39865,471570025002020
502.049,35.1490317,-90.0140679,ChIJw3q9_xV-1YcRqrte6yBn1CI,OK,39865,471570025002020
1224.287,35.1444038,-90.0168571,ChIJufYEjhR-1YcREff46W6Lons,OK,87218,471570025002020
1989.372,35.02138900000001,-89.996898,ChIJz3MQkR6If4gRIBgmNH-BQcg,OK,123872,471570221124005
2186.5,35.021381,-90.020287,ChIJnVfwxMBi1YcR65EtGsZDcOY,OK,135532,471570221124005
2186.5,35.021381,-90.020287,ChIJnVfwxMBi1YcR65EtGsZDcOY,OK,135532,471570221124005
2129.573,35.021384,-90.019407,ChIJk8DCu8Bi1YcRUnUQCgCMr-E,OK,170707,471570221124000
2129.573,35.021384,-90.019407,ChIJk8DCu8Bi1YcRUnUQCgCMr-E,OK,170707,471570221124000
2129.912,35.021381,-90.020287,ChIJnVfwxMBi1YcR65EtGsZDcOY,OK,170732,471570221124000
1029.806,35.033351,-90.02556199999999,ChIJY7ePKsxi1YcRIP55gZFchMw,OK,67443,471570221111012
1029.806,35.033351,-90.02556199999999,ChIJY7ePKsxi1YcRIP55gZFchMw,OK,67443,471570221111012
1029.9,35.0333519,-90.02557630000001,ChIJK8z8Ksxi1YcRt8pxxgP2SA4,OK,67448,471570221111012
842.263,35.033351,-90.02556199999999,ChIJY7ePKsxi1YcRIP55gZFchMw,OK,91379,471570221111013
842.263,35.033351,-90.02556199999999,ChIJY7ePKsxi1YcRIP55gZFchMw,OK,91379,471570221111013
842.357,35.0333519,-90.02557630000001,ChIJK8z8Ksxi1YcRt8pxxgP2SA4,OK,91384,471570221111013
1144.725,35.033351,-90.02556199999999,ChIJY7ePKsxi1YcRIP55gZFchMw,OK,79782,471570221111017
1144.725,35.033351,-90.02556199999999,ChIJY7ePKsxi1YcRIP55gZFchMw,OK,79782,471570221111017
1144.819,35.0333519,-90.02557630000001,ChIJK8z8Ksxi1YcRt8pxxgP2SA4,OK,79787,471570221111017
1369.959,35.021384,-90.019407,ChIJk8DCu8Bi1YcRUnUQCgCMr-E,OK,113927,471570221112002
1369.959,35.021384,-90.019407,ChIJk8DCu8Bi1YcRUnUQCgCMr-E,OK,113927,471570221112002
1370.298,35.021381,-90.020287,ChIJnVfwxMBi1YcR65EtGsZDcOY,OK,113952,471570221112002
2273.887,35.021381,-90.020287,ChIJnVfwxMBi1YcR65EtGsZDcOY,OK,183067,471570221211004
2273.887,35.021381,-90.020287,ChIJnVfwxMBi1YcR65EtGsZDcOY,OK,183067,471570221211004
2274.226,35.021384,-90.019407,ChIJk8DCu8Bi1YcRUnUQCgCMr-E,OK,183092,471570221211004
1914.695,35.0068452,-90.00681259999999,ChIJz3G0Jpti1YcRMCYWHOflqrA,OK,166513,471570221212008
2408.507,35.021381,-90.020287,ChIJnVfwxMBi1YcR65EtGsZDcOY,OK,199221,471570221212008
2408.507,35.021381,-90.020287,ChIJnVfwxMBi1YcR65EtGsZDcOY,OK,199221,471570221212008
2275.895,35.1161637,-89.9446263,ChIJ-ZiED8iGf4gR32IlfgDBKWY,OK,164738,471570073001003
2275.895,35.1161637,-89.9446263,ChIJ-ZiED8iGf4gR32IlfgDBKWY,OK,164738,471570073001003
3278.085,35.1075089,-89.9318387,ChIJVboYU6KGf4gRHfEHUi8Izac,OK,218793,471570073001003
1957.162,35.1161637,-89.9446263,ChIJ-ZiED8iGf4gR32IlfgDBKWY,OK,160263,471570073001006
1957.162,35.1161637,-89.9446263,ChIJ-ZiED8iGf4gR32IlfgDBKWY,OK,160263,471570073001006
3253.673,35.108097,-89.941227,ChIJwxJT-r6Gf4gRhLDuFpyb128,OK,234229,471570073001006
991.46,35.1157645,-90.022279,ChIJwZqBNMN91YcRRpdDvj5Pcr8,OK,73921,471570115001010
1712.58,35.1087458,-90.0211918,ChIJe6w2EsF91YcRquzVZc8M0-I,OK,115311,471570115001010
1712.58,35.1087458,-90.0211918,ChIJe6w2EsF91YcRquzVZc8M0-I,OK,115311,471570115001010
1062.032,35.1087458,-90.0211918,ChIJe6w2EsF91YcRquzVZc8M0-I,OK,74625,471570060001031
1062.032,35.1087458,-90.0211918,ChIJe6w2EsF91YcRquzVZc8M0-I,OK,74625,471570060001031
1062.674,35.10874099999999,-90.021185,ChIJrVbiDcF91YcRG9TBOTpHc3I,OK,74702,471570060001031
940.291,35.02099699999999,-89.93544,ChIJW6hY3LmIf4gRWjIeu9tMgvU,OK,72680,471570219002004
940.291,35.02099699999999,-89.93544,ChIJW6hY3LmIf4gRWjIeu9tMgvU,OK,72680,471570219002004
1327.336,35.015991,-89.935953,ChIJSSHzkseIf4gRnqbOP98HojY,OK,94114,471570219002004
8013.092,35.22619459999999,-90.0020167,ChIJvTh1mwiA1YcRLLqD5Uxq8Nc,OK,549089,471570202212095
11378.038,35.222344,-89.97682999999999,ChIJ987Br45_f4gRjwrvnFN8t7k,OK,749820,471570202212095
11378.038,35.222344,-89.97682999999999,ChIJ987Br45_f4gRjwrvnFN8t7k,OK,749820,471570202212095
2985.871,35.093591,-90.056624,ChIJgyVl92d81YcRhuRHHckl8Y4,OK,186267,471570056003047
3165.707,35.095133,-90.05542799999999,ChIJATnUo0J81YcRpbAuNwXeqRw,OK,196227,471570056003047
3165.707,35.095133,-90.05542799999999,ChIJATnUo0J81YcRpbAuNwXeqRw,OK,196227,471570056003047
1426.593,35.06591589999999,-89.94154240000002,ChIJTUcfL2qGf4gRH4x-pmmajWw,OK,116718,471570105001000
1426.593,35.06591589999999,-89.94154240000002,ChIJTUcfL2qGf4gRH4x-pmmajWw,OK,116718,471570105001000
3577.233,35.0757114,-89.9271675,ChIJ-d7FIHmGf4gR6Aa1VQWm0ps,OK,237661,471570105001000
1395.992,35.0612606,-89.88628629999999,ChIJAQ_I1gqFf4gRFrt5yQeAEps,OK,103179,471570107202004
1395.992,35.0612606,-89.88628629999999,ChIJAQ_I1gqFf4gRFrt5yQeAEps,OK,103179,471570107202004
1279.391,35.0632829,-89.88727279999999,ChIJvVoQ4QqFf4gRItXZGUDZ-Hc,OK,118606,471570107202004
3588.458,35.086634,-89.96355199999999,ChIJW0XU3AGHf4gRINnmxvx9m5A,OK,282547,471579801001024
3588.458,35.086634,-89.96355199999999,ChIJW0XU3AGHf4gRINnmxvx9m5A,OK,282547,471579801001024
4063.001,35.0904795,-89.96597299999999,ChIJHfaNmAOHf4gR1d8V2K9rfSU,OK,308828,471579801001024
2939.779,35.0614623,-89.8536277,ChIJ4TWJkTWFf4gRbkNZYfkF9Jw,OK,184663,471570213311015
2939.779,35.0614623,-89.8536277,ChIJ4TWJkTWFf4gRbkNZYfkF9Jw,OK,184663,471570213311015
3024.551,35.0512763,-89.8427476,ChIJ7VPJ3q-af4gRdxERIyaZ0gk,OK,190851,471570213311015
3157.198,35.0614623,-89.8536277,ChIJ4TWJkTWFf4gRbkNZYfkF9Jw,OK,204975,471570213311016
3157.198,35.0614623,-89.8536277,ChIJ4TWJkTWFf4gRbkNZYfkF9Jw,OK,204975,471570213311016
3241.97,35.0512763,-89.8427476,ChIJ7VPJ3q-af4gRdxERIyaZ0gk,OK,211163,471570213311016
1211.13,35.0220022,-89.82947999999999,ChIJxT9DeWuQf4gRf6HLF5uJHd0,OK,80247,471570217542002
1211.13,35.0220022,-89.82947999999999,ChIJxT9DeWuQf4gRf6HLF5uJHd0,OK,80247,471570217542002
1753.219,35.0078094,-89.83044679999999,ChIJpwHMo0eQf4gRIqmNFjWLuW4,OK,109225,471570217542002
2302.477,35.0493563,-89.83813929999999,ChIJjRQNzqSaf4gRxmNqB0YAYGM,OK,127852,471570213342015
2302.477,35.0493563,-89.83813929999999,ChIJjRQNzqSaf4gRxmNqB0YAYGM,OK,127852,471570213342015
2624.242,35.049031,-89.841437,ChIJt6vl46-af4gRvoN8Yvkmx9A,OK,150694,471570213342015
2203.16,35.05113000000001,-89.815021,ChIJAdLMX4iaf4gRUenKpoiyrBc,OK,187782,471570213341001
2203.16,35.05113000000001,-89.815021,ChIJAdLMX4iaf4gRUenKpoiyrBc,OK,187782,471570213341001
2417.302,35.048632,-89.814048,ChIJqY7T64eaf4gRoqZRK7sz4Co,OK,200058,471570213341001
1577.525,35.05113000000001,-89.815021,ChIJAdLMX4iaf4gRUenKpoiyrBc,OK,105955,471570213421018
1577.525,35.05113000000001,-89.815021,ChIJAdLMX4iaf4gRUenKpoiyrBc,OK,105955,471570213421018
1791.667,35.048632,-89.814048,ChIJqY7T64eaf4gRoqZRK7sz4Co,OK,118231,471570213421018
10905.559,35.061362,-90.05986399999999,ChIJL_Gh8ZV81YcRDlMHRKqR_IA,OK,661130,471579803001032
13716.759,35.0326981,-90.07589809999999,ChIJ9S1ljalk1YcRvuG-_hbpimA,OK,844891,471579803001032
13716.759,35.0326981,-90.07589809999999,ChIJ9S1ljalk1YcRvuG-_hbpimA,OK,844891,471579803001032
16985.856,35.0326981,-90.07589809999999,ChIJ9S1ljalk1YcRvuG-_hbpimA,OK,1275066,471579802001034
17786.928,35.02753099999999,-90.082077,ChIJK66rdetk1YcRwwxI9gDREks,OK,1319432,471579802001034
17786.928,35.02753099999999,-90.082077,ChIJK66rdetk1YcRwwxI9gDREks,OK,1319432,471579802001034
4506.874,35.2337782,-89.9252472,ChIJra3pLkt_f4gRjZbqnHrruIM,OK,326090,471570205211010
4506.874,35.2337782,-89.9252472,ChIJra3pLkt_f4gRjZbqnHrruIM,OK,326090,471570205211010
5518.075,35.222344,-89.97682999999999,ChIJ987Br45_f4gRjwrvnFN8t7k,OK,387224,471570205211010
12555.456,35.02753099999999,-90.082077,ChIJK66rdetk1YcRwwxI9gDREks,OK,1104134,471579803001003
4173.619,35.0326981,-90.07589809999999,ChIJ9S1ljalk1YcRvuG-_hbpimA,OK,265930,471570222101014
4910.446,35.02753099999999,-90.082077,ChIJK66rdetk1YcRwwxI9gDREks,OK,307677,471570222101014
4910.446,35.02753099999999,-90.082077,ChIJK66rdetk1YcRwwxI9gDREks,OK,307677,471570222101014
2438.69,35.054745,-90.007971,ChIJXxyyQlt91YcRhldtWgjSnSE,OK,182599,471570225001043
2438.69,35.054745,-90.007971,ChIJXxyyQlt91YcRhldtWgjSnSE,OK,182599,471570225001043
2870.538,35.05407199999999,-90.00125899999999,ChIJIzdhk1h91YcRZT7cBcBslaM,OK,198638,471570225001043
1200.865,35.164068,-89.8770782,ChIJpUMbExuDf4gRyW4QpPURe54,OK,125575,471570211113050
1200.865,35.164068,-89.8770782,ChIJpUMbExuDf4gRyW4QpPURe54,OK,125575,471570211113050
1819.708,35.16339899999999,-89.855841,ChIJA_xfkC6Df4gRAjVZwLz1jqA,OK,130346,471570211113050
2774.051,35.167095,-89.950496,ChIJecYfJgmBf4gRJh-YY67U6V8,OK,187907,471570012001005
2554.793,35.14859919999999,-89.91828060000002,ChIJRflgf-eDf4gRHX_XNYKER-s,OK,193345,471570012001005
2554.793,35.14859919999999,-89.91828060000002,ChIJRflgf-eDf4gRHX_XNYKER-s,OK,193345,471570012001005
1432.831,35.14981359999999,-89.94918609999999,ChIJVdGBGRaBf4gRsi89Rzqn8W4,OK,98088,471570012003007
1432.831,35.14981359999999,-89.94918609999999,ChIJVdGBGRaBf4gRsi89Rzqn8W4,OK,98088,471570012003007
1953.01,35.14859919999999,-89.91828060000002,ChIJRflgf-eDf4gRHX_XNYKER-s,OK,128718,471570012003007
2169.358,35.167095,-89.950496,ChIJecYfJgmBf4gRJh-YY67U6V8,OK,155577,471570012002010
2169.358,35.167095,-89.950496,ChIJecYfJgmBf4gRJh-YY67U6V8,OK,155577,471570012002010
2705.91,35.14981359999999,-89.94918609999999,ChIJVdGBGRaBf4gRsi89Rzqn8W4,OK,189551,471570012002010
1846.606,35.167095,-89.950496,ChIJecYfJgmBf4gRJh-YY67U6V8,OK,126312,471570012002005
1846.606,35.167095,-89.950496,ChIJecYfJgmBf4gRJh-YY67U6V8,OK,126312,471570012002005
1688.878,35.14981359999999,-89.94918609999999,ChIJVdGBGRaBf4gRsi89Rzqn8W4,OK,127264,471570012002005
1441.286,35.14981359999999,-89.94918609999999,ChIJVdGBGRaBf4gRsi89Rzqn8W4,OK,107517,471570012003001
1441.286,35.14981359999999,-89.94918609999999,ChIJVdGBGRaBf4gRsi89Rzqn8W4,OK,107517,471570012003001
2014.081,35.167095,-89.950496,ChIJecYfJgmBf4gRJh-YY67U6V8,OK,136449,471570012003001
1212.705,35.14981359999999,-89.94918609999999,ChIJVdGBGRaBf4gRsi89Rzqn8W4,OK,86735,471570012003012
1212.705,35.14981359999999,-89.94918609999999,ChIJVdGBGRaBf4gRsi89Rzqn8W4,OK,86735,471570012003012
1763.908,35.1497164,-89.95515999999999,ChIJcQb6ehiBf4gR-uA54eRPNq8,OK,122035,471570012003012
1450.183,35.14981359999999,-89.94918609999999,ChIJVdGBGRaBf4gRsi89Rzqn8W4,OK,115232,471570012003013
1450.183,35.14981359999999,-89.94918609999999,ChIJVdGBGRaBf4gRsi89Rzqn8W4,OK,115232,471570012003013
2001.385,35.1497164,-89.95515999999999,ChIJcQb6ehiBf4gR-uA54eRPNq8,OK,150532,471570012003013
1075.918,35.14981359999999,-89.94918609999999,ChIJVdGBGRaBf4gRsi89Rzqn8W4,OK,76927,471570012003011
1075.918,35.14981359999999,-89.94918609999999,ChIJVdGBGRaBf4gRsi89Rzqn8W4,OK,76927,471570012003011
1627.121,35.1497164,-89.95515999999999,ChIJcQb6ehiBf4gR-uA54eRPNq8,OK,112227,471570012003011
2263.727,35.167095,-89.950496,ChIJecYfJgmBf4gRJh-YY67U6V8,OK,152961,471570012002011
2263.727,35.167095,-89.950496,ChIJecYfJgmBf4gRJh-YY67U6V8,OK,152961,471570012002011
2079.79,35.14981359999999,-89.94918609999999,ChIJVdGBGRaBf4gRsi89Rzqn8W4,OK,176449,471570012002011
2388.07,35.167095,-89.950496,ChIJecYfJgmBf4gRJh-YY67U6V8,OK,160195,471570012003000
2388.07,35.167095,-89.950496,ChIJecYfJgmBf4gRJh-YY67U6V8,OK,160195,471570012003000
1883.913,35.14981359999999,-89.94918609999999,ChIJVdGBGRaBf4gRsi89Rzqn8W4,OK,160629,471570012003000
1313.348,35.14981359999999,-89.94918609999999,ChIJVdGBGRaBf4gRsi89Rzqn8W4,OK,105418,471570012003014
1313.348,35.14981359999999,-89.94918609999999,ChIJVdGBGRaBf4gRsi89Rzqn8W4,OK,105418,471570012003014
1864.551,35.1497164,-89.95515999999999,ChIJcQb6ehiBf4gR-uA54eRPNq8,OK,140718,471570012003014
2219.792,35.167095,-89.950496,ChIJecYfJgmBf4gRJh-YY67U6V8,OK,154510,471570012002008
2219.792,35.167095,-89.950496,ChIJecYfJgmBf4gRJh-YY67U6V8,OK,154510,471570012002008
2756.343,35.14981359999999,-89.94918609999999,ChIJVdGBGRaBf4gRsi89Rzqn8W4,OK,188484,471570012002008
2117.947,35.14859919999999,-89.91828060000002,ChIJRflgf-eDf4gRHX_XNYKER-s,OK,151737,471570012001012
2117.947,35.14859919999999,-89.91828060000002,ChIJRflgf-eDf4gRHX_XNYKER-s,OK,151737,471570012001012
2080.283,35.14981359999999,-89.94918609999999,ChIJVdGBGRaBf4gRsi89Rzqn8W4,OK,171742,471570012001012
2304.287,35.14859919999999,-89.91828060000002,ChIJRflgf-eDf4gRHX_XNYKER-s,OK,163284,471570012001007
2304.287,35.14859919999999,-89.91828060000002,ChIJRflgf-eDf4gRHX_XNYKER-s,OK,163284,471570012001007
2208.845,35.14981359999999,-89.94918609999999,ChIJVdGBGRaBf4gRsi89Rzqn8W4,OK,187168,471570012001007
1057.081,35.2023757,-89.9218691,ChIJvw7rwByCf4gRrAscHKjp1Iw,OK,86667,471570205122013
1651.841,35.167095,-89.950496,ChIJecYfJgmBf4gRJh-YY67U6V8,OK,113495,471570089003031
1651.841,35.167095,-89.950496,ChIJecYfJgmBf4gRJh-YY67U6V8,OK,113495,471570089003031
2023.162,35.183951,-89.93106899999999,ChIJWQ0EIo-Bf4gR6cuqlCcQuNw,OK,158739,471570089003031
2465.717,35.2023757,-89.9218691,ChIJvw7rwByCf4gRrAscHKjp1Iw,OK,192104,471570205124002
2465.717,35.2023757,-89.9218691,ChIJvw7rwByCf4gRrAscHKjp1Iw,OK,192104,471570205124002
4581.197,35.183951,-89.93106899999999,ChIJWQ0EIo-Bf4gR6cuqlCcQuNw,OK,308589,471570205124002
1165.393,35.2023757,-89.9218691,ChIJvw7rwByCf4gRrAscHKjp1Iw,OK,95298,471570205121015
1165.393,35.2023757,-89.9218691,ChIJvw7rwByCf4gRrAscHKjp1Iw,OK,95298,471570205121015
1835.436,35.210167,-89.919383,ChIJi0gqlgaCf4gRjUvfmHxGMyw,OK,136323,471570205121015
1221.206,35.2023757,-89.9218691,ChIJvw7rwByCf4gRrAscHKjp1Iw,OK,101995,471570205121008
1221.206,35.2023757,-89.9218691,ChIJvw7rwByCf4gRrAscHKjp1Iw,OK,101995,471570205121008
1891.248,35.210167,-89.919383,ChIJi0gqlgaCf4gRjUvfmHxGMyw,OK,143020,471570205121008
1259.387,35.2023757,-89.9218691,ChIJvw7rwByCf4gRrAscHKjp1Iw,OK,106576,471570205121011
1259.387,35.2023757,-89.9218691,ChIJvw7rwByCf4gRrAscHKjp1Iw,OK,106576,471570205121011
1929.429,35.210167,-89.919383,ChIJi0gqlgaCf4gRjUvfmHxGMyw,OK,147601,471570205121011
1303.686,35.2023757,-89.9218691,ChIJvw7rwByCf4gRrAscHKjp1Iw,OK,111891,471570205121012
1303.686,35.2023757,-89.9218691,ChIJvw7rwByCf4gRrAscHKjp1Iw,OK,111891,471570205121012
1973.728,35.210167,-89.919383,ChIJi0gqlgaCf4gRjUvfmHxGMyw,OK,152916,471570205121012
5259.753,35.183951,-89.93106899999999,ChIJWQ0EIo-Bf4gR6cuqlCcQuNw,OK,297871,471570205124018
5259.753,35.183951,-89.93106899999999,ChIJWQ0EIo-Bf4gR6cuqlCcQuNw,OK,297871,471570205124018
5259.991,35.1839382,-89.93104869999999,ChIJrQx5Io-Bf4gRSwDAaGIf4WE,OK,297914,471570205124018
5254.735,35.183951,-89.93106899999999,ChIJWQ0EIo-Bf4gR6cuqlCcQuNw,OK,297269,471570205124013
5254.735,35.183951,-89.93106899999999,ChIJWQ0EIo-Bf4gR6cuqlCcQuNw,OK,297269,471570205124013
5254.974,35.1839382,-89.93104869999999,ChIJrQx5Io-Bf4gRSwDAaGIf4WE,OK,297312,471570205124013
4129.897,35.183951,-89.93106899999999,ChIJWQ0EIo-Bf4gR6cuqlCcQuNw,OK,210566,471570205124017
4129.897,35.183951,-89.93106899999999,ChIJWQ0EIo-Bf4gR6cuqlCcQuNw,OK,210566,471570205124017
4130.136,35.1839382,-89.93104869999999,ChIJrQx5Io-Bf4gRSwDAaGIf4WE,OK,210609,471570205124017
5666.262,35.183951,-89.93106899999999,ChIJWQ0EIo-Bf4gR6cuqlCcQuNw,OK,346653,471570205124015
5666.262,35.183951,-89.93106899999999,ChIJWQ0EIo-Bf4gR6cuqlCcQuNw,OK,346653,471570205124015
5666.501,35.1839382,-89.93104869999999,ChIJrQx5Io-Bf4gRSwDAaGIf4WE,OK,346696,471570205124015
2589.778,35.17410499999999,-89.97575479999999,ChIJmfYTGFmAf4gRHGKCaD0qCtI,OK,194479,471570111002004
2589.778,35.17410499999999,-89.97575479999999,ChIJmfYTGFmAf4gRHGKCaD0qCtI,OK,194479,471570111002004
2935.395,35.167095,-89.950496,ChIJecYfJgmBf4gRJh-YY67U6V8,OK,226612,471570111002004
2268.954,35.17410499999999,-89.97575479999999,ChIJmfYTGFmAf4gRHGKCaD0qCtI,OK,155981,471570111002011
2268.954,35.17410499999999,-89.97575479999999,ChIJmfYTGFmAf4gRHGKCaD0qCtI,OK,155981,471570111002011
2614.572,35.167095,-89.950496,ChIJecYfJgmBf4gRJh-YY67U6V8,OK,188114,471570111002011
2328.574,35.17410499999999,-89.97575479999999,ChIJmfYTGFmAf4gRHGKCaD0qCtI,OK,173389,471570111002008
2328.574,35.17410499999999,-89.97575479999999,ChIJmfYTGFmAf4gRHGKCaD0qCtI,OK,173389,471570111002008
3015.932,35.167095,-89.950496,ChIJecYfJgmBf4gRJh-YY67U6V8,OK,226024,471570111002008
1856.777,35.17410499999999,-89.97575479999999,ChIJmfYTGFmAf4gRHGKCaD0qCtI,OK,116774,471570111002015
1856.777,35.17410499999999,-89.97575479999999,ChIJmfYTGFmAf4gRHGKCaD0qCtI,OK,116774,471570111002015
2544.135,35.167095,-89.950496,ChIJecYfJgmBf4gRJh-YY67U6V8,OK,169409,471570111002015
2038.646,35.17410499999999,-89.97575479999999,ChIJmfYTGFmAf4gRHGKCaD0qCtI,OK,128345,471570111002013
2038.646,35.17410499999999,-89.97575479999999,ChIJmfYTGFmAf4gRHGKCaD0qCtI,OK,128345,471570111002013
2384.264,35.167095,-89.950496,ChIJecYfJgmBf4gRJh-YY67U6V8,OK,160478,471570111002013
2038.831,35.17410499999999,-89.97575479999999,ChIJmfYTGFmAf4gRHGKCaD0qCtI,OK,128367,471570111001029
2038.831,35.17410499999999,-89.97575479999999,ChIJmfYTGFmAf4gRHGKCaD0qCtI,OK,128367,471570111001029
2384.449,35.167095,-89.950496,ChIJecYfJgmBf4gRJh-YY67U6V8,OK,160500,471570111001029
2122.325,35.17410499999999,-89.97575479999999,ChIJmfYTGFmAf4gRHGKCaD0qCtI,OK,133313,471570111002012
2122.325,35.17410499999999,-89.97575479999999,ChIJmfYTGFmAf4gRHGKCaD0qCtI,OK,133313,471570111002012
2298.881,35.167095,-89.950496,ChIJecYfJgmBf4gRJh-YY67U6V8,OK,155304,471570111002012
2210.125,35.17410499999999,-89.97575479999999,ChIJmfYTGFmAf4gRHGKCaD0qCtI,OK,138613,471570111002018
2210.125,35.17410499999999,-89.97575479999999,ChIJmfYTGFmAf4gRHGKCaD0qCtI,OK,138613,471570111002018
2212.149,35.167095,-89.950496,ChIJecYfJgmBf4gRJh-YY67U6V8,OK,150134,471570111002018
2106.724,35.17410499999999,-89.97575479999999,ChIJmfYTGFmAf4gRHGKCaD0qCtI,OK,131441,471570111001028
2106.724,35.17410499999999,-89.97575479999999,ChIJmfYTGFmAf4gRHGKCaD0qCtI,OK,131441,471570111001028
2283.28,35.167095,-89.950496,ChIJecYfJgmBf4gRJh-YY67U6V8,OK,153432,471570111001028
2176.487,35.17410499999999,-89.97575479999999,ChIJmfYTGFmAf4gRHGKCaD0qCtI,OK,134576,471570111001027
2176.487,35.17410499999999,-89.97575479999999,ChIJmfYTGFmAf4gRHGKCaD0qCtI,OK,134576,471570111001027
2178.511,35.167095,-89.950496,ChIJecYfJgmBf4gRJh-YY67U6V8,OK,146097,471570111001027
2161.811,35.167095,-89.950496,ChIJecYfJgmBf4gRJh-YY67U6V8,OK,144093,471570111001026
2161.811,35.167095,-89.950496,ChIJecYfJgmBf4gRJh-YY67U6V8,OK,144093,471570111001026
3935.924,35.14981359999999,-89.94918609999999,ChIJVdGBGRaBf4gRsi89Rzqn8W4,OK,258319,471570111001026
1002.521,35.13418100000001,-89.98599,ChIJnf1_yraAf4gR9pQmD7CXhgg,OK,69638,471570031003012
1002.521,35.13418100000001,-89.98599,ChIJnf1_yraAf4gR9pQmD7CXhgg,OK,69638,471570031003012
836.349,35.0508681,-89.88111619999999,ChIJ68PUi3CFf4gRLPYGzNKUdto,OK,72907,471570108203006
1002.055,35.050596,-89.869556,ChIJQ4vLA2iFf4gRyyCo3ihKH44,OK,86370,471570108203006
701.153,35.0612606,-89.88628629999999,ChIJAQ_I1gqFf4gRFrt5yQeAEps,OK,52251,471570108203002
701.153,35.0612606,-89.88628629999999,ChIJAQ_I1gqFf4gRFrt5yQeAEps,OK,52251,471570108203002
724.605,35.0531879,-89.8855975,ChIJy5TuWnaFf4gRzUE1FqfjCIk,OK,57019,471570108203002
724.298,35.0508681,-89.88111619999999,ChIJ68PUi3CFf4gRLPYGzNKUdto,OK,71591,471570108203000
724.298,35.0508681,-89.88111619999999,ChIJ68PUi3CFf4gRLPYGzNKUdto,OK,71591,471570108203000
996.727,35.0531879,-89.8855975,ChIJy5TuWnaFf4gRzUE1FqfjCIk,OK,93296,471570108203000
657.355,35.0531879,-89.8855975,ChIJy5TuWnaFf4gRzUE1FqfjCIk,OK,65574,471570108203003
657.355,35.0531879,-89.8855975,ChIJy5TuWnaFf4gRzUE1FqfjCIk,OK,65574,471570108203003
990.465,35.0612606,-89.88628629999999,ChIJAQ_I1gqFf4gRFrt5yQeAEps,OK,80554,471570108203003
684.383,35.0612606,-89.88628629999999,ChIJAQ_I1gqFf4gRFrt5yQeAEps,OK,44681,471570108202009
684.383,35.0612606,-89.88628629999999,ChIJAQ_I1gqFf4gRFrt5yQeAEps,OK,44681,471570108202009
707.835,35.0531879,-89.8855975,ChIJy5TuWnaFf4gRzUE1FqfjCIk,OK,49449,471570108202009
824.318,35.0612606,-89.88628629999999,ChIJAQ_I1gqFf4gRFrt5yQeAEps,OK,67031,471570108203001
824.318,35.0612606,-89.88628629999999,ChIJAQ_I1gqFf4gRFrt5yQeAEps,OK,67031,471570108203001
830.685,35.0508681,-89.88111619999999,ChIJ68PUi3CFf4gRLPYGzNKUdto,OK,70317,471570108203001
1069.368,35.0477573,-89.86637909999999,ChIJ5_0L5VyFf4gR4HBEwl6nmRE,OK,80123,471570217311025
1069.368,35.0477573,-89.86637909999999,ChIJ5_0L5VyFf4gR4HBEwl6nmRE,OK,80123,471570217311025
1640.205,35.050596,-89.869556,ChIJQ4vLA2iFf4gRyyCo3ihKH44,OK,118852,471570217311025
621.307,35.0531879,-89.8855975,ChIJy5TuWnaFf4gRzUE1FqfjCIk,OK,61248,471570108203004
621.307,35.0531879,-89.8855975,ChIJy5TuWnaFf4gRzUE1FqfjCIk,OK,61248,471570108203004
954.417,35.0612606,-89.88628629999999,ChIJAQ_I1gqFf4gRFrt5yQeAEps,OK,76228,471570108203004
341.928,35.0508681,-89.88111619999999,ChIJ68PUi3CFf4gRLPYGzNKUdto,OK,35717,471570217312003
341.928,35.0508681,-89.88111619999999,ChIJ68PUi3CFf4gRLPYGzNKUdto,OK,35717,471570217312003
967.674,35.04677619999999,-89.8859339,ChIJycTJ_niFf4gR5esliSzp17E,OK,66224,471570217312003
153.909,35.0508681,-89.88111619999999,ChIJ68PUi3CFf4gRLPYGzNKUdto,OK,19051,471570217312006
153.909,35.0508681,-89.88111619999999,ChIJ68PUi3CFf4gRLPYGzNKUdto,OK,19051,471570217312006
872.966,35.04677619999999,-89.8859339,ChIJycTJ_niFf4gR5esliSzp17E,OK,54860,471570217312006
349.334,35.0508681,-89.88111619999999,ChIJ68PUi3CFf4gRLPYGzNKUdto,OK,36606,471570217312002
349.334,35.0508681,-89.88111619999999,ChIJ68PUi3CFf4gRLPYGzNKUdto,OK,36606,471570217312002
975.08,35.04677619999999,-89.8859339,ChIJycTJ_niFf4gR5esliSzp17E,OK,67113,471570217312002
1721.071,35.05018,-89.89110199999999,ChIJNUozxJyFf4gRrJ8tUHk1p2Q,OK,173164,471570226002002
1721.071,35.05018,-89.89110199999999,ChIJNUozxJyFf4gRrJ8tUHk1p2Q,OK,173164,471570226002002
2582.124,35.04677619999999,-89.8859339,ChIJycTJ_niFf4gR5esliSzp17E,OK,216862,471570226002002
2389.678,35.0515568,-89.90630259999999,ChIJrU8jyZKFf4gRubg1AIyELWY,OK,169297,471570226001077
4482.246,35.02100869999999,-89.8995317,ChIJ-f6gz22Pf4gR-rWEeLgd-68,OK,260669,471570226001077
4482.246,35.02100869999999,-89.8995317,ChIJ-f6gz22Pf4gR-rWEeLgd-68,OK,260669,471570226001077
1072.851,35.02100869999999,-89.8995317,ChIJ-f6gz22Pf4gR-rWEeLgd-68,OK,59416,471570226001164
1072.851,35.02100869999999,-89.8995317,ChIJ-f6gz22Pf4gR-rWEeLgd-68,OK,59416,471570226001164
1084.124,35.0209193,-89.8996561,ChIJxWQfy22Pf4gRlC1jxVU1A2g,OK,60041,471570226001164
2735.664,35.0515568,-89.90630259999999,ChIJrU8jyZKFf4gRubg1AIyELWY,OK,166915,471570226001076
4160.266,35.02100869999999,-89.8995317,ChIJ-f6gz22Pf4gR-rWEeLgd-68,OK,214925,471570226001076
4160.266,35.02100869999999,-89.8995317,ChIJ-f6gz22Pf4gR-rWEeLgd-68,OK,214925,471570226001076
1584.973,35.02100869999999,-89.8995317,ChIJ-f6gz22Pf4gR-rWEeLgd-68,OK,87778,471570226001084
1584.973,35.02100869999999,-89.8995317,ChIJ-f6gz22Pf4gR-rWEeLgd-68,OK,87778,471570226001084
1596.246,35.0209193,-89.8996561,ChIJxWQfy22Pf4gRlC1jxVU1A2g,OK,88403,471570226001084
2088.934,35.0515568,-89.90630259999999,ChIJrU8jyZKFf4gRubg1AIyELWY,OK,171716,471570226002012
1736.949,35.05018,-89.89110199999999,ChIJNUozxJyFf4gRrJ8tUHk1p2Q,OK,175069,471570226002012
1736.949,35.05018,-89.89110199999999,ChIJNUozxJyFf4gRrJ8tUHk1p2Q,OK,175069,471570226002012
2627.008,35.02100869999999,-89.8995317,ChIJ-f6gz22Pf4gR-rWEeLgd-68,OK,150659,471570226001151
2627.008,35.02100869999999,-89.8995317,ChIJ-f6gz22Pf4gR-rWEeLgd-68,OK,150659,471570226001151
2638.281,35.0209193,-89.8996561,ChIJxWQfy22Pf4gRlC1jxVU1A2g,OK,151284,471570226001151
2764.395,35.02100869999999,-89.8995317,ChIJ-f6gz22Pf4gR-rWEeLgd-68,OK,127294,471570226001168
2764.395,35.02100869999999,-89.8995317,ChIJ-f6gz22Pf4gR-rWEeLgd-68,OK,127294,471570226001168
2775.667,35.0209193,-89.8996561,ChIJxWQfy22Pf4gRlC1jxVU1A2g,OK,127919,471570226001168
2491.525,35.02100869999999,-89.8995317,ChIJ-f6gz22Pf4gR-rWEeLgd-68,OK,142530,471570226001079
2491.525,35.02100869999999,-89.8995317,ChIJ-f6gz22Pf4gR-rWEeLgd-68,OK,142530,471570226001079
2502.797,35.0209193,-89.8996561,ChIJxWQfy22Pf4gRlC1jxVU1A2g,OK,143155,471570226001079
2721.061,35.02100869999999,-89.8995317,ChIJ-f6gz22Pf4gR-rWEeLgd-68,OK,211799,471570226001095
2721.061,35.02100869999999,-89.8995317,ChIJ-f6gz22Pf4gR-rWEeLgd-68,OK,211799,471570226001095
2732.334,35.0209193,-89.8996561,ChIJxWQfy22Pf4gRlC1jxVU1A2g,OK,212424,471570226001095
18.577,35.0209193,-89.8996561,ChIJxWQfy22Pf4gRlC1jxVU1A2g,OK,1028,471570226001204
18.577,35.0209193,-89.8996561,ChIJxWQfy22Pf4gRlC1jxVU1A2g,OK,1028,471570226001204
29.849,35.02100869999999,-89.8995317,ChIJ-f6gz22Pf4gR-rWEeLgd-68,OK,1653,471570226001204
2203.878,35.02100869999999,-89.8995317,ChIJ-f6gz22Pf4gR-rWEeLgd-68,OK,102071,471570226001169
1288.426,35.0614623,-89.8536277,ChIJ4TWJkTWFf4gRbkNZYfkF9Jw,OK,117440,471570217211011
1288.426,35.0614623,-89.8536277,ChIJ4TWJkTWFf4gRbkNZYfkF9Jw,OK,117440,471570217211011
2188.112,35.050596,-89.869556,ChIJQ4vLA2iFf4gRyyCo3ihKH44,OK,165600,471570217211011
1253.811,35.0614623,-89.8536277,ChIJ4TWJkTWFf4gRbkNZYfkF9Jw,OK,102762,471570217211021
1253.811,35.0614623,-89.8536277,ChIJ4TWJkTWFf4gRbkNZYfkF9Jw,OK,102762,471570217211021
1811.172,35.050596,-89.869556,ChIJQ4vLA2iFf4gRyyCo3ihKH44,OK,120371,471570217211021
1522.243,35.0614623,-89.8536277,ChIJ4TWJkTWFf4gRbkNZYfkF9Jw,OK,145496,471570217211013
1522.243,35.0614623,-89.8536277,ChIJ4TWJkTWFf4gRbkNZYfkF9Jw,OK,145496,471570217211013
2372.549,35.0493493,-89.855357,ChIJH2Nw4lGFf4gRq0vxk4n5iAE,OK,193990,471570217211013
744.985,35.0614623,-89.8536277,ChIJ4TWJkTWFf4gRbkNZYfkF9Jw,OK,54065,471570217211015
744.985,35.0614623,-89.8536277,ChIJ4TWJkTWFf4gRbkNZYfkF9Jw,OK,54065,471570217211015
1595.29,35.0493493,-89.855357,ChIJH2Nw4lGFf4gRq0vxk4n5iAE,OK,102559,471570217211015
1839.712,35.0477573,-89.86637909999999,ChIJ5_0L5VyFf4gR4HBEwl6nmRE,OK,103769,471570217323008
1839.712,35.0477573,-89.86637909999999,ChIJ5_0L5VyFf4gR4HBEwl6nmRE,OK,103769,471570217323008
2410.55,35.050596,-89.869556,ChIJQ4vLA2iFf4gRyyCo3ihKH44,OK,142498,471570217323008
585.207,35.05113000000001,-89.815021,ChIJAdLMX4iaf4gRUenKpoiyrBc,OK,41750,471570213341017
585.207,35.05113000000001,-89.815021,ChIJAdLMX4iaf4gRUenKpoiyrBc,OK,41750,471570213341017
759.128,35.048632,-89.814048,ChIJqY7T64eaf4gRoqZRK7sz4Co,OK,54170,471570213341017
4448.039,35.0493563,-89.83813929999999,ChIJjRQNzqSaf4gRxmNqB0YAYGM,OK,227636,471570217241030
4448.039,35.0493563,-89.83813929999999,ChIJjRQNzqSaf4gRxmNqB0YAYGM,OK,227636,471570217241030
5176.025,35.04577219999999,-89.82821469999999,ChIJL-jEaJmaf4gREtYdkYi2nAs,OK,259587,471570217241030
1488.876,35.0614623,-89.8536277,ChIJ4TWJkTWFf4gRbkNZYfkF9Jw,OK,141492,471570217211016
1488.876,35.0614623,-89.8536277,ChIJ4TWJkTWFf4gRbkNZYfkF9Jw,OK,141492,471570217211016
2339.181,35.0493493,-89.855357,ChIJH2Nw4lGFf4gRq0vxk4n5iAE,OK,189986,471570217211016
1651.305,35.0614623,-89.8536277,ChIJ4TWJkTWFf4gRbkNZYfkF9Jw,OK,160983,471570217211014
1651.305,35.0614623,-89.8536277,ChIJ4TWJkTWFf4gRbkNZYfkF9Jw,OK,160983,471570217211014
2501.61,35.0493493,-89.855357,ChIJH2Nw4lGFf4gRq0vxk4n5iAE,OK,209477,471570217211014
713.26,35.04677619999999,-89.8859339,ChIJycTJ_niFf4gR5esliSzp17E,OK,44483,471570226002021
713.26,35.04677619999999,-89.8859339,ChIJycTJ_niFf4gR5esliSzp17E,OK,44483,471570226002021
1631.762,35.0508681,-89.88111619999999,ChIJ68PUi3CFf4gRLPYGzNKUdto,OK,99496,471570226002021
1292.878,35.0614623,-89.8536277,ChIJ4TWJkTWFf4gRbkNZYfkF9Jw,OK,109060,471570217262003
1292.878,35.0614623,-89.8536277,ChIJ4TWJkTWFf4gRbkNZYfkF9Jw,OK,109060,471570217262003
1411.526,35.0493493,-89.855357,ChIJH2Nw4lGFf4gRq0vxk4n5iAE,OK,117032,471570217262003
710.914,35.0477573,-89.86637909999999,ChIJ5_0L5VyFf4gR4HBEwl6nmRE,OK,39363,471570217212009
710.914,35.0477573,-89.86637909999999,ChIJ5_0L5VyFf4gR4HBEwl6nmRE,OK,39363,471570217212009
583.616,35.0493493,-89.855357,ChIJH2Nw4lGFf4gRq0vxk4n5iAE,OK,45544,471570217212009
2185.477,35.0477573,-89.86637909999999,ChIJ5_0L5VyFf4gR4HBEwl6nmRE,OK,138448,471570217323004
2185.477,35.0477573,-89.86637909999999,ChIJ5_0L5VyFf4gR4HBEwl6nmRE,OK,138448,471570217323004
2136.355,35.0493493,-89.855357,ChIJH2Nw4lGFf4gRq0vxk4n5iAE,OK,189572,471570217323004
1607.78,35.0493493,-89.855357,ChIJH2Nw4lGFf4gRq0vxk4n5iAE,OK,145099,471570217324010
1607.78,35.0493493,-89.855357,ChIJH2Nw4lGFf4gRq0vxk4n5iAE,OK,145099,471570217324010
1869.309,35.0501932,-89.8529489,ChIJJ3DCd1KFf4gRBb2DFEnzV7w,OK,155110,471570217324010
1627.012,35.0493493,-89.855357,ChIJH2Nw4lGFf4gRq0vxk4n5iAE,OK,147406,471570217322019
1627.012,35.0493493,-89.855357,ChIJH2Nw4lGFf4gRq0vxk4n5iAE,OK,147406,471570217322019
1888.541,35.0501932,-89.8529489,ChIJJ3DCd1KFf4gRBb2DFEnzV7w,OK,157417,471570217322019
4080.051,35.2337782,-89.9252472,ChIJra3pLkt_f4gRjZbqnHrruIM,OK,274873,471570205212002
4080.051,35.2337782,-89.9252472,ChIJra3pLkt_f4gRjZbqnHrruIM,OK,274873,471570205212002
5091.253,35.222344,-89.97682999999999,ChIJ987Br45_f4gRjwrvnFN8t7k,OK,336007,471570205212002
1094.073,35.0493493,-89.855357,ChIJH2Nw4lGFf4gRq0vxk4n5iAE,OK,113528,471570217261000
1094.073,35.0493493,-89.855357,ChIJH2Nw4lGFf4gRq0vxk4n5iAE,OK,113528,471570217261000
1355.603,35.0501932,-89.8529489,ChIJJ3DCd1KFf4gRBb2DFEnzV7w,OK,123539,471570217261000
1028.183,35.0493493,-89.855357,ChIJH2Nw4lGFf4gRq0vxk4n5iAE,OK,80058,471570217213006
1028.183,35.0493493,-89.855357,ChIJH2Nw4lGFf4gRq0vxk4n5iAE,OK,80058,471570217213006
1107.947,35.0614623,-89.8536277,ChIJ4TWJkTWFf4gRbkNZYfkF9Jw,OK,82740,471570217213006
1710.862,35.14868459999999,-89.7948203,ChIJ4w9Lr2qcf4gRHdzl9FciAFM,OK,128945,471570211251047
1710.862,35.14868459999999,-89.7948203,ChIJ4w9Lr2qcf4gRHdzl9FciAFM,OK,128945,471570211251047
2477.024,35.1546312,-89.79260459999999,ChIJ8UeuSEecf4gRniit7ubZLtM,OK,149644,471570211251047
1426.339,35.0477573,-89.86637909999999,ChIJ5_0L5VyFf4gR4HBEwl6nmRE,OK,98270,471570217323007
1426.339,35.0477573,-89.86637909999999,ChIJ5_0L5VyFf4gR4HBEwl6nmRE,OK,98270,471570217323007
1997.177,35.050596,-89.869556,ChIJQ4vLA2iFf4gRyyCo3ihKH44,OK,136999,471570217323007
1972.186,35.0477573,-89.86637909999999,ChIJ5_0L5VyFf4gR4HBEwl6nmRE,OK,124750,471570217413000
1972.186,35.0477573,-89.86637909999999,ChIJ5_0L5VyFf4gR4HBEwl6nmRE,OK,124750,471570217413000
2545.345,35.0505832,-89.86958199999999,ChIJAfPLA2iFf4gRetxnyV4zn3o,OK,163897,471570217413000
2864.949,35.0477573,-89.86637909999999,ChIJ5_0L5VyFf4gR4HBEwl6nmRE,OK,193302,471570217413005
2864.949,35.0477573,-89.86637909999999,ChIJ5_0L5VyFf4gR4HBEwl6nmRE,OK,193302,471570217413005
4159.478,35.0493493,-89.855357,ChIJH2Nw4lGFf4gRq0vxk4n5iAE,OK,278210,471570217413005
1488.066,35.0477573,-89.86637909999999,ChIJ5_0L5VyFf4gR4HBEwl6nmRE,OK,105676,471570217323006
1488.066,35.0477573,-89.86637909999999,ChIJ5_0L5VyFf4gR4HBEwl6nmRE,OK,105676,471570217323006
999.645,35.142439,-90.006118,ChIJeUPo2Rt-1YcRdoG2a54M-d0,OK,72286,471570026001001
999.645,35.142439,-90.006118,ChIJeUPo2Rt-1YcRdoG2a54M-d0,OK,72286,471570026001001
1741.238,35.13774119999999,-89.99713,ChIJtwtohKiAf4gRFxkNLUf9PgA,OK,113238,471570026001001
862.178,35.14859919999999,-89.91828060000002,ChIJRflgf-eDf4gRHX_XNYKER-s,OK,66189,471570086001009
862.178,35.14859919999999,-89.91828060000002,ChIJRflgf-eDf4gRHX_XNYKER-s,OK,66189,471570086001009
2360.919,35.14981359999999,-89.94918609999999,ChIJVdGBGRaBf4gRsi89Rzqn8W4,OK,153908,471570086001009
2961.032,35.14859919999999,-89.91828060000002,ChIJRflgf-eDf4gRHX_XNYKER-s,OK,156421,471570086003025
2961.032,35.14859919999999,-89.91828060000002,ChIJRflgf-eDf4gRHX_XNYKER-s,OK,156421,471570086003025
4841.687,35.1489345,-89.89838259999999,ChIJaTBvX72Df4gRiyFT0LQMnrQ,OK,241996,471570086003025
1368.139,35.14981359999999,-89.94918609999999,ChIJVdGBGRaBf4gRsi89Rzqn8W4,OK,75214,471570029002006
1368.139,35.14981359999999,-89.94918609999999,ChIJVdGBGRaBf4gRsi89Rzqn8W4,OK,75214,471570029002006
1919.342,35.1497164,-89.95515999999999,ChIJcQb6ehiBf4gR-uA54eRPNq8,OK,110514,471570029002006
527.961,35.14868459999999,-89.7948203,ChIJ4w9Lr2qcf4gRHdzl9FciAFM,OK,63353,471570211373007
527.961,35.14868459999999,-89.7948203,ChIJ4w9Lr2qcf4gRHdzl9FciAFM,OK,63353,471570211373007
1627.421,35.1546312,-89.79260459999999,ChIJ8UeuSEecf4gRniit7ubZLtM,OK,124044,471570211373007
1631.104,35.14981359999999,-89.94918609999999,ChIJVdGBGRaBf4gRsi89Rzqn8W4,OK,94243,471570028001009
1631.104,35.14981359999999,-89.94918609999999,ChIJVdGBGRaBf4gRsi89Rzqn8W4,OK,94243,471570028001009
2182.306,35.1497164,-89.95515999999999,ChIJcQb6ehiBf4gR-uA54eRPNq8,OK,129543,471570028001009
781.982,35.14868459999999,-89.7948203,ChIJ4w9Lr2qcf4gRHdzl9FciAFM,OK,48104,471570211251052
781.982,35.14868459999999,-89.7948203,ChIJ4w9Lr2qcf4gRHdzl9FciAFM,OK,48104,471570211251052
1035.841,35.1546312,-89.79260459999999,ChIJ8UeuSEecf4gRniit7ubZLtM,OK,61215,471570211251052
781.181,35.1497164,-89.95515999999999,ChIJcQb6ehiBf4gR-uA54eRPNq8,OK,81995,471570028001016
781.181,35.1497164,-89.95515999999999,ChIJcQb6ehiBf4gR-uA54eRPNq8,OK,81995,471570028001016
1088.359,35.14981359999999,-89.94918609999999,ChIJVdGBGRaBf4gRsi89Rzqn8W4,OK,90217,471570028001016
420.046,35.1489345,-89.89838259999999,ChIJaTBvX72Df4gRiyFT0LQMnrQ,OK,30269,471570086003002
420.046,35.1489345,-89.89838259999999,ChIJaTBvX72Df4gRiyFT0LQMnrQ,OK,30269,471570086003002
500.592,35.148225,-89.89748700000001,ChIJC8t095eDf4gRGuXK3FleZyg,OK,35102,471570086003002
3482.861,35.1503395,-89.89321,ChIJRaSiF6KDf4gRNIqqt1VnH58,OK,237770,471570086003001
4055.423,35.1489345,-89.89838259999999,ChIJaTBvX72Df4gRiyFT0LQMnrQ,OK,274344,471570086003001
4055.423,35.1489345,-89.89838259999999,ChIJaTBvX72Df4gRiyFT0LQMnrQ,OK,274344,471570086003001
792.144,35.1507888,-89.977317,ChIJdVWrOuqAf4gR-V7s1E3qo7g,OK,64395,471570027001011
792.144,35.1507888,-89.977317,ChIJdVWrOuqAf4gR-V7s1E3qo7g,OK,64395,471570027001011
2481.597,35.13418100000001,-89.98599,ChIJnf1_yraAf4gR9pQmD7CXhgg,OK,163182,471570027001011
874.751,35.1507888,-89.977317,ChIJdVWrOuqAf4gR-V7s1E3qo7g,OK,48066,471570027002015
874.751,35.1507888,-89.977317,ChIJdVWrOuqAf4gR-V7s1E3qo7g,OK,48066,471570027002015
1789.482,35.13418100000001,-89.98599,ChIJnf1_yraAf4gR9pQmD7CXhgg,OK,99342,471570027002015
2663.792,35.1546312,-89.79260459999999,ChIJ8UeuSEecf4gRniit7ubZLtM,OK,192826,471570211374023
2663.792,35.1546312,-89.79260459999999,ChIJ8UeuSEecf4gRniit7ubZLtM,OK,192826,471570211374023
2446.853,35.14868459999999,-89.7948203,ChIJ4w9Lr2qcf4gRHdzl9FciAFM,OK,199877,471570211374023
1590.69,35.14981359999999,-89.94918609999999,ChIJVdGBGRaBf4gRsi89Rzqn8W4,OK,110115,471570029001006
1590.69,35.14981359999999,-89.94918609999999,ChIJVdGBGRaBf4gRsi89Rzqn8W4,OK,110115,471570029001006
2141.893,35.1497164,-89.95515999999999,ChIJcQb6ehiBf4gR-uA54eRPNq8,OK,145415,471570029001006
3336.78,35.14868459999999,-89.7948203,ChIJ4w9Lr2qcf4gRHdzl9FciAFM,OK,228522,471570211251036
3336.78,35.14868459999999,-89.7948203,ChIJ4w9Lr2qcf4gRHdzl9FciAFM,OK,228522,471570211251036
4102.943,35.1546312,-89.79260459999999,ChIJ8UeuSEecf4gRniit7ubZLtM,OK,249221,471570211251036
826.205,35.1507888,-89.977317,ChIJdVWrOuqAf4gR-V7s1E3qo7g,OK,49570,471570027001009
826.205,35.1507888,-89.977317,ChIJdVWrOuqAf4gR-V7s1E3qo7g,OK,49570,471570027001009
2744.46,35.13418100000001,-89.98599,ChIJnf1_yraAf4gR9pQmD7CXhgg,OK,154097,471570027001009
1881.538,35.14859919999999,-89.91828060000002,ChIJRflgf-eDf4gRHX_XNYKER-s,OK,147335,471570029001007
1881.538,35.14859919999999,-89.91828060000002,ChIJRflgf-eDf4gRHX_XNYKER-s,OK,147335,471570029001007
2085.736,35.14981359999999,-89.94918609999999,ChIJVdGBGRaBf4gRsi89Rzqn8W4,OK,166447,471570029001007
820.354,35.1507888,-89.977317,ChIJdVWrOuqAf4gR-V7s1E3qo7g,OK,49219,471570027001010
820.354,35.1507888,-89.977317,ChIJdVWrOuqAf4gR-V7s1E3qo7g,OK,49219,471570027001010
2738.61,35.13418100000001,-89.98599,ChIJnf1_yraAf4gR9pQmD7CXhgg,OK,153746,471570027001010
2629.026,35.14859919999999,-89.91828060000002,ChIJRflgf-eDf4gRHX_XNYKER-s,OK,141481,471570086003024
2629.026,35.14859919999999,-89.91828060000002,ChIJRflgf-eDf4gRHX_XNYKER-s,OK,141481,471570086003024
4509.682,35.1489345,-89.89838259999999,ChIJaTBvX72Df4gRiyFT0LQMnrQ,OK,227056,471570086003024
1171.691,35.14859919999999,-89.91828060000002,ChIJRflgf-eDf4gRHX_XNYKER-s,OK,117788,471570086001016
1171.691,35.14859919999999,-89.91828060000002,ChIJRflgf-eDf4gRHX_XNYKER-s,OK,117788,471570086001016
2993.933,35.14981359999999,-89.94918609999999,ChIJVdGBGRaBf4gRsi89Rzqn8W4,OK,189440,471570086001016
663.943,35.1507888,-89.977317,ChIJdVWrOuqAf4gR-V7s1E3qo7g,OK,37226,471570016001021
663.943,35.1507888,-89.977317,ChIJdVWrOuqAf4gR-V7s1E3qo7g,OK,37226,471570016001021
2031.056,35.13418100000001,-89.98599,ChIJnf1_yraAf4gR9pQmD7CXhgg,OK,110712,471570016001021
1665.562,35.1489345,-89.89838259999999,ChIJaTBvX72Df4gRiyFT0LQMnrQ,OK,93724,471570086003013
1665.562,35.1489345,-89.89838259999999,ChIJaTBvX72Df4gRiyFT0LQMnrQ,OK,93724,471570086003013
2094.042,35.2044739,-89.76342459999999,ChIJ3XsJxyKef4gRTeWb3lonWsU,OK,149748,471570211421039
3784.457,35.2074362,-89.7805166,ChIJ62ATRfudf4gRPIrPAXGVsiQ,OK,281234,471570211421039
1981.922,35.2044739,-89.76342459999999,ChIJ3XsJxyKef4gRTeWb3lonWsU,OK,141676,471570211421036
1981.922,35.2044739,-89.76342459999999,ChIJ3XsJxyKef4gRTeWb3lonWsU,OK,141676,471570211421036
3672.337,35.2074362,-89.7805166,ChIJ62ATRfudf4gRPIrPAXGVsiQ,OK,273162,471570211421036
2740.405,35.2051043,-89.79754849999999,ChIJpRDMlY2df4gRQqHmUo_lzmc,OK,200171,471570211421023
2740.405,35.2051043,-89.79754849999999,ChIJpRDMlY2df4gRQqHmUo_lzmc,OK,200171,471570211421023
3205.375,35.2072684,-89.7827147,ChIJKdJ2xvqdf4gRKLRUePlbOOs,OK,257593,471570211421023
1855.226,35.183951,-89.93106899999999,ChIJWQ0EIo-Bf4gR6cuqlCcQuNw,OK,122184,471570089003007
1855.226,35.183951,-89.93106899999999,ChIJWQ0EIo-Bf4gR6cuqlCcQuNw,OK,122184,471570089003007
1855.464,35.1839382,-89.93104869999999,ChIJrQx5Io-Bf4gRSwDAaGIf4WE,OK,122227,471570089003007
4.525,35.192778,-89.895242,ChIJ2ehTh2eCf4gR95JHzr6OIMA,OK,271,471570206212032
4.525,35.192778,-89.895242,ChIJ2ehTh2eCf4gR95JHzr6OIMA,OK,271,471570206212032
179.988,35.1942326,-89.8965709,ChIJD7pM72eCf4gRg19OPcAuyDw,OK,10798,471570206212032
2345.151,35.183951,-89.93106899999999,ChIJWQ0EIo-Bf4gR6cuqlCcQuNw,OK,137150,471570089003005
2345.151,35.183951,-89.93106899999999,ChIJWQ0EIo-Bf4gR6cuqlCcQuNw,OK,137150,471570089003005
2345.39,35.1839382,-89.93104869999999,ChIJrQx5Io-Bf4gRSwDAaGIf4WE,OK,137193,471570089003005
4055.15,35.21475480000001,-90.00354540000001,ChIJF6XvX_9_1YcRD4jlF4jzevw,OK,253422,471570101205005
4055.15,35.21475480000001,-90.00354540000001,ChIJF6XvX_9_1YcRD4jlF4jzevw,OK,253422,471570101205005
4453.639,35.218332,-90.00299799999999,ChIJfRCGEgGA1YcRsZsWP_dycDI,OK,277331,471570101205005
2196.33,35.2044739,-89.76342459999999,ChIJ3XsJxyKef4gRTeWb3lonWsU,OK,157112,471570211421044
2196.33,35.2044739,-89.76342459999999,ChIJ3XsJxyKef4gRTeWb3lonWsU,OK,157112,471570211421044
3886.746,35.2074362,-89.7805166,ChIJ62ATRfudf4gRPIrPAXGVsiQ,OK,288598,471570211421044
2376.627,35.2051043,-89.79754849999999,ChIJpRDMlY2df4gRQqHmUo_lzmc,OK,132211,471570211212061
2376.627,35.2051043,-89.79754849999999,ChIJpRDMlY2df4gRQqHmUo_lzmc,OK,132211,471570211212061
2841.597,35.2072684,-89.7827147,ChIJKdJ2xvqdf4gRKLRUePlbOOs,OK,189633,471570211212061
2478.644,35.2051043,-89.79754849999999,ChIJpRDMlY2df4gRQqHmUo_lzmc,OK,146550,471570211421070
2478.644,35.2051043,-89.79754849999999,ChIJpRDMlY2df4gRQqHmUo_lzmc,OK,146550,471570211421070
2943.614,35.2072684,-89.7827147,ChIJKdJ2xvqdf4gRKLRUePlbOOs,OK,203972,471570211421070
2253.589,35.2044739,-89.76342459999999,ChIJ3XsJxyKef4gRTeWb3lonWsU,OK,161234,471570211421062
2253.589,35.2044739,-89.76342459999999,ChIJ3XsJxyKef4gRTeWb3lonWsU,OK,161234,471570211421062
3944.004,35.2074362,-89.7805166,ChIJ62ATRfudf4gRPIrPAXGVsiQ,OK,292720,471570211421062
2272.742,35.2044739,-89.76342459999999,ChIJ3XsJxyKef4gRTeWb3lonWsU,OK,163140,471570211411012
2272.742,35.2044739,-89.76342459999999,ChIJ3XsJxyKef4gRTeWb3lonWsU,OK,163140,471570211411012
3963.158,35.2074362,-89.7805166,ChIJ62ATRfudf4gRPIrPAXGVsiQ,OK,294626,471570211411012
1094.573,35.1913738,-89.8964247,ChIJwQffFF2Cf4gRzaR3rfvt3f4,OK,62303,471570205423006
1094.573,35.1913738,-89.8964247,ChIJwQffFF2Cf4gRzaR3rfvt3f4,OK,62303,471570205423006
1377.969,35.192778,-89.895242,ChIJ2ehTh2eCf4gR95JHzr6OIMA,OK,76599,471570205423006
2666.28,35.2051043,-89.79754849999999,ChIJpRDMlY2df4gRQqHmUo_lzmc,OK,160682,471570211421071
2666.28,35.2051043,-89.79754849999999,ChIJpRDMlY2df4gRQqHmUo_lzmc,OK,160682,471570211421071
3131.25,35.2072684,-89.7827147,ChIJKdJ2xvqdf4gRKLRUePlbOOs,OK,218104,471570211421071
4335.417,35.17410499999999,-89.97575479999999,ChIJmfYTGFmAf4gRHGKCaD0qCtI,OK,241358,471570205112028
4335.417,35.17410499999999,-89.97575479999999,ChIJmfYTGFmAf4gRHGKCaD0qCtI,OK,241358,471570205112028
5573.841,35.1738374,-89.98954379999999,ChIJ_S0BIGOAf4gRU3Ph4W65cOQ,OK,315654,471570205112028
4616.068,35.17410499999999,-89.97575479999999,ChIJmfYTGFmAf4gRHGKCaD0qCtI,OK,276284,471570205112027
4616.068,35.17410499999999,-89.97575479999999,ChIJmfYTGFmAf4gRHGKCaD0qCtI,OK,276284,471570205112027
5550.691,35.183951,-89.93106899999999,ChIJWQ0EIo-Bf4gR6cuqlCcQuNw,OK,292047,471570205112027
1578.805,35.19067459999999,-89.8489943,ChIJ364PGjWdf4gRKbsrGLq8_XQ,OK,124249,471570211124012
1578.805,35.19067459999999,-89.8489943,ChIJ364PGjWdf4gRKbsrGLq8_XQ,OK,124249,471570211124012
3565.692,35.1927931,-89.86922029999999,ChIJAQAAAMCCf4gRZL0qi0KLjtw,OK,266099,471570211124012
2396.073,35.2044739,-89.76342459999999,ChIJ3XsJxyKef4gRTeWb3lonWsU,OK,171491,471570211421065
2396.073,35.2044739,-89.76342459999999,ChIJ3XsJxyKef4gRTeWb3lonWsU,OK,171491,471570211421065
4086.489,35.2074362,-89.7805166,ChIJ62ATRfudf4gRPIrPAXGVsiQ,OK,302977,471570211421065
2315.63,35.2044739,-89.76342459999999,ChIJ3XsJxyKef4gRTeWb3lonWsU,OK,165700,471570211421033
2315.63,35.2044739,-89.76342459999999,ChIJ3XsJxyKef4gRTeWb3lonWsU,OK,165700,471570211421033
4006.045,35.2074362,-89.7805166,ChIJ62ATRfudf4gRPIrPAXGVsiQ,OK,297186,471570211421033
1654.005,35.19067459999999,-89.8489943,ChIJ364PGjWdf4gRKbsrGLq8_XQ,OK,133272,471570211124009
1654.005,35.19067459999999,-89.8489943,ChIJ364PGjWdf4gRKbsrGLq8_XQ,OK,133272,471570211124009
4099.815,35.2045576,-89.81176689999999,ChIJ8ROix4Kdf4gR4Su-1OwAUMo,OK,277644,471570211124009
1034.58,35.183951,-89.93106899999999,ChIJWQ0EIo-Bf4gR6cuqlCcQuNw,OK,124457,471570089003012
1034.58,35.183951,-89.93106899999999,ChIJWQ0EIo-Bf4gR6cuqlCcQuNw,OK,124457,471570089003012
1034.819,35.1839382,-89.93104869999999,ChIJrQx5Io-Bf4gRSwDAaGIf4WE,OK,124500,471570089003012
700.052,35.0493563,-89.83813929999999,ChIJjRQNzqSaf4gRxmNqB0YAYGM,OK,62467,471570217462006
700.052,35.0493563,-89.83813929999999,ChIJjRQNzqSaf4gRxmNqB0YAYGM,OK,62467,471570217462006
915.76,35.049031,-89.841437,ChIJt6vl46-af4gRvoN8Yvkmx9A,OK,79437,471570217462006
389.169,35.0501932,-89.8529489,ChIJJ3DCd1KFf4gRBb2DFEnzV7w,OK,42557,471570217321011
389.169,35.0501932,-89.8529489,ChIJJ3DCd1KFf4gRBb2DFEnzV7w,OK,42557,471570217321011
643.76,35.0493493,-89.855357,ChIJH2Nw4lGFf4gRq0vxk4n5iAE,OK,61120,471570217321011
511.526,35.0501932,-89.8529489,ChIJJ3DCd1KFf4gRBb2DFEnzV7w,OK,57240,471570217321013
511.526,35.0501932,-89.8529489,ChIJJ3DCd1KFf4gRBb2DFEnzV7w,OK,57240,471570217321013
766.117,35.0493493,-89.855357,ChIJH2Nw4lGFf4gRq0vxk4n5iAE,OK,75803,471570217321013
1185.278,35.0493493,-89.855357,ChIJH2Nw4lGFf4gRq0vxk4n5iAE,OK,109209,471570217263001
1185.278,35.0493493,-89.855357,ChIJH2Nw4lGFf4gRq0vxk4n5iAE,OK,109209,471570217263001
1446.807,35.0501932,-89.8529489,ChIJJ3DCd1KFf4gRBb2DFEnzV7w,OK,119220,471570217263001
676.791,35.0512763,-89.8427476,ChIJ7VPJ3q-af4gRdxERIyaZ0gk,OK,52971,471570217241038
676.791,35.0512763,-89.8427476,ChIJ7VPJ3q-af4gRdxERIyaZ0gk,OK,52971,471570217241038
922.184,35.0490562,-89.84441600000001,ChIJCUulJK6af4gR7vOP_qSrYdM,OK,57961,471570217241038
843.428,35.0512763,-89.8427476,ChIJ7VPJ3q-af4gRdxERIyaZ0gk,OK,79058,471570217241002
843.428,35.0512763,-89.8427476,ChIJ7VPJ3q-af4gRdxERIyaZ0gk,OK,79058,471570217241002
1088.821,35.0490562,-89.84441600000001,ChIJCUulJK6af4gR7vOP_qSrYdM,OK,84048,471570217241002
1911.396,35.0490562,-89.84441600000001,ChIJCUulJK6af4gR7vOP_qSrYdM,OK,152795,471570217324011
1838.597,35.0493493,-89.855357,ChIJH2Nw4lGFf4gRq0vxk4n5iAE,OK,163886,471570217324011
1838.597,35.0493493,-89.855357,ChIJH2Nw4lGFf4gRq0vxk4n5iAE,OK,163886,471570217324011
743.067,35.0493563,-89.83813929999999,ChIJjRQNzqSaf4gRxmNqB0YAYGM,OK,83337,471570217242002
743.067,35.0493563,-89.83813929999999,ChIJjRQNzqSaf4gRxmNqB0YAYGM,OK,83337,471570217242002
1064.832,35.049031,-89.841437,ChIJt6vl46-af4gRvoN8Yvkmx9A,OK,106179,471570217242002
3134.712,35.04577219999999,-89.82821469999999,ChIJL-jEaJmaf4gREtYdkYi2nAs,OK,204568,471570213342005
3404.984,35.0493563,-89.83813929999999,ChIJjRQNzqSaf4gRxmNqB0YAYGM,OK,214649,471570213342005
3404.984,35.0493563,-89.83813929999999,ChIJjRQNzqSaf4gRxmNqB0YAYGM,OK,214649,471570213342005
607.607,35.0493563,-89.83813929999999,ChIJjRQNzqSaf4gRxmNqB0YAYGM,OK,43158,471570217462005
607.607,35.0493563,-89.83813929999999,ChIJjRQNzqSaf4gRxmNqB0YAYGM,OK,43158,471570217462005
823.315,35.049031,-89.841437,ChIJt6vl46-af4gRvoN8Yvkmx9A,OK,60128,471570217462005
889.019,35.0493563,-89.83813929999999,ChIJjRQNzqSaf4gRxmNqB0YAYGM,OK,100851,471570217242000
889.019,35.0493563,-89.83813929999999,ChIJjRQNzqSaf4gRxmNqB0YAYGM,OK,100851,471570217242000
1210.784,35.049031,-89.841437,ChIJt6vl46-af4gRvoN8Yvkmx9A,OK,123693,471570217242000
1839.515,35.0490562,-89.84441600000001,ChIJCUulJK6af4gR7vOP_qSrYdM,OK,144169,471570217324012
1910.478,35.0493493,-89.855357,ChIJH2Nw4lGFf4gRq0vxk4n5iAE,OK,172512,471570217324012
1910.478,35.0493493,-89.855357,ChIJH2Nw4lGFf4gRq0vxk4n5iAE,OK,172512,471570217324012
1500.432,35.0490562,-89.84441600000001,ChIJCUulJK6af4gR7vOP_qSrYdM,OK,103482,471570217324003
1500.432,35.0490562,-89.84441600000001,ChIJCUulJK6af4gR7vOP_qSrYdM,OK,103482,471570217324003
2505.796,35.0501932,-89.8529489,ChIJJ3DCd1KFf4gRBb2DFEnzV7w,OK,161009,471570217324003
2277.819,35.0490562,-89.84441600000001,ChIJCUulJK6af4gR7vOP_qSrYdM,OK,153591,471570217324006
2517.946,35.0493493,-89.855357,ChIJH2Nw4lGFf4gRq0vxk4n5iAE,OK,209716,471570217324006
2517.946,35.0493493,-89.855357,ChIJH2Nw4lGFf4gRq0vxk4n5iAE,OK,209716,471570217324006
2438.171,35.0490562,-89.84441600000001,ChIJCUulJK6af4gR7vOP_qSrYdM,OK,172833,471570217324007
2408.525,35.0493493,-89.855357,ChIJH2Nw4lGFf4gRq0vxk4n5iAE,OK,196586,471570217324007
2408.525,35.0493493,-89.855357,ChIJH2Nw4lGFf4gRq0vxk4n5iAE,OK,196586,471570217324007
1679.054,35.0490562,-89.84441600000001,ChIJCUulJK6af4gR7vOP_qSrYdM,OK,124915,471570217324015
1679.054,35.0490562,-89.84441600000001,ChIJCUulJK6af4gR7vOP_qSrYdM,OK,124915,471570217324015
1982.678,35.049031,-89.841437,ChIJt6vl46-af4gRvoN8Yvkmx9A,OK,140205,471570217324015
1503.023,35.0854368,-89.89541919999999,ChIJf5cc-VKEf4gRF-lYLgijYQQ,OK,105923,471570095004025
1503.023,35.0854368,-89.89541919999999,ChIJf5cc-VKEf4gRF-lYLgijYQQ,OK,105923,471570095004025
4760.125,35.0612606,-89.88628629999999,ChIJAQ_I1gqFf4gRFrt5yQeAEps,OK,296772,471570095004025
647.822,35.1435177,-90.0539328,ChIJ8VFg1pV-1YcRR9G8p0pZx6U,OK,42998,471570042002039
647.822,35.1435177,-90.0539328,ChIJ8VFg1pV-1YcRR9G8p0pZx6U,OK,42998,471570042002039
772.651,35.1450994,-90.0538646,ChIJne6_s5V-1YcRn_LPaqiwhrk,OK,54903,471570042002039
3948.389,35.1145886,-89.90089789999999,ChIJKWmlFW6Ef4gR0YNISWQMkss,OK,249567,471570213203014
3893.073,35.0854368,-89.89541919999999,ChIJf5cc-VKEf4gRF-lYLgijYQQ,OK,250105,471570213203014
3893.073,35.0854368,-89.89541919999999,ChIJf5cc-VKEf4gRF-lYLgijYQQ,OK,250105,471570213203014
3868.201,35.1145886,-89.90089789999999,ChIJKWmlFW6Ef4gR0YNISWQMkss,OK,234424,471570213204008
4657.701,35.0854368,-89.89541919999999,ChIJf5cc-VKEf4gRF-lYLgijYQQ,OK,238143,471570213204008
4657.701,35.0854368,-89.89541919999999,ChIJf5cc-VKEf4gRF-lYLgijYQQ,OK,238143,471570213204008
873.201,35.1435177,-90.0539328,ChIJ8VFg1pV-1YcRR9G8p0pZx6U,OK,56681,471570042002038
873.201,35.1435177,-90.0539328,ChIJ8VFg1pV-1YcRR9G8p0pZx6U,OK,56681,471570042002038
998.03,35.1450994,-90.0538646,ChIJne6_s5V-1YcRn_LPaqiwhrk,OK,68586,471570042002038
949.698,35.1251709,-90.0481695,ChIJybIJtCd81YcR9Otxws-5qCM,OK,56579,471570117001005
949.698,35.1251709,-90.0481695,ChIJybIJtCd81YcR9Otxws-5qCM,OK,56579,471570117001005
951.512,35.125222,-90.048147,ChIJ9cKdtid81YcRKs9h6RjzQzw,OK,56680,471570117001005
1849.661,35.19067459999999,-89.8489943,ChIJ364PGjWdf4gRKbsrGLq8_XQ,OK,119941,471570211123020
1849.661,35.19067459999999,-89.8489943,ChIJ364PGjWdf4gRKbsrGLq8_XQ,OK,119941,471570211123020
2958.607,35.2045576,-89.81176689999999,ChIJ8ROix4Kdf4gR4Su-1OwAUMo,OK,185376,471570211123020
6375.488,35.1439641,-90.0517892,ChIJL-0zBZR-1YcRj7p5p1WY4-g,OK,499798,471570099011028
6375.488,35.1439641,-90.0517892,ChIJL-0zBZR-1YcRj7p5p1WY4-g,OK,499798,471570099011028
6584.405,35.1450994,-90.0538646,ChIJne6_s5V-1YcRn_LPaqiwhrk,OK,505252,471570099011028
6172.989,35.1439641,-90.0517892,ChIJL-0zBZR-1YcRj7p5p1WY4-g,OK,475500,471570099011026
6172.989,35.1439641,-90.0517892,ChIJL-0zBZR-1YcRj7p5p1WY4-g,OK,475500,471570099011026
6381.905,35.1450994,-90.0538646,ChIJne6_s5V-1YcRn_LPaqiwhrk,OK,480954,471570099011026
7015.436,35.0326981,-90.07589809999999,ChIJ9S1ljalk1YcRvuG-_hbpimA,OK,454789,471570222102012
7752.263,35.02753099999999,-90.082077,ChIJK66rdetk1YcRwwxI9gDREks,OK,496536,471570222102012
7752.263,35.02753099999999,-90.082077,ChIJK66rdetk1YcRwwxI9gDREks,OK,496536,471570222102012
1245.062,35.2166323,-89.9945206,ChIJ4fSgw_h_f4gRx0hAJfGjdzA,OK,74700,471570102204006
1245.062,35.2166323,-89.9945206,ChIJ4fSgw_h_f4gRx0hAJfGjdzA,OK,74700,471570102204006
1702.93,35.217526,-89.98935,ChIJKdhOoPd_f4gRbD5w-Ol3ovU,OK,104663,471570102204006
2605.866,35.2337782,-89.9252472,ChIJra3pLkt_f4gRjZbqnHrruIM,OK,159288,471570205241008
2605.866,35.2337782,-89.9252472,ChIJra3pLkt_f4gRjZbqnHrruIM,OK,159288,471570205241008
2785.735,35.210167,-89.919383,ChIJi0gqlgaCf4gRjUvfmHxGMyw,OK,194246,471570205241008
668.106,35.220637,-89.892425,ChIJiZ78r4Z4f4gRyy0DWRWI7n0,OK,42004,471570205324013
668.106,35.220637,-89.892425,ChIJiZ78r4Z4f4gRyy0DWRWI7n0,OK,42004,471570205324013
1638.861,35.223866,-89.90499,ChIJJRXCRJh4f4gRcTFbl9qZzNM,OK,120950,471570205324013
2313.468,35.04577219999999,-89.82821469999999,ChIJL-jEaJmaf4gREtYdkYi2nAs,OK,137781,471570213341025
2498.972,35.05113000000001,-89.815021,ChIJAdLMX4iaf4gRUenKpoiyrBc,OK,152173,471570213341025
2498.972,35.05113000000001,-89.815021,ChIJAdLMX4iaf4gRUenKpoiyrBc,OK,152173,471570213341025
2026.21,35.19067459999999,-89.8489943,ChIJ364PGjWdf4gRKbsrGLq8_XQ,OK,141126,471570211123009
2026.21,35.19067459999999,-89.8489943,ChIJ364PGjWdf4gRKbsrGLq8_XQ,OK,141126,471570211123009
3328.714,35.2045576,-89.81176689999999,ChIJ8ROix4Kdf4gR4Su-1OwAUMo,OK,229787,471570211123009
5354.615,35.1546312,-89.79260459999999,ChIJ8UeuSEecf4gRniit7ubZLtM,OK,332368,471570211413023
5354.615,35.1546312,-89.79260459999999,ChIJ8UeuSEecf4gRniit7ubZLtM,OK,332368,471570211413023
4888.637,35.2044739,-89.76342459999999,ChIJ3XsJxyKef4gRTeWb3lonWsU,OK,353449,471570211413023
4674.976,35.2044739,-89.76342459999999,ChIJ3XsJxyKef4gRTeWb3lonWsU,OK,337219,471570211362002
4674.976,35.2044739,-89.76342459999999,ChIJ3XsJxyKef4gRTeWb3lonWsU,OK,337219,471570211362002
5751.829,35.1546312,-89.79260459999999,ChIJ8UeuSEecf4gRniit7ubZLtM,OK,361652,471570211362002
4338.59,35.2044739,-89.76342459999999,ChIJ3XsJxyKef4gRTeWb3lonWsU,OK,307469,471570211362001
4338.59,35.2044739,-89.76342459999999,ChIJ3XsJxyKef4gRTeWb3lonWsU,OK,307469,471570211362001
5657.837,35.1546312,-89.79260459999999,ChIJ8UeuSEecf4gRniit7ubZLtM,OK,350373,471570211362001
1395.4,35.1060329,-90.039159,ChIJ231bcjV81YcRQ1quDeYAd6M,OK,93457,471570057001015
2792.967,35.1145886,-89.90089789999999,ChIJKWmlFW6Ef4gR0YNISWQMkss,OK,201316,471570096001028
2792.967,35.1145886,-89.90089789999999,ChIJKWmlFW6Ef4gR0YNISWQMkss,OK,201316,471570096001028
2763.001,35.1153996,-89.89414069999999,ChIJCb4NOWWEf4gR79YlPQoocW4,OK,206689,471570096001028
1177.171,35.1060329,-90.039159,ChIJ231bcjV81YcRQ1quDeYAd6M,OK,87337,471570057001019
1177.171,35.1060329,-90.039159,ChIJ231bcjV81YcRQ1quDeYAd6M,OK,87337,471570057001019
1703.756,35.098685,-90.05664899999999,ChIJ31qwBkJ81YcRk2V5pdmdhrM,OK,106334,471570057001019
2762.925,35.1145886,-89.90089789999999,ChIJKWmlFW6Ef4gR0YNISWQMkss,OK,195909,471570096001020
2762.925,35.1145886,-89.90089789999999,ChIJKWmlFW6Ef4gR0YNISWQMkss,OK,195909,471570096001020
2732.959,35.1153996,-89.89414069999999,ChIJCb4NOWWEf4gR79YlPQoocW4,OK,201282,471570096001020
1068.001,35.1060329,-90.039159,ChIJ231bcjV81YcRQ1quDeYAd6M,OK,80787,471570057001021
1068.001,35.1060329,-90.039159,ChIJ231bcjV81YcRQ1quDeYAd6M,OK,80787,471570057001021
1812.966,35.098685,-90.05664899999999,ChIJ31qwBkJ81YcRk2V5pdmdhrM,OK,112886,471570057001021
4640.872,35.098685,-90.05664899999999,ChIJ31qwBkJ81YcRk2V5pdmdhrM,OK,258771,471570053003002
4640.872,35.098685,-90.05664899999999,ChIJ31qwBkJ81YcRk2V5pdmdhrM,OK,258771,471570053003002
5029.864,35.095133,-90.05542799999999,ChIJATnUo0J81YcRpbAuNwXeqRw,OK,280315,471570053003002
2979.437,35.1145886,-89.90089789999999,ChIJKWmlFW6Ef4gR0YNISWQMkss,OK,234879,471570096001022
2979.437,35.1145886,-89.90089789999999,ChIJKWmlFW6Ef4gR0YNISWQMkss,OK,234879,471570096001022
2949.471,35.1153996,-89.89414069999999,ChIJCb4NOWWEf4gR79YlPQoocW4,OK,240252,471570096001022
987.632,35.1060329,-90.039159,ChIJ231bcjV81YcRQ1quDeYAd6M,OK,76304,471570057001023
987.632,35.1060329,-90.039159,ChIJ231bcjV81YcRQ1quDeYAd6M,OK,76304,471570057001023
1904.605,35.098685,-90.05664899999999,ChIJ31qwBkJ81YcRk2V5pdmdhrM,OK,118723,471570057001023
822.088,35.108097,-89.941227,ChIJwxJT-r6Gf4gRhLDuFpyb128,OK,52730,471570080002006
822.088,35.108097,-89.941227,ChIJwxJT-r6Gf4gRhLDuFpyb128,OK,52730,471570080002006
1524.469,35.1079763,-89.9333841,ChIJqZoM4qKGf4gREaZMyPG1GBQ,OK,92620,471570080002006
901.132,35.108097,-89.941227,ChIJwxJT-r6Gf4gRhLDuFpyb128,OK,56313,471570080002012
901.132,35.108097,-89.941227,ChIJwxJT-r6Gf4gRhLDuFpyb128,OK,56313,471570080002012
1603.514,35.1079763,-89.9333841,ChIJqZoM4qKGf4gREaZMyPG1GBQ,OK,96203,471570080002012
812.993,35.108097,-89.941227,ChIJwxJT-r6Gf4gRhLDuFpyb128,OK,51025,471570080002013
812.993,35.108097,-89.941227,ChIJwxJT-r6Gf4gRhLDuFpyb128,OK,51025,471570080002013
1515.375,35.1079763,-89.9333841,ChIJqZoM4qKGf4gREaZMyPG1GBQ,OK,90915,471570080002013
5613.834,35.098685,-90.05664899999999,ChIJ31qwBkJ81YcRk2V5pdmdhrM,OK,406646,471579802001030
5613.834,35.098685,-90.05664899999999,ChIJ31qwBkJ81YcRk2V5pdmdhrM,OK,406646,471579802001030
6002.826,35.095133,-90.05542799999999,ChIJATnUo0J81YcRpbAuNwXeqRw,OK,428190,471579802001030
863.874,35.108097,-89.941227,ChIJwxJT-r6Gf4gRhLDuFpyb128,OK,59129,471570080002007
863.874,35.108097,-89.941227,ChIJwxJT-r6Gf4gRhLDuFpyb128,OK,59129,471570080002007
1566.256,35.1079763,-89.9333841,ChIJqZoM4qKGf4gREaZMyPG1GBQ,OK,99019,471570080002007
561.06,35.1087458,-90.0211918,ChIJe6w2EsF91YcRquzVZc8M0-I,OK,32802,471570060001024
561.06,35.1087458,-90.0211918,ChIJe6w2EsF91YcRquzVZc8M0-I,OK,32802,471570060001024
561.701,35.10874099999999,-90.021185,ChIJrVbiDcF91YcRG9TBOTpHc3I,OK,32879,471570060001024
1215.714,35.108097,-89.941227,ChIJwxJT-r6Gf4gRhLDuFpyb128,OK,91520,471570080002008
1215.714,35.108097,-89.941227,ChIJwxJT-r6Gf4gRhLDuFpyb128,OK,91520,471570080002008
1918.096,35.1079763,-89.9333841,ChIJqZoM4qKGf4gREaZMyPG1GBQ,OK,131410,471570080002008
736.401,35.1060329,-90.039159,ChIJ231bcjV81YcRQ1quDeYAd6M,OK,75758,471570057002030
736.401,35.1060329,-90.039159,ChIJ231bcjV81YcRQ1quDeYAd6M,OK,75758,471570057002030
2158.493,35.1087458,-90.0211918,ChIJe6w2EsF91YcRquzVZc8M0-I,OK,154297,471570057002030
1478.75,35.1060329,-90.039159,ChIJ231bcjV81YcRQ1quDeYAd6M,OK,117070,471570057001032
1790.842,35.098685,-90.05664899999999,ChIJ31qwBkJ81YcRk2V5pdmdhrM,OK,119052,471570057001032
1790.842,35.098685,-90.05664899999999,ChIJ31qwBkJ81YcRk2V5pdmdhrM,OK,119052,471570057001032
1371.384,35.1060329,-90.039159,ChIJ231bcjV81YcRQ1quDeYAd6M,OK,110642,471570057001030
1371.384,35.1060329,-90.039159,ChIJ231bcjV81YcRQ1quDeYAd6M,OK,110642,471570057001030
1897.969,35.098685,-90.05664899999999,ChIJ31qwBkJ81YcRk2V5pdmdhrM,OK,129639,471570057001030
1076.347,35.02099699999999,-89.93544,ChIJW6hY3LmIf4gRWjIeu9tMgvU,OK,71073,471570226001117
1727.105,35.015991,-89.935953,ChIJSSHzkseIf4gRnqbOP98HojY,OK,107112,471570226001117
576.851,35.1927931,-89.86922029999999,ChIJAQAAAMCCf4gRZL0qi0KLjtw,OK,36497,471570206214030
576.851,35.1927931,-89.86922029999999,ChIJAQAAAMCCf4gRZL0qi0KLjtw,OK,36497,471570206214030
1577.084,35.1835367,-89.8717722,ChIJv1U5XuiCf4gRMlXiIrwnbJo,OK,105769,471570206214030
1392.79,35.19067459999999,-89.8489943,ChIJ364PGjWdf4gRKbsrGLq8_XQ,OK,128834,471570211111001
1392.79,35.19067459999999,-89.8489943,ChIJ364PGjWdf4gRKbsrGLq8_XQ,OK,128834,471570211111001
3549.888,35.2045576,-89.81176689999999,ChIJ8ROix4Kdf4gR4Su-1OwAUMo,OK,247185,471570211111001
4352.178,35.2044739,-89.76342459999999,ChIJ3XsJxyKef4gRTeWb3lonWsU,OK,337612,471570210102034
4352.178,35.2044739,-89.76342459999999,ChIJ3XsJxyKef4gRTeWb3lonWsU,OK,337612,471570210102034
4947.908,35.1581502,-89.72609419999999,ChIJL6yctRGff4gRqpalt07WxQs,OK,358511,471570210102034
3340.986,35.1913738,-89.8964247,ChIJwQffFF2Cf4gRzaR3rfvt3f4,OK,380095,471570091001000
3340.986,35.1913738,-89.8964247,ChIJwQffFF2Cf4gRzaR3rfvt3f4,OK,380095,471570091001000
3624.382,35.192778,-89.895242,ChIJ2ehTh2eCf4gR95JHzr6OIMA,OK,394391,471570091001000
572.785,35.210167,-89.919383,ChIJi0gqlgaCf4gRjUvfmHxGMyw,OK,70571,471570205413020
572.785,35.210167,-89.919383,ChIJi0gqlgaCf4gRjUvfmHxGMyw,OK,70571,471570205413020
619.305,35.2158947,-89.9151158,ChIJxetq6ad4f4gRD1K1cIBWUQ4,OK,70756,471570205413020
2050.271,35.0344414,-89.8319559,ChIJfcC9SguQf4gR_xf02Tpo1-w,OK,120397,471570217411011
2050.271,35.0344414,-89.8319559,ChIJfcC9SguQf4gR_xf02Tpo1-w,OK,120397,471570217411011
2209.315,35.0490562,-89.84441600000001,ChIJCUulJK6af4gR7vOP_qSrYdM,OK,129242,471570217411011
2766.69,35.0344414,-89.8319559,ChIJfcC9SguQf4gR_xf02Tpo1-w,OK,160073,471570217411024
2766.69,35.0344414,-89.8319559,ChIJfcC9SguQf4gR_xf02Tpo1-w,OK,160073,471570217411024
2945.891,35.0220022,-89.82947999999999,ChIJxT9DeWuQf4gRf6HLF5uJHd0,OK,164193,471570217411024
2911.741,35.14868459999999,-89.7948203,ChIJ4w9Lr2qcf4gRHdzl9FciAFM,OK,222691,471570211374036
2911.741,35.14868459999999,-89.7948203,ChIJ4w9Lr2qcf4gRHdzl9FciAFM,OK,222691,471570211374036
3022.011,35.1546312,-89.79260459999999,ChIJ8UeuSEecf4gRniit7ubZLtM,OK,232536,471570211374036
360.741,35.2051043,-89.79754849999999,ChIJpRDMlY2df4gRQqHmUo_lzmc,OK,22433,471570211132010
360.741,35.2051043,-89.79754849999999,ChIJpRDMlY2df4gRQqHmUo_lzmc,OK,22433,471570211132010
1135.907,35.2045576,-89.81176689999999,ChIJ8ROix4Kdf4gR4Su-1OwAUMo,OK,62908,471570211132010
2445.013,35.0841884,-89.97146650000001,ChIJX1vb4AeHf4gRloPQ2o5nDXA,OK,222139,471570078101052
2445.013,35.0841884,-89.97146650000001,ChIJX1vb4AeHf4gRloPQ2o5nDXA,OK,222139,471570078101052
3084.596,35.104197,-89.98335349999999,ChIJNST6hGqHf4gR0Mml4gyjQWk,OK,230394,471570078101052
1636.418,35.2051043,-89.79754849999999,ChIJpRDMlY2df4gRQqHmUo_lzmc,OK,125065,471570211132049
1636.418,35.2051043,-89.79754849999999,ChIJpRDMlY2df4gRQqHmUo_lzmc,OK,125065,471570211132049
2101.388,35.2072684,-89.7827147,ChIJKdJ2xvqdf4gRKLRUePlbOOs,OK,182487,471570211132049
2999.628,35.1546312,-89.79260459999999,ChIJ8UeuSEecf4gRniit7ubZLtM,OK,229850,471570211374035
2999.628,35.1546312,-89.79260459999999,ChIJ8UeuSEecf4gRniit7ubZLtM,OK,229850,471570211374035
2972.821,35.14868459999999,-89.7948203,ChIJ4w9Lr2qcf4gRHdzl9FciAFM,OK,230019,471570211374035
3678.09,35.2045576,-89.81176689999999,ChIJ8ROix4Kdf4gR4Su-1OwAUMo,OK,278389,471570211212075
3678.09,35.2045576,-89.81176689999999,ChIJ8ROix4Kdf4gR4Su-1OwAUMo,OK,278389,471570211212075
4904.486,35.2051043,-89.79754849999999,ChIJpRDMlY2df4gRQqHmUo_lzmc,OK,311147,471570211212075
3499.297,35.06128,-90.05978399999999,ChIJm06f8ZV81YcRTjzAsJPcBKY,OK,250373,471570225001035
3499.297,35.06128,-90.05978399999999,ChIJm06f8ZV81YcRTjzAsJPcBKY,OK,250373,471570225001035
3499.118,35.061362,-90.05986399999999,ChIJL_Gh8ZV81YcRDlMHRKqR_IA,OK,253239,471570225001035
10948.075,35.061362,-90.05986399999999,ChIJL_Gh8ZV81YcRDlMHRKqR_IA,OK,666232,471579803001002
13759.275,35.0326981,-90.07589809999999,ChIJ9S1ljalk1YcRvuG-_hbpimA,OK,849993,471579803001002
13759.275,35.0326981,-90.07589809999999,ChIJ9S1ljalk1YcRvuG-_hbpimA,OK,849993,471579803001002
2250.733,35.02753099999999,-90.082077,ChIJK66rdetk1YcRwwxI9gDREks,OK,130810,471570224101001
2250.733,35.02753099999999,-90.082077,ChIJK66rdetk1YcRwwxI9gDREks,OK,130810,471570224101001
2780.574,35.0326981,-90.07589809999999,ChIJ9S1ljalk1YcRvuG-_hbpimA,OK,165064,471570224101001
4635.484,35.1439641,-90.0517892,ChIJL-0zBZR-1YcRj7p5p1WY4-g,OK,333573,471570001002041
4635.484,35.1439641,-90.0517892,ChIJL-0zBZR-1YcRj7p5p1WY4-g,OK,333573,471570001002041
4844.4,35.1450994,-90.0538646,ChIJne6_s5V-1YcRn_LPaqiwhrk,OK,339027,471570001002041
5698.437,35.14868459999999,-89.7948203,ChIJ4w9Lr2qcf4gRHdzl9FciAFM,OK,320987,471579804001022
5133.607,35.16339899999999,-89.855841,ChIJA_xfkC6Df4gRAjVZwLz1jqA,OK,326233,471579804001022
5133.607,35.16339899999999,-89.855841,ChIJA_xfkC6Df4gRAjVZwLz1jqA,OK,326233,471579804001022
2278.342,35.0461089,-89.7947008,ChIJaZI6O3Oaf4gRqa_eh0DNj_s,OK,158212,471570213421011
2278.342,35.0461089,-89.7947008,ChIJaZI6O3Oaf4gRqa_eh0DNj_s,OK,158212,471570213421011
2396.347,35.045091,-89.795412,ChIJVelsQnOaf4gRECqTW7fq-dY,OK,164747,471570213421011
1184.88,35.2158947,-89.9151158,ChIJxetq6ad4f4gRD1K1cIBWUQ4,OK,124185,471570205413028
1184.88,35.2158947,-89.9151158,ChIJxetq6ad4f4gRD1K1cIBWUQ4,OK,124185,471570205413028
1182.033,35.210167,-89.919383,ChIJi0gqlgaCf4gRjUvfmHxGMyw,OK,129765,471570205413028
1937.454,35.1913738,-89.8964247,ChIJwQffFF2Cf4gRzaR3rfvt3f4,OK,109855,471570206101033
1937.454,35.1913738,-89.8964247,ChIJwQffFF2Cf4gRzaR3rfvt3f4,OK,109855,471570206101033
2220.85,35.192778,-89.895242,ChIJ2ehTh2eCf4gR95JHzr6OIMA,OK,124151,471570206101033
1319.478,35.14859919999999,-89.91828060000002,ChIJRflgf-eDf4gRHX_XNYKER-s,OK,80658,471570086001017
1319.478,35.14859919999999,-89.91828060000002,ChIJRflgf-eDf4gRHX_XNYKER-s,OK,80658,471570086001017
2370.009,35.14981359999999,-89.94918609999999,ChIJVdGBGRaBf4gRsi89Rzqn8W4,OK,123154,471570086001017
1595.698,35.0515568,-89.90630259999999,ChIJrU8jyZKFf4gRubg1AIyELWY,OK,100467,471570226001073
1595.698,35.0515568,-89.90630259999999,ChIJrU8jyZKFf4gRubg1AIyELWY,OK,100467,471570226001073
2102.438,35.05018,-89.89110199999999,ChIJNUozxJyFf4gRrJ8tUHk1p2Q,OK,125629,471570226001073
837.588,35.06128,-90.05978399999999,ChIJm06f8ZV81YcRTjzAsJPcBKY,OK,95670,471570222205009
837.588,35.06128,-90.05978399999999,ChIJm06f8ZV81YcRTjzAsJPcBKY,OK,95670,471570222205009
1131.45,35.0543926,-90.0597009,ChIJT5TzUbl81YcRiPqNjkbj9CA,OK,98869,471570222205009
666.072,35.2023757,-89.9218691,ChIJvw7rwByCf4gRrAscHKjp1Iw,OK,59854,471570205421006
666.072,35.2023757,-89.9218691,ChIJvw7rwByCf4gRrAscHKjp1Iw,OK,59854,471570205421006
832.153,35.210167,-89.919383,ChIJi0gqlgaCf4gRjUvfmHxGMyw,OK,88305,471570205421006
3011.235,35.00495799999999,-90.0276544,ChIJuXbrrfFi1YcR97C4vX-T9Zk,OK,216611,471570227004009
3011.235,35.00495799999999,-90.0276544,ChIJuXbrrfFi1YcR97C4vX-T9Zk,OK,216611,471570227004009
4418.551,35.0225458,-90.0257415,ChIJnc94gMRi1YcRKYztFRuX2Yw,OK,297154,471570227004009
9879.229,35.061362,-90.05986399999999,ChIJL_Gh8ZV81YcRDlMHRKqR_IA,OK,551138,471579803001038
12690.428,35.0326981,-90.07589809999999,ChIJ9S1ljalk1YcRvuG-_hbpimA,OK,734899,471579803001038
12690.428,35.0326981,-90.07589809999999,ChIJ9S1ljalk1YcRvuG-_hbpimA,OK,734899,471579803001038
5275.627,35.1153996,-89.89414069999999,ChIJCb4NOWWEf4gR79YlPQoocW4,OK,338553,471570213202001
6265.382,35.0614623,-89.8536277,ChIJ4TWJkTWFf4gRbkNZYfkF9Jw,OK,393715,471570213202001
6265.382,35.0614623,-89.8536277,ChIJ4TWJkTWFf4gRbkNZYfkF9Jw,OK,393715,471570213202001
3653.746,35.0614623,-89.8536277,ChIJ4TWJkTWFf4gRbkNZYfkF9Jw,OK,251514,471570213311013
3653.746,35.0614623,-89.8536277,ChIJ4TWJkTWFf4gRbkNZYfkF9Jw,OK,251514,471570213311013
3738.518,35.0512763,-89.8427476,ChIJ7VPJ3q-af4gRdxERIyaZ0gk,OK,257702,471570213311013
3609.172,35.0614623,-89.8536277,ChIJ4TWJkTWFf4gRbkNZYfkF9Jw,OK,248910,471570213332001
3609.172,35.0614623,-89.8536277,ChIJ4TWJkTWFf4gRbkNZYfkF9Jw,OK,248910,471570213332001
3693.944,35.0512763,-89.8427476,ChIJ7VPJ3q-af4gRdxERIyaZ0gk,OK,255098,471570213332001
2122.381,35.1145886,-89.90089789999999,ChIJKWmlFW6Ef4gR0YNISWQMkss,OK,148855,471570085002007
2122.381,35.1145886,-89.90089789999999,ChIJKWmlFW6Ef4gR0YNISWQMkss,OK,148855,471570085002007
2442.707,35.1153996,-89.89414069999999,ChIJCb4NOWWEf4gR79YlPQoocW4,OK,185055,471570085002007
973.876,35.086634,-89.96355199999999,ChIJW0XU3AGHf4gRINnmxvx9m5A,OK,70300,471570081201001
973.876,35.086634,-89.96355199999999,ChIJW0XU3AGHf4gRINnmxvx9m5A,OK,70300,471570081201001
1448.419,35.0904795,-89.96597299999999,ChIJHfaNmAOHf4gR1d8V2K9rfSU,OK,96581,471570081201001
2684.475,35.0078094,-89.83044679999999,ChIJpwHMo0eQf4gRIqmNFjWLuW4,OK,168073,471570226001216
2684.475,35.0078094,-89.83044679999999,ChIJpwHMo0eQf4gRIqmNFjWLuW4,OK,168073,471570226001216
4935.386,35.0220022,-89.82947999999999,ChIJxT9DeWuQf4gRf6HLF5uJHd0,OK,293423,471570226001216
2352.326,35.2045576,-89.81176689999999,ChIJ8ROix4Kdf4gR4Su-1OwAUMo,OK,157015,471570211123007
2352.326,35.2045576,-89.81176689999999,ChIJ8ROix4Kdf4gR4Su-1OwAUMo,OK,157015,471570211123007
3112.983,35.19067459999999,-89.8489943,ChIJ364PGjWdf4gRKbsrGLq8_XQ,OK,189002,471570211123007
2493.732,35.104197,-89.98335349999999,ChIJNST6hGqHf4gR0Mml4gyjQWk,OK,196340,471570078101007
2493.732,35.104197,-89.98335349999999,ChIJNST6hGqHf4gR0Mml4gyjQWk,OK,196340,471570078101007
2606.73,35.107529,-89.9862127,ChIJ0WGfSUKHf4gRjDLrfGQwCV4,OK,207461,471570078101007
1951.317,35.2045576,-89.81176689999999,ChIJ8ROix4Kdf4gR4Su-1OwAUMo,OK,160298,471570206322017
1951.317,35.2045576,-89.81176689999999,ChIJ8ROix4Kdf4gR4Su-1OwAUMo,OK,160298,471570206322017
3007.826,35.2051043,-89.79754849999999,ChIJpRDMlY2df4gRQqHmUo_lzmc,OK,217717,471570206322017
373.364,35.1157645,-90.022279,ChIJwZqBNMN91YcRRpdDvj5Pcr8,OK,34851,471570115001002
373.364,35.1157645,-90.022279,ChIJwZqBNMN91YcRRpdDvj5Pcr8,OK,34851,471570115001002
1094.484,35.1087458,-90.0211918,ChIJe6w2EsF91YcRquzVZc8M0-I,OK,76241,471570115001002
2001.551,35.2045576,-89.81176689999999,ChIJ8ROix4Kdf4gR4Su-1OwAUMo,OK,132893,471570206323006
2001.551,35.2045576,-89.81176689999999,ChIJ8ROix4Kdf4gR4Su-1OwAUMo,OK,132893,471570206323006
3090.252,35.19067459999999,-89.8489943,ChIJ364PGjWdf4gRKbsrGLq8_XQ,OK,193283,471570206323006
1068.8,35.13779299999999,-89.99118349999999,ChIJUQlZ-K-Af4gRkRKK62-ap5w,OK,79136,471570031003012
2608.505,35.183951,-89.93106899999999,ChIJWQ0EIo-Bf4gR6cuqlCcQuNw,OK,217008,471570089003021
2608.505,35.183951,-89.93106899999999,ChIJWQ0EIo-Bf4gR6cuqlCcQuNw,OK,217008,471570089003021
2608.744,35.1839382,-89.93104869999999,ChIJrQx5Io-Bf4gRSwDAaGIf4WE,OK,217051,471570089003021
1468.021,35.183951,-89.93106899999999,ChIJWQ0EIo-Bf4gR6cuqlCcQuNw,OK,132968,471570089003022
1468.021,35.183951,-89.93106899999999,ChIJWQ0EIo-Bf4gR6cuqlCcQuNw,OK,132968,471570089003022
1468.26,35.1839382,-89.93104869999999,ChIJrQx5Io-Bf4gRSwDAaGIf4WE,OK,133011,471570089003022
402.045,35.167095,-89.950496,ChIJecYfJgmBf4gRJh-YY67U6V8,OK,34528,471570011002006
402.045,35.167095,-89.950496,ChIJecYfJgmBf4gRJh-YY67U6V8,OK,34528,471570011002006
2165.666,35.14981359999999,-89.94918609999999,ChIJVdGBGRaBf4gRsi89Rzqn8W4,OK,139060,471570011002006
2036.667,35.167095,-89.950496,ChIJecYfJgmBf4gRJh-YY67U6V8,OK,139681,471570111002003
2036.667,35.167095,-89.950496,ChIJecYfJgmBf4gRJh-YY67U6V8,OK,139681,471570111002003
2766.456,35.183951,-89.93106899999999,ChIJWQ0EIo-Bf4gR6cuqlCcQuNw,OK,192620,471570111002003
2074.064,35.167095,-89.950496,ChIJecYfJgmBf4gRJh-YY67U6V8,OK,138851,471570111001025
2074.064,35.167095,-89.950496,ChIJecYfJgmBf4gRJh-YY67U6V8,OK,138851,471570111001025
2803.854,35.183951,-89.93106899999999,ChIJWQ0EIo-Bf4gR6cuqlCcQuNw,OK,191790,471570111001025
1787.941,35.167095,-89.950496,ChIJecYfJgmBf4gRJh-YY67U6V8,OK,134018,471570089003025
1787.941,35.167095,-89.950496,ChIJecYfJgmBf4gRJh-YY67U6V8,OK,134018,471570089003025
2517.731,35.183951,-89.93106899999999,ChIJWQ0EIo-Bf4gR6cuqlCcQuNw,OK,186957,471570089003025
1630.692,35.2023757,-89.9218691,ChIJvw7rwByCf4gRrAscHKjp1Iw,OK,107504,471570089003001
3293.449,35.183951,-89.93106899999999,ChIJWQ0EIo-Bf4gR6cuqlCcQuNw,OK,200393,471570089003001
3293.449,35.183951,-89.93106899999999,ChIJWQ0EIo-Bf4gR6cuqlCcQuNw,OK,200393,471570089003001
2536.368,35.183951,-89.93106899999999,ChIJWQ0EIo-Bf4gR6cuqlCcQuNw,OK,144396,471570205121016
2536.368,35.183951,-89.93106899999999,ChIJWQ0EIo-Bf4gR6cuqlCcQuNw,OK,144396,471570205121016
2536.606,35.1839382,-89.93104869999999,ChIJrQx5Io-Bf4gRSwDAaGIf4WE,OK,144439,471570205121016
3579.546,35.1439641,-90.0517892,ChIJL-0zBZR-1YcRj7p5p1WY4-g,OK,274013,471570001003014
3579.546,35.1439641,-90.0517892,ChIJL-0zBZR-1YcRj7p5p1WY4-g,OK,274013,471570001003014
3788.462,35.1450994,-90.0538646,ChIJne6_s5V-1YcRn_LPaqiwhrk,OK,279467,471570001003014
1581.964,35.1507888,-89.977317,ChIJdVWrOuqAf4gR-V7s1E3qo7g,OK,114901,471570009003010
1581.964,35.1507888,-89.977317,ChIJdVWrOuqAf4gR-V7s1E3qo7g,OK,114901,471570009003010
1762.249,35.17410499999999,-89.97575479999999,ChIJmfYTGFmAf4gRHGKCaD0qCtI,OK,138852,471570009003010
1177.988,35.1507888,-89.977317,ChIJdVWrOuqAf4gR-V7s1E3qo7g,OK,66898,471570009003030
1177.988,35.1507888,-89.977317,ChIJdVWrOuqAf4gR-V7s1E3qo7g,OK,66898,471570009003030
2155.53,35.17410499999999,-89.97575479999999,ChIJmfYTGFmAf4gRHGKCaD0qCtI,OK,127670,471570009003030
1636.662,35.1507888,-89.977317,ChIJdVWrOuqAf4gR-V7s1E3qo7g,OK,119814,471570009003009
1636.662,35.1507888,-89.977317,ChIJdVWrOuqAf4gR-V7s1E3qo7g,OK,119814,471570009003009
1688.831,35.17410499999999,-89.97575479999999,ChIJmfYTGFmAf4gRHGKCaD0qCtI,OK,130043,471570009003009
1168.778,35.1507888,-89.977317,ChIJdVWrOuqAf4gR-V7s1E3qo7g,OK,68724,471570009003029
1168.778,35.1507888,-89.977317,ChIJdVWrOuqAf4gR-V7s1E3qo7g,OK,68724,471570009003029
2101.487,35.17410499999999,-89.97575479999999,ChIJmfYTGFmAf4gRHGKCaD0qCtI,OK,124678,471570009003029
1073.061,35.1507888,-89.977317,ChIJdVWrOuqAf4gR-V7s1E3qo7g,OK,63423,471570009003022
1073.061,35.1507888,-89.977317,ChIJdVWrOuqAf4gR-V7s1E3qo7g,OK,63423,471570009003022
2005.77,35.17410499999999,-89.97575479999999,ChIJmfYTGFmAf4gRHGKCaD0qCtI,OK,119377,471570009003022
1600.886,35.1507888,-89.977317,ChIJdVWrOuqAf4gR-V7s1E3qo7g,OK,92653,471570009001017
1600.886,35.1507888,-89.977317,ChIJdVWrOuqAf4gR-V7s1E3qo7g,OK,92653,471570009001017
2533.595,35.17410499999999,-89.97575479999999,ChIJmfYTGFmAf4gRHGKCaD0qCtI,OK,148607,471570009001017
1365.571,35.17410499999999,-89.97575479999999,ChIJmfYTGFmAf4gRHGKCaD0qCtI,OK,107920,471570009001010
1365.571,35.17410499999999,-89.97575479999999,ChIJmfYTGFmAf4gRHGKCaD0qCtI,OK,107920,471570009001010
1857.653,35.1507888,-89.977317,ChIJdVWrOuqAf4gR-V7s1E3qo7g,OK,151346,471570009001010
1107.374,35.1507888,-89.977317,ChIJdVWrOuqAf4gR-V7s1E3qo7g,OK,65323,471570009001030
1107.374,35.1507888,-89.977317,ChIJdVWrOuqAf4gR-V7s1E3qo7g,OK,65323,471570009001030
2040.083,35.17410499999999,-89.97575479999999,ChIJmfYTGFmAf4gRHGKCaD0qCtI,OK,121277,471570009001030
934.132,35.1507888,-89.977317,ChIJdVWrOuqAf4gR-V7s1E3qo7g,OK,55730,471570009003028
934.132,35.1507888,-89.977317,ChIJdVWrOuqAf4gR-V7s1E3qo7g,OK,55730,471570009003028
1866.841,35.17410499999999,-89.97575479999999,ChIJmfYTGFmAf4gRHGKCaD0qCtI,OK,111684,471570009003028
854.325,35.1507888,-89.977317,ChIJdVWrOuqAf4gR-V7s1E3qo7g,OK,72627,471570015002003
854.325,35.1507888,-89.977317,ChIJdVWrOuqAf4gR-V7s1E3qo7g,OK,72627,471570015002003
2154.49,35.17410499999999,-89.97575479999999,ChIJmfYTGFmAf4gRHGKCaD0qCtI,OK,138816,471570015002003
767.556,35.1507888,-89.977317,ChIJdVWrOuqAf4gR-V7s1E3qo7g,OK,62216,471570015002002
767.556,35.1507888,-89.977317,ChIJdVWrOuqAf4gR-V7s1E3qo7g,OK,62216,471570015002002
2069.363,35.17410499999999,-89.97575479999999,ChIJmfYTGFmAf4gRHGKCaD0qCtI,OK,134383,471570015002002
1231.885,35.1507888,-89.977317,ChIJdVWrOuqAf4gR-V7s1E3qo7g,OK,72218,471570009001032
1231.885,35.1507888,-89.977317,ChIJdVWrOuqAf4gR-V7s1E3qo7g,OK,72218,471570009001032
2164.594,35.17410499999999,-89.97575479999999,ChIJmfYTGFmAf4gRHGKCaD0qCtI,OK,128172,471570009001032
1297.071,35.1507888,-89.977317,ChIJdVWrOuqAf4gR-V7s1E3qo7g,OK,82326,471570015001003
1297.071,35.1507888,-89.977317,ChIJdVWrOuqAf4gR-V7s1E3qo7g,OK,82326,471570015001003
2229.78,35.17410499999999,-89.97575479999999,ChIJmfYTGFmAf4gRHGKCaD0qCtI,OK,138280,471570015001003
2203.878,35.02100869999999,-89.8995317,ChIJ-f6gz22Pf4gR-rWEeLgd-68,OK,102071,471570226001169
2215.15,35.0209193,-89.8996561,ChIJxWQfy22Pf4gRlC1jxVU1A2g,OK,102696,471570226001169
2749.728,35.0220022,-89.82947999999999,ChIJxT9DeWuQf4gRf6HLF5uJHd0,OK,153329,471570226001202
2749.728,35.0220022,-89.82947999999999,ChIJxT9DeWuQf4gRf6HLF5uJHd0,OK,153329,471570226001202
3139.704,35.0078094,-89.83044679999999,ChIJpwHMo0eQf4gRIqmNFjWLuW4,OK,174240,471570226001202
3891.171,35.0078094,-89.83044679999999,ChIJpwHMo0eQf4gRIqmNFjWLuW4,OK,256890,471570226001189
3891.171,35.0078094,-89.83044679999999,ChIJpwHMo0eQf4gRIqmNFjWLuW4,OK,256890,471570226001189
4748.295,35.02100869999999,-89.8995317,ChIJ-f6gz22Pf4gR-rWEeLgd-68,OK,293956,471570226001189
1067.357,35.1060329,-90.039159,ChIJ231bcjV81YcRQ1quDeYAd6M,OK,80710,471570057001020
1067.357,35.1060329,-90.039159,ChIJ231bcjV81YcRQ1quDeYAd6M,OK,80710,471570057001020
1812.321,35.098685,-90.05664899999999,ChIJ31qwBkJ81YcRk2V5pdmdhrM,OK,112809,471570057001020
1355.998,35.0612606,-89.88628629999999,ChIJAQ_I1gqFf4gRFrt5yQeAEps,OK,111039,471570107201008
1355.998,35.0612606,-89.88628629999999,ChIJAQ_I1gqFf4gRFrt5yQeAEps,OK,111039,471570107201008
1589.452,35.0632829,-89.88727279999999,ChIJvVoQ4QqFf4gRItXZGUDZ-Hc,OK,141619,471570107201008
1641.495,35.04677619999999,-89.8859339,ChIJycTJ_niFf4gR5esliSzp17E,OK,94097,471570226002031
1641.495,35.04677619999999,-89.8859339,ChIJycTJ_niFf4gR5esliSzp17E,OK,94097,471570226002031
2559.997,35.0508681,-89.88111619999999,ChIJ68PUi3CFf4gRLPYGzNKUdto,OK,149110,471570226002031
1965.854,35.02100869999999,-89.8995317,ChIJ-f6gz22Pf4gR-rWEeLgd-68,OK,108870,471570226001096
1965.854,35.02100869999999,-89.8995317,ChIJ-f6gz22Pf4gR-rWEeLgd-68,OK,108870,471570226001096
1977.127,35.0209193,-89.8996561,ChIJxWQfy22Pf4gRlC1jxVU1A2g,OK,109495,471570226001096
851.41,35.142439,-90.006118,ChIJeUPo2Rt-1YcRdoG2a54M-d0,OK,65751,471570026001002
1311.627,35.1490317,-90.0140679,ChIJw3q9_xV-1YcRqrte6yBn1CI,OK,98169,471570026001002
2336.644,35.1490317,-90.0140679,ChIJw3q9_xV-1YcRqrte6yBn1CI,OK,143098,471570017001027
2336.644,35.1490317,-90.0140679,ChIJw3q9_xV-1YcRqrte6yBn1CI,OK,143098,471570017001027
2350.911,35.1738374,-89.98954379999999,ChIJ_S0BIGOAf4gRU3Ph4W65cOQ,OK,154320,471570017001027
2020.006,35.1490317,-90.0140679,ChIJw3q9_xV-1YcRqrte6yBn1CI,OK,121193,471570017001026
2020.006,35.1490317,-90.0140679,ChIJw3q9_xV-1YcRqrte6yBn1CI,OK,121193,471570017001026
1962.738,35.142439,-90.006118,ChIJeUPo2Rt-1YcRdoG2a54M-d0,OK,141621,471570017001026
2144.341,35.1738374,-89.98954379999999,ChIJ_S0BIGOAf4gRU3Ph4W65cOQ,OK,133924,471570016002011
2144.341,35.1738374,-89.98954379999999,ChIJ_S0BIGOAf4gRU3Ph4W65cOQ,OK,133924,471570016002011
2684.417,35.1507888,-89.977317,ChIJdVWrOuqAf4gR-V7s1E3qo7g,OK,153545,471570016002011
2138.197,35.1738374,-89.98954379999999,ChIJ_S0BIGOAf4gRU3Ph4W65cOQ,OK,134038,471570017001028
2138.197,35.1738374,-89.98954379999999,ChIJ_S0BIGOAf4gRU3Ph4W65cOQ,OK,134038,471570017001028
2733.807,35.1490317,-90.0140679,ChIJw3q9_xV-1YcRqrte6yBn1CI,OK,159417,471570017001028
2383.174,35.1738374,-89.98954379999999,ChIJ_S0BIGOAf4gRU3Ph4W65cOQ,OK,152653,471570017001032
2184.463,35.1490317,-90.0140679,ChIJw3q9_xV-1YcRqrte6yBn1CI,OK,154592,471570017001032
2184.463,35.1490317,-90.0140679,ChIJw3q9_xV-1YcRqrte6yBn1CI,OK,154592,471570017001032
1044.406,35.09464699999999,-89.9708677,ChIJx5uAuBqHf4gRze5MKc5WJFI,OK,75195,471570069003010
1335.223,35.104197,-89.98335349999999,ChIJNST6hGqHf4gR0Mml4gyjQWk,OK,94272,471570069003010
593.943,35.13763670000001,-90.00757159999999,ChIJl69WLQV-1YcRU3z7Tt2MyhY,OK,60792,471570034001013
593.943,35.13763670000001,-90.00757159999999,ChIJl69WLQV-1YcRU3z7Tt2MyhY,OK,60792,471570034001013
796.205,35.139426,-90.00714049999999,ChIJC-6kIBt-1YcRA1cskDtjsVc,OK,85062,471570034001013
2147.525,35.104197,-89.98335349999999,ChIJNST6hGqHf4gR0Mml4gyjQWk,OK,138982,471570078103015
2147.525,35.104197,-89.98335349999999,ChIJNST6hGqHf4gR0Mml4gyjQWk,OK,138982,471570078103015
2260.523,35.107529,-89.9862127,ChIJ0WGfSUKHf4gRjDLrfGQwCV4,OK,150103,471570078103015
909.893,35.09464699999999,-89.9708677,ChIJx5uAuBqHf4gRze5MKc5WJFI,OK,80083,471570069003017
909.893,35.09464699999999,-89.9708677,ChIJx5uAuBqHf4gRze5MKc5WJFI,OK,80083,471570069003017
1722.39,35.104197,-89.98335349999999,ChIJNST6hGqHf4gR0Mml4gyjQWk,OK,138769,471570069003017
2496.319,35.1804299,-89.9263818,ChIJIfvtv4eBf4gRJLjVGBpAzmc,OK,180981,471570091002010
3452.434,35.183951,-89.93106899999999,ChIJWQ0EIo-Bf4gR6cuqlCcQuNw,OK,260070,471570091002010
2374.079,35.1804299,-89.9263818,ChIJIfvtv4eBf4gRJLjVGBpAzmc,OK,166313,471570091002011
2374.079,35.1804299,-89.9263818,ChIJIfvtv4eBf4gRJLjVGBpAzmc,OK,166313,471570091002011
3330.193,35.183951,-89.93106899999999,ChIJWQ0EIo-Bf4gR6cuqlCcQuNw,OK,245402,471570091002011
1931.365,35.1804299,-89.9263818,ChIJIfvtv4eBf4gRJLjVGBpAzmc,OK,179765,471570091002009
1931.365,35.1804299,-89.9263818,ChIJIfvtv4eBf4gRJLjVGBpAzmc,OK,179765,471570091002009
2887.479,35.183951,-89.93106899999999,ChIJWQ0EIo-Bf4gR6cuqlCcQuNw,OK,258854,471570091002009
1930.386,35.1804299,-89.9263818,ChIJIfvtv4eBf4gRJLjVGBpAzmc,OK,179648,471570091002008
1930.386,35.1804299,-89.9263818,ChIJIfvtv4eBf4gRJLjVGBpAzmc,OK,179648,471570091002008
2886.5,35.183951,-89.93106899999999,ChIJWQ0EIo-Bf4gR6cuqlCcQuNw,OK,258737,471570091002008
206.372,35.048632,-89.814048,ChIJqY7T64eaf4gRoqZRK7sz4Co,OK,30682,471570213421054
352.267,35.05113000000001,-89.815021,ChIJAdLMX4iaf4gRUenKpoiyrBc,OK,47451,471570213421054
2527.196,35.19067459999999,-89.8489943,ChIJ364PGjWdf4gRKbsrGLq8_XQ,OK,168204,471570211113019
2527.196,35.19067459999999,-89.8489943,ChIJ364PGjWdf4gRKbsrGLq8_XQ,OK,168204,471570211113019
3019.2,35.16339899999999,-89.855841,ChIJA_xfkC6Df4gRAjVZwLz1jqA,OK,214211,471570211113019
1569.44,35.1546312,-89.79260459999999,ChIJ8UeuSEecf4gRniit7ubZLtM,OK,104752,471570211362054
1569.44,35.1546312,-89.79260459999999,ChIJ8UeuSEecf4gRniit7ubZLtM,OK,104752,471570211362054
2516.902,35.14868459999999,-89.7948203,ChIJ4w9Lr2qcf4gRHdzl9FciAFM,OK,158304,471570211362054
1709.895,35.05113000000001,-89.815021,ChIJAdLMX4iaf4gRUenKpoiyrBc,OK,144530,471570213421008
1924.037,35.048632,-89.814048,ChIJqY7T64eaf4gRoqZRK7sz4Co,OK,156806,471570213421008
2110.025,35.2044739,-89.76342459999999,ChIJ3XsJxyKef4gRTeWb3lonWsU,OK,157436,471570211411014
2110.025,35.2044739,-89.76342459999999,ChIJ3XsJxyKef4gRTeWb3lonWsU,OK,157436,471570211411014
3800.44,35.2074362,-89.7805166,ChIJ62ATRfudf4gRPIrPAXGVsiQ,OK,288922,471570211411014
1746.107,35.148225,-89.89748700000001,ChIJC8t095eDf4gRGuXK3FleZyg,OK,98557,471570086003013
985.14,35.1507888,-89.977317,ChIJdVWrOuqAf4gR-V7s1E3qo7g,OK,63516,471570027002005
985.14,35.1507888,-89.977317,ChIJdVWrOuqAf4gR-V7s1E3qo7g,OK,63516,471570027002005
1863.711,35.13418100000001,-89.98599,ChIJnf1_yraAf4gR9pQmD7CXhgg,OK,110454,471570027002005
1926.289,35.0614623,-89.8536277,ChIJ4TWJkTWFf4gRbkNZYfkF9Jw,OK,119523,471570213342025
2011.061,35.0512763,-89.8427476,ChIJ7VPJ3q-af4gRdxERIyaZ0gk,OK,125711,471570213342025
6283.101,35.14868459999999,-89.7948203,ChIJ4w9Lr2qcf4gRHdzl9FciAFM,OK,433744,471570211391021
6283.101,35.14868459999999,-89.7948203,ChIJ4w9Lr2qcf4gRHdzl9FciAFM,OK,433744,471570211391021
7049.263,35.1546312,-89.79260459999999,ChIJ8UeuSEecf4gRniit7ubZLtM,OK,454443,471570211391021
874.63,35.04677619999999,-89.8859339,ChIJycTJ_niFf4gR5esliSzp17E,OK,63847,471570226002019
874.63,35.04677619999999,-89.8859339,ChIJycTJ_niFf4gR5esliSzp17E,OK,63847,471570226002019
1793.132,35.0508681,-89.88111619999999,ChIJ68PUi3CFf4gRLPYGzNKUdto,OK,118860,471570226002019
2058.904,35.050596,-89.869556,ChIJQ4vLA2iFf4gRyyCo3ihKH44,OK,144405,471570217323006
2437.974,35.0490562,-89.84441600000001,ChIJCUulJK6af4gR7vOP_qSrYdM,OK,162575,471570217411006
2515.322,35.0493493,-89.855357,ChIJH2Nw4lGFf4gRq0vxk4n5iAE,OK,200234,471570217411006
2515.322,35.0493493,-89.855357,ChIJH2Nw4lGFf4gRq0vxk4n5iAE,OK,200234,471570217411006
2220.804,35.1804299,-89.9263818,ChIJIfvtv4eBf4gRJLjVGBpAzmc,OK,214498,471570091001002
2220.804,35.1804299,-89.9263818,ChIJIfvtv4eBf4gRJLjVGBpAzmc,OK,214498,471570091001002
3177.157,35.1839382,-89.93104869999999,ChIJrQx5Io-Bf4gRSwDAaGIf4WE,OK,293630,471570091001002
1052.569,35.12545849999999,-89.97454169999999,ChIJoyT3HjOHf4gRS6EdHckmff8,OK,76293,471570067001004
1052.569,35.12545849999999,-89.97454169999999,ChIJoyT3HjOHf4gRS6EdHckmff8,OK,76293,471570067001004
2396.13,35.107529,-89.9862127,ChIJ0WGfSUKHf4gRjDLrfGQwCV4,OK,188224,471570067001004
802.796,35.14981359999999,-89.94918609999999,ChIJVdGBGRaBf4gRsi89Rzqn8W4,OK,52728,471570012003010
802.796,35.14981359999999,-89.94918609999999,ChIJVdGBGRaBf4gRsi89Rzqn8W4,OK,52728,471570012003010
1353.999,35.1497164,-89.95515999999999,ChIJcQb6ehiBf4gR-uA54eRPNq8,OK,88028,471570012003010
1475.514,35.19067459999999,-89.8489943,ChIJ364PGjWdf4gRKbsrGLq8_XQ,OK,111854,471570211124010
1475.514,35.19067459999999,-89.8489943,ChIJ364PGjWdf4gRKbsrGLq8_XQ,OK,111854,471570211124010
3921.324,35.2045576,-89.81176689999999,ChIJ8ROix4Kdf4gR4Su-1OwAUMo,OK,256226,471570211124010
1265.575,35.104197,-89.98335349999999,ChIJNST6hGqHf4gR0Mml4gyjQWk,OK,91705,471570069003013
1265.575,35.104197,-89.98335349999999,ChIJNST6hGqHf4gR0Mml4gyjQWk,OK,91705,471570069003013
1373.708,35.09464699999999,-89.9708677,ChIJx5uAuBqHf4gRze5MKc5WJFI,OK,101352,471570069003013
846.849,35.04577219999999,-89.82821469999999,ChIJL-jEaJmaf4gREtYdkYi2nAs,OK,52430,471570217463005
846.849,35.04577219999999,-89.82821469999999,ChIJL-jEaJmaf4gREtYdkYi2nAs,OK,52430,471570217463005
1008.267,35.0344414,-89.8319559,ChIJfcC9SguQf4gR_xf02Tpo1-w,OK,55840,471570217463005
1537.916,35.17410499999999,-89.97575479999999,ChIJmfYTGFmAf4gRHGKCaD0qCtI,OK,128601,471570009001023
1537.916,35.17410499999999,-89.97575479999999,ChIJmfYTGFmAf4gRHGKCaD0qCtI,OK,128601,471570009001023
1925.196,35.1507888,-89.977317,ChIJdVWrOuqAf4gR-V7s1E3qo7g,OK,159450,471570009001023
1998.182,35.1490317,-90.0140679,ChIJw3q9_xV-1YcRqrte6yBn1CI,OK,130634,471570017001052
2415.125,35.183951,-89.93106899999999,ChIJWQ0EIo-Bf4gR6cuqlCcQuNw,OK,139801,471570089003002
1998.182,35.1490317,-90.0140679,ChIJw3q9_xV-1YcRqrte6yBn1CI,OK,130634,471570017001052
2415.125,35.183951,-89.93106899999999,ChIJWQ0EIo-Bf4gR6cuqlCcQuNw,OK,139801,471570089003002
1164.34,35.1490317,-90.0140679,ChIJw3q9_xV-1YcRqrte6yBn1CI,OK,68749,471570025001046
2219.17,35.142439,-90.006118,ChIJeUPo2Rt-1YcRdoG2a54M-d0,OK,143503,471570017001052
2415.364,35.1839382,-89.93104869999999,ChIJrQx5Io-Bf4gRSwDAaGIf4WE,OK,139844,471570089003002
1164.34,35.1490317,-90.0140679,ChIJw3q9_xV-1YcRqrte6yBn1CI,OK,68749,471570025001046
1886.578,35.1444038,-90.0168571,ChIJufYEjhR-1YcREff46W6Lons,OK,116102,471570025001046
687.335,35.14868459999999,-89.7948203,ChIJ4w9Lr2qcf4gRHdzl9FciAFM,OK,71836,471570211373006
687.335,35.14868459999999,-89.7948203,ChIJ4w9Lr2qcf4gRHdzl9FciAFM,OK,71836,471570211373006
1786.795,35.1546312,-89.79260459999999,ChIJ8UeuSEecf4gRniit7ubZLtM,OK,132527,471570211373006
1122.301,35.021381,-90.020287,ChIJnVfwxMBi1YcR65EtGsZDcOY,OK,89099,471570221124011
1122.301,35.021381,-90.020287,ChIJnVfwxMBi1YcR65EtGsZDcOY,OK,89099,471570221124011
1122.64,35.021384,-90.019407,ChIJk8DCu8Bi1YcRUnUQCgCMr-E,OK,89124,471570221124011
3747.364,35.1546312,-89.79260459999999,ChIJ8UeuSEecf4gRniit7ubZLtM,OK,257653,471570211362024
3747.364,35.1546312,-89.79260459999999,ChIJ8UeuSEecf4gRniit7ubZLtM,OK,257653,471570211362024
4694.826,35.14868459999999,-89.7948203,ChIJ4w9Lr2qcf4gRHdzl9FciAFM,OK,311205,471570211362024
1724.365,35.0512763,-89.8427476,ChIJ7VPJ3q-af4gRdxERIyaZ0gk,OK,129287,471570217241013
1724.365,35.0512763,-89.8427476,ChIJ7VPJ3q-af4gRdxERIyaZ0gk,OK,129287,471570217241013
2106.557,35.049031,-89.841437,ChIJt6vl46-af4gRvoN8Yvkmx9A,OK,140329,471570217241013
4758.886,35.1490317,-90.0140679,ChIJw3q9_xV-1YcRqrte6yBn1CI,OK,267320,471570003001018
4758.886,35.1490317,-90.0140679,ChIJw3q9_xV-1YcRqrte6yBn1CI,OK,267320,471570003001018
2288.555,35.0477573,-89.86637909999999,ChIJ5_0L5VyFf4gR4HBEwl6nmRE,OK,164257,471570217311021
5353.736,35.1439641,-90.0517892,ChIJL-0zBZR-1YcRj7p5p1WY4-g,OK,294735,471570003001018
2288.555,35.0477573,-89.86637909999999,ChIJ5_0L5VyFf4gR4HBEwl6nmRE,OK,164257,471570217311021
2698.249,35.04677619999999,-89.8859339,ChIJycTJ_niFf4gR5esliSzp17E,OK,189315,471570217311021
1157.074,35.05407199999999,-90.00125899999999,ChIJIzdhk1h91YcRZT7cBcBslaM,OK,102208,471570220225020
1157.074,35.05407199999999,-90.00125899999999,ChIJIzdhk1h91YcRZT7cBcBslaM,OK,102208,471570220225020
1848.851,35.054745,-90.007971,ChIJXxyyQlt91YcRhldtWgjSnSE,OK,148397,471570220225020
704.107,35.142439,-90.006118,ChIJeUPo2Rt-1YcRdoG2a54M-d0,OK,55305,471570034002005
704.107,35.142439,-90.006118,ChIJeUPo2Rt-1YcRdoG2a54M-d0,OK,55305,471570034002005
564.713,35.139426,-90.00714049999999,ChIJC-6kIBt-1YcRA1cskDtjsVc,OK,67763,471570034002005
1221.839,35.0543926,-90.0597009,ChIJT5TzUbl81YcRiPqNjkbj9CA,OK,81947,471570223213015
1221.839,35.0543926,-90.0597009,ChIJT5TzUbl81YcRiPqNjkbj9CA,OK,81947,471570223213015
1981.392,35.06128,-90.05978399999999,ChIJm06f8ZV81YcRTjzAsJPcBKY,OK,124012,471570223213015
983.322,35.05113000000001,-89.815021,ChIJAdLMX4iaf4gRUenKpoiyrBc,OK,64939,471570213421068
997.329,35.048632,-89.814048,ChIJqY7T64eaf4gRoqZRK7sz4Co,OK,67358,471570213421068
997.329,35.048632,-89.814048,ChIJqY7T64eaf4gRoqZRK7sz4Co,OK,67358,471570213421068
2605.828,35.0344414,-89.8319559,ChIJfcC9SguQf4gR_xf02Tpo1-w,OK,178174,471570217411008
2605.828,35.0344414,-89.8319559,ChIJfcC9SguQf4gR_xf02Tpo1-w,OK,178174,471570217411008
3770.236,35.0501932,-89.8529489,ChIJJ3DCd1KFf4gRBb2DFEnzV7w,OK,244546,471570217411008
1312.19,35.021384,-90.019407,ChIJk8DCu8Bi1YcRUnUQCgCMr-E,OK,127719,471570221112008
11209.03,35.0326981,-90.07589809999999,ChIJ9S1ljalk1YcRvuG-_hbpimA,OK,928294,471579803001006
1312.19,35.021384,-90.019407,ChIJk8DCu8Bi1YcRUnUQCgCMr-E,OK,127719,471570221112008
11945.857,35.02753099999999,-90.082077,ChIJK66rdetk1YcRwwxI9gDREks,OK,970041,471579803001006
11945.857,35.02753099999999,-90.082077,ChIJK66rdetk1YcRwwxI9gDREks,OK,970041,471579803001006
1312.529,35.021381,-90.020287,ChIJnVfwxMBi1YcR65EtGsZDcOY,OK,127744,471570221112008
2422.39,35.0490562,-89.84441600000001,ChIJCUulJK6af4gR7vOP_qSrYdM,OK,170939,471570217324004
1950.66,35.0493493,-89.855357,ChIJH2Nw4lGFf4gRq0vxk4n5iAE,OK,173088,471570217324004
1950.66,35.0493493,-89.855357,ChIJH2Nw4lGFf4gRq0vxk4n5iAE,OK,173088,471570217324004
1413.414,35.0477573,-89.86637909999999,ChIJ5_0L5VyFf4gR4HBEwl6nmRE,OK,84443,471570108201001
1472.636,35.050596,-89.869556,ChIJQ4vLA2iFf4gRyyCo3ihKH44,OK,94845,471570108201001
1472.636,35.050596,-89.869556,ChIJQ4vLA2iFf4gRyyCo3ihKH44,OK,94845,471570108201001
2353.44,35.0477573,-89.86637909999999,ChIJ5_0L5VyFf4gR4HBEwl6nmRE,OK,147752,471570217412001
2353.44,35.0477573,-89.86637909999999,ChIJ5_0L5VyFf4gR4HBEwl6nmRE,OK,147752,471570217412001
2311.923,35.0493493,-89.855357,ChIJH2Nw4lGFf4gRq0vxk4n5iAE,OK,183907,471570217412001
1211.415,35.021384,-90.019407,ChIJk8DCu8Bi1YcRUnUQCgCMr-E,OK,115626,471570221112005
1211.415,35.021384,-90.019407,ChIJk8DCu8Bi1YcRUnUQCgCMr-E,OK,115626,471570221112005
1211.754,35.021381,-90.020287,ChIJnVfwxMBi1YcR65EtGsZDcOY,OK,115651,471570221112005
1401.852,35.0477573,-89.86637909999999,ChIJ5_0L5VyFf4gR4HBEwl6nmRE,OK,78811,471570108201014
1461.074,35.050596,-89.869556,ChIJQ4vLA2iFf4gRyyCo3ihKH44,OK,89213,471570108201014
1461.074,35.050596,-89.869556,ChIJQ4vLA2iFf4gRyyCo3ihKH44,OK,89213,471570108201014
923.243,35.021381,-90.020287,ChIJnVfwxMBi1YcR65EtGsZDcOY,OK,74285,471570221112011
923.243,35.021381,-90.020287,ChIJnVfwxMBi1YcR65EtGsZDcOY,OK,74285,471570221112011
923.582,35.021384,-90.019407,ChIJk8DCu8Bi1YcRUnUQCgCMr-E,OK,74310,471570221112011
2266.549,35.0477573,-89.86637909999999,ChIJ5_0L5VyFf4gR4HBEwl6nmRE,OK,137325,471570217412002
2266.549,35.0477573,-89.86637909999999,ChIJ5_0L5VyFf4gR4HBEwl6nmRE,OK,137325,471570217412002
2225.031,35.0493493,-89.855357,ChIJH2Nw4lGFf4gRq0vxk4n5iAE,OK,173480,471570217412002
380.614,35.223866,-89.90499,ChIJJRXCRJh4f4gRcTFbl9qZzNM,OK,45671,471570205324022
380.614,35.223866,-89.90499,ChIJJRXCRJh4f4gRcTFbl9qZzNM,OK,45671,471570205324022
1417.362,35.220637,-89.892425,ChIJiZ78r4Z4f4gRyy0DWRWI7n0,OK,111425,471570205324022
1320.049,35.021384,-90.019407,ChIJk8DCu8Bi1YcRUnUQCgCMr-E,OK,128662,471570221112006
1320.049,35.021384,-90.019407,ChIJk8DCu8Bi1YcRUnUQCgCMr-E,OK,128662,471570221112006
1320.388,35.021381,-90.020287,ChIJnVfwxMBi1YcR65EtGsZDcOY,OK,128687,471570221112006
2440.336,35.0477573,-89.86637909999999,ChIJ5_0L5VyFf4gR4HBEwl6nmRE,OK,158179,471570217412000
2440.336,35.0477573,-89.86637909999999,ChIJ5_0L5VyFf4gR4HBEwl6nmRE,OK,158179,471570217412000
2398.819,35.0493493,-89.855357,ChIJH2Nw4lGFf4gRq0vxk4n5iAE,OK,194334,471570217412000
1487.788,35.19067459999999,-89.8489943,ChIJ364PGjWdf4gRKbsrGLq8_XQ,OK,130295,471570211111007
1487.788,35.19067459999999,-89.8489943,ChIJ364PGjWdf4gRKbsrGLq8_XQ,OK,130295,471570211111007
3474.675,35.1927931,-89.86922029999999,ChIJAQAAAMCCf4gRZL0qi0KLjtw,OK,272145,471570211111007
1273.448,35.021384,-90.019407,ChIJk8DCu8Bi1YcRUnUQCgCMr-E,OK,123070,471570221112007
1273.448,35.021384,-90.019407,ChIJk8DCu8Bi1YcRUnUQCgCMr-E,OK,123070,471570221112007
1273.787,35.021381,-90.020287,ChIJnVfwxMBi1YcR65EtGsZDcOY,OK,123095,471570221112007
2902.994,35.0477573,-89.86637909999999,ChIJ5_0L5VyFf4gR4HBEwl6nmRE,OK,219150,471570217412004
2902.994,35.0477573,-89.86637909999999,ChIJ5_0L5VyFf4gR4HBEwl6nmRE,OK,219150,471570217412004
2717.02,35.0493493,-89.855357,ChIJH2Nw4lGFf4gRq0vxk4n5iAE,OK,243083,471570217412004
1987.798,35.167095,-89.950496,ChIJecYfJgmBf4gRJh-YY67U6V8,OK,126671,471570012002007
1987.798,35.167095,-89.950496,ChIJecYfJgmBf4gRJh-YY67U6V8,OK,126671,471570012002007
2524.349,35.14981359999999,-89.94918609999999,ChIJVdGBGRaBf4gRsi89Rzqn8W4,OK,160645,471570012002007
3096.657,35.0477573,-89.86637909999999,ChIJ5_0L5VyFf4gR4HBEwl6nmRE,OK,221812,471570217412005
2626.963,35.0493493,-89.855357,ChIJH2Nw4lGFf4gRq0vxk4n5iAE,OK,232277,471570217412005
2626.963,35.0493493,-89.855357,ChIJH2Nw4lGFf4gRq0vxk4n5iAE,OK,232277,471570217412005
2382.547,35.02138900000001,-89.996898,ChIJz3MQkR6If4gRIBgmNH-BQcg,OK,152956,471570221123002
2382.547,35.02138900000001,-89.996898,ChIJz3MQkR6If4gRIBgmNH-BQcg,OK,152956,471570221123002
2579.676,35.021381,-90.020287,ChIJnVfwxMBi1YcR65EtGsZDcOY,OK,164616,471570221123002
1375.782,35.19067459999999,-89.8489943,ChIJ364PGjWdf4gRKbsrGLq8_XQ,OK,92960,471570211112002
1375.782,35.19067459999999,-89.8489943,ChIJ364PGjWdf4gRKbsrGLq8_XQ,OK,92960,471570211112002
2057.946,35.1835367,-89.8717722,ChIJv1U5XuiCf4gRMlXiIrwnbJo,OK,147482,471570211112002
1726.441,35.1087458,-90.0211918,ChIJe6w2EsF91YcRquzVZc8M0-I,OK,115028,471570078102028
1726.441,35.1087458,-90.0211918,ChIJe6w2EsF91YcRquzVZc8M0-I,OK,115028,471570078102028
1727.082,35.10874099999999,-90.021185,ChIJrVbiDcF91YcRG9TBOTpHc3I,OK,115105,471570078102028
2908.439,35.0477573,-89.86637909999999,ChIJ5_0L5VyFf4gR4HBEwl6nmRE,OK,198520,471570217413007
2908.439,35.0477573,-89.86637909999999,ChIJ5_0L5VyFf4gR4HBEwl6nmRE,OK,198520,471570217413007
3481.597,35.0505832,-89.86958199999999,ChIJAfPLA2iFf4gRetxnyV4zn3o,OK,237667,471570217413007
1588.089,35.19067459999999,-89.8489943,ChIJ364PGjWdf4gRKbsrGLq8_XQ,OK,128246,471570211112003
1588.089,35.19067459999999,-89.8489943,ChIJ364PGjWdf4gRKbsrGLq8_XQ,OK,128246,471570211112003
3990.466,35.16339899999999,-89.855841,ChIJA_xfkC6Df4gRAjVZwLz1jqA,OK,263473,471570211112003
1497.383,35.021381,-90.020287,ChIJnVfwxMBi1YcR65EtGsZDcOY,OK,134107,471570221124007
1497.383,35.021381,-90.020287,ChIJnVfwxMBi1YcR65EtGsZDcOY,OK,134107,471570221124007
2386.693,35.1490317,-90.0140679,ChIJw3q9_xV-1YcRqrte6yBn1CI,OK,147574,471570017001036
2386.693,35.1490317,-90.0140679,ChIJw3q9_xV-1YcRqrte6yBn1CI,OK,147574,471570017001036
2319.75,35.142439,-90.006118,ChIJeUPo2Rt-1YcRdoG2a54M-d0,OK,155573,471570017001036
1886.473,35.0477573,-89.86637909999999,ChIJ5_0L5VyFf4gR4HBEwl6nmRE,OK,112828,471570217414005
1886.473,35.0477573,-89.86637909999999,ChIJ5_0L5VyFf4gR4HBEwl6nmRE,OK,112828,471570217414005
2457.311,35.050596,-89.869556,ChIJQ4vLA2iFf4gRyyCo3ihKH44,OK,151557,471570217414005
1261.183,35.1060329,-90.039159,ChIJ231bcjV81YcRQ1quDeYAd6M,OK,103969,471570057001028
1261.183,35.1060329,-90.039159,ChIJ231bcjV81YcRQ1quDeYAd6M,OK,103969,471570057001028
2006.148,35.098685,-90.05664899999999,ChIJ31qwBkJ81YcRk2V5pdmdhrM,OK,136068,471570057001028
2173.108,35.1490317,-90.0140679,ChIJw3q9_xV-1YcRqrte6yBn1CI,OK,131508,471570017001050
2173.108,35.1490317,-90.0140679,ChIJw3q9_xV-1YcRqrte6yBn1CI,OK,131508,471570017001050
2106.165,35.142439,-90.006118,ChIJeUPo2Rt-1YcRdoG2a54M-d0,OK,139507,471570017001050
1511.363,35.1489345,-89.89838259999999,ChIJaTBvX72Df4gRiyFT0LQMnrQ,OK,99149,471570098002013
1511.363,35.1489345,-89.89838259999999,ChIJaTBvX72Df4gRiyFT0LQMnrQ,OK,99149,471570098002013
1591.909,35.148225,-89.89748700000001,ChIJC8t095eDf4gRGuXK3FleZyg,OK,103982,471570098002013
1181.041,35.1060329,-90.039159,ChIJ231bcjV81YcRQ1quDeYAd6M,OK,99513,471570057001026
1181.041,35.1060329,-90.039159,ChIJ231bcjV81YcRQ1quDeYAd6M,OK,99513,471570057001026
2098.014,35.098685,-90.05664899999999,ChIJ31qwBkJ81YcRk2V5pdmdhrM,OK,141932,471570057001026
2243.067,35.1738374,-89.98954379999999,ChIJ_S0BIGOAf4gRU3Ph4W65cOQ,OK,140856,471570017001034
2243.067,35.1738374,-89.98954379999999,ChIJ_S0BIGOAf4gRU3Ph4W65cOQ,OK,140856,471570017001034
2646.506,35.1490317,-90.0140679,ChIJw3q9_xV-1YcRqrte6yBn1CI,OK,154707,471570017001034
1295.382,35.02100869999999,-89.8995317,ChIJ-f6gz22Pf4gR-rWEeLgd-68,OK,107398,471570226001174
1295.382,35.02100869999999,-89.8995317,ChIJ-f6gz22Pf4gR-rWEeLgd-68,OK,107398,471570226001174
1306.655,35.0209193,-89.8996561,ChIJxWQfy22Pf4gRlC1jxVU1A2g,OK,108023,471570226001174
2727.474,35.1145886,-89.90089789999999,ChIJKWmlFW6Ef4gR0YNISWQMkss,OK,173129,471570096004028
2697.508,35.1153996,-89.89414069999999,ChIJCb4NOWWEf4gR79YlPQoocW4,OK,178502,471570096004028
2697.508,35.1153996,-89.89414069999999,ChIJCb4NOWWEf4gR79YlPQoocW4,OK,178502,471570096004028
2131.1,35.1507888,-89.977317,ChIJdVWrOuqAf4gR-V7s1E3qo7g,OK,133723,471570016002013
2131.1,35.1507888,-89.977317,ChIJdVWrOuqAf4gR-V7s1E3qo7g,OK,133723,471570016002013
1950.398,35.1738374,-89.98954379999999,ChIJ_S0BIGOAf4gRU3Ph4W65cOQ,OK,149625,471570016002013
1047.917,35.0612606,-89.88628629999999,ChIJAQ_I1gqFf4gRFrt5yQeAEps,OK,74531,471570107201014
1047.917,35.0612606,-89.88628629999999,ChIJAQ_I1gqFf4gRFrt5yQeAEps,OK,74531,471570107201014
1281.371,35.0632829,-89.88727279999999,ChIJvVoQ4QqFf4gRItXZGUDZ-Hc,OK,105111,471570107201014
1001.841,35.1060329,-90.039159,ChIJ231bcjV81YcRQ1quDeYAd6M,OK,84968,471570057001044
1001.841,35.1060329,-90.039159,ChIJ231bcjV81YcRQ1quDeYAd6M,OK,84968,471570057001044
2259.793,35.098685,-90.05664899999999,ChIJ31qwBkJ81YcRk2V5pdmdhrM,OK,151360,471570057001044
2308.761,35.1507888,-89.977317,ChIJdVWrOuqAf4gR-V7s1E3qo7g,OK,144328,471570016002010
2308.761,35.1507888,-89.977317,ChIJdVWrOuqAf4gR-V7s1E3qo7g,OK,144328,471570016002010
2010.987,35.1738374,-89.98954379999999,ChIJ_S0BIGOAf4gRU3Ph4W65cOQ,OK,153206,471570016002010
729.291,35.0508681,-89.88111619999999,ChIJ68PUi3CFf4gRLPYGzNKUdto,OK,46543,471570108204009
728.182,35.050596,-89.869556,ChIJQ4vLA2iFf4gRyyCo3ihKH44,OK,49839,471570108204009
728.182,35.050596,-89.869556,ChIJQ4vLA2iFf4gRyyCo3ihKH44,OK,49839,471570108204009
2269.049,35.1087458,-90.0211918,ChIJe6w2EsF91YcRquzVZc8M0-I,OK,173022,471570065002020
2269.049,35.1087458,-90.0211918,ChIJe6w2EsF91YcRquzVZc8M0-I,OK,173022,471570065002020
2269.69,35.10874099999999,-90.021185,ChIJrVbiDcF91YcRG9TBOTpHc3I,OK,173099,471570065002020
1025.617,35.0508681,-89.88111619999999,ChIJ68PUi3CFf4gRLPYGzNKUdto,OK,78035,471570217311002
1024.507,35.050596,-89.869556,ChIJQ4vLA2iFf4gRyyCo3ihKH44,OK,81331,471570217311002
1024.507,35.050596,-89.869556,ChIJQ4vLA2iFf4gRyyCo3ihKH44,OK,81331,471570217311002
2193.196,35.1490317,-90.0140679,ChIJw3q9_xV-1YcRqrte6yBn1CI,OK,124355,471570017001051
2126.253,35.142439,-90.006118,ChIJeUPo2Rt-1YcRdoG2a54M-d0,OK,132354,471570017001051
2126.253,35.142439,-90.006118,ChIJeUPo2Rt-1YcRdoG2a54M-d0,OK,132354,471570017001051
2225.725,35.1087458,-90.0211918,ChIJe6w2EsF91YcRquzVZc8M0-I,OK,167823,471570065002021
2225.725,35.1087458,-90.0211918,ChIJe6w2EsF91YcRquzVZc8M0-I,OK,167823,471570065002021
2226.366,35.10874099999999,-90.021185,ChIJrVbiDcF91YcRG9TBOTpHc3I,OK,167900,471570065002021
2515.67,35.1507888,-89.977317,ChIJdVWrOuqAf4gR-V7s1E3qo7g,OK,152361,471570016002016
2374.19,35.1738374,-89.98954379999999,ChIJ_S0BIGOAf4gRU3Ph4W65cOQ,OK,156652,471570016002016
2374.19,35.1738374,-89.98954379999999,ChIJ_S0BIGOAf4gRU3Ph4W65cOQ,OK,156652,471570016002016
966.471,35.0612606,-89.88628629999999,ChIJAQ_I1gqFf4gRFrt5yQeAEps,OK,64757,471570108202001
966.471,35.0612606,-89.88628629999999,ChIJAQ_I1gqFf4gRFrt5yQeAEps,OK,64757,471570108202001
1199.925,35.0632829,-89.88727279999999,ChIJvVoQ4QqFf4gRItXZGUDZ-Hc,OK,95337,471570108202001
2366.032,35.142439,-90.006118,ChIJeUPo2Rt-1YcRdoG2a54M-d0,OK,158071,471570016002023
2366.032,35.142439,-90.006118,ChIJeUPo2Rt-1YcRdoG2a54M-d0,OK,158071,471570016002023
2488.152,35.1738374,-89.98954379999999,ChIJ_S0BIGOAf4gRU3Ph4W65cOQ,OK,163735,471570016002023
2635.678,35.1145886,-89.90089789999999,ChIJKWmlFW6Ef4gR0YNISWQMkss,OK,169337,471570096004022
2635.678,35.1145886,-89.90089789999999,ChIJKWmlFW6Ef4gR0YNISWQMkss,OK,169337,471570096004022
2605.712,35.1153996,-89.89414069999999,ChIJCb4NOWWEf4gR79YlPQoocW4,OK,174710,471570096004022
1699.779,35.098685,-90.05664899999999,ChIJ31qwBkJ81YcRk2V5pdmdhrM,OK,101921,471570058002007
1699.779,35.098685,-90.05664899999999,ChIJ31qwBkJ81YcRk2V5pdmdhrM,OK,101921,471570058002007
3600.189,35.2045576,-89.81176689999999,ChIJ8ROix4Kdf4gR4Su-1OwAUMo,OK,264367,471570211212012
3600.189,35.2045576,-89.81176689999999,ChIJ8ROix4Kdf4gR4Su-1OwAUMo,OK,264367,471570211212012
4826.586,35.2051043,-89.79754849999999,ChIJpRDMlY2df4gRQqHmUo_lzmc,OK,297125,471570211212012
4457.322,35.0614623,-89.8536277,ChIJ4TWJkTWFf4gRbkNZYfkF9Jw,OK,243034,471570213342020
4457.322,35.0614623,-89.8536277,ChIJ4TWJkTWFf4gRbkNZYfkF9Jw,OK,243034,471570213342020
5729.183,35.0512763,-89.8427476,ChIJ7VPJ3q-af4gRdxERIyaZ0gk,OK,317142,471570213342020
2001.332,35.222344,-89.97682999999999,ChIJ987Br45_f4gRjwrvnFN8t7k,OK,136814,471570100001013
2001.332,35.222344,-89.97682999999999,ChIJ987Br45_f4gRjwrvnFN8t7k,OK,136814,471570100001013
2003.185,35.2227028,-89.97692290000001,ChIJ987Br45_f4gRMoYIhCny13Q,OK,149006,471570100001013
2409.362,35.04577219999999,-89.82821469999999,ChIJL-jEaJmaf4gREtYdkYi2nAs,OK,143534,471570213341024
2409.362,35.04577219999999,-89.82821469999999,ChIJL-jEaJmaf4gREtYdkYi2nAs,OK,143534,471570213341024
2594.865,35.05113000000001,-89.815021,ChIJAdLMX4iaf4gRUenKpoiyrBc,OK,157926,471570213341024
5383.008,35.1153996,-89.89414069999999,ChIJCb4NOWWEf4gR79YlPQoocW4,OK,357803,471570213111005
7939.137,35.16339899999999,-89.855841,ChIJA_xfkC6Df4gRAjVZwLz1jqA,OK,400598,471570213111005
7939.137,35.16339899999999,-89.855841,ChIJA_xfkC6Df4gRAjVZwLz1jqA,OK,400598,471570213111005
1308.417,35.04677619999999,-89.8859339,ChIJycTJ_niFf4gR5esliSzp17E,OK,117351,471570217311032
1308.417,35.04677619999999,-89.8859339,ChIJycTJ_niFf4gR5esliSzp17E,OK,117351,471570217311032
2226.919,35.0508681,-89.88111619999999,ChIJ68PUi3CFf4gRLPYGzNKUdto,OK,172364,471570217311032
3092.539,35.2051043,-89.79754849999999,ChIJpRDMlY2df4gRQqHmUo_lzmc,OK,190748,471570211421016
3557.508,35.2072684,-89.7827147,ChIJKdJ2xvqdf4gRKLRUePlbOOs,OK,248170,471570211421016
3557.508,35.2072684,-89.7827147,ChIJKdJ2xvqdf4gRKLRUePlbOOs,OK,248170,471570211421016
2495.715,35.1546312,-89.79260459999999,ChIJ8UeuSEecf4gRniit7ubZLtM,OK,182634,471570211251024
2495.715,35.1546312,-89.79260459999999,ChIJ8UeuSEecf4gRniit7ubZLtM,OK,182634,471570211251024
2875.602,35.14868459999999,-89.7948203,ChIJ4w9Lr2qcf4gRHdzl9FciAFM,OK,202134,471570211251024
766.819,35.1835367,-89.8717722,ChIJv1U5XuiCf4gRMlXiIrwnbJo,OK,66574,471570206215006
766.819,35.1835367,-89.8717722,ChIJv1U5XuiCf4gRMlXiIrwnbJo,OK,66574,471570206215006
1982.729,35.1927931,-89.86922029999999,ChIJAQAAAMCCf4gRZL0qi0KLjtw,OK,130449,471570206215006
4144.892,35.2045576,-89.81176689999999,ChIJ8ROix4Kdf4gR4Su-1OwAUMo,OK,308647,471570211212050
4144.892,35.2045576,-89.81176689999999,ChIJ8ROix4Kdf4gR4Su-1OwAUMo,OK,308647,471570211212050
5371.288,35.2051043,-89.79754849999999,ChIJpRDMlY2df4gRQqHmUo_lzmc,OK,341405,471570211212050
761.768,35.2044739,-89.76342459999999,ChIJ3XsJxyKef4gRTeWb3lonWsU,OK,62938,471570211414017
761.768,35.2044739,-89.76342459999999,ChIJ3XsJxyKef4gRTeWb3lonWsU,OK,62938,471570211414017
2370.109,35.2064292,-89.73436359999999,ChIJP6qgZdGff4gRQoIww3TX5kM,OK,139207,471570211414017
3424.166,35.1439641,-90.0517892,ChIJL-0zBZR-1YcRj7p5p1WY4-g,OK,273434,471570042001003
3633.083,35.1450994,-90.0538646,ChIJne6_s5V-1YcRn_LPaqiwhrk,OK,278888,471570042001003
3633.083,35.1450994,-90.0538646,ChIJne6_s5V-1YcRn_LPaqiwhrk,OK,278888,471570042001003
1068.413,35.0326981,-90.07589809999999,ChIJ9S1ljalk1YcRvuG-_hbpimA,OK,63818,471570223213008
1068.413,35.0326981,-90.07589809999999,ChIJ9S1ljalk1YcRvuG-_hbpimA,OK,63818,471570223213008
1869.485,35.02753099999999,-90.082077,ChIJK66rdetk1YcRwwxI9gDREks,OK,108184,471570223213008
682.022,35.0220022,-89.82947999999999,ChIJxT9DeWuQf4gRf6HLF5uJHd0,OK,38816,471570217472012
682.022,35.0220022,-89.82947999999999,ChIJxT9DeWuQf4gRf6HLF5uJHd0,OK,38816,471570217472012
1387.174,35.0344414,-89.8319559,ChIJfcC9SguQf4gR_xf02Tpo1-w,OK,76822,471570217472012
1605.827,35.0512763,-89.8427476,ChIJ7VPJ3q-af4gRdxERIyaZ0gk,OK,115064,471570217241010
1605.827,35.0512763,-89.8427476,ChIJ7VPJ3q-af4gRdxERIyaZ0gk,OK,115064,471570217241010
1988.019,35.049031,-89.841437,ChIJt6vl46-af4gRvoN8Yvkmx9A,OK,126106,471570217241010
2431.625,35.0490562,-89.84441600000001,ChIJCUulJK6af4gR7vOP_qSrYdM,OK,167240,471570217411001
2431.625,35.0490562,-89.84441600000001,ChIJCUulJK6af4gR7vOP_qSrYdM,OK,167240,471570217411001
2689.855,35.0493493,-89.855357,ChIJH2Nw4lGFf4gRq0vxk4n5iAE,OK,215751,471570217411001
2306.185,35.16339899999999,-89.855841,ChIJA_xfkC6Df4gRAjVZwLz1jqA,OK,156351,471579804001044
2306.185,35.16339899999999,-89.855841,ChIJA_xfkC6Df4gRAjVZwLz1jqA,OK,156351,471579804001044
2381.34,35.1623785,-89.8566175,ChIJXQHWWS6Df4gRqhH5EQ9H1j0,OK,165316,471579804001044
3097.57,35.1546312,-89.79260459999999,ChIJ8UeuSEecf4gRniit7ubZLtM,OK,174167,471570211351025
3097.57,35.1546312,-89.79260459999999,ChIJ8UeuSEecf4gRniit7ubZLtM,OK,174167,471570211351025
3477.457,35.14868459999999,-89.7948203,ChIJ4w9Lr2qcf4gRHdzl9FciAFM,OK,193667,471570211351025
325.927,35.2044739,-89.76342459999999,ChIJ3XsJxyKef4gRTeWb3lonWsU,OK,19162,471570211414016
325.927,35.2044739,-89.76342459999999,ChIJ3XsJxyKef4gRTeWb3lonWsU,OK,19162,471570211414016
2137.233,35.2074362,-89.7805166,ChIJ62ATRfudf4gRPIrPAXGVsiQ,OK,157343,471570211414016
1190.391,35.05113000000001,-89.815021,ChIJAdLMX4iaf4gRUenKpoiyrBc,OK,75267,471570213341013
1190.391,35.05113000000001,-89.815021,ChIJAdLMX4iaf4gRUenKpoiyrBc,OK,75267,471570213341013
1364.312,35.048632,-89.814048,ChIJqY7T64eaf4gRoqZRK7sz4Co,OK,87687,471570213341013
5197.134,35.22619459999999,-90.0020167,ChIJvTh1mwiA1YcRLLqD5Uxq8Nc,OK,282632,471570202212094
5197.134,35.22619459999999,-90.0020167,ChIJvTh1mwiA1YcRLLqD5Uxq8Nc,OK,282632,471570202212094
8562.081,35.222344,-89.97682999999999,ChIJ987Br45_f4gRjwrvnFN8t7k,OK,483363,471570202212094
1810.252,35.2044739,-89.76342459999999,ChIJ3XsJxyKef4gRTeWb3lonWsU,OK,129317,471570211421040
1810.252,35.2044739,-89.76342459999999,ChIJ3XsJxyKef4gRTeWb3lonWsU,OK,129317,471570211421040
3500.667,35.2074362,-89.7805166,ChIJ62ATRfudf4gRPIrPAXGVsiQ,OK,260803,471570211421040
727.048,35.14981359999999,-89.94918609999999,ChIJVdGBGRaBf4gRsi89Rzqn8W4,OK,54858,471570012003016
727.048,35.14981359999999,-89.94918609999999,ChIJVdGBGRaBf4gRsi89Rzqn8W4,OK,54858,471570012003016
1278.251,35.1497164,-89.95515999999999,ChIJcQb6ehiBf4gR-uA54eRPNq8,OK,90158,471570012003016
583.669,35.14981359999999,-89.94918609999999,ChIJVdGBGRaBf4gRsi89Rzqn8W4,OK,35018,471570012003017
583.669,35.14981359999999,-89.94918609999999,ChIJVdGBGRaBf4gRsi89Rzqn8W4,OK,35018,471570012003017
1134.872,35.1497164,-89.95515999999999,ChIJcQb6ehiBf4gR-uA54eRPNq8,OK,70318,471570012003017
855.87,35.14981359999999,-89.94918609999999,ChIJVdGBGRaBf4gRsi89Rzqn8W4,OK,51350,471570012003018
855.87,35.14981359999999,-89.94918609999999,ChIJVdGBGRaBf4gRsi89Rzqn8W4,OK,51350,471570012003018
1407.073,35.1497164,-89.95515999999999,ChIJcQb6ehiBf4gR-uA54eRPNq8,OK,86650,471570012003018
1456.647,35.14981359999999,-89.94918609999999,ChIJVdGBGRaBf4gRsi89Rzqn8W4,OK,94590,471570029001004
1456.647,35.14981359999999,-89.94918609999999,ChIJVdGBGRaBf4gRsi89Rzqn8W4,OK,94590,471570029001004
1597.519,35.14859919999999,-89.91828060000002,ChIJRflgf-eDf4gRHX_XNYKER-s,OK,105237,471570029001004
3592.183,35.14981359999999,-89.94918609999999,ChIJVdGBGRaBf4gRsi89Rzqn8W4,OK,182822,471570029002001
3592.183,35.14981359999999,-89.94918609999999,ChIJVdGBGRaBf4gRsi89Rzqn8W4,OK,182822,471570029002001
4143.386,35.1497164,-89.95515999999999,ChIJcQb6ehiBf4gR-uA54eRPNq8,OK,218122,471570029002001
1603.195,35.14981359999999,-89.94918609999999,ChIJVdGBGRaBf4gRsi89Rzqn8W4,OK,130777,471570012003005
1603.195,35.14981359999999,-89.94918609999999,ChIJVdGBGRaBf4gRsi89Rzqn8W4,OK,130777,471570012003005
2305.324,35.14859919999999,-89.91828060000002,ChIJRflgf-eDf4gRHX_XNYKER-s,OK,169054,471570012003005
1614.537,35.14981359999999,-89.94918609999999,ChIJVdGBGRaBf4gRsi89Rzqn8W4,OK,132138,471570012003006
1614.537,35.14981359999999,-89.94918609999999,ChIJVdGBGRaBf4gRsi89Rzqn8W4,OK,132138,471570012003006
2165.739,35.1497164,-89.95515999999999,ChIJcQb6ehiBf4gR-uA54eRPNq8,OK,167438,471570012003006
1800.643,35.14981359999999,-89.94918609999999,ChIJVdGBGRaBf4gRsi89Rzqn8W4,OK,138185,471570012001015
1800.643,35.14981359999999,-89.94918609999999,ChIJVdGBGRaBf4gRsi89Rzqn8W4,OK,138185,471570012001015
2152.529,35.14859919999999,-89.91828060000002,ChIJRflgf-eDf4gRHX_XNYKER-s,OK,156699,471570012001015
2436.453,35.167095,-89.950496,ChIJecYfJgmBf4gRJh-YY67U6V8,OK,180510,471570012001006
2436.453,35.167095,-89.950496,ChIJecYfJgmBf4gRJh-YY67U6V8,OK,180510,471570012001006
2549.978,35.14859919999999,-89.91828060000002,ChIJRflgf-eDf4gRHX_XNYKER-s,OK,192766,471570012001006
1763.685,35.14981359999999,-89.94918609999999,ChIJVdGBGRaBf4gRsi89Rzqn8W4,OK,133750,471570012001017
1763.685,35.14981359999999,-89.94918609999999,ChIJVdGBGRaBf4gRsi89Rzqn8W4,OK,133750,471570012001017
1920.576,35.14859919999999,-89.91828060000002,ChIJRflgf-eDf4gRHX_XNYKER-s,OK,139437,471570012001017
2108.839,35.14859919999999,-89.91828060000002,ChIJRflgf-eDf4gRHX_XNYKER-s,OK,150645,471570012001008
2108.839,35.14859919999999,-89.91828060000002,ChIJRflgf-eDf4gRHX_XNYKER-s,OK,150645,471570012001008
2455.243,35.14981359999999,-89.94918609999999,ChIJVdGBGRaBf4gRsi89Rzqn8W4,OK,182403,471570012001008
1946.658,35.14859919999999,-89.91828060000002,ChIJRflgf-eDf4gRHX_XNYKER-s,OK,142567,471570012001016
1946.658,35.14859919999999,-89.91828060000002,ChIJRflgf-eDf4gRHX_XNYKER-s,OK,142567,471570012001016
1886.166,35.14981359999999,-89.94918609999999,ChIJVdGBGRaBf4gRsi89Rzqn8W4,OK,148447,471570012001016
1970.528,35.14859919999999,-89.91828060000002,ChIJRflgf-eDf4gRHX_XNYKER-s,OK,129980,471570012001009
1970.528,35.14859919999999,-89.91828060000002,ChIJRflgf-eDf4gRHX_XNYKER-s,OK,129980,471570012001009
2316.931,35.14981359999999,-89.94918609999999,ChIJVdGBGRaBf4gRsi89Rzqn8W4,OK,161738,471570012001009
1298.077,35.14981359999999,-89.94918609999999,ChIJVdGBGRaBf4gRsi89Rzqn8W4,OK,97668,471570012003019
1298.077,35.14981359999999,-89.94918609999999,ChIJVdGBGRaBf4gRsi89Rzqn8W4,OK,97668,471570012003019
1806.133,35.14859919999999,-89.91828060000002,ChIJRflgf-eDf4gRHX_XNYKER-s,OK,130270,471570012003019
1768.145,35.14981359999999,-89.94918609999999,ChIJVdGBGRaBf4gRsi89Rzqn8W4,OK,131969,471570012001013
1768.145,35.14981359999999,-89.94918609999999,ChIJVdGBGRaBf4gRsi89Rzqn8W4,OK,131969,471570012001013
1909.018,35.14859919999999,-89.91828060000002,ChIJRflgf-eDf4gRHX_XNYKER-s,OK,142616,471570012001013
1131.279,35.14859919999999,-89.91828060000002,ChIJRflgf-eDf4gRHX_XNYKER-s,OK,75616,471570029001000
1131.279,35.14859919999999,-89.91828060000002,ChIJRflgf-eDf4gRHX_XNYKER-s,OK,75616,471570029001000
2166.928,35.14981359999999,-89.94918609999999,ChIJVdGBGRaBf4gRsi89Rzqn8W4,OK,135555,471570029001000
1355.362,35.14981359999999,-89.94918609999999,ChIJVdGBGRaBf4gRsi89Rzqn8W4,OK,88416,471570029001003
1355.362,35.14981359999999,-89.94918609999999,ChIJVdGBGRaBf4gRsi89Rzqn8W4,OK,88416,471570029001003
1695.53,35.14859919999999,-89.91828060000002,ChIJRflgf-eDf4gRHX_XNYKER-s,OK,111019,471570029001003
1638.567,35.14981359999999,-89.94918609999999,ChIJVdGBGRaBf4gRsi89Rzqn8W4,OK,110450,471570028001024
1638.567,35.14981359999999,-89.94918609999999,ChIJVdGBGRaBf4gRsi89Rzqn8W4,OK,110450,471570028001024
1039.07,35.1497164,-89.95515999999999,ChIJcQb6ehiBf4gR-uA54eRPNq8,OK,120262,471570028001024
501.214,35.1497164,-89.95515999999999,ChIJcQb6ehiBf4gR-uA54eRPNq8,OK,55721,471570028001021
501.214,35.1497164,-89.95515999999999,ChIJcQb6ehiBf4gR-uA54eRPNq8,OK,55721,471570028001021
808.392,35.14981359999999,-89.94918609999999,ChIJVdGBGRaBf4gRsi89Rzqn8W4,OK,63943,471570028001021
1744.729,35.14981359999999,-89.94918609999999,ChIJVdGBGRaBf4gRsi89Rzqn8W4,OK,119162,471570030002001
1744.729,35.14981359999999,-89.94918609999999,ChIJVdGBGRaBf4gRsi89Rzqn8W4,OK,119162,471570030002001
1889.587,35.1497164,-89.95515999999999,ChIJcQb6ehiBf4gR-uA54eRPNq8,OK,130081,471570030002001
1080.871,35.14981359999999,-89.94918609999999,ChIJVdGBGRaBf4gRsi89Rzqn8W4,OK,72567,471570028001027
1080.871,35.14981359999999,-89.94918609999999,ChIJVdGBGRaBf4gRsi89Rzqn8W4,OK,72567,471570028001027
2203.398,35.183951,-89.93106899999999,ChIJWQ0EIo-Bf4gR6cuqlCcQuNw,OK,140500,471570089003006
2203.398,35.183951,-89.93106899999999,ChIJWQ0EIo-Bf4gR6cuqlCcQuNw,OK,140500,471570089003006
2203.637,35.1839382,-89.93104869999999,ChIJrQx5Io-Bf4gRSwDAaGIf4WE,OK,140543,471570089003006
1721.526,35.183951,-89.93106899999999,ChIJWQ0EIo-Bf4gR6cuqlCcQuNw,OK,116200,471570089003003
2669.201,35.2023757,-89.9218691,ChIJvw7rwByCf4gRrAscHKjp1Iw,OK,169842,471570089003003
2669.201,35.2023757,-89.9218691,ChIJvw7rwByCf4gRrAscHKjp1Iw,OK,169842,471570089003003
2057.09,35.167095,-89.950496,ChIJecYfJgmBf4gRJh-YY67U6V8,OK,145932,471570089003044
1876.858,35.183951,-89.93106899999999,ChIJWQ0EIo-Bf4gR6cuqlCcQuNw,OK,153165,471570089003044
1876.858,35.183951,-89.93106899999999,ChIJWQ0EIo-Bf4gR6cuqlCcQuNw,OK,153165,471570089003044
1666.505,35.167095,-89.950496,ChIJecYfJgmBf4gRJh-YY67U6V8,OK,116969,471570089003032
1666.505,35.167095,-89.950496,ChIJecYfJgmBf4gRJh-YY67U6V8,OK,116969,471570089003032
1836.202,35.183951,-89.93106899999999,ChIJWQ0EIo-Bf4gR6cuqlCcQuNw,OK,136304,471570089003032
1512.611,35.167095,-89.950496,ChIJecYfJgmBf4gRJh-YY67U6V8,OK,102146,471570089003046
1512.611,35.167095,-89.950496,ChIJecYfJgmBf4gRJh-YY67U6V8,OK,102146,471570089003046
2242.401,35.183951,-89.93106899999999,ChIJWQ0EIo-Bf4gR6cuqlCcQuNw,OK,155085,471570089003046
1684.934,35.183951,-89.93106899999999,ChIJWQ0EIo-Bf4gR6cuqlCcQuNw,OK,130134,471570089003034
1684.934,35.183951,-89.93106899999999,ChIJWQ0EIo-Bf4gR6cuqlCcQuNw,OK,130134,471570089003034
1685.173,35.1839382,-89.93104869999999,ChIJrQx5Io-Bf4gRSwDAaGIf4WE,OK,130177,471570089003034
1690.886,35.167095,-89.950496,ChIJecYfJgmBf4gRJh-YY67U6V8,OK,119895,471570089003045
1690.886,35.167095,-89.950496,ChIJecYfJgmBf4gRJh-YY67U6V8,OK,119895,471570089003045
1860.583,35.183951,-89.93106899999999,ChIJWQ0EIo-Bf4gR6cuqlCcQuNw,OK,139230,471570089003045
1367.85,35.167095,-89.950496,ChIJecYfJgmBf4gRJh-YY67U6V8,OK,93461,471570089003048
1367.85,35.167095,-89.950496,ChIJecYfJgmBf4gRJh-YY67U6V8,OK,93461,471570089003048
1948.531,35.183951,-89.93106899999999,ChIJWQ0EIo-Bf4gR6cuqlCcQuNw,OK,137453,471570089003048
1453.432,35.183951,-89.93106899999999,ChIJWQ0EIo-Bf4gR6cuqlCcQuNw,OK,105505,471570089003041
1453.432,35.183951,-89.93106899999999,ChIJWQ0EIo-Bf4gR6cuqlCcQuNw,OK,105505,471570089003041
1453.671,35.1839382,-89.93104869999999,ChIJrQx5Io-Bf4gRSwDAaGIf4WE,OK,105548,471570089003041
1574.064,35.183951,-89.93106899999999,ChIJWQ0EIo-Bf4gR6cuqlCcQuNw,OK,114190,471570089003043
1574.064,35.183951,-89.93106899999999,ChIJWQ0EIo-Bf4gR6cuqlCcQuNw,OK,114190,471570089003043
1574.303,35.1839382,-89.93104869999999,ChIJrQx5Io-Bf4gRSwDAaGIf4WE,OK,114233,471570089003043
1361.48,35.183951,-89.93106899999999,ChIJWQ0EIo-Bf4gR6cuqlCcQuNw,OK,120183,471570089003029
1361.48,35.183951,-89.93106899999999,ChIJWQ0EIo-Bf4gR6cuqlCcQuNw,OK,120183,471570089003029
1361.718,35.1839382,-89.93104869999999,ChIJrQx5Io-Bf4gRSwDAaGIf4WE,OK,120226,471570089003029
1177.176,35.183951,-89.93106899999999,ChIJWQ0EIo-Bf4gR6cuqlCcQuNw,OK,88057,471570089003039
1177.176,35.183951,-89.93106899999999,ChIJWQ0EIo-Bf4gR6cuqlCcQuNw,OK,88057,471570089003039
1177.415,35.1839382,-89.93104869999999,ChIJrQx5Io-Bf4gRSwDAaGIf4WE,OK,88100,471570089003039
1457.681,35.183951,-89.93106899999999,ChIJWQ0EIo-Bf4gR6cuqlCcQuNw,OK,113764,471570089003036
1457.681,35.183951,-89.93106899999999,ChIJWQ0EIo-Bf4gR6cuqlCcQuNw,OK,113764,471570089003036
1457.92,35.1839382,-89.93104869999999,ChIJrQx5Io-Bf4gRSwDAaGIf4WE,OK,113807,471570089003036
1668.826,35.167095,-89.950496,ChIJecYfJgmBf4gRJh-YY67U6V8,OK,111518,471570111001051
1647.556,35.183951,-89.93106899999999,ChIJWQ0EIo-Bf4gR6cuqlCcQuNw,OK,119397,471570111001051
1647.556,35.183951,-89.93106899999999,ChIJWQ0EIo-Bf4gR6cuqlCcQuNw,OK,119397,471570111001051
1278.644,35.167095,-89.950496,ChIJecYfJgmBf4gRJh-YY67U6V8,OK,71750,471570111001052
1278.644,35.167095,-89.950496,ChIJecYfJgmBf4gRJh-YY67U6V8,OK,71750,471570111001052
1799.912,35.183951,-89.93106899999999,ChIJWQ0EIo-Bf4gR6cuqlCcQuNw,OK,122544,471570111001052
1185.063,35.167095,-89.950496,ChIJecYfJgmBf4gRJh-YY67U6V8,OK,66569,471570111001049
1185.063,35.167095,-89.950496,ChIJecYfJgmBf4gRJh-YY67U6V8,OK,66569,471570111001049
1917.157,35.183951,-89.93106899999999,ChIJWQ0EIo-Bf4gR6cuqlCcQuNw,OK,129036,471570111001049
979.054,35.167095,-89.950496,ChIJecYfJgmBf4gRJh-YY67U6V8,OK,55160,471570111001061
979.054,35.167095,-89.950496,ChIJecYfJgmBf4gRJh-YY67U6V8,OK,55160,471570111001061
2230.244,35.183951,-89.93106899999999,ChIJWQ0EIo-Bf4gR6cuqlCcQuNw,OK,147316,471570111001061
2341.563,35.183951,-89.93106899999999,ChIJWQ0EIo-Bf4gR6cuqlCcQuNw,OK,211731,471570011001020
2341.563,35.183951,-89.93106899999999,ChIJWQ0EIo-Bf4gR6cuqlCcQuNw,OK,211731,471570011001020
2341.802,35.1839382,-89.93104869999999,ChIJrQx5Io-Bf4gRSwDAaGIf4WE,OK,211774,471570011001020
1448.817,35.167095,-89.950496,ChIJecYfJgmBf4gRJh-YY67U6V8,OK,84684,471570011001006
1448.817,35.167095,-89.950496,ChIJecYfJgmBf4gRJh-YY67U6V8,OK,84684,471570011001006
2052.15,35.183951,-89.93106899999999,ChIJWQ0EIo-Bf4gR6cuqlCcQuNw,OK,140023,471570011001006
1167.494,35.167095,-89.950496,ChIJecYfJgmBf4gRJh-YY67U6V8,OK,70121,471570011002000
1167.494,35.167095,-89.950496,ChIJecYfJgmBf4gRJh-YY67U6V8,OK,70121,471570011002000
2005.566,35.183951,-89.93106899999999,ChIJWQ0EIo-Bf4gR6cuqlCcQuNw,OK,134393,471570011002000
1892.743,35.183951,-89.93106899999999,ChIJWQ0EIo-Bf4gR6cuqlCcQuNw,OK,136293,471570089003040
1892.743,35.183951,-89.93106899999999,ChIJWQ0EIo-Bf4gR6cuqlCcQuNw,OK,136293,471570089003040
1892.982,35.1839382,-89.93104869999999,ChIJrQx5Io-Bf4gRSwDAaGIf4WE,OK,136336,471570089003040
560.018,35.183951,-89.93106899999999,ChIJWQ0EIo-Bf4gR6cuqlCcQuNw,OK,67511,471570089003010
560.018,35.183951,-89.93106899999999,ChIJWQ0EIo-Bf4gR6cuqlCcQuNw,OK,67511,471570089003010
560.257,35.1839382,-89.93104869999999,ChIJrQx5Io-Bf4gRSwDAaGIf4WE,OK,67554,471570089003010
1197.137,35.183951,-89.93106899999999,ChIJWQ0EIo-Bf4gR6cuqlCcQuNw,OK,95897,471570089003038
3228.681,35.14868459999999,-89.7948203,ChIJ4w9Lr2qcf4gRHdzl9FciAFM,OK,215550,471570211251037
3228.681,35.14868459999999,-89.7948203,ChIJ4w9Lr2qcf4gRHdzl9FciAFM,OK,215550,471570211251037
3994.843,35.1546312,-89.79260459999999,ChIJ8UeuSEecf4gRniit7ubZLtM,OK,236249,471570211251037
2209.559,35.14981359999999,-89.94918609999999,ChIJVdGBGRaBf4gRsi89Rzqn8W4,OK,114905,471570029001011
2209.559,35.14981359999999,-89.94918609999999,ChIJVdGBGRaBf4gRsi89Rzqn8W4,OK,114905,471570029001011
2760.762,35.1497164,-89.95515999999999,ChIJcQb6ehiBf4gR-uA54eRPNq8,OK,150205,471570029001011
2749.47,35.1546312,-89.79260459999999,ChIJ8UeuSEecf4gRniit7ubZLtM,OK,199832,471570211374029
2749.47,35.1546312,-89.79260459999999,ChIJ8UeuSEecf4gRniit7ubZLtM,OK,199832,471570211374029
2532.531,35.14868459999999,-89.7948203,ChIJ4w9Lr2qcf4gRHdzl9FciAFM,OK,206883,471570211374029
2881.845,35.1546312,-89.79260459999999,ChIJ8UeuSEecf4gRniit7ubZLtM,OK,215717,471570211374030
2881.845,35.1546312,-89.79260459999999,ChIJ8UeuSEecf4gRniit7ubZLtM,OK,215717,471570211374030
2664.905,35.14868459999999,-89.7948203,ChIJ4w9Lr2qcf4gRHdzl9FciAFM,OK,222768,471570211374030
2966.13,35.1546312,-89.79260459999999,ChIJ8UeuSEecf4gRniit7ubZLtM,OK,225831,471570211374032
2966.13,35.1546312,-89.79260459999999,ChIJ8UeuSEecf4gRniit7ubZLtM,OK,225831,471570211374032
2749.191,35.14868459999999,-89.7948203,ChIJ4w9Lr2qcf4gRHdzl9FciAFM,OK,232882,471570211374032
2723.363,35.1546312,-89.79260459999999,ChIJ8UeuSEecf4gRniit7ubZLtM,OK,196700,471570211374022
2723.363,35.1546312,-89.79260459999999,ChIJ8UeuSEecf4gRniit7ubZLtM,OK,196700,471570211374022
2506.423,35.14868459999999,-89.7948203,ChIJ4w9Lr2qcf4gRHdzl9FciAFM,OK,203751,471570211374022
1494.398,35.1439641,-90.0517892,ChIJL-0zBZR-1YcRj7p5p1WY4-g,OK,83856,471570114002008
1494.398,35.1439641,-90.0517892,ChIJL-0zBZR-1YcRj7p5p1WY4-g,OK,83856,471570114002008
1525.089,35.1435177,-90.0539328,ChIJ8VFg1pV-1YcRR9G8p0pZx6U,OK,84135,471570114002008
2184.974,35.14859919999999,-89.91828060000002,ChIJRflgf-eDf4gRHX_XNYKER-s,OK,121500,471570086001013
2184.974,35.14859919999999,-89.91828060000002,ChIJRflgf-eDf4gRHX_XNYKER-s,OK,121500,471570086001013
4065.629,35.1489345,-89.89838259999999,ChIJaTBvX72Df4gRiyFT0LQMnrQ,OK,207075,471570086001013
752.238,35.14868459999999,-89.7948203,ChIJ4w9Lr2qcf4gRHdzl9FciAFM,OK,79624,471570211373027
752.238,35.14868459999999,-89.7948203,ChIJ4w9Lr2qcf4gRHdzl9FciAFM,OK,79624,471570211373027
1851.699,35.1546312,-89.79260459999999,ChIJ8UeuSEecf4gRniit7ubZLtM,OK,140315,471570211373027
1157.351,35.1507888,-89.977317,ChIJdVWrOuqAf4gR-V7s1E3qo7g,OK,72416,471570027002013
1157.351,35.1507888,-89.977317,ChIJdVWrOuqAf4gR-V7s1E3qo7g,OK,72416,471570027002013
1694.748,35.13418100000001,-89.98599,ChIJnf1_yraAf4gR9pQmD7CXhgg,OK,101864,471570027002013
1009.773,35.142439,-90.006118,ChIJeUPo2Rt-1YcRdoG2a54M-d0,OK,65414,471570016001038
587.69,35.13774119999999,-89.99713,ChIJtwtohKiAf4gRFxkNLUf9PgA,OK,70519,471570016001038
587.69,35.13774119999999,-89.99713,ChIJtwtohKiAf4gRFxkNLUf9PgA,OK,70519,471570016001038
3106.445,35.14868459999999,-89.7948203,ChIJ4w9Lr2qcf4gRHdzl9FciAFM,OK,215740,471570211251035
3106.445,35.14868459999999,-89.7948203,ChIJ4w9Lr2qcf4gRHdzl9FciAFM,OK,215740,471570211251035
3872.607,35.1546312,-89.79260459999999,ChIJ8UeuSEecf4gRniit7ubZLtM,OK,236439,471570211251035
510.398,35.14868459999999,-89.7948203,ChIJ4w9Lr2qcf4gRHdzl9FciAFM,OK,52895,471570211251019
510.398,35.14868459999999,-89.7948203,ChIJ4w9Lr2qcf4gRHdzl9FciAFM,OK,52895,471570211251019
1276.561,35.1546312,-89.79260459999999,ChIJ8UeuSEecf4gRniit7ubZLtM,OK,73594,471570211251019
632.774,35.14868459999999,-89.7948203,ChIJ4w9Lr2qcf4gRHdzl9FciAFM,OK,65289,471570211373028
632.774,35.14868459999999,-89.7948203,ChIJ4w9Lr2qcf4gRHdzl9FciAFM,OK,65289,471570211373028
1732.234,35.1546312,-89.79260459999999,ChIJ8UeuSEecf4gRniit7ubZLtM,OK,125980,471570211373028
1608.432,35.1439641,-90.0517892,ChIJL-0zBZR-1YcRj7p5p1WY4-g,OK,94894,471570039001007
1608.432,35.1439641,-90.0517892,ChIJL-0zBZR-1YcRj7p5p1WY4-g,OK,94894,471570039001007
1639.123,35.1435177,-90.0539328,ChIJ8VFg1pV-1YcRR9G8p0pZx6U,OK,95173,471570039001007
1467.665,35.1439641,-90.0517892,ChIJL-0zBZR-1YcRj7p5p1WY4-g,OK,84105,471570039001013
1467.665,35.1439641,-90.0517892,ChIJL-0zBZR-1YcRj7p5p1WY4-g,OK,84105,471570039001013
1498.356,35.1435177,-90.0539328,ChIJ8VFg1pV-1YcRR9G8p0pZx6U,OK,84384,471570039001013
2944.572,35.14868459999999,-89.7948203,ChIJ4w9Lr2qcf4gRHdzl9FciAFM,OK,226630,471570211374041
2944.572,35.14868459999999,-89.7948203,ChIJ4w9Lr2qcf4gRHdzl9FciAFM,OK,226630,471570211374041
3269.411,35.1546312,-89.79260459999999,ChIJ8UeuSEecf4gRniit7ubZLtM,OK,234623,471570211374041
1100.538,35.13779299999999,-89.99118349999999,ChIJUQlZ-K-Af4gRkRKK62-ap5w,OK,98501,471570016001031
1100.538,35.13779299999999,-89.99118349999999,ChIJUQlZ-K-Af4gRkRKK62-ap5w,OK,98501,471570016001031
1288.25,35.13774119999999,-89.99713,ChIJtwtohKiAf4gRFxkNLUf9PgA,OK,127698,471570016001031
1626.51,35.1439641,-90.0517892,ChIJL-0zBZR-1YcRj7p5p1WY4-g,OK,100718,471570039001009
1626.51,35.1439641,-90.0517892,ChIJL-0zBZR-1YcRj7p5p1WY4-g,OK,100718,471570039001009
1657.201,35.1435177,-90.0539328,ChIJ8VFg1pV-1YcRR9G8p0pZx6U,OK,100997,471570039001009
66.785,35.1444038,-90.0168571,ChIJufYEjhR-1YcREff46W6Lons,OK,12021,471570025002047
66.785,35.1444038,-90.0168571,ChIJufYEjhR-1YcREff46W6Lons,OK,12021,471570025002047
700.636,35.1490317,-90.0140679,ChIJw3q9_xV-1YcRqrte6yBn1CI,OK,46900,471570025002047
1301.892,35.13418100000001,-89.98599,ChIJnf1_yraAf4gR9pQmD7CXhgg,OK,73029,471570027002022
1301.892,35.13418100000001,-89.98599,ChIJnf1_yraAf4gR9pQmD7CXhgg,OK,73029,471570027002022
1362.533,35.1507888,-89.977317,ChIJdVWrOuqAf4gR-V7s1E3qo7g,OK,74399,471570027002022
599.422,35.142439,-90.006118,ChIJeUPo2Rt-1YcRdoG2a54M-d0,OK,47527,471570026001016
599.422,35.142439,-90.006118,ChIJeUPo2Rt-1YcRdoG2a54M-d0,OK,47527,471570026001016
1079.413,35.139426,-90.00714049999999,ChIJC-6kIBt-1YcRA1cskDtjsVc,OK,96237,471570026001016
2460.75,35.1804299,-89.9263818,ChIJIfvtv4eBf4gRJLjVGBpAzmc,OK,172026,471570091002014
2460.75,35.1804299,-89.9263818,ChIJIfvtv4eBf4gRJLjVGBpAzmc,OK,172026,471570091002014
2625.404,35.14859919999999,-89.91828060000002,ChIJRflgf-eDf4gRHX_XNYKER-s,OK,197408,471570091002014
2354.194,35.14859919999999,-89.91828060000002,ChIJRflgf-eDf4gRHX_XNYKER-s,OK,183698,471570091002018
2354.194,35.14859919999999,-89.91828060000002,ChIJRflgf-eDf4gRHX_XNYKER-s,OK,183698,471570091002018
2765.852,35.1804299,-89.9263818,ChIJIfvtv4eBf4gRJLjVGBpAzmc,OK,199723,471570091002018
2084.233,35.14859919999999,-89.91828060000002,ChIJRflgf-eDf4gRHX_XNYKER-s,OK,152464,471570091002020
2084.233,35.14859919999999,-89.91828060000002,ChIJRflgf-eDf4gRHX_XNYKER-s,OK,152464,471570091002020
3110.01,35.1489345,-89.89838259999999,ChIJaTBvX72Df4gRiyFT0LQMnrQ,OK,187165,471570091002020
2298.043,35.14859919999999,-89.91828060000002,ChIJRflgf-eDf4gRHX_XNYKER-s,OK,176960,471570091002019
2298.043,35.14859919999999,-89.91828060000002,ChIJRflgf-eDf4gRHX_XNYKER-s,OK,176960,471570091002019
2714.561,35.1804299,-89.9263818,ChIJIfvtv4eBf4gRJLjVGBpAzmc,OK,193568,471570091002019
2023.407,35.14859919999999,-89.91828060000002,ChIJRflgf-eDf4gRHX_XNYKER-s,OK,146908,471570088001023
2023.407,35.14859919999999,-89.91828060000002,ChIJRflgf-eDf4gRHX_XNYKER-s,OK,146908,471570088001023
2813.916,35.1804299,-89.9263818,ChIJIfvtv4eBf4gRJLjVGBpAzmc,OK,173785,471570088001023
2114.038,35.14859919999999,-89.91828060000002,ChIJRflgf-eDf4gRHX_XNYKER-s,OK,154881,471570091002021
2114.038,35.14859919999999,-89.91828060000002,ChIJRflgf-eDf4gRHX_XNYKER-s,OK,154881,471570091002021
2734.172,35.1804299,-89.9263818,ChIJIfvtv4eBf4gRJLjVGBpAzmc,OK,186001,471570091002021
1991.841,35.14859919999999,-89.91828060000002,ChIJRflgf-eDf4gRHX_XNYKER-s,OK,146083,471570091002022
1991.841,35.14859919999999,-89.91828060000002,ChIJRflgf-eDf4gRHX_XNYKER-s,OK,146083,471570091002022
3050.429,35.1804299,-89.9263818,ChIJIfvtv4eBf4gRJLjVGBpAzmc,OK,189044,471570091002022
1763.514,35.14859919999999,-89.91828060000002,ChIJRflgf-eDf4gRHX_XNYKER-s,OK,136032,471570087002000
1763.514,35.14859919999999,-89.91828060000002,ChIJRflgf-eDf4gRHX_XNYKER-s,OK,136032,471570087002000
3178.67,35.1804299,-89.9263818,ChIJIfvtv4eBf4gRJLjVGBpAzmc,OK,204650,471570087002000
1835.565,35.14859919999999,-89.91828060000002,ChIJRflgf-eDf4gRHX_XNYKER-s,OK,148885,471570087001002
1835.565,35.14859919999999,-89.91828060000002,ChIJRflgf-eDf4gRHX_XNYKER-s,OK,148885,471570087001002
2907.024,35.1489345,-89.89838259999999,ChIJaTBvX72Df4gRiyFT0LQMnrQ,OK,186184,471570087001002
2394.434,35.14859919999999,-89.91828060000002,ChIJRflgf-eDf4gRHX_XNYKER-s,OK,183868,471570091001009
2394.434,35.14859919999999,-89.91828060000002,ChIJRflgf-eDf4gRHX_XNYKER-s,OK,183868,471570091001009
2807.957,35.1804299,-89.9263818,ChIJIfvtv4eBf4gRJLjVGBpAzmc,OK,204776,471570091001009
2186.708,35.14859919999999,-89.91828060000002,ChIJRflgf-eDf4gRHX_XNYKER-s,OK,158941,471570091001019
2186.708,35.14859919999999,-89.91828060000002,ChIJRflgf-eDf4gRHX_XNYKER-s,OK,158941,471570091001019
3018.477,35.1489345,-89.89838259999999,ChIJaTBvX72Df4gRiyFT0LQMnrQ,OK,182002,471570091001019
1882.227,35.1489345,-89.89838259999999,ChIJaTBvX72Df4gRiyFT0LQMnrQ,OK,140053,471570087004002
1882.227,35.1489345,-89.89838259999999,ChIJaTBvX72Df4gRiyFT0LQMnrQ,OK,140053,471570087004002
1962.772,35.148225,-89.89748700000001,ChIJC8t095eDf4gRGuXK3FleZyg,OK,144886,471570087004002
2509.919,35.14859919999999,-89.91828060000002,ChIJRflgf-eDf4gRHX_XNYKER-s,OK,190812,471570091001004
2509.919,35.14859919999999,-89.91828060000002,ChIJRflgf-eDf4gRHX_XNYKER-s,OK,190812,471570091001004
3111.232,35.1489345,-89.89838259999999,ChIJaTBvX72Df4gRiyFT0LQMnrQ,OK,200047,471570091001004
2793.751,35.1489345,-89.89838259999999,ChIJaTBvX72Df4gRiyFT0LQMnrQ,OK,172591,471570091001016
2793.751,35.1489345,-89.89838259999999,ChIJaTBvX72Df4gRiyFT0LQMnrQ,OK,172591,471570091001016
2874.297,35.148225,-89.89748700000001,ChIJC8t095eDf4gRGuXK3FleZyg,OK,177424,471570091001016
3009.749,35.1489345,-89.89838259999999,ChIJaTBvX72Df4gRiyFT0LQMnrQ,OK,198511,471570091001018
3009.749,35.1489345,-89.89838259999999,ChIJaTBvX72Df4gRiyFT0LQMnrQ,OK,198511,471570091001018
3090.294,35.148225,-89.89748700000001,ChIJC8t095eDf4gRGuXK3FleZyg,OK,203344,471570091001018
2866.741,35.1489345,-89.89838259999999,ChIJaTBvX72Df4gRiyFT0LQMnrQ,OK,206780,471570091001006
2866.741,35.1489345,-89.89838259999999,ChIJaTBvX72Df4gRiyFT0LQMnrQ,OK,206780,471570091001006
2947.286,35.148225,-89.89748700000001,ChIJC8t095eDf4gRGuXK3FleZyg,OK,211613,471570091001006
2514.025,35.1489345,-89.89838259999999,ChIJaTBvX72Df4gRiyFT0LQMnrQ,OK,144538,471570091001015
2514.025,35.1489345,-89.89838259999999,ChIJaTBvX72Df4gRiyFT0LQMnrQ,OK,144538,471570091001015
2594.57,35.148225,-89.89748700000001,ChIJC8t095eDf4gRGuXK3FleZyg,OK,149371,471570091001015
2342.56,35.1489345,-89.89838259999999,ChIJaTBvX72Df4gRiyFT0LQMnrQ,OK,166320,471570087001001
2342.56,35.1489345,-89.89838259999999,ChIJaTBvX72Df4gRiyFT0LQMnrQ,OK,166320,471570087001001
2010.044,35.14859919999999,-89.91828060000002,ChIJRflgf-eDf4gRHX_XNYKER-s,OK,169822,471570087001001
1844.597,35.14859919999999,-89.91828060000002,ChIJRflgf-eDf4gRHX_XNYKER-s,OK,149969,471570087001006
1844.597,35.14859919999999,-89.91828060000002,ChIJRflgf-eDf4gRHX_XNYKER-s,OK,149969,471570087001006
2898.662,35.1489345,-89.89838259999999,ChIJaTBvX72Df4gRiyFT0LQMnrQ,OK,185181,471570087001006
1953.188,35.1435177,-90.0539328,ChIJ8VFg1pV-1YcRR9G8p0pZx6U,OK,149434,471570043001076
1953.188,35.1435177,-90.0539328,ChIJ8VFg1pV-1YcRR9G8p0pZx6U,OK,149434,471570043001076
2250.487,35.1251709,-90.0481695,ChIJybIJtCd81YcR9Otxws-5qCM,OK,157657,471570043001076
1619.254,35.14859919999999,-89.91828060000002,ChIJRflgf-eDf4gRHX_XNYKER-s,OK,118721,471570087002003
1619.254,35.14859919999999,-89.91828060000002,ChIJRflgf-eDf4gRHX_XNYKER-s,OK,118721,471570087002003
2946.619,35.1489345,-89.89838259999999,ChIJaTBvX72Df4gRiyFT0LQMnrQ,OK,196160,471570087002003
1584.841,35.14859919999999,-89.91828060000002,ChIJRflgf-eDf4gRHX_XNYKER-s,OK,123769,471570087001004
2389.406,35.2044739,-89.76342459999999,ChIJ3XsJxyKef4gRTeWb3lonWsU,OK,171489,471570211411011
2389.406,35.2044739,-89.76342459999999,ChIJ3XsJxyKef4gRTeWb3lonWsU,OK,171489,471570211411011
4079.822,35.2074362,-89.7805166,ChIJ62ATRfudf4gRPIrPAXGVsiQ,OK,302975,471570211411011
4820.496,35.167095,-89.950496,ChIJecYfJgmBf4gRJh-YY67U6V8,OK,280753,471570205124029
4820.496,35.167095,-89.950496,ChIJecYfJgmBf4gRJh-YY67U6V8,OK,280753,471570205124029
5587.196,35.183951,-89.93106899999999,ChIJWQ0EIo-Bf4gR6cuqlCcQuNw,OK,353630,471570205124029
2442.463,35.2044739,-89.76342459999999,ChIJ3XsJxyKef4gRTeWb3lonWsU,OK,174831,471570211421057
2442.463,35.2044739,-89.76342459999999,ChIJ3XsJxyKef4gRTeWb3lonWsU,OK,174831,471570211421057
4132.879,35.2074362,-89.7805166,ChIJ62ATRfudf4gRPIrPAXGVsiQ,OK,306317,471570211421057
1382.427,35.19067459999999,-89.8489943,ChIJ364PGjWdf4gRKbsrGLq8_XQ,OK,100685,471570211124007
1382.427,35.19067459999999,-89.8489943,ChIJ364PGjWdf4gRKbsrGLq8_XQ,OK,100685,471570211124007
3828.238,35.2045576,-89.81176689999999,ChIJ8ROix4Kdf4gR4Su-1OwAUMo,OK,245057,471570211124007
2813.942,35.183951,-89.93106899999999,ChIJWQ0EIo-Bf4gR6cuqlCcQuNw,OK,229333,471570205121021
2813.942,35.183951,-89.93106899999999,ChIJWQ0EIo-Bf4gR6cuqlCcQuNw,OK,229333,471570205121021
2814.181,35.1839382,-89.93104869999999,ChIJrQx5Io-Bf4gRSwDAaGIf4WE,OK,229376,471570205121021
3839.137,35.183951,-89.93106899999999,ChIJWQ0EIo-Bf4gR6cuqlCcQuNw,OK,193762,471570205124020
3839.137,35.183951,-89.93106899999999,ChIJWQ0EIo-Bf4gR6cuqlCcQuNw,OK,193762,471570205124020
3839.376,35.1839382,-89.93104869999999,ChIJrQx5Io-Bf4gRSwDAaGIf4WE,OK,193805,471570205124020
2795.965,35.2051043,-89.79754849999999,ChIJpRDMlY2df4gRQqHmUo_lzmc,OK,170031,471570211421072
2795.965,35.2051043,-89.79754849999999,ChIJpRDMlY2df4gRQqHmUo_lzmc,OK,170031,471570211421072
3260.935,35.2072684,-89.7827147,ChIJKdJ2xvqdf4gRKLRUePlbOOs,OK,227453,471570211421072
3148.158,35.2044739,-89.76342459999999,ChIJ3XsJxyKef4gRTeWb3lonWsU,OK,235499,471570211422003
4794.603,35.2072684,-89.7827147,ChIJKdJ2xvqdf4gRKLRUePlbOOs,OK,347094,471570211422003
4794.603,35.2072684,-89.7827147,ChIJKdJ2xvqdf4gRKLRUePlbOOs,OK,347094,471570211422003
2451.275,35.2044739,-89.76342459999999,ChIJ3XsJxyKef4gRTeWb3lonWsU,OK,186815,471570211413000
2451.275,35.2044739,-89.76342459999999,ChIJ3XsJxyKef4gRTeWb3lonWsU,OK,186815,471570211413000
4141.691,35.2074362,-89.7805166,ChIJ62ATRfudf4gRPIrPAXGVsiQ,OK,318301,471570211413000
740.841,35.1927931,-89.86922029999999,ChIJAQAAAMCCf4gRZL0qi0KLjtw,OK,45384,471570206215012
740.841,35.1927931,-89.86922029999999,ChIJAQAAAMCCf4gRZL0qi0KLjtw,OK,45384,471570206215012
995.251,35.1835367,-89.8717722,ChIJv1U5XuiCf4gRMlXiIrwnbJo,OK,80048,471570206215012
2889.122,35.2051043,-89.79754849999999,ChIJpRDMlY2df4gRQqHmUo_lzmc,OK,189233,471570211421015
3354.092,35.2072684,-89.7827147,ChIJKdJ2xvqdf4gRKLRUePlbOOs,OK,246655,471570211421015
3354.092,35.2072684,-89.7827147,ChIJKdJ2xvqdf4gRKLRUePlbOOs,OK,246655,471570211421015
2522.826,35.2044739,-89.76342459999999,ChIJ3XsJxyKef4gRTeWb3lonWsU,OK,180616,471570211421050
2522.826,35.2044739,-89.76342459999999,ChIJ3XsJxyKef4gRTeWb3lonWsU,OK,180616,471570211421050
4213.242,35.2074362,-89.7805166,ChIJ62ATRfudf4gRPIrPAXGVsiQ,OK,312102,471570211421050
767.656,35.192778,-89.895242,ChIJ2ehTh2eCf4gR95JHzr6OIMA,OK,49379,471570206213002
767.656,35.192778,-89.895242,ChIJ2ehTh2eCf4gR95JHzr6OIMA,OK,49379,471570206213002
952.168,35.1942326,-89.8965709,ChIJD7pM72eCf4gRg19OPcAuyDw,OK,60449,471570206213002
2736.9,35.2044739,-89.76342459999999,ChIJ3XsJxyKef4gRTeWb3lonWsU,OK,196028,471570211421076
4272.549,35.2072684,-89.7827147,ChIJKdJ2xvqdf4gRKLRUePlbOOs,OK,299646,471570211421076
4272.549,35.2072684,-89.7827147,ChIJKdJ2xvqdf4gRKLRUePlbOOs,OK,299646,471570211421076
2859.015,35.2044739,-89.76342459999999,ChIJ3XsJxyKef4gRTeWb3lonWsU,OK,204820,471570211421029
4150.434,35.2072684,-89.7827147,ChIJKdJ2xvqdf4gRKLRUePlbOOs,OK,290854,471570211421029
4150.434,35.2072684,-89.7827147,ChIJKdJ2xvqdf4gRKLRUePlbOOs,OK,290854,471570211421029
2630.464,35.2044739,-89.76342459999999,ChIJ3XsJxyKef4gRTeWb3lonWsU,OK,188365,471570211421075
4378.985,35.2072684,-89.7827147,ChIJKdJ2xvqdf4gRKLRUePlbOOs,OK,307309,471570211421075
4378.985,35.2072684,-89.7827147,ChIJKdJ2xvqdf4gRKLRUePlbOOs,OK,307309,471570211421075
2983.637,35.2044739,-89.76342459999999,ChIJ3XsJxyKef4gRTeWb3lonWsU,OK,213792,471570211421018
4025.813,35.2072684,-89.7827147,ChIJKdJ2xvqdf4gRKLRUePlbOOs,OK,281883,471570211421018
4025.813,35.2072684,-89.7827147,ChIJKdJ2xvqdf4gRKLRUePlbOOs,OK,281883,471570211421018
2272.257,35.2045576,-89.81176689999999,ChIJ8ROix4Kdf4gR4Su-1OwAUMo,OK,135259,471570211131038
2272.257,35.2045576,-89.81176689999999,ChIJ8ROix4Kdf4gR4Su-1OwAUMo,OK,135259,471570211131038
3328.765,35.2051043,-89.79754849999999,ChIJpRDMlY2df4gRQqHmUo_lzmc,OK,192678,471570211131038
2757.446,35.2044739,-89.76342459999999,ChIJ3XsJxyKef4gRTeWb3lonWsU,OK,197507,471570211422001
4403.891,35.2072684,-89.7827147,ChIJKdJ2xvqdf4gRKLRUePlbOOs,OK,309102,471570211422001
4403.891,35.2072684,-89.7827147,ChIJKdJ2xvqdf4gRKLRUePlbOOs,OK,309102,471570211422001
2593.704,35.2044739,-89.76342459999999,ChIJ3XsJxyKef4gRTeWb3lonWsU,OK,186288,471570211411010
4439.445,35.2072684,-89.7827147,ChIJKdJ2xvqdf4gRKLRUePlbOOs,OK,312231,471570211411010
4439.445,35.2072684,-89.7827147,ChIJKdJ2xvqdf4gRKLRUePlbOOs,OK,312231,471570211411010
883.409,35.2044739,-89.76342459999999,ChIJ3XsJxyKef4gRTeWb3lonWsU,OK,62597,471570211421051
883.409,35.2044739,-89.76342459999999,ChIJ3XsJxyKef4gRTeWb3lonWsU,OK,62597,471570211421051
2573.825,35.2074362,-89.7805166,ChIJ62ATRfudf4gRPIrPAXGVsiQ,OK,194083,471570211421051
2829.403,35.2051043,-89.79754849999999,ChIJpRDMlY2df4gRQqHmUo_lzmc,OK,182067,471570211421019
3294.373,35.2072684,-89.7827147,ChIJKdJ2xvqdf4gRKLRUePlbOOs,OK,239489,471570211421019
3294.373,35.2072684,-89.7827147,ChIJKdJ2xvqdf4gRKLRUePlbOOs,OK,239489,471570211421019
818.293,35.1927931,-89.86922029999999,ChIJAQAAAMCCf4gRZL0qi0KLjtw,OK,50030,471570206215017
779.499,35.1507888,-89.977317,ChIJdVWrOuqAf4gR-V7s1E3qo7g,OK,59216,471570015002000
779.499,35.1507888,-89.977317,ChIJdVWrOuqAf4gR-V7s1E3qo7g,OK,59216,471570015002000
2077.9,35.17410499999999,-89.97575479999999,ChIJmfYTGFmAf4gRHGKCaD0qCtI,OK,135568,471570015002000
1524.107,35.17410499999999,-89.97575479999999,ChIJmfYTGFmAf4gRHGKCaD0qCtI,OK,126944,471570009001024
1524.107,35.17410499999999,-89.97575479999999,ChIJmfYTGFmAf4gRHGKCaD0qCtI,OK,126944,471570009001024
1699.091,35.1507888,-89.977317,ChIJdVWrOuqAf4gR-V7s1E3qo7g,OK,132318,471570009001024
1657.763,35.17410499999999,-89.97575479999999,ChIJmfYTGFmAf4gRHGKCaD0qCtI,OK,142982,471570009001022
1657.763,35.17410499999999,-89.97575479999999,ChIJmfYTGFmAf4gRHGKCaD0qCtI,OK,142982,471570009001022
1805.349,35.1507888,-89.977317,ChIJdVWrOuqAf4gR-V7s1E3qo7g,OK,145069,471570009001022
1525.752,35.1507888,-89.977317,ChIJdVWrOuqAf4gR-V7s1E3qo7g,OK,105179,471570009001021
1525.752,35.1507888,-89.977317,ChIJdVWrOuqAf4gR-V7s1E3qo7g,OK,105179,471570009001021
2458.461,35.17410499999999,-89.97575479999999,ChIJmfYTGFmAf4gRHGKCaD0qCtI,OK,161133,471570009001021
1092.102,35.1507888,-89.977317,ChIJdVWrOuqAf4gR-V7s1E3qo7g,OK,100381,471570016001008
1092.102,35.1507888,-89.977317,ChIJdVWrOuqAf4gR-V7s1E3qo7g,OK,100381,471570016001008
2736.089,35.17410499999999,-89.97575479999999,ChIJmfYTGFmAf4gRHGKCaD0qCtI,OK,176992,471570016001008
1023.888,35.1507888,-89.977317,ChIJdVWrOuqAf4gR-V7s1E3qo7g,OK,58364,471570015002005
1023.888,35.1507888,-89.977317,ChIJdVWrOuqAf4gR-V7s1E3qo7g,OK,58364,471570015002005
2309.63,35.17410499999999,-89.97575479999999,ChIJmfYTGFmAf4gRHGKCaD0qCtI,OK,136205,471570015002005
507.293,35.1507888,-89.977317,ChIJdVWrOuqAf4gR-V7s1E3qo7g,OK,29754,471570015002012
507.293,35.1507888,-89.977317,ChIJdVWrOuqAf4gR-V7s1E3qo7g,OK,29754,471570015002012
2371.677,35.13418100000001,-89.98599,ChIJnf1_yraAf4gR9pQmD7CXhgg,OK,128623,471570015002012
1165.321,35.1507888,-89.977317,ChIJdVWrOuqAf4gR-V7s1E3qo7g,OK,83229,471570015002006
1165.321,35.1507888,-89.977317,ChIJdVWrOuqAf4gR-V7s1E3qo7g,OK,83229,471570015002006
2486.47,35.17410499999999,-89.97575479999999,ChIJmfYTGFmAf4gRHGKCaD0qCtI,OK,172490,471570015002006
1133.887,35.1507888,-89.977317,ChIJdVWrOuqAf4gR-V7s1E3qo7g,OK,79457,471570015002004
1133.887,35.1507888,-89.977317,ChIJdVWrOuqAf4gR-V7s1E3qo7g,OK,79457,471570015002004
2202.233,35.17410499999999,-89.97575479999999,ChIJmfYTGFmAf4gRHGKCaD0qCtI,OK,138382,471570015002004
447.196,35.1507888,-89.977317,ChIJdVWrOuqAf4gR-V7s1E3qo7g,OK,44191,471570015002007
447.196,35.1507888,-89.977317,ChIJdVWrOuqAf4gR-V7s1E3qo7g,OK,44191,471570015002007
2715.927,35.13418100000001,-89.98599,ChIJnf1_yraAf4gR9pQmD7CXhgg,OK,167318,471570015002007
93.537,35.1507888,-89.977317,ChIJdVWrOuqAf4gR-V7s1E3qo7g,OK,5611,471570015001027
93.537,35.1507888,-89.977317,ChIJdVWrOuqAf4gR-V7s1E3qo7g,OK,5611,471570015001027
2677.944,35.13418100000001,-89.98599,ChIJnf1_yraAf4gR9pQmD7CXhgg,OK,147676,471570015001027
744.065,35.1507888,-89.977317,ChIJdVWrOuqAf4gR-V7s1E3qo7g,OK,41890,471570027002004
744.065,35.1507888,-89.977317,ChIJdVWrOuqAf4gR-V7s1E3qo7g,OK,41890,471570027002004
1860.354,35.13418100000001,-89.98599,ChIJnf1_yraAf4gR9pQmD7CXhgg,OK,102478,471570027002004
419.924,35.1507888,-89.977317,ChIJdVWrOuqAf4gR-V7s1E3qo7g,OK,40946,471570015002010
419.924,35.1507888,-89.977317,ChIJdVWrOuqAf4gR-V7s1E3qo7g,OK,40946,471570015002010
2260.902,35.1497164,-89.95515999999999,ChIJcQb6ehiBf4gR-uA54eRPNq8,OK,155208,471570015002010
417.787,35.1507888,-89.977317,ChIJdVWrOuqAf4gR-V7s1E3qo7g,OK,40689,471570015002008
417.787,35.1507888,-89.977317,ChIJdVWrOuqAf4gR-V7s1E3qo7g,OK,40689,471570015002008
2808.961,35.13418100000001,-89.98599,ChIJnf1_yraAf4gR9pQmD7CXhgg,OK,178480,471570015002008
392.753,35.1507888,-89.977317,ChIJdVWrOuqAf4gR-V7s1E3qo7g,OK,30187,471570015001032
392.753,35.1507888,-89.977317,ChIJdVWrOuqAf4gR-V7s1E3qo7g,OK,30187,471570015001032
1918.248,35.1497164,-89.95515999999999,ChIJcQb6ehiBf4gR-uA54eRPNq8,OK,123940,471570015001032
327.905,35.1507888,-89.977317,ChIJdVWrOuqAf4gR-V7s1E3qo7g,OK,19672,471570015002009
327.905,35.1507888,-89.977317,ChIJdVWrOuqAf4gR-V7s1E3qo7g,OK,19672,471570015002009
2336.682,35.17410499999999,-89.97575479999999,ChIJmfYTGFmAf4gRHGKCaD0qCtI,OK,140190,471570015002009
681.467,35.1507888,-89.977317,ChIJdVWrOuqAf4gR-V7s1E3qo7g,OK,40885,471570015002001
681.467,35.1507888,-89.977317,ChIJdVWrOuqAf4gR-V7s1E3qo7g,OK,40885,471570015002001
1983.12,35.17410499999999,-89.97575479999999,ChIJmfYTGFmAf4gRHGKCaD0qCtI,OK,118976,471570015002001
1408.939,35.1507888,-89.977317,ChIJdVWrOuqAf4gR-V7s1E3qo7g,OK,91162,471570009001019
1408.939,35.1507888,-89.977317,ChIJdVWrOuqAf4gR-V7s1E3qo7g,OK,91162,471570009001019
2341.648,35.17410499999999,-89.97575479999999,ChIJmfYTGFmAf4gRHGKCaD0qCtI,OK,147116,471570009001019
1527.551,35.1507888,-89.977317,ChIJdVWrOuqAf4gR-V7s1E3qo7g,OK,88591,471570015001001
1527.551,35.1507888,-89.977317,ChIJdVWrOuqAf4gR-V7s1E3qo7g,OK,88591,471570015001001
2460.259,35.17410499999999,-89.97575479999999,ChIJmfYTGFmAf4gRHGKCaD0qCtI,OK,144545,471570015001001
1188.969,35.1507888,-89.977317,ChIJdVWrOuqAf4gR-V7s1E3qo7g,OK,86352,471570015001009
1188.969,35.1507888,-89.977317,ChIJdVWrOuqAf4gR-V7s1E3qo7g,OK,86352,471570015001009
2064.115,35.1497164,-89.95515999999999,ChIJcQb6ehiBf4gR-uA54eRPNq8,OK,148169,471570015001009
976.618,35.1507888,-89.977317,ChIJdVWrOuqAf4gR-V7s1E3qo7g,OK,78419,471570015001006
976.618,35.1507888,-89.977317,ChIJdVWrOuqAf4gR-V7s1E3qo7g,OK,78419,471570015001006
2269.697,35.17410499999999,-89.97575479999999,ChIJmfYTGFmAf4gRHGKCaD0qCtI,OK,152432,471570015001006
881.383,35.1507888,-89.977317,ChIJdVWrOuqAf4gR-V7s1E3qo7g,OK,66991,471570015001014
881.383,35.1507888,-89.977317,ChIJdVWrOuqAf4gR-V7s1E3qo7g,OK,66991,471570015001014
2367.864,35.17410499999999,-89.97575479999999,ChIJmfYTGFmAf4gRHGKCaD0qCtI,OK,164212,471570015001014
1118.502,35.1507888,-89.977317,ChIJdVWrOuqAf4gR-V7s1E3qo7g,OK,86071,471570015001007
1732.626,35.0344414,-89.8319559,ChIJfcC9SguQf4gR_xf02Tpo1-w,OK,102806,471570217411000
1732.626,35.0344414,-89.8319559,ChIJfcC9SguQf4gR_xf02Tpo1-w,OK,102806,471570217411000
1891.67,35.0490562,-89.84441600000001,ChIJCUulJK6af4gR7vOP_qSrYdM,OK,111651,471570217411000
1358.693,35.0490562,-89.84441600000001,ChIJCUulJK6af4gR7vOP_qSrYdM,OK,82138,471570217324013
1358.693,35.0490562,-89.84441600000001,ChIJCUulJK6af4gR7vOP_qSrYdM,OK,82138,471570217324013
1662.316,35.049031,-89.841437,ChIJt6vl46-af4gRvoN8Yvkmx9A,OK,97428,471570217324013
1458.547,35.0490562,-89.84441600000001,ChIJCUulJK6af4gR7vOP_qSrYdM,OK,113503,471570217462008
1458.547,35.0490562,-89.84441600000001,ChIJCUulJK6af4gR7vOP_qSrYdM,OK,113503,471570217462008
1762.17,35.049031,-89.841437,ChIJt6vl46-af4gRvoN8Yvkmx9A,OK,128793,471570217462008
2203.995,35.0344414,-89.8319559,ChIJfcC9SguQf4gR_xf02Tpo1-w,OK,147270,471570217471011
2203.995,35.0344414,-89.8319559,ChIJfcC9SguQf4gR_xf02Tpo1-w,OK,147270,471570217471011
2363.039,35.0490562,-89.84441600000001,ChIJCUulJK6af4gR7vOP_qSrYdM,OK,156115,471570217471011
2506.062,35.0344414,-89.8319559,ChIJfcC9SguQf4gR_xf02Tpo1-w,OK,166203,471570217411013
2506.062,35.0344414,-89.8319559,ChIJfcC9SguQf4gR_xf02Tpo1-w,OK,166203,471570217411013
2665.106,35.0490562,-89.84441600000001,ChIJCUulJK6af4gR7vOP_qSrYdM,OK,175048,471570217411013
2512.85,35.0490562,-89.84441600000001,ChIJCUulJK6af4gR7vOP_qSrYdM,OK,168628,471570217411003
3518.214,35.0501932,-89.8529489,ChIJJ3DCd1KFf4gRBb2DFEnzV7w,OK,226155,471570217411003
3518.214,35.0501932,-89.8529489,ChIJJ3DCd1KFf4gRBb2DFEnzV7w,OK,226155,471570217411003
1226.795,35.0490562,-89.84441600000001,ChIJCUulJK6af4gR7vOP_qSrYdM,OK,85693,471570217462010
1226.795,35.0490562,-89.84441600000001,ChIJCUulJK6af4gR7vOP_qSrYdM,OK,85693,471570217462010
1530.418,35.049031,-89.841437,ChIJt6vl46-af4gRvoN8Yvkmx9A,OK,100983,471570217462010
1622.074,35.093591,-90.056624,ChIJgyVl92d81YcRhuRHHckl8Y4,OK,97328,471570053003050
1622.074,35.093591,-90.056624,ChIJgyVl92d81YcRhuRHHckl8Y4,OK,97328,471570053003050
1801.911,35.095133,-90.05542799999999,ChIJATnUo0J81YcRpbAuNwXeqRw,OK,107288,471570053003050
1411.48,35.13418100000001,-89.98599,ChIJnf1_yraAf4gR9pQmD7CXhgg,OK,87621,471570063001000
1411.48,35.13418100000001,-89.98599,ChIJnf1_yraAf4gR9pQmD7CXhgg,OK,87621,471570063001000
1477.759,35.13779299999999,-89.99118349999999,ChIJUQlZ-K-Af4gRkRKK62-ap5w,OK,97119,471570063001000
1853.816,35.0490562,-89.84441600000001,ChIJCUulJK6af4gR7vOP_qSrYdM,OK,148628,471570217462011
1853.816,35.0490562,-89.84441600000001,ChIJCUulJK6af4gR7vOP_qSrYdM,OK,148628,471570217462011
2021.772,35.0344414,-89.8319559,ChIJfcC9SguQf4gR_xf02Tpo1-w,OK,157885,471570217462011
2533.839,35.0344414,-89.8319559,ChIJfcC9SguQf4gR_xf02Tpo1-w,OK,169537,471570217411014
2533.839,35.0344414,-89.8319559,ChIJfcC9SguQf4gR_xf02Tpo1-w,OK,169537,471570217411014
2692.883,35.0490562,-89.84441600000001,ChIJCUulJK6af4gR7vOP_qSrYdM,OK,178382,471570217411014
1682.061,35.0490562,-89.84441600000001,ChIJCUulJK6af4gR7vOP_qSrYdM,OK,111019,471570217324016
1682.061,35.0490562,-89.84441600000001,ChIJCUulJK6af4gR7vOP_qSrYdM,OK,111019,471570217324016
1985.684,35.049031,-89.841437,ChIJt6vl46-af4gRvoN8Yvkmx9A,OK,126309,471570217324016
2581.536,35.0344414,-89.8319559,ChIJfcC9SguQf4gR_xf02Tpo1-w,OK,158161,471570217411019
2581.536,35.0344414,-89.8319559,ChIJfcC9SguQf4gR_xf02Tpo1-w,OK,158161,471570217411019
2740.58,35.0490562,-89.84441600000001,ChIJCUulJK6af4gR7vOP_qSrYdM,OK,167006,471570217411019
2319.965,35.0344414,-89.8319559,ChIJfcC9SguQf4gR_xf02Tpo1-w,OK,135333,471570217411015
2319.965,35.0344414,-89.8319559,ChIJfcC9SguQf4gR_xf02Tpo1-w,OK,135333,471570217411015
2479.009,35.0490562,-89.84441600000001,ChIJCUulJK6af4gR7vOP_qSrYdM,OK,144178,471570217411015
2317.655,35.0344414,-89.8319559,ChIJfcC9SguQf4gR_xf02Tpo1-w,OK,143595,471570217411009
2317.655,35.0344414,-89.8319559,ChIJfcC9SguQf4gR_xf02Tpo1-w,OK,143595,471570217411009
2476.699,35.0490562,-89.84441600000001,ChIJCUulJK6af4gR7vOP_qSrYdM,OK,152440,471570217411009
1734.807,35.0220022,-89.82947999999999,ChIJxT9DeWuQf4gRf6HLF5uJHd0,OK,126596,471570217472002
1734.807,35.0220022,-89.82947999999999,ChIJxT9DeWuQf4gRf6HLF5uJHd0,OK,126596,471570217472002
2276.897,35.0078094,-89.83044679999999,ChIJpwHMo0eQf4gRIqmNFjWLuW4,OK,155574,471570217472002
3035.293,35.0344414,-89.8319559,ChIJfcC9SguQf4gR_xf02Tpo1-w,OK,206816,471570217411022
3035.293,35.0344414,-89.8319559,ChIJfcC9SguQf4gR_xf02Tpo1-w,OK,206816,471570217411022
3393.861,35.0220022,-89.82947999999999,ChIJxT9DeWuQf4gRf6HLF5uJHd0,OK,221564,471570217411022
1830.638,35.0344414,-89.8319559,ChIJfcC9SguQf4gR_xf02Tpo1-w,OK,161879,471570217471010
1830.638,35.0344414,-89.8319559,ChIJfcC9SguQf4gR_xf02Tpo1-w,OK,161879,471570217471010
2557.762,35.0490562,-89.84441600000001,ChIJCUulJK6af4gR7vOP_qSrYdM,OK,179481,471570217471010
2601.374,35.0220022,-89.82947999999999,ChIJxT9DeWuQf4gRf6HLF5uJHd0,OK,174026,471570217471016
2601.374,35.0220022,-89.82947999999999,ChIJxT9DeWuQf4gRf6HLF5uJHd0,OK,174026,471570217471016
3143.464,35.0078094,-89.83044679999999,ChIJpwHMo0eQf4gRIqmNFjWLuW4,OK,203004,471570217471016
1939.124,35.0344414,-89.8319559,ChIJfcC9SguQf4gR_xf02Tpo1-w,OK,174897,471570217471009
1939.124,35.0344414,-89.8319559,ChIJfcC9SguQf4gR_xf02Tpo1-w,OK,174897,471570217471009
2219.612,35.0220022,-89.82947999999999,ChIJxT9DeWuQf4gRf6HLF5uJHd0,OK,186975,471570217471009
1747.75,35.0220022,-89.82947999999999,ChIJxT9DeWuQf4gRf6HLF5uJHd0,OK,130353,471570217471008
1747.75,35.0220022,-89.82947999999999,ChIJxT9DeWuQf4gRf6HLF5uJHd0,OK,130353,471570217471008
1899.966,35.0344414,-89.8319559,ChIJfcC9SguQf4gR_xf02Tpo1-w,OK,137778,471570217471008
1827.645,35.0220022,-89.82947999999999,ChIJxT9DeWuQf4gRf6HLF5uJHd0,OK,139940,471570217471006
1827.645,35.0220022,-89.82947999999999,ChIJxT9DeWuQf4gRf6HLF5uJHd0,OK,139940,471570217471006
1912.546,35.0344414,-89.8319559,ChIJfcC9SguQf4gR_xf02Tpo1-w,OK,144844,471570217471006
3357.047,35.2051043,-89.79754849999999,ChIJpRDMlY2df4gRQqHmUo_lzmc,OK,232855,471570211422012
4288.436,35.1546312,-89.79260459999999,ChIJ8UeuSEecf4gRniit7ubZLtM,OK,305871,471570211362011
4288.436,35.1546312,-89.79260459999999,ChIJ8UeuSEecf4gRniit7ubZLtM,OK,305871,471570211362011
5534.991,35.14868459999999,-89.7948203,ChIJ4w9Lr2qcf4gRHdzl9FciAFM,OK,358558,471570211362011
4500.779,35.1546312,-89.79260459999999,ChIJ8UeuSEecf4gRniit7ubZLtM,OK,325556,471570211362012
4500.779,35.1546312,-89.79260459999999,ChIJ8UeuSEecf4gRniit7ubZLtM,OK,325556,471570211362012
5747.333,35.14868459999999,-89.7948203,ChIJ4w9Lr2qcf4gRHdzl9FciAFM,OK,378243,471570211362012
4846.627,35.1581502,-89.72609419999999,ChIJL6yctRGff4gRqpalt07WxQs,OK,317772,471570211362000
4846.627,35.1581502,-89.72609419999999,ChIJL6yctRGff4gRqpalt07WxQs,OK,317772,471570211362000
5186.879,35.2044739,-89.76342459999999,ChIJ3XsJxyKef4gRTeWb3lonWsU,OK,369893,471570211362000
4835.148,35.1153996,-89.89414069999999,ChIJCb4NOWWEf4gR79YlPQoocW4,OK,364266,471570213111033
4835.148,35.1153996,-89.89414069999999,ChIJCb4NOWWEf4gR79YlPQoocW4,OK,364266,471570213111033
5413.924,35.1145886,-89.90089789999999,ChIJKWmlFW6Ef4gR0YNISWQMkss,OK,391819,471570213111033
1023.873,35.1927931,-89.86922029999999,ChIJAQAAAMCCf4gRZL0qi0KLjtw,OK,77441,471570206215010
1023.873,35.1927931,-89.86922029999999,ChIJAQAAAMCCf4gRZL0qi0KLjtw,OK,77441,471570206215010
1052.843,35.1835367,-89.8717722,ChIJv1U5XuiCf4gRMlXiIrwnbJo,OK,89179,471570206215010
2476.828,35.1251709,-90.0481695,ChIJybIJtCd81YcR9Otxws-5qCM,OK,150892,471570117001064
2476.828,35.1251709,-90.0481695,ChIJybIJtCd81YcR9Otxws-5qCM,OK,150892,471570117001064
2478.642,35.125222,-90.048147,ChIJ9cKdtid81YcRKs9h6RjzQzw,OK,150993,471570117001064
2190.749,35.0612606,-89.88628629999999,ChIJAQ_I1gqFf4gRFrt5yQeAEps,OK,157483,471570217101020
2190.749,35.0612606,-89.88628629999999,ChIJAQ_I1gqFf4gRFrt5yQeAEps,OK,157483,471570217101020
2074.149,35.0632829,-89.88727279999999,ChIJvVoQ4QqFf4gRItXZGUDZ-Hc,OK,172910,471570217101020
2166.147,35.125222,-90.048147,ChIJ9cKdtid81YcRKs9h6RjzQzw,OK,131294,471570046001012
2166.147,35.125222,-90.048147,ChIJ9cKdtid81YcRKs9h6RjzQzw,OK,131294,471570046001012
2167.961,35.1251709,-90.0481695,ChIJybIJtCd81YcR9Otxws-5qCM,OK,131394,471570046001012
2249.089,35.0854368,-89.89541919999999,ChIJf5cc-VKEf4gRF-lYLgijYQQ,OK,150629,471570095003024
2249.089,35.0854368,-89.89541919999999,ChIJf5cc-VKEf4gRF-lYLgijYQQ,OK,150629,471570095003024
3765.675,35.1145886,-89.90089789999999,ChIJKWmlFW6Ef4gR0YNISWQMkss,OK,243810,471570095003024
1279.61,35.093158,-89.93038,ChIJU1HLuoSGf4gRK5KIVLXtvbU,OK,116788,471570080003015
1279.61,35.093158,-89.93038,ChIJU1HLuoSGf4gRK5KIVLXtvbU,OK,116788,471570080003015
1596.79,35.0960067,-89.93138279999999,ChIJFfDYDZuGf4gR5IbqhV7MTAo,OK,136670,471570080003015
2777.313,35.0614623,-89.8536277,ChIJ4TWJkTWFf4gRbkNZYfkF9Jw,OK,179918,471570217101022
2777.313,35.0614623,-89.8536277,ChIJ4TWJkTWFf4gRbkNZYfkF9Jw,OK,179918,471570217101022
3350.988,35.050596,-89.869556,ChIJQ4vLA2iFf4gRyyCo3ihKH44,OK,206987,471570217101022
1103.679,35.062945,-89.90568519999999,ChIJjxj9mL-Ff4gRoOEx9OzDyxs,OK,74525,471570106101042
1103.679,35.062945,-89.90568519999999,ChIJjxj9mL-Ff4gRoOEx9OzDyxs,OK,74525,471570106101042
1090.041,35.063996,-89.90690699999999,ChIJn51vcb-Ff4gRvoXU4r8swrw,OK,88675,471570106101042
1122.857,35.104197,-89.98335349999999,ChIJNST6hGqHf4gR0Mml4gyjQWk,OK,83511,471570069003011
1122.857,35.104197,-89.98335349999999,ChIJNST6hGqHf4gR0Mml4gyjQWk,OK,83511,471570069003011
1445.484,35.09464699999999,-89.9708677,ChIJx5uAuBqHf4gRze5MKc5WJFI,OK,108600,471570069003011
660.75,35.0515544,-89.92255089999999,ChIJG_UFGuOFf4gRyHNDzwp5is0,OK,44586,471570226001032
660.75,35.0515544,-89.92255089999999,ChIJG_UFGuOFf4gRyHNDzwp5is0,OK,44586,471570226001032
1446.382,35.05905920000001,-89.9340455,ChIJM89Mbw2Gf4gRFqf4fPnKU7k,OK,85201,471570226001032
944.136,35.0515568,-89.90630259999999,ChIJrU8jyZKFf4gRubg1AIyELWY,OK,71606,471570226002017
944.136,35.0515568,-89.90630259999999,ChIJrU8jyZKFf4gRubg1AIyELWY,OK,71606,471570226002017
1450.876,35.05018,-89.89110199999999,ChIJNUozxJyFf4gRrJ8tUHk1p2Q,OK,96768,471570226002017
511.707,35.0612606,-89.88628629999999,ChIJAQ_I1gqFf4gRFrt5yQeAEps,OK,43768,471570108101003
511.707,35.0612606,-89.88628629999999,ChIJAQ_I1gqFf4gRFrt5yQeAEps,OK,43768,471570108101003
409.758,35.0632829,-89.88727279999999,ChIJvVoQ4QqFf4gRItXZGUDZ-Hc,OK,54236,471570108101003
251.119,35.0612606,-89.88628629999999,ChIJAQ_I1gqFf4gRFrt5yQeAEps,OK,27864,471570108101001
251.119,35.0612606,-89.88628629999999,ChIJAQ_I1gqFf4gRFrt5yQeAEps,OK,27864,471570108101001
624.027,35.0632829,-89.88727279999999,ChIJvVoQ4QqFf4gRItXZGUDZ-Hc,OK,66164,471570108101001
268.256,35.0612606,-89.88628629999999,ChIJAQ_I1gqFf4gRFrt5yQeAEps,OK,29920,471570108101004
268.256,35.0612606,-89.88628629999999,ChIJAQ_I1gqFf4gRFrt5yQeAEps,OK,29920,471570108101004
641.164,35.0632829,-89.88727279999999,ChIJvVoQ4QqFf4gRItXZGUDZ-Hc,OK,68220,471570108101004
212.98,35.0612606,-89.88628629999999,ChIJAQ_I1gqFf4gRFrt5yQeAEps,OK,26759,471570108202004
212.98,35.0612606,-89.88628629999999,ChIJAQ_I1gqFf4gRFrt5yQeAEps,OK,26759,471570108202004
585.888,35.0632829,-89.88727279999999,ChIJvVoQ4QqFf4gRItXZGUDZ-Hc,OK,65059,471570108202004
1264.085,35.1145886,-89.90089789999999,ChIJKWmlFW6Ef4gR0YNISWQMkss,OK,97184,471570095001002
1264.085,35.1145886,-89.90089789999999,ChIJKWmlFW6Ef4gR0YNISWQMkss,OK,97184,471570095001002
1234.119,35.1153996,-89.89414069999999,ChIJCb4NOWWEf4gR79YlPQoocW4,OK,102557,471570095001002
3004.054,35.04677619999999,-89.8859339,ChIJycTJ_niFf4gR5esliSzp17E,OK,206987,471570226001078
5216.963,35.02100869999999,-89.8995317,ChIJ-f6gz22Pf4gR-rWEeLgd-68,OK,329609,471570226001078
5216.963,35.02100869999999,-89.8995317,ChIJ-f6gz22Pf4gR-rWEeLgd-68,OK,329609,471570226001078
1328.896,35.0612606,-89.88628629999999,ChIJAQ_I1gqFf4gRFrt5yQeAEps,OK,91740,471570107201015
1328.896,35.0612606,-89.88628629999999,ChIJAQ_I1gqFf4gRFrt5yQeAEps,OK,91740,471570107201015
1562.35,35.0632829,-89.88727279999999,ChIJvVoQ4QqFf4gRItXZGUDZ-Hc,OK,122320,471570107201015
1205.129,35.0543926,-90.0597009,ChIJT5TzUbl81YcRiPqNjkbj9CA,OK,74410,471570223213030
1205.129,35.0543926,-90.0597009,ChIJT5TzUbl81YcRiPqNjkbj9CA,OK,74410,471570223213030
1964.681,35.06128,-90.05978399999999,ChIJm06f8ZV81YcRTjzAsJPcBKY,OK,116475,471570223213030
1722.056,35.2064292,-89.73436359999999,ChIJP6qgZdGff4gRQoIww3TX5kM,OK,102150,471570210102025
1722.056,35.2064292,-89.73436359999999,ChIJP6qgZdGff4gRQoIww3TX5kM,OK,102150,471570210102025
2177.891,35.2044739,-89.76342459999999,ChIJ3XsJxyKef4gRTeWb3lonWsU,OK,131059,471570210102025
1968.895,35.2064292,-89.73436359999999,ChIJP6qgZdGff4gRQoIww3TX5kM,OK,119965,471570210102029
1968.895,35.2064292,-89.73436359999999,ChIJP6qgZdGff4gRQoIww3TX5kM,OK,119965,471570210102029
2424.73,35.2044739,-89.76342459999999,ChIJ3XsJxyKef4gRTeWb3lonWsU,OK,148874,471570210102029
1895.405,35.2045576,-89.81176689999999,ChIJ8ROix4Kdf4gR4Su-1OwAUMo,OK,154958,471570211131011
1895.405,35.2045576,-89.81176689999999,ChIJ8ROix4Kdf4gR4Su-1OwAUMo,OK,154958,471570211131011
2594.988,35.2051043,-89.79754849999999,ChIJpRDMlY2df4gRQqHmUo_lzmc,OK,194322,471570211131011
2286.904,35.2045576,-89.81176689999999,ChIJ8ROix4Kdf4gR4Su-1OwAUMo,OK,143150,471570211131042
2286.904,35.2045576,-89.81176689999999,ChIJ8ROix4Kdf4gR4Su-1OwAUMo,OK,143150,471570211131042
2196.645,35.2051043,-89.79754849999999,ChIJpRDMlY2df4gRQqHmUo_lzmc,OK,150873,471570211131042
1604.124,35.2045576,-89.81176689999999,ChIJ8ROix4Kdf4gR4Su-1OwAUMo,OK,120006,471570211131016
1604.124,35.2045576,-89.81176689999999,ChIJ8ROix4Kdf4gR4Su-1OwAUMo,OK,120006,471570211131016
2660.633,35.2051043,-89.79754849999999,ChIJpRDMlY2df4gRQqHmUo_lzmc,OK,177425,471570211131016
1129.43,35.2045576,-89.81176689999999,ChIJ8ROix4Kdf4gR4Su-1OwAUMo,OK,66693,471570211131018
1129.43,35.2045576,-89.81176689999999,ChIJ8ROix4Kdf4gR4Su-1OwAUMo,OK,66693,471570211131018
2185.939,35.2051043,-89.79754849999999,ChIJpRDMlY2df4gRQqHmUo_lzmc,OK,124112,471570211131018
1477.083,35.2045576,-89.81176689999999,ChIJ8ROix4Kdf4gR4Su-1OwAUMo,OK,104761,471570211131012
1477.083,35.2045576,-89.81176689999999,ChIJ8ROix4Kdf4gR4Su-1OwAUMo,OK,104761,471570211131012
2533.592,35.2051043,-89.79754849999999,ChIJpRDMlY2df4gRQqHmUo_lzmc,OK,162180,471570211131012
2278.527,35.2051043,-89.79754849999999,ChIJpRDMlY2df4gRQqHmUo_lzmc,OK,166986,471570211131029
2278.527,35.2051043,-89.79754849999999,ChIJpRDMlY2df4gRQqHmUo_lzmc,OK,166986,471570211131029
2630.75,35.2045576,-89.81176689999999,ChIJ8ROix4Kdf4gR4Su-1OwAUMo,OK,178123,471570211131029
245.101,35.1450994,-90.0538646,ChIJne6_s5V-1YcRn_LPaqiwhrk,OK,30092,471570042001036
245.101,35.1450994,-90.0538646,ChIJne6_s5V-1YcRn_LPaqiwhrk,OK,30092,471570042001036
464.64,35.1435177,-90.0539328,ChIJ8VFg1pV-1YcRR9G8p0pZx6U,OK,38847,471570042001036
1635.334,35.0209193,-89.8996561,ChIJxWQfy22Pf4gRlC1jxVU1A2g,OK,113729,471570226001176
1635.334,35.0209193,-89.8996561,ChIJxWQfy22Pf4gRlC1jxVU1A2g,OK,113729,471570226001176
1646.607,35.02100869999999,-89.8995317,ChIJ-f6gz22Pf4gR-rWEeLgd-68,OK,114353,471570226001176
3658.7,35.14868459999999,-89.7948203,ChIJ4w9Lr2qcf4gRHdzl9FciAFM,OK,322486,471570211371001
3658.7,35.14868459999999,-89.7948203,ChIJ4w9Lr2qcf4gRHdzl9FciAFM,OK,322486,471570211371001
4080.946,35.1546312,-89.79260459999999,ChIJ8UeuSEecf4gRniit7ubZLtM,OK,338952,471570211371001
1118.7,35.0543926,-90.0597009,ChIJT5TzUbl81YcRiPqNjkbj9CA,OK,76217,471570223213000
1118.7,35.0543926,-90.0597009,ChIJT5TzUbl81YcRiPqNjkbj9CA,OK,76217,471570223213000
1878.252,35.06128,-90.05978399999999,ChIJm06f8ZV81YcRTjzAsJPcBKY,OK,118282,471570223213000
1219.032,35.0543926,-90.0597009,ChIJT5TzUbl81YcRiPqNjkbj9CA,OK,76078,471570223213019
1219.032,35.0543926,-90.0597009,ChIJT5TzUbl81YcRiPqNjkbj9CA,OK,76078,471570223213019
1978.584,35.06128,-90.05978399999999,ChIJm06f8ZV81YcRTjzAsJPcBKY,OK,118143,471570223213019
3404.843,34.999309,-90.118577,ChIJ9TRIjgZl1YcR3fm2jM14AHY,OK,225737,471570224104025
3404.843,34.999309,-90.118577,ChIJ9TRIjgZl1YcR3fm2jM14AHY,OK,225737,471570224104025
4004.523,35.02753099999999,-90.082077,ChIJK66rdetk1YcRwwxI9gDREks,OK,258550,471570224104025
3327.83,34.999309,-90.118577,ChIJ9TRIjgZl1YcR3fm2jM14AHY,OK,216496,471570224104014
3327.83,34.999309,-90.118577,ChIJ9TRIjgZl1YcR3fm2jM14AHY,OK,216496,471570224104014
3927.51,35.02753099999999,-90.082077,ChIJK66rdetk1YcRwwxI9gDREks,OK,249309,471570224104014
1316.762,35.02753099999999,-90.082077,ChIJK66rdetk1YcRwwxI9gDREks,OK,149787,471570223303008
1316.762,35.02753099999999,-90.082077,ChIJK66rdetk1YcRwwxI9gDREks,OK,149787,471570223303008
2117.834,35.0326981,-90.07589809999999,ChIJ9S1ljalk1YcRvuG-_hbpimA,OK,194153,471570223303008
1744.519,35.1942326,-89.8965709,ChIJD7pM72eCf4gRg19OPcAuyDw,OK,138037,471570205424000
2487.437,35.2023757,-89.9218691,ChIJvw7rwByCf4gRrAscHKjp1Iw,OK,199330,471570205424000
2487.437,35.2023757,-89.9218691,ChIJvw7rwByCf4gRrAscHKjp1Iw,OK,199330,471570205424000
665.702,35.0344414,-89.8319559,ChIJfcC9SguQf4gR_xf02Tpo1-w,OK,79015,471570217442003
665.702,35.0344414,-89.8319559,ChIJfcC9SguQf4gR_xf02Tpo1-w,OK,79015,471570217442003
1982.291,35.0220022,-89.82947999999999,ChIJxT9DeWuQf4gRf6HLF5uJHd0,OK,151930,471570217442003
3615.317,35.2064292,-89.73436359999999,ChIJP6qgZdGff4gRQoIww3TX5kM,OK,162685,471570208202056
3615.317,35.2064292,-89.73436359999999,ChIJP6qgZdGff4gRQoIww3TX5kM,OK,162685,471570208202056
6277.221,35.2044739,-89.76342459999999,ChIJ3XsJxyKef4gRTeWb3lonWsU,OK,290863,471570208202056
1928.835,35.2051043,-89.79754849999999,ChIJpRDMlY2df4gRQqHmUo_lzmc,OK,109011,471570211212062
1928.835,35.2051043,-89.79754849999999,ChIJpRDMlY2df4gRQqHmUo_lzmc,OK,109011,471570211212062
2393.805,35.2072684,-89.7827147,ChIJKdJ2xvqdf4gRKLRUePlbOOs,OK,166433,471570211212062
1872.372,35.1507888,-89.977317,ChIJdVWrOuqAf4gR-V7s1E3qo7g,OK,113851,471570007001022
1872.372,35.1507888,-89.977317,ChIJdVWrOuqAf4gR-V7s1E3qo7g,OK,113851,471570007001022
2003.057,35.1738374,-89.98954379999999,ChIJ_S0BIGOAf4gRU3Ph4W65cOQ,OK,145397,471570007001022
19.231,35.13779299999999,-89.99118349999999,ChIJUQlZ-K-Af4gRkRKK62-ap5w,OK,2307,471570032001020
928.292,35.09464699999999,-89.9708677,ChIJx5uAuBqHf4gRze5MKc5WJFI,OK,82291,471570069003016
928.292,35.09464699999999,-89.9708677,ChIJx5uAuBqHf4gRze5MKc5WJFI,OK,82291,471570069003016
1703.992,35.104197,-89.98335349999999,ChIJNST6hGqHf4gR0Mml4gyjQWk,OK,136561,471570069003016
989.953,35.0904795,-89.96597299999999,ChIJHfaNmAOHf4gR1d8V2K9rfSU,OK,90402,471570069001016
902.09,35.09464699999999,-89.9708677,ChIJx5uAuBqHf4gRze5MKc5WJFI,OK,92015,471570069001016
902.09,35.09464699999999,-89.9708677,ChIJx5uAuBqHf4gRze5MKc5WJFI,OK,92015,471570069001016
1548.923,35.0841884,-89.97146650000001,ChIJX1vb4AeHf4gRloPQ2o5nDXA,OK,133550,471570081102008
1548.923,35.0841884,-89.97146650000001,ChIJX1vb4AeHf4gRloPQ2o5nDXA,OK,133550,471570081102008
2651.643,35.0904795,-89.96597299999999,ChIJHfaNmAOHf4gR1d8V2K9rfSU,OK,197157,471570081102008
1627.957,35.0841884,-89.97146650000001,ChIJX1vb4AeHf4gRloPQ2o5nDXA,OK,115321,471570078101058
1627.957,35.0841884,-89.97146650000001,ChIJX1vb4AeHf4gRloPQ2o5nDXA,OK,115321,471570078101058
3066.968,35.0643218,-89.9923063,ChIJb3DQuo2Hf4gRC8UI6d4pa68,OK,173611,471570078101058
2009.319,35.0841884,-89.97146650000001,ChIJX1vb4AeHf4gRloPQ2o5nDXA,OK,125196,471570078101059
2009.319,35.0841884,-89.97146650000001,ChIJX1vb4AeHf4gRloPQ2o5nDXA,OK,125196,471570078101059
2983.633,35.0643218,-89.9923063,ChIJb3DQuo2Hf4gRC8UI6d4pa68,OK,173641,471570078101059
2027.836,35.0841884,-89.97146650000001,ChIJX1vb4AeHf4gRloPQ2o5nDXA,OK,129870,471570078215003
2027.836,35.0841884,-89.97146650000001,ChIJX1vb4AeHf4gRloPQ2o5nDXA,OK,129870,471570078215003
3002.15,35.0643218,-89.9923063,ChIJb3DQuo2Hf4gRC8UI6d4pa68,OK,178315,471570078215003
1459.812,35.0841884,-89.97146650000001,ChIJX1vb4AeHf4gRloPQ2o5nDXA,OK,102884,471570081102019
1459.812,35.0841884,-89.97146650000001,ChIJX1vb4AeHf4gRloPQ2o5nDXA,OK,102884,471570081102019
2728.372,35.0904795,-89.96597299999999,ChIJHfaNmAOHf4gR1d8V2K9rfSU,OK,176441,471570081102019
2946.353,35.0614623,-89.8536277,ChIJ4TWJkTWFf4gRbkNZYfkF9Jw,OK,177864,471570213312014
2946.353,35.0614623,-89.8536277,ChIJ4TWJkTWFf4gRbkNZYfkF9Jw,OK,177864,471570213312014
3520.027,35.050596,-89.869556,ChIJQ4vLA2iFf4gRyyCo3ihKH44,OK,204933,471570213312014
1538.588,35.0841884,-89.97146650000001,ChIJX1vb4AeHf4gRloPQ2o5nDXA,OK,103131,471570081102020
1538.588,35.0841884,-89.97146650000001,ChIJX1vb4AeHf4gRloPQ2o5nDXA,OK,103131,471570081102020
2833.538,35.0643218,-89.9923063,ChIJb3DQuo2Hf4gRC8UI6d4pa68,OK,170979,471570081102020
2096.238,35.0841884,-89.97146650000001,ChIJX1vb4AeHf4gRloPQ2o5nDXA,OK,142941,471570078101060
2096.238,35.0841884,-89.97146650000001,ChIJX1vb4AeHf4gRloPQ2o5nDXA,OK,142941,471570078101060
3070.552,35.0643218,-89.9923063,ChIJb3DQuo2Hf4gRC8UI6d4pa68,OK,191386,471570078101060
1963.491,35.0841884,-89.97146650000001,ChIJX1vb4AeHf4gRloPQ2o5nDXA,OK,126826,471570078215001
1963.491,35.0841884,-89.97146650000001,ChIJX1vb4AeHf4gRloPQ2o5nDXA,OK,126826,471570078215001
2937.805,35.0643218,-89.9923063,ChIJb3DQuo2Hf4gRC8UI6d4pa68,OK,175271,471570078215001
2003.384,35.0841884,-89.97146650000001,ChIJX1vb4AeHf4gRloPQ2o5nDXA,OK,131613,471570078215000
2003.384,35.0841884,-89.97146650000001,ChIJX1vb4AeHf4gRloPQ2o5nDXA,OK,131613,471570078215000
2977.699,35.0643218,-89.9923063,ChIJb3DQuo2Hf4gRC8UI6d4pa68,OK,180058,471570078215000
2815.816,35.086634,-89.96355199999999,ChIJW0XU3AGHf4gRINnmxvx9m5A,OK,137607,471579801001015
2815.816,35.086634,-89.96355199999999,ChIJW0XU3AGHf4gRINnmxvx9m5A,OK,137607,471579801001015
3905.57,35.0841884,-89.97146650000001,ChIJX1vb4AeHf4gRloPQ2o5nDXA,OK,205452,471579801001015
2835.48,35.0841884,-89.97146650000001,ChIJX1vb4AeHf4gRloPQ2o5nDXA,OK,240263,471570078215008
3809.794,35.0643218,-89.9923063,ChIJb3DQuo2Hf4gRC8UI6d4pa68,OK,288708,471570078215008
3809.794,35.0643218,-89.9923063,ChIJb3DQuo2Hf4gRC8UI6d4pa68,OK,288708,471570078215008
4531.911,35.09464699999999,-89.9708677,ChIJx5uAuBqHf4gRze5MKc5WJFI,OK,229075,471570081103005
4453.079,35.0841884,-89.97146650000001,ChIJX1vb4AeHf4gRloPQ2o5nDXA,OK,231116,471570081103005
4453.079,35.0841884,-89.97146650000001,ChIJX1vb4AeHf4gRloPQ2o5nDXA,OK,231116,471570081103005
2169.755,35.0841884,-89.97146650000001,ChIJX1vb4AeHf4gRloPQ2o5nDXA,OK,120884,471570225001001
2169.755,35.0841884,-89.97146650000001,ChIJX1vb4AeHf4gRloPQ2o5nDXA,OK,120884,471570225001001
2327.926,35.0643218,-89.9923063,ChIJb3DQuo2Hf4gRC8UI6d4pa68,OK,139953,471570225001001
2043.262,35.0841884,-89.97146650000001,ChIJX1vb4AeHf4gRloPQ2o5nDXA,OK,114379,471570225001000
2043.262,35.0841884,-89.97146650000001,ChIJX1vb4AeHf4gRloPQ2o5nDXA,OK,114379,471570225001000
2201.433,35.0643218,-89.9923063,ChIJb3DQuo2Hf4gRC8UI6d4pa68,OK,133448,471570225001000
4905.445,35.09464699999999,-89.9708677,ChIJx5uAuBqHf4gRze5MKc5WJFI,OK,246572,471570078215011
4826.614,35.0841884,-89.97146650000001,ChIJX1vb4AeHf4gRloPQ2o5nDXA,OK,248613,471570078215011
4826.614,35.0841884,-89.97146650000001,ChIJX1vb4AeHf4gRloPQ2o5nDXA,OK,248613,471570078215011
252.044,35.13763670000001,-90.00757159999999,ChIJl69WLQV-1YcRU3z7Tt2MyhY,OK,30243,471570034001015
252.044,35.13763670000001,-90.00757159999999,ChIJl69WLQV-1YcRU3z7Tt2MyhY,OK,30243,471570034001015
454.306,35.139426,-90.00714049999999,ChIJC-6kIBt-1YcRA1cskDtjsVc,OK,54513,471570034001015
2119.699,35.0841884,-89.97146650000001,ChIJX1vb4AeHf4gRloPQ2o5nDXA,OK,116582,471579801001032
2119.699,35.0841884,-89.97146650000001,ChIJX1vb4AeHf4gRloPQ2o5nDXA,OK,116582,471579801001032
2054,35.0643218,-89.9923063,ChIJb3DQuo2Hf4gRC8UI6d4pa68,OK,127595,471579801001032
2000.053,35.0643218,-89.9923063,ChIJb3DQuo2Hf4gRC8UI6d4pa68,OK,127413,471579801001014
2000.053,35.0643218,-89.9923063,ChIJb3DQuo2Hf4gRC8UI6d4pa68,OK,127413,471579801001014
4021.342,35.0841884,-89.97146650000001,ChIJX1vb4AeHf4gRloPQ2o5nDXA,OK,208841,471579801001014
601.94,35.0643218,-89.9923063,ChIJb3DQuo2Hf4gRC8UI6d4pa68,OK,53266,471579801001073
601.94,35.0643218,-89.9923063,ChIJb3DQuo2Hf4gRC8UI6d4pa68,OK,53266,471579801001073
2500.173,35.05407199999999,-90.00125899999999,ChIJIzdhk1h91YcRZT7cBcBslaM,OK,138459,471579801001073
3381.122,35.14868459999999,-89.7948203,ChIJ4w9Lr2qcf4gRHdzl9FciAFM,OK,263906,471579804001032
3381.122,35.14868459999999,-89.7948203,ChIJ4w9Lr2qcf4gRHdzl9FciAFM,OK,263906,471579804001032
4147.285,35.1546312,-89.79260459999999,ChIJ8UeuSEecf4gRniit7ubZLtM,OK,284605,471579804001032
278.949,35.1060329,-90.039159,ChIJ231bcjV81YcRQ1quDeYAd6M,OK,24745,471570059002035
278.949,35.1060329,-90.039159,ChIJ231bcjV81YcRQ1quDeYAd6M,OK,24745,471570059002035
1814.52,35.1087458,-90.0211918,ChIJe6w2EsF91YcRquzVZc8M0-I,OK,106669,471570059002035
5336.533,35.0612606,-89.88628629999999,ChIJAQ_I1gqFf4gRFrt5yQeAEps,OK,283967,471570213312016
5219.932,35.0632829,-89.88727279999999,ChIJvVoQ4QqFf4gRItXZGUDZ-Hc,OK,299394,471570213312016
5219.932,35.0632829,-89.88727279999999,ChIJvVoQ4QqFf4gRItXZGUDZ-Hc,OK,299394,471570213312016
447.454,35.0643218,-89.9923063,ChIJb3DQuo2Hf4gRC8UI6d4pa68,OK,44709,471570225001128
447.454,35.0643218,-89.9923063,ChIJb3DQuo2Hf4gRC8UI6d4pa68,OK,44709,471570225001128
1770.697,35.05407199999999,-90.00125899999999,ChIJIzdhk1h91YcRZT7cBcBslaM,OK,98063,471570225001128
2688.556,35.05407199999999,-90.00125899999999,ChIJIzdhk1h91YcRZT7cBcBslaM,OK,147405,471579801001062
2688.556,35.05407199999999,-90.00125899999999,ChIJIzdhk1h91YcRZT7cBcBslaM,OK,147405,471579801001062
3091.954,35.0643218,-89.9923063,ChIJb3DQuo2Hf4gRC8UI6d4pa68,OK,189676,471579801001062
801.651,35.0461089,-89.7947008,ChIJaZI6O3Oaf4gRqa_eh0DNj_s,OK,44395,471570213421069
801.651,35.0461089,-89.7947008,ChIJaZI6O3Oaf4gRqa_eh0DNj_s,OK,44395,471570213421069
919.656,35.045091,-89.795412,ChIJVelsQnOaf4gRECqTW7fq-dY,OK,50930,471570213421069
195.553,35.0461089,-89.7947008,ChIJaZI6O3Oaf4gRqa_eh0DNj_s,OK,14283,471570215101019
195.553,35.0461089,-89.7947008,ChIJaZI6O3Oaf4gRqa_eh0DNj_s,OK,14283,471570215101019
313.558,35.045091,-89.795412,ChIJVelsQnOaf4gRECqTW7fq-dY,OK,20818,471570215101019
1062.354,35.051879,-89.95322299999999,ChIJtbdkhjqGf4gRndtG1KtFnTA,OK,98283,471570110202002
1062.354,35.051879,-89.95322299999999,ChIJtbdkhjqGf4gRndtG1KtFnTA,OK,98283,471570110202002
2748.77,35.05905920000001,-89.9340455,ChIJM89Mbw2Gf4gRFqf4fPnKU7k,OK,191369,471570110202002
1432.22,35.0326981,-90.07589809999999,ChIJ9S1ljalk1YcRvuG-_hbpimA,OK,82531,471570223101002
1432.22,35.0326981,-90.07589809999999,ChIJ9S1ljalk1YcRvuG-_hbpimA,OK,82531,471570223101002
1644.536,35.0543926,-90.0597009,ChIJT5TzUbl81YcRiPqNjkbj9CA,OK,94840,471570223101002
228.171,35.049031,-89.841437,ChIJt6vl46-af4gRvoN8Yvkmx9A,OK,41067,471570217462002
228.171,35.049031,-89.841437,ChIJt6vl46-af4gRvoN8Yvkmx9A,OK,41067,471570217462002
289.48,35.0490562,-89.84441600000001,ChIJCUulJK6af4gR7vOP_qSrYdM,OK,43216,471570217462002
469.171,35.0477573,-89.86637909999999,ChIJ5_0L5VyFf4gR4HBEwl6nmRE,OK,77555,471570217322003
469.171,35.0477573,-89.86637909999999,ChIJ5_0L5VyFf4gR4HBEwl6nmRE,OK,77555,471570217322003
863.339,35.050596,-89.869556,ChIJQ4vLA2iFf4gRyyCo3ihKH44,OK,96563,471570217322003
514.77,35.0461089,-89.7947008,ChIJaZI6O3Oaf4gRqa_eh0DNj_s,OK,28508,471570213421070
514.77,35.0461089,-89.7947008,ChIJaZI6O3Oaf4gRqa_eh0DNj_s,OK,28508,471570213421070
632.775,35.045091,-89.795412,ChIJVelsQnOaf4gRECqTW7fq-dY,OK,35043,471570213421070
852.26,35.0515568,-89.90630259999999,ChIJrU8jyZKFf4gRubg1AIyELWY,OK,60496,471570226001008
852.26,35.0515568,-89.90630259999999,ChIJrU8jyZKFf4gRubg1AIyELWY,OK,60496,471570226001008
1456.893,35.0515544,-89.92255089999999,ChIJG_UFGuOFf4gRyHNDzwp5is0,OK,87092,471570226001008
425.056,35.0493563,-89.83813929999999,ChIJjRQNzqSaf4gRxmNqB0YAYGM,OK,39736,471570217462003
425.056,35.0493563,-89.83813929999999,ChIJjRQNzqSaf4gRxmNqB0YAYGM,OK,39736,471570217462003
640.763,35.049031,-89.841437,ChIJt6vl46-af4gRvoN8Yvkmx9A,OK,56706,471570217462003
277.868,35.0490562,-89.84441600000001,ChIJCUulJK6af4gR7vOP_qSrYdM,OK,41127,471570217462007
277.868,35.0490562,-89.84441600000001,ChIJCUulJK6af4gR7vOP_qSrYdM,OK,41127,471570217462007
581.491,35.049031,-89.841437,ChIJt6vl46-af4gRvoN8Yvkmx9A,OK,56417,471570217462007
1183.335,35.0515568,-89.90630259999999,ChIJrU8jyZKFf4gRubg1AIyELWY,OK,91479,471570226001004
1183.335,35.0515568,-89.90630259999999,ChIJrU8jyZKFf4gRubg1AIyELWY,OK,91479,471570226001004
2081.438,35.05018,-89.89110199999999,ChIJNUozxJyFf4gRrJ8tUHk1p2Q,OK,141942,471570226001004
1735.188,35.05407199999999,-90.00125899999999,ChIJIzdhk1h91YcRZT7cBcBslaM,OK,96096,471570220225003
1735.188,35.05407199999999,-90.00125899999999,ChIJIzdhk1h91YcRZT7cBcBslaM,OK,96096,471570220225003
2138.586,35.0643218,-89.9923063,ChIJb3DQuo2Hf4gRC8UI6d4pa68,OK,138367,471570220225003
141.92,35.0477573,-89.86637909999999,ChIJ5_0L5VyFf4gR4HBEwl6nmRE,OK,20248,471570217322002
141.92,35.0477573,-89.86637909999999,ChIJ5_0L5VyFf4gR4HBEwl6nmRE,OK,20248,471570217322002
627.798,35.050596,-89.869556,ChIJQ4vLA2iFf4gRyyCo3ihKH44,OK,54272,471570217322002
2768.958,35.05407199999999,-90.00125899999999,ChIJIzdhk1h91YcRZT7cBcBslaM,OK,227361,471570220225008
2768.958,35.05407199999999,-90.00125899999999,ChIJIzdhk1h91YcRZT7cBcBslaM,OK,227361,471570220225008
3460.735,35.054745,-90.007971,ChIJXxyyQlt91YcRhldtWgjSnSE,OK,273550,471570220225008
736.935,35.0493493,-89.855357,ChIJH2Nw4lGFf4gRq0vxk4n5iAE,OK,104412,471570217322006
736.935,35.0493493,-89.855357,ChIJH2Nw4lGFf4gRq0vxk4n5iAE,OK,104412,471570217322006
998.465,35.0501932,-89.8529489,ChIJJ3DCd1KFf4gRBb2DFEnzV7w,OK,114423,471570217322006
2521.923,35.05407199999999,-90.00125899999999,ChIJIzdhk1h91YcRZT7cBcBslaM,OK,171839,471570220225014
2521.923,35.05407199999999,-90.00125899999999,ChIJIzdhk1h91YcRZT7cBcBslaM,OK,171839,471570220225014
3213.7,35.054745,-90.007971,ChIJXxyyQlt91YcRhldtWgjSnSE,OK,218028,471570220225014
1037.723,35.0515568,-89.90630259999999,ChIJrU8jyZKFf4gRubg1AIyELWY,OK,73849,471570226001010
1037.723,35.0515568,-89.90630259999999,ChIJrU8jyZKFf4gRubg1AIyELWY,OK,73849,471570226001010
1642.356,35.0515544,-89.92255089999999,ChIJG_UFGuOFf4gRyHNDzwp5is0,OK,100445,471570226001010
366.756,35.0493563,-89.83813929999999,ChIJjRQNzqSaf4gRxmNqB0YAYGM,OK,40221,471570217463001
1235.043,35.0344414,-89.8319559,ChIJfcC9SguQf4gR_xf02Tpo1-w,OK,131464,471570217443005
1235.043,35.0344414,-89.8319559,ChIJfcC9SguQf4gR_xf02Tpo1-w,OK,131464,471570217443005
2717.236,35.04577219999999,-89.82821469999999,ChIJL-jEaJmaf4gREtYdkYi2nAs,OK,188127,471570217443005
1143.933,35.1546312,-89.79260459999999,ChIJ8UeuSEecf4gRniit7ubZLtM,OK,137269,471570211353024
1143.933,35.1546312,-89.79260459999999,ChIJ8UeuSEecf4gRniit7ubZLtM,OK,137269,471570211353024
2290.235,35.14868459999999,-89.7948203,ChIJ4w9Lr2qcf4gRHdzl9FciAFM,OK,179304,471570211353024
2844.71,35.14868459999999,-89.7948203,ChIJ4w9Lr2qcf4gRHdzl9FciAFM,OK,224810,471570211371002
2844.71,35.14868459999999,-89.7948203,ChIJ4w9Lr2qcf4gRHdzl9FciAFM,OK,224810,471570211371002
3266.956,35.1546312,-89.79260459999999,ChIJ8UeuSEecf4gRniit7ubZLtM,OK,241276,471570211371002
2048.361,35.1546312,-89.79260459999999,ChIJ8UeuSEecf4gRniit7ubZLtM,OK,149199,471570211362042
2048.361,35.1546312,-89.79260459999999,ChIJ8UeuSEecf4gRniit7ubZLtM,OK,149199,471570211362042
2995.823,35.14868459999999,-89.7948203,ChIJ4w9Lr2qcf4gRHdzl9FciAFM,OK,202751,471570211362042
4292.565,35.14868459999999,-89.7948203,ChIJ4w9Lr2qcf4gRHdzl9FciAFM,OK,282236,471570211401030
4292.565,35.14868459999999,-89.7948203,ChIJ4w9Lr2qcf4gRHdzl9FciAFM,OK,282236,471570211401030
5058.727,35.1546312,-89.79260459999999,ChIJ8UeuSEecf4gRniit7ubZLtM,OK,302935,471570211401030
658.288,35.2337782,-89.9252472,ChIJra3pLkt_f4gRjZbqnHrruIM,OK,66308,471570205242017
658.288,35.2337782,-89.9252472,ChIJra3pLkt_f4gRjZbqnHrruIM,OK,66308,471570205242017
3255.056,35.210167,-89.919383,ChIJi0gqlgaCf4gRjUvfmHxGMyw,OK,247024,471570205242017
4928.913,35.222344,-89.97682999999999,ChIJ987Br45_f4gRjwrvnFN8t7k,OK,374160,471570205112004
4928.913,35.222344,-89.97682999999999,ChIJ987Br45_f4gRjwrvnFN8t7k,OK,374160,471570205112004
5329.78,35.2227028,-89.97692290000001,ChIJ987Br45_f4gRMoYIhCny13Q,OK,410292,471570205112004
925.122,35.0515544,-89.92255089999999,ChIJG_UFGuOFf4gRyHNDzwp5is0,OK,76310,471570226001031
925.122,35.0515544,-89.92255089999999,ChIJG_UFGuOFf4gRyHNDzwp5is0,OK,76310,471570226001031
1710.755,35.05905920000001,-89.9340455,ChIJM89Mbw2Gf4gRFqf4fPnKU7k,OK,116925,471570226001031
351.17,35.05407199999999,-90.00125899999999,ChIJIzdhk1h91YcRZT7cBcBslaM,OK,31361,471570220221020
351.17,35.05407199999999,-90.00125899999999,ChIJIzdhk1h91YcRZT7cBcBslaM,OK,31361,471570220221020
928.38,35.054745,-90.007971,ChIJXxyyQlt91YcRhldtWgjSnSE,OK,71206,471570220221020
620.477,35.0078094,-89.83044679999999,ChIJpwHMo0eQf4gRIqmNFjWLuW4,OK,37421,471570217542022
620.477,35.0078094,-89.83044679999999,ChIJpwHMo0eQf4gRIqmNFjWLuW4,OK,37421,471570217542022
1736.835,35.0220022,-89.82947999999999,ChIJxT9DeWuQf4gRf6HLF5uJHd0,OK,100293,471570217542022
1296.551,35.0512763,-89.8427476,ChIJ7VPJ3q-af4gRdxERIyaZ0gk,OK,88261,471570217241005
1296.551,35.0512763,-89.8427476,ChIJ7VPJ3q-af4gRdxERIyaZ0gk,OK,88261,471570217241005
1678.743,35.049031,-89.841437,ChIJt6vl46-af4gRvoN8Yvkmx9A,OK,99303,471570217241005
794.315,35.0490562,-89.84441600000001,ChIJCUulJK6af4gR7vOP_qSrYdM,OK,59355,471570217321017
794.315,35.0490562,-89.84441600000001,ChIJCUulJK6af4gR7vOP_qSrYdM,OK,59355,471570217321017
1097.938,35.049031,-89.841437,ChIJt6vl46-af4gRvoN8Yvkmx9A,OK,74645,471570217321017
509.425,35.0344414,-89.8319559,ChIJfcC9SguQf4gR_xf02Tpo1-w,OK,38483,471570217442008
509.425,35.0344414,-89.8319559,ChIJfcC9SguQf4gR_xf02Tpo1-w,OK,38483,471570217442008
1442.262,35.0220022,-89.82947999999999,ChIJxT9DeWuQf4gRf6HLF5uJHd0,OK,90146,471570217442008
7146.041,35.0614623,-89.8536277,ChIJ4TWJkTWFf4gRbkNZYfkF9Jw,OK,450010,471570213121012
7146.041,35.0614623,-89.8536277,ChIJ4TWJkTWFf4gRbkNZYfkF9Jw,OK,450010,471570213121012
7230.813,35.0512763,-89.8427476,ChIJ7VPJ3q-af4gRdxERIyaZ0gk,OK,456198,471570213121012
1418.19,35.0078094,-89.83044679999999,ChIJpwHMo0eQf4gRIqmNFjWLuW4,OK,101789,471570217512016
1418.19,35.0078094,-89.83044679999999,ChIJpwHMo0eQf4gRIqmNFjWLuW4,OK,101789,471570217512016
1616.739,35.0220022,-89.82947999999999,ChIJxT9DeWuQf4gRf6HLF5uJHd0,OK,108749,471570217512016
2332.454,35.167095,-89.950496,ChIJecYfJgmBf4gRJh-YY67U6V8,OK,190740,471570089003024
2332.454,35.167095,-89.950496,ChIJecYfJgmBf4gRJh-YY67U6V8,OK,190740,471570089003024
3062.243,35.183951,-89.93106899999999,ChIJWQ0EIo-Bf4gR6cuqlCcQuNw,OK,243679,471570089003024
2168.245,35.16339899999999,-89.855841,ChIJA_xfkC6Df4gRAjVZwLz1jqA,OK,144641,471570211113003
2168.245,35.16339899999999,-89.855841,ChIJA_xfkC6Df4gRAjVZwLz1jqA,OK,144641,471570211113003
2241.629,35.1623785,-89.8566175,ChIJXQHWWS6Df4gRqhH5EQ9H1j0,OK,153500,471570211113003
1205.284,35.125222,-90.048147,ChIJ9cKdtid81YcRKs9h6RjzQzw,OK,70343,471570114001033
1205.284,35.125222,-90.048147,ChIJ9cKdtid81YcRKs9h6RjzQzw,OK,70343,471570114001033
1207.098,35.1251709,-90.0481695,ChIJybIJtCd81YcR9Otxws-5qCM,OK,70443,471570114001033
1460.596,35.2051043,-89.79754849999999,ChIJpRDMlY2df4gRQqHmUo_lzmc,OK,115112,471570211132012
1460.596,35.2051043,-89.79754849999999,ChIJpRDMlY2df4gRQqHmUo_lzmc,OK,115112,471570211132012
1856.81,35.2045576,-89.81176689999999,ChIJ8ROix4Kdf4gR4Su-1OwAUMo,OK,136739,471570211132012
2197.334,35.1546312,-89.79260459999999,ChIJ8UeuSEecf4gRniit7ubZLtM,OK,129187,471570211261027
2197.334,35.1546312,-89.79260459999999,ChIJ8UeuSEecf4gRniit7ubZLtM,OK,129187,471570211261027
2577.222,35.14868459999999,-89.7948203,ChIJ4w9Lr2qcf4gRHdzl9FciAFM,OK,148687,471570211261027
1415.776,35.0461089,-89.7947008,ChIJaZI6O3Oaf4gRqa_eh0DNj_s,OK,118377,471570213421064
1415.776,35.0461089,-89.7947008,ChIJaZI6O3Oaf4gRqa_eh0DNj_s,OK,118377,471570213421064
1533.781,35.045091,-89.795412,ChIJVelsQnOaf4gRECqTW7fq-dY,OK,124912,471570213421064
2955.13,35.2044739,-89.76342459999999,ChIJ3XsJxyKef4gRTeWb3lonWsU,OK,218635,471570211422000
4601.575,35.2072684,-89.7827147,ChIJKdJ2xvqdf4gRKLRUePlbOOs,OK,330230,471570211422000
4601.575,35.2072684,-89.7827147,ChIJKdJ2xvqdf4gRKLRUePlbOOs,OK,330230,471570211422000
709.052,35.1546312,-89.79260459999999,ChIJ8UeuSEecf4gRniit7ubZLtM,OK,54836,471570211353037
4041.705,35.1738374,-89.98954379999999,ChIJ_S0BIGOAf4gRU3Ph4W65cOQ,OK,270925,471570004002004
4041.705,35.1738374,-89.98954379999999,ChIJ_S0BIGOAf4gRU3Ph4W65cOQ,OK,270925,471570004002004
4584.958,35.1490317,-90.0140679,ChIJw3q9_xV-1YcRqrte6yBn1CI,OK,285322,471570004002004
1993.153,35.0614623,-89.8536277,ChIJ4TWJkTWFf4gRbkNZYfkF9Jw,OK,122194,471570217211000
1993.153,35.0614623,-89.8536277,ChIJ4TWJkTWFf4gRbkNZYfkF9Jw,OK,122194,471570217211000
2843.458,35.0493493,-89.855357,ChIJH2Nw4lGFf4gRq0vxk4n5iAE,OK,170688,471570217211000
536.73,35.1546312,-89.79260459999999,ChIJ8UeuSEecf4gRniit7ubZLtM,OK,64407,471570211353028
536.73,35.1546312,-89.79260459999999,ChIJ8UeuSEecf4gRniit7ubZLtM,OK,64407,471570211353028
1704.871,35.14868459999999,-89.7948203,ChIJ4w9Lr2qcf4gRHdzl9FciAFM,OK,110678,471570211353028
1788.135,35.14868459999999,-89.7948203,ChIJ4w9Lr2qcf4gRHdzl9FciAFM,OK,149132,471570211372014
1788.135,35.14868459999999,-89.7948203,ChIJ4w9Lr2qcf4gRHdzl9FciAFM,OK,149132,471570211372014
2554.297,35.1546312,-89.79260459999999,ChIJ8UeuSEecf4gRniit7ubZLtM,OK,169831,471570211372014
1064.276,35.1490317,-90.0140679,ChIJw3q9_xV-1YcRqrte6yBn1CI,OK,74456,471570025001019
1064.276,35.1490317,-90.0140679,ChIJw3q9_xV-1YcRqrte6yBn1CI,OK,74456,471570025001019
1786.514,35.1444038,-90.0168571,ChIJufYEjhR-1YcREff46W6Lons,OK,121809,471570025001019
8968.014,35.098685,-90.05664899999999,ChIJ31qwBkJ81YcRk2V5pdmdhrM,OK,816432,471579802001035
8968.014,35.098685,-90.05664899999999,ChIJ31qwBkJ81YcRk2V5pdmdhrM,OK,816432,471579802001035
9357.006,35.095133,-90.05542799999999,ChIJATnUo0J81YcRpbAuNwXeqRw,OK,837976,471579802001035
8455.593,35.0326981,-90.07589809999999,ChIJ9S1ljalk1YcRvuG-_hbpimA,OK,627604,471570222102002
8455.593,35.0326981,-90.07589809999999,ChIJ9S1ljalk1YcRvuG-_hbpimA,OK,627604,471570222102002
9192.42,35.02753099999999,-90.082077,ChIJK66rdetk1YcRwwxI9gDREks,OK,669351,471570222102002
5534.01,35.02753099999999,-90.082077,ChIJK66rdetk1YcRwwxI9gDREks,OK,373797,471570222101015
5534.01,35.02753099999999,-90.082077,ChIJK66rdetk1YcRwwxI9gDREks,OK,373797,471570222101015
5673.418,35.0326981,-90.07589809999999,ChIJ9S1ljalk1YcRvuG-_hbpimA,OK,373914,471570222101015
792.931,35.1546312,-89.79260459999999,ChIJ8UeuSEecf4gRniit7ubZLtM,OK,70439,471570211251009
792.931,35.1546312,-89.79260459999999,ChIJ8UeuSEecf4gRniit7ubZLtM,OK,70439,471570211251009
1172.819,35.14868459999999,-89.7948203,ChIJ4w9Lr2qcf4gRHdzl9FciAFM,OK,89939,471570211251009
2664.753,34.999309,-90.118577,ChIJ9TRIjgZl1YcR3fm2jM14AHY,OK,246801,471570224105020
2664.753,34.999309,-90.118577,ChIJ9TRIjgZl1YcR3fm2jM14AHY,OK,246801,471570224105020
5046.959,35.02753099999999,-90.082077,ChIJK66rdetk1YcRwwxI9gDREks,OK,378733,471570224105020
879.258,35.1546312,-89.79260459999999,ChIJ8UeuSEecf4gRniit7ubZLtM,OK,80797,471570211251004
879.258,35.1546312,-89.79260459999999,ChIJ8UeuSEecf4gRniit7ubZLtM,OK,80797,471570211251004
1259.146,35.14868459999999,-89.7948203,ChIJ4w9Lr2qcf4gRHdzl9FciAFM,OK,100297,471570211251004
2389.835,34.999309,-90.118577,ChIJ9TRIjgZl1YcR3fm2jM14AHY,OK,174209,471570224104018
2389.835,34.999309,-90.118577,ChIJ9TRIjgZl1YcR3fm2jM14AHY,OK,174209,471570224104018
3912.643,35.02753099999999,-90.082077,ChIJK66rdetk1YcRwwxI9gDREks,OK,262408,471570224104018
2794.299,35.2044739,-89.76342459999999,ChIJ3XsJxyKef4gRTeWb3lonWsU,OK,272777,471570211412001
2794.299,35.2044739,-89.76342459999999,ChIJ3XsJxyKef4gRTeWb3lonWsU,OK,272777,471570211412001
4484.715,35.2074362,-89.7805166,ChIJ62ATRfudf4gRPIrPAXGVsiQ,OK,404263,471570211412001
4116.687,35.218332,-90.00299799999999,ChIJfRCGEgGA1YcRsZsWP_dycDI,OK,272195,471570099012012
4116.687,35.218332,-90.00299799999999,ChIJfRCGEgGA1YcRsZsWP_dycDI,OK,272195,471570099012012
4294.762,35.22619459999999,-90.0020167,ChIJvTh1mwiA1YcRLLqD5Uxq8Nc,OK,277192,471570099012012
3597.401,35.2044739,-89.76342459999999,ChIJ3XsJxyKef4gRTeWb3lonWsU,OK,257980,471570211412010
5297.468,35.2072684,-89.7827147,ChIJKdJ2xvqdf4gRKLRUePlbOOs,OK,350529,471570211412010
5297.468,35.2072684,-89.7827147,ChIJKdJ2xvqdf4gRKLRUePlbOOs,OK,350529,471570211412010
9420.286,35.22619459999999,-90.0020167,ChIJvTh1mwiA1YcRLLqD5Uxq8Nc,OK,686534,471570201011026
9420.286,35.22619459999999,-90.0020167,ChIJvTh1mwiA1YcRLLqD5Uxq8Nc,OK,686534,471570201011026
10230.681,35.218332,-90.00299799999999,ChIJfRCGEgGA1YcRsZsWP_dycDI,OK,734001,471570201011026
2694.479,35.22619459999999,-90.0020167,ChIJvTh1mwiA1YcRLLqD5Uxq8Nc,OK,188216,471570099013016
2694.479,35.22619459999999,-90.0020167,ChIJvTh1mwiA1YcRLLqD5Uxq8Nc,OK,188216,471570099013016
3504.874,35.218332,-90.00299799999999,ChIJfRCGEgGA1YcRsZsWP_dycDI,OK,235683,471570099013016
2324.875,35.22619459999999,-90.0020167,ChIJvTh1mwiA1YcRLLqD5Uxq8Nc,OK,143866,471570099013022
2324.875,35.22619459999999,-90.0020167,ChIJvTh1mwiA1YcRLLqD5Uxq8Nc,OK,143866,471570099013022
3135.27,35.218332,-90.00299799999999,ChIJfRCGEgGA1YcRsZsWP_dycDI,OK,191333,471570099013022
3548.147,35.22619459999999,-90.0020167,ChIJvTh1mwiA1YcRLLqD5Uxq8Nc,OK,226619,471570099013033
3548.147,35.22619459999999,-90.0020167,ChIJvTh1mwiA1YcRLLqD5Uxq8Nc,OK,226619,471570099013033
3975.457,35.218332,-90.00299799999999,ChIJfRCGEgGA1YcRsZsWP_dycDI,OK,256208,471570099013033
1522.421,35.218332,-90.00299799999999,ChIJfRCGEgGA1YcRsZsWP_dycDI,OK,95148,471570101105005
1522.421,35.218332,-90.00299799999999,ChIJfRCGEgGA1YcRsZsWP_dycDI,OK,95148,471570101105005
1730.325,35.21475480000001,-90.00354540000001,ChIJF6XvX_9_1YcRD4jlF4jzevw,OK,107622,471570101105005
1861.802,35.2051043,-89.79754849999999,ChIJpRDMlY2df4gRQqHmUo_lzmc,OK,139399,471570211132019
1861.802,35.2051043,-89.79754849999999,ChIJpRDMlY2df4gRQqHmUo_lzmc,OK,139399,471570211132019
2258.016,35.2045576,-89.81176689999999,ChIJ8ROix4Kdf4gR4Su-1OwAUMo,OK,161026,471570211132019
3045.166,35.1546312,-89.79260459999999,ChIJ8UeuSEecf4gRniit7ubZLtM,OK,218968,471570211352012
3045.166,35.1546312,-89.79260459999999,ChIJ8UeuSEecf4gRniit7ubZLtM,OK,218968,471570211352012
3425.053,35.14868459999999,-89.7948203,ChIJ4w9Lr2qcf4gRHdzl9FciAFM,OK,238468,471570211352012
826.504,35.0461089,-89.7947008,ChIJaZI6O3Oaf4gRqa_eh0DNj_s,OK,60502,471570213421077
826.504,35.0461089,-89.7947008,ChIJaZI6O3Oaf4gRqa_eh0DNj_s,OK,60502,471570213421077
944.509,35.045091,-89.795412,ChIJVelsQnOaf4gRECqTW7fq-dY,OK,67037,471570213421077
3294.538,35.05113000000001,-89.815021,ChIJAdLMX4iaf4gRUenKpoiyrBc,OK,240876,471570217443001
3468.459,35.048632,-89.814048,ChIJqY7T64eaf4gRoqZRK7sz4Co,OK,253296,471570217443001
3468.459,35.048632,-89.814048,ChIJqY7T64eaf4gRoqZRK7sz4Co,OK,253296,471570217443001
1522.733,35.0344414,-89.8319559,ChIJfcC9SguQf4gR_xf02Tpo1-w,OK,145481,471570217443004
1522.733,35.0344414,-89.8319559,ChIJfcC9SguQf4gR_xf02Tpo1-w,OK,145481,471570217443004
2279.541,35.04577219999999,-89.82821469999999,ChIJL-jEaJmaf4gREtYdkYi2nAs,OK,161658,471570217443004
2632.038,35.05113000000001,-89.815021,ChIJAdLMX4iaf4gRUenKpoiyrBc,OK,228992,471570217441014
2805.959,35.048632,-89.814048,ChIJqY7T64eaf4gRoqZRK7sz4Co,OK,241412,471570217441014
2805.959,35.048632,-89.814048,ChIJqY7T64eaf4gRoqZRK7sz4Co,OK,241412,471570217441014
2715.705,35.05113000000001,-89.815021,ChIJAdLMX4iaf4gRUenKpoiyrBc,OK,230726,471570217443002
2889.626,35.048632,-89.814048,ChIJqY7T64eaf4gRoqZRK7sz4Co,OK,243146,471570217443002
2889.626,35.048632,-89.814048,ChIJqY7T64eaf4gRoqZRK7sz4Co,OK,243146,471570217443002
1408.736,35.0344414,-89.8319559,ChIJfcC9SguQf4gR_xf02Tpo1-w,OK,111251,471570217471002
1408.736,35.0344414,-89.8319559,ChIJfcC9SguQf4gR_xf02Tpo1-w,OK,111251,471570217471002
2556.197,35.0490562,-89.84441600000001,ChIJCUulJK6af4gR7vOP_qSrYdM,OK,178607,471570217471002
1093.382,35.0344414,-89.8319559,ChIJfcC9SguQf4gR_xf02Tpo1-w,OK,73409,471570217471001
1093.382,35.0344414,-89.8319559,ChIJfcC9SguQf4gR_xf02Tpo1-w,OK,73409,471570217471001
2424.57,35.0490562,-89.84441600000001,ChIJCUulJK6af4gR7vOP_qSrYdM,OK,152566,471570217471001
2418.467,35.0477573,-89.86637909999999,ChIJ5_0L5VyFf4gR4HBEwl6nmRE,OK,156316,471570217414008
2418.467,35.0477573,-89.86637909999999,ChIJ5_0L5VyFf4gR4HBEwl6nmRE,OK,156316,471570217414008
2989.305,35.050596,-89.869556,ChIJQ4vLA2iFf4gRyyCo3ihKH44,OK,195045,471570217414008
3945.474,35.1503395,-89.89321,ChIJRaSiF6KDf4gRNIqqt1VnH58,OK,258588,471570086003012
4518.036,35.1489345,-89.89838259999999,ChIJaTBvX72Df4gRiyFT0LQMnrQ,OK,295162,471570086003012
4518.036,35.1489345,-89.89838259999999,ChIJaTBvX72Df4gRiyFT0LQMnrQ,OK,295162,471570086003012
3133.134,35.0477573,-89.86637909999999,ChIJ5_0L5VyFf4gR4HBEwl6nmRE,OK,209742,471570217414011
3133.134,35.0477573,-89.86637909999999,ChIJ5_0L5VyFf4gR4HBEwl6nmRE,OK,209742,471570217414011
3703.971,35.050596,-89.869556,ChIJQ4vLA2iFf4gRyyCo3ihKH44,OK,248471,471570217414011
911.728,35.0493563,-89.83813929999999,ChIJjRQNzqSaf4gRxmNqB0YAYGM,OK,80883,471570217242010
911.728,35.0493563,-89.83813929999999,ChIJjRQNzqSaf4gRxmNqB0YAYGM,OK,80883,471570217242010
1233.493,35.049031,-89.841437,ChIJt6vl46-af4gRvoN8Yvkmx9A,OK,103725,471570217242010
5109.391,35.1439641,-90.0517892,ChIJL-0zBZR-1YcRj7p5p1WY4-g,OK,397917,471570001001002
5109.391,35.1439641,-90.0517892,ChIJL-0zBZR-1YcRj7p5p1WY4-g,OK,397917,471570001001002
5318.308,35.1450994,-90.0538646,ChIJne6_s5V-1YcRn_LPaqiwhrk,OK,403371,471570001001002
4258.717,35.21475480000001,-90.00354540000001,ChIJF6XvX_9_1YcRD4jlF4jzevw,OK,227397,471570004002001
5619.327,35.1738374,-89.98954379999999,ChIJ_S0BIGOAf4gRU3Ph4W65cOQ,OK,309802,471570004002001
5619.327,35.1738374,-89.98954379999999,ChIJ_S0BIGOAf4gRU3Ph4W65cOQ,OK,309802,471570004002001
3025.401,35.21475480000001,-90.00354540000001,ChIJF6XvX_9_1YcRD4jlF4jzevw,OK,200566,471570101205004
3025.401,35.21475480000001,-90.00354540000001,ChIJF6XvX_9_1YcRD4jlF4jzevw,OK,200566,471570101205004
3423.89,35.218332,-90.00299799999999,ChIJfRCGEgGA1YcRsZsWP_dycDI,OK,224475,471570101205004
3590.184,35.0078094,-89.83044679999999,ChIJpwHMo0eQf4gRIqmNFjWLuW4,OK,209982,471570226001092
3590.184,35.0078094,-89.83044679999999,ChIJpwHMo0eQf4gRIqmNFjWLuW4,OK,209982,471570226001092
4113.37,35.02100869999999,-89.8995317,ChIJ-f6gz22Pf4gR-rWEeLgd-68,OK,228554,471570226001092
2029.733,35.0220022,-89.82947999999999,ChIJxT9DeWuQf4gRf6HLF5uJHd0,OK,153948,471570217471017
2029.733,35.0220022,-89.82947999999999,ChIJxT9DeWuQf4gRf6HLF5uJHd0,OK,153948,471570217471017
2181.948,35.0344414,-89.8319559,ChIJfcC9SguQf4gR_xf02Tpo1-w,OK,161373,471570217471017
501.893,35.0344414,-89.8319559,ChIJfcC9SguQf4gR_xf02Tpo1-w,OK,28818,471570217461009
501.893,35.0344414,-89.8319559,ChIJfcC9SguQf4gR_xf02Tpo1-w,OK,28818,471570217461009
1047.459,35.0220022,-89.82947999999999,ChIJxT9DeWuQf4gRf6HLF5uJHd0,OK,58010,471570217461009
1468.099,35.0344414,-89.8319559,ChIJfcC9SguQf4gR_xf02Tpo1-w,OK,149261,471570217443006
2608.733,35.04577219999999,-89.82821469999999,ChIJL-jEaJmaf4gREtYdkYi2nAs,OK,201160,471570217443006
2608.733,35.04577219999999,-89.82821469999999,ChIJL-jEaJmaf4gREtYdkYi2nAs,OK,201160,471570217443006
1004.919,35.218332,-90.00299799999999,ChIJfRCGEgGA1YcRsZsWP_dycDI,OK,83959,471570101102010
1004.919,35.218332,-90.00299799999999,ChIJfRCGEgGA1YcRsZsWP_dycDI,OK,83959,471570101102010
1212.823,35.21475480000001,-90.00354540000001,ChIJF6XvX_9_1YcRD4jlF4jzevw,OK,96433,471570101102010
1578.668,35.0344414,-89.8319559,ChIJfcC9SguQf4gR_xf02Tpo1-w,OK,113650,471570217471000
1578.668,35.0344414,-89.8319559,ChIJfcC9SguQf4gR_xf02Tpo1-w,OK,113650,471570217471000
1869.413,35.0220022,-89.82947999999999,ChIJxT9DeWuQf4gRf6HLF5uJHd0,OK,135812,471570217471000
374.236,35.0220022,-89.82947999999999,ChIJxT9DeWuQf4gRf6HLF5uJHd0,OK,21770,471570217472010
374.236,35.0220022,-89.82947999999999,ChIJxT9DeWuQf4gRf6HLF5uJHd0,OK,21770,471570217472010
1079.388,35.0344414,-89.8319559,ChIJfcC9SguQf4gR_xf02Tpo1-w,OK,59776,471570217472010
3293.987,35.104197,-89.98335349999999,ChIJNST6hGqHf4gR0Mml4gyjQWk,OK,253752,471570078101027
3293.987,35.104197,-89.98335349999999,ChIJNST6hGqHf4gR0Mml4gyjQWk,OK,253752,471570078101027
3406.985,35.107529,-89.9862127,ChIJ0WGfSUKHf4gRjDLrfGQwCV4,OK,264873,471570078101027
3988.528,35.1490317,-90.0140679,ChIJw3q9_xV-1YcRqrte6yBn1CI,OK,232752,471570004002030
2990.719,35.054745,-90.007971,ChIJXxyyQlt91YcRhldtWgjSnSE,OK,197817,471570221122002
3401.019,35.02138900000001,-89.996898,ChIJz3MQkR6If4gRIBgmNH-BQcg,OK,204729,471570221122002
3401.019,35.02138900000001,-89.996898,ChIJz3MQkR6If4gRIBgmNH-BQcg,OK,204729,471570221122002
1734.845,35.02138900000001,-89.996898,ChIJz3MQkR6If4gRIBgmNH-BQcg,OK,206269,471570221122001
1734.845,35.02138900000001,-89.996898,ChIJz3MQkR6If4gRIBgmNH-BQcg,OK,206269,471570221122001
3591.18,35.054745,-90.007971,ChIJXxyyQlt91YcRhldtWgjSnSE,OK,249369,471570221122001
337.764,35.02138900000001,-89.996898,ChIJz3MQkR6If4gRIBgmNH-BQcg,OK,38624,471570221122012
337.764,35.02138900000001,-89.996898,ChIJz3MQkR6If4gRIBgmNH-BQcg,OK,38624,471570221122012
2473.056,35.021384,-90.019407,ChIJk8DCu8Bi1YcRUnUQCgCMr-E,OK,157628,471570221122012
698.601,35.0612606,-89.88628629999999,ChIJAQ_I1gqFf4gRFrt5yQeAEps,OK,62659,471570107103002
698.601,35.0612606,-89.88628629999999,ChIJAQ_I1gqFf4gRFrt5yQeAEps,OK,62659,471570107103002
582,35.0632829,-89.88727279999999,ChIJvVoQ4QqFf4gRItXZGUDZ-Hc,OK,78086,471570107103002
684.099,35.0612606,-89.88628629999999,ChIJAQ_I1gqFf4gRFrt5yQeAEps,OK,50586,471570108101013
684.099,35.0612606,-89.88628629999999,ChIJAQ_I1gqFf4gRFrt5yQeAEps,OK,50586,471570108101013
707.551,35.0531879,-89.8855975,ChIJy5TuWnaFf4gRzUE1FqfjCIk,OK,55354,471570108101013
805.335,35.0512763,-89.8427476,ChIJ7VPJ3q-af4gRdxERIyaZ0gk,OK,91628,471570217242006
805.335,35.0512763,-89.8427476,ChIJ7VPJ3q-af4gRdxERIyaZ0gk,OK,91628,471570217242006
1050.728,35.0490562,-89.84441600000001,ChIJCUulJK6af4gR7vOP_qSrYdM,OK,96618,471570217242006
2804.649,35.0344414,-89.8319559,ChIJfcC9SguQf4gR_xf02Tpo1-w,OK,179141,471570217411025
2804.649,35.0344414,-89.8319559,ChIJfcC9SguQf4gR_xf02Tpo1-w,OK,179141,471570217411025
2963.693,35.0490562,-89.84441600000001,ChIJCUulJK6af4gR7vOP_qSrYdM,OK,187986,471570217411025
795.56,35.0344414,-89.8319559,ChIJfcC9SguQf4gR_xf02Tpo1-w,OK,70169,471570217444003
795.56,35.0344414,-89.8319559,ChIJfcC9SguQf4gR_xf02Tpo1-w,OK,70169,471570217444003
1185.781,35.0220022,-89.82947999999999,ChIJxT9DeWuQf4gRf6HLF5uJHd0,OK,92500,471570217444003
1513.104,35.095133,-90.05542799999999,ChIJATnUo0J81YcRpbAuNwXeqRw,OK,116187,471570053003019
1513.104,35.095133,-90.05542799999999,ChIJATnUo0J81YcRpbAuNwXeqRw,OK,116187,471570053003019
1674.507,35.098685,-90.05664899999999,ChIJ31qwBkJ81YcRk2V5pdmdhrM,OK,125126,471570053003019
2131.712,35.06128,-90.05978399999999,ChIJm06f8ZV81YcRTjzAsJPcBKY,OK,196896,471570222202010
2131.712,35.06128,-90.05978399999999,ChIJm06f8ZV81YcRTjzAsJPcBKY,OK,196896,471570222202010
2131.534,35.061362,-90.05986399999999,ChIJL_Gh8ZV81YcRDlMHRKqR_IA,OK,199762,471570222202010
724.947,35.095133,-90.05542799999999,ChIJATnUo0J81YcRpbAuNwXeqRw,OK,54183,471570055002002
724.947,35.095133,-90.05542799999999,ChIJATnUo0J81YcRpbAuNwXeqRw,OK,54183,471570055002002
886.35,35.098685,-90.05664899999999,ChIJ31qwBkJ81YcRk2V5pdmdhrM,OK,63122,471570055002002
1243.421,35.093591,-90.056624,ChIJgyVl92d81YcRhuRHHckl8Y4,OK,70988,471570055003027
1243.421,35.093591,-90.056624,ChIJgyVl92d81YcRhuRHHckl8Y4,OK,70988,471570055003027
1423.258,35.095133,-90.05542799999999,ChIJATnUo0J81YcRpbAuNwXeqRw,OK,80948,471570055003027
3315.827,35.093591,-90.056624,ChIJgyVl92d81YcRhuRHHckl8Y4,OK,248745,471570222201004
3634.02,35.06128,-90.05978399999999,ChIJm06f8ZV81YcRTjzAsJPcBKY,OK,297539,471570222201004
3634.02,35.06128,-90.05978399999999,ChIJm06f8ZV81YcRTjzAsJPcBKY,OK,297539,471570222201004
7034.894,35.093591,-90.056624,ChIJgyVl92d81YcRhuRHHckl8Y4,OK,371988,471570055003048
7034.894,35.093591,-90.056624,ChIJgyVl92d81YcRhuRHHckl8Y4,OK,371988,471570055003048
7214.731,35.095133,-90.05542799999999,ChIJATnUo0J81YcRpbAuNwXeqRw,OK,381948,471570055003048
2863.795,34.999309,-90.118577,ChIJ9TRIjgZl1YcR3fm2jM14AHY,OK,270686,471570224105023
2863.795,34.999309,-90.118577,ChIJ9TRIjgZl1YcR3fm2jM14AHY,OK,270686,471570224105023
5246.001,35.02753099999999,-90.082077,ChIJK66rdetk1YcRwwxI9gDREks,OK,402618,471570224105023
4010.41,35.0543926,-90.0597009,ChIJT5TzUbl81YcRiPqNjkbj9CA,OK,249115,471570222103003
4660.945,35.0326981,-90.07589809999999,ChIJ9S1ljalk1YcRvuG-_hbpimA,OK,286797,471570222103003
4660.945,35.0326981,-90.07589809999999,ChIJ9S1ljalk1YcRvuG-_hbpimA,OK,286797,471570222103003
3657.37,35.0543926,-90.0597009,ChIJT5TzUbl81YcRiPqNjkbj9CA,OK,277690,471570222202020
4238.726,35.06128,-90.05978399999999,ChIJm06f8ZV81YcRTjzAsJPcBKY,OK,309887,471570222202020
4238.726,35.06128,-90.05978399999999,ChIJm06f8ZV81YcRTjzAsJPcBKY,OK,309887,471570222202020
3196.861,35.0543926,-90.0597009,ChIJT5TzUbl81YcRiPqNjkbj9CA,OK,231128,471570222203006
3778.216,35.06128,-90.05978399999999,ChIJm06f8ZV81YcRTjzAsJPcBKY,OK,263325,471570222203006
3778.216,35.06128,-90.05978399999999,ChIJm06f8ZV81YcRTjzAsJPcBKY,OK,263325,471570222203006
2242.046,35.0543926,-90.0597009,ChIJT5TzUbl81YcRiPqNjkbj9CA,OK,143867,471570222203018
2242.046,35.0543926,-90.0597009,ChIJT5TzUbl81YcRiPqNjkbj9CA,OK,143867,471570222203018
2823.401,35.06128,-90.05978399999999,ChIJm06f8ZV81YcRTjzAsJPcBKY,OK,176064,471570222203018
1463.823,35.13418100000001,-89.98599,ChIJnf1_yraAf4gR9pQmD7CXhgg,OK,111151,471570033001009
1530.102,35.13779299999999,-89.99118349999999,ChIJUQlZ-K-Af4gRkRKK62-ap5w,OK,120649,471570033001009
1530.102,35.13779299999999,-89.99118349999999,ChIJUQlZ-K-Af4gRkRKK62-ap5w,OK,120649,471570033001009
1052.587,35.13779299999999,-89.99118349999999,ChIJUQlZ-K-Af4gRkRKK62-ap5w,OK,79724,471570032001002
1052.587,35.13779299999999,-89.99118349999999,ChIJUQlZ-K-Af4gRkRKK62-ap5w,OK,79724,471570032001002
837.237,35.13774119999999,-89.99713,ChIJtwtohKiAf4gRFxkNLUf9PgA,OK,86601,471570032001002
550.39,35.13418100000001,-89.98599,ChIJnf1_yraAf4gR9pQmD7CXhgg,OK,35961,471570032001019
550.39,35.13418100000001,-89.98599,ChIJnf1_yraAf4gR9pQmD7CXhgg,OK,35961,471570032001019
616.669,35.13779299999999,-89.99118349999999,ChIJUQlZ-K-Af4gRkRKK62-ap5w,OK,45459,471570032001019
3277.793,35.1546312,-89.79260459999999,ChIJ8UeuSEecf4gRniit7ubZLtM,OK,203988,471570211351022
3277.793,35.1546312,-89.79260459999999,ChIJ8UeuSEecf4gRniit7ubZLtM,OK,203988,471570211351022
3657.681,35.14868459999999,-89.7948203,ChIJ4w9Lr2qcf4gRHdzl9FciAFM,OK,223488,471570211351022
2676.844,35.2051043,-89.79754849999999,ChIJpRDMlY2df4gRQqHmUo_lzmc,OK,167873,471570211421069
2676.844,35.2051043,-89.79754849999999,ChIJpRDMlY2df4gRQqHmUo_lzmc,OK,167873,471570211421069
3141.814,35.2072684,-89.7827147,ChIJKdJ2xvqdf4gRKLRUePlbOOs,OK,225295,471570211421069
2813.493,35.2051043,-89.79754849999999,ChIJpRDMlY2df4gRQqHmUo_lzmc,OK,184270,471570211421021
3278.463,35.2072684,-89.7827147,ChIJKdJ2xvqdf4gRKLRUePlbOOs,OK,241692,471570211421021
3278.463,35.2072684,-89.7827147,ChIJKdJ2xvqdf4gRKLRUePlbOOs,OK,241692,471570211421021
3223.691,35.0493563,-89.83813929999999,ChIJjRQNzqSaf4gRxmNqB0YAYGM,OK,217166,471570213342006
3223.691,35.0493563,-89.83813929999999,ChIJjRQNzqSaf4gRxmNqB0YAYGM,OK,217166,471570213342006
3545.456,35.049031,-89.841437,ChIJt6vl46-af4gRvoN8Yvkmx9A,OK,240008,471570213342006
1455.037,35.1546312,-89.79260459999999,ChIJ8UeuSEecf4gRniit7ubZLtM,OK,95234,471570211261041
1455.037,35.1546312,-89.79260459999999,ChIJ8UeuSEecf4gRniit7ubZLtM,OK,95234,471570211261041
1834.924,35.14868459999999,-89.7948203,ChIJ4w9Lr2qcf4gRHdzl9FciAFM,OK,114734,471570211261041
2842.263,35.1546312,-89.79260459999999,ChIJ8UeuSEecf4gRniit7ubZLtM,OK,233309,471570211261011
2842.263,35.1546312,-89.79260459999999,ChIJ8UeuSEecf4gRniit7ubZLtM,OK,233309,471570211261011
3222.151,35.14868459999999,-89.7948203,ChIJ4w9Lr2qcf4gRHdzl9FciAFM,OK,252809,471570211261011
2181.136,35.1546312,-89.79260459999999,ChIJ8UeuSEecf4gRniit7ubZLtM,OK,163465,471570211261031
2181.136,35.1546312,-89.79260459999999,ChIJ8UeuSEecf4gRniit7ubZLtM,OK,163465,471570211261031
2561.024,35.14868459999999,-89.7948203,ChIJ4w9Lr2qcf4gRHdzl9FciAFM,OK,182965,471570211261031
2041.982,35.1546312,-89.79260459999999,ChIJ8UeuSEecf4gRniit7ubZLtM,OK,146767,471570211261032
2041.982,35.1546312,-89.79260459999999,ChIJ8UeuSEecf4gRniit7ubZLtM,OK,146767,471570211261032
2421.87,35.14868459999999,-89.7948203,ChIJ4w9Lr2qcf4gRHdzl9FciAFM,OK,166267,471570211261032
1886.577,35.1546312,-89.79260459999999,ChIJ8UeuSEecf4gRniit7ubZLtM,OK,128120,471570211261033
1886.577,35.1546312,-89.79260459999999,ChIJ8UeuSEecf4gRniit7ubZLtM,OK,128120,471570211261033
2266.465,35.14868459999999,-89.7948203,ChIJ4w9Lr2qcf4gRHdzl9FciAFM,OK,147620,471570211261033
1875.476,35.1546312,-89.79260459999999,ChIJ8UeuSEecf4gRniit7ubZLtM,OK,126788,471570211261034
1875.476,35.1546312,-89.79260459999999,ChIJ8UeuSEecf4gRniit7ubZLtM,OK,126788,471570211261034
2255.364,35.14868459999999,-89.7948203,ChIJ4w9Lr2qcf4gRHdzl9FciAFM,OK,146288,471570211261034
3679.249,35.1546312,-89.79260459999999,ChIJ8UeuSEecf4gRniit7ubZLtM,OK,225368,471570211261014
3679.249,35.1546312,-89.79260459999999,ChIJ8UeuSEecf4gRniit7ubZLtM,OK,225368,471570211261014
4059.137,35.14868459999999,-89.7948203,ChIJ4w9Lr2qcf4gRHdzl9FciAFM,OK,244868,471570211261014
8165.253,35.14868459999999,-89.7948203,ChIJ4w9Lr2qcf4gRHdzl9FciAFM,OK,489540,471570213121001
8645.8,35.16339899999999,-89.855841,ChIJA_xfkC6Df4gRAjVZwLz1jqA,OK,548555,471570213121001
8645.8,35.16339899999999,-89.855841,ChIJA_xfkC6Df4gRAjVZwLz1jqA,OK,548555,471570213121001
7761.223,35.14868459999999,-89.7948203,ChIJ4w9Lr2qcf4gRHdzl9FciAFM,OK,447051,471570214101005
8642.723,35.16339899999999,-89.855841,ChIJA_xfkC6Df4gRAjVZwLz1jqA,OK,526651,471570214101005
8642.723,35.16339899999999,-89.855841,ChIJA_xfkC6Df4gRAjVZwLz1jqA,OK,526651,471570214101005
8234.436,35.1490317,-90.0140679,ChIJw3q9_xV-1YcRqrte6yBn1CI,OK,440896,471570112001010
8234.436,35.1490317,-90.0140679,ChIJw3q9_xV-1YcRqrte6yBn1CI,OK,440896,471570112001010
8956.674,35.1444038,-90.0168571,ChIJufYEjhR-1YcREff46W6Lons,OK,488249,471570112001010
4432.779,35.21475480000001,-90.00354540000001,ChIJF6XvX_9_1YcRD4jlF4jzevw,OK,233993,471570004001008
5793.388,35.1738374,-89.98954379999999,ChIJ_S0BIGOAf4gRU3Ph4W65cOQ,OK,316398,471570004001008
5793.388,35.1738374,-89.98954379999999,ChIJ_S0BIGOAf4gRU3Ph4W65cOQ,OK,316398,471570004001008
3250.105,35.17410499999999,-89.97575479999999,ChIJmfYTGFmAf4gRHGKCaD0qCtI,OK,172719,471570102204019
3250.105,35.17410499999999,-89.97575479999999,ChIJmfYTGFmAf4gRHGKCaD0qCtI,OK,172719,471570102204019
4488.529,35.1738374,-89.98954379999999,ChIJ_S0BIGOAf4gRU3Ph4W65cOQ,OK,247015,471570102204019
2058.321,35.17410499999999,-89.97575479999999,ChIJmfYTGFmAf4gRHGKCaD0qCtI,OK,148575,471570111001002
2058.321,35.17410499999999,-89.97575479999999,ChIJmfYTGFmAf4gRHGKCaD0qCtI,OK,148575,471570111001002
3296.745,35.1738374,-89.98954379999999,ChIJ_S0BIGOAf4gRU3Ph4W65cOQ,OK,222871,471570111001002
3039.906,35.183951,-89.93106899999999,ChIJWQ0EIo-Bf4gR6cuqlCcQuNw,OK,163477,471570205121019
3039.906,35.183951,-89.93106899999999,ChIJWQ0EIo-Bf4gR6cuqlCcQuNw,OK,163477,471570205121019
3040.145,35.1839382,-89.93104869999999,ChIJrQx5Io-Bf4gRSwDAaGIf4WE,OK,163520,471570205121019
1700.407,35.2023757,-89.9218691,ChIJvw7rwByCf4gRrAscHKjp1Iw,OK,118190,471570089003018
2020.537,35.183951,-89.93106899999999,ChIJWQ0EIo-Bf4gR6cuqlCcQuNw,OK,131170,471570089003018
2020.537,35.183951,-89.93106899999999,ChIJWQ0EIo-Bf4gR6cuqlCcQuNw,OK,131170,471570089003018
7697.032,35.183951,-89.93106899999999,ChIJWQ0EIo-Bf4gR6cuqlCcQuNw,OK,365642,471570089003016
7697.032,35.183951,-89.93106899999999,ChIJWQ0EIo-Bf4gR6cuqlCcQuNw,OK,365642,471570089003016
7697.271,35.1839382,-89.93104869999999,ChIJrQx5Io-Bf4gRSwDAaGIf4WE,OK,365685,471570089003016
3761.522,35.2023757,-89.9218691,ChIJvw7rwByCf4gRrAscHKjp1Iw,OK,226016,471570205122009
3761.522,35.2023757,-89.9218691,ChIJvw7rwByCf4gRrAscHKjp1Iw,OK,226016,471570205122009
4293.332,35.210167,-89.919383,ChIJi0gqlgaCf4gRjUvfmHxGMyw,OK,230243,471570205122009
3389.788,35.2023757,-89.9218691,ChIJvw7rwByCf4gRrAscHKjp1Iw,OK,206899,471570205121002
3389.788,35.2023757,-89.9218691,ChIJvw7rwByCf4gRrAscHKjp1Iw,OK,206899,471570205121002
3921.598,35.210167,-89.919383,ChIJi0gqlgaCf4gRjUvfmHxGMyw,OK,211126,471570205121002
1497.722,35.021384,-90.019407,ChIJk8DCu8Bi1YcRUnUQCgCMr-E,OK,134132,471570221124007
1907.34,35.02138900000001,-89.996898,ChIJz3MQkR6If4gRIBgmNH-BQcg,OK,121257,471570221124006
2104.468,35.021381,-90.020287,ChIJnVfwxMBi1YcR65EtGsZDcOY,OK,132917,471570221124006
2104.468,35.021381,-90.020287,ChIJnVfwxMBi1YcR65EtGsZDcOY,OK,132917,471570221124006
6613.096,35.1439641,-90.0517892,ChIJL-0zBZR-1YcRj7p5p1WY4-g,OK,540784,471570099011031
6613.096,35.1439641,-90.0517892,ChIJL-0zBZR-1YcRj7p5p1WY4-g,OK,540784,471570099011031
6822.012,35.1450994,-90.0538646,ChIJne6_s5V-1YcRn_LPaqiwhrk,OK,546238,471570099011031
769.802,35.021381,-90.020287,ChIJnVfwxMBi1YcR65EtGsZDcOY,OK,55872,471570221112015
769.802,35.021381,-90.020287,ChIJnVfwxMBi1YcR65EtGsZDcOY,OK,55872,471570221112015
770.141,35.021384,-90.019407,ChIJk8DCu8Bi1YcRUnUQCgCMr-E,OK,55897,471570221112015
726.997,35.021381,-90.020287,ChIJnVfwxMBi1YcR65EtGsZDcOY,OK,50737,471570221112012
726.997,35.021381,-90.020287,ChIJnVfwxMBi1YcR65EtGsZDcOY,OK,50737,471570221112012
727.336,35.021384,-90.019407,ChIJk8DCu8Bi1YcRUnUQCgCMr-E,OK,50762,471570221112012
742.542,35.021381,-90.020287,ChIJnVfwxMBi1YcR65EtGsZDcOY,OK,52602,471570221112014
742.542,35.021381,-90.020287,ChIJnVfwxMBi1YcR65EtGsZDcOY,OK,52602,471570221112014
742.881,35.021384,-90.019407,ChIJk8DCu8Bi1YcRUnUQCgCMr-E,OK,52627,471570221112014
685.206,35.021381,-90.020287,ChIJnVfwxMBi1YcR65EtGsZDcOY,OK,45723,471570221112013
685.206,35.021381,-90.020287,ChIJnVfwxMBi1YcR65EtGsZDcOY,OK,45723,471570221112013
685.545,35.021384,-90.019407,ChIJk8DCu8Bi1YcRUnUQCgCMr-E,OK,45748,471570221112013
891.281,35.021381,-90.020287,ChIJnVfwxMBi1YcR65EtGsZDcOY,OK,61377,471570221124013
891.281,35.021381,-90.020287,ChIJnVfwxMBi1YcR65EtGsZDcOY,OK,61377,471570221124013
891.62,35.021384,-90.019407,ChIJk8DCu8Bi1YcRUnUQCgCMr-E,OK,61402,471570221124013
6833.75,35.1439641,-90.0517892,ChIJL-0zBZR-1YcRj7p5p1WY4-g,OK,554791,471570001001019
6833.75,35.1439641,-90.0517892,ChIJL-0zBZR-1YcRj7p5p1WY4-g,OK,554791,471570001001019
7042.667,35.1450994,-90.0538646,ChIJne6_s5V-1YcRn_LPaqiwhrk,OK,560245,471570001001019
648.421,35.22619459999999,-90.0020167,ChIJvTh1mwiA1YcRLLqD5Uxq8Nc,OK,57484,471570101102003
648.421,35.22619459999999,-90.0020167,ChIJvTh1mwiA1YcRLLqD5Uxq8Nc,OK,57484,471570101102003
964.27,35.218332,-90.00299799999999,ChIJfRCGEgGA1YcRsZsWP_dycDI,OK,76269,471570101102003
624.431,35.22619459999999,-90.0020167,ChIJvTh1mwiA1YcRLLqD5Uxq8Nc,OK,54605,471570101102011
624.431,35.22619459999999,-90.0020167,ChIJvTh1mwiA1YcRLLqD5Uxq8Nc,OK,54605,471570101102011
940.28,35.218332,-90.00299799999999,ChIJfRCGEgGA1YcRsZsWP_dycDI,OK,73390,471570101102011
374.131,35.218332,-90.00299799999999,ChIJfRCGEgGA1YcRsZsWP_dycDI,OK,36478,471570101101004
374.131,35.218332,-90.00299799999999,ChIJfRCGEgGA1YcRsZsWP_dycDI,OK,36478,471570101101004
772.62,35.21475480000001,-90.00354540000001,ChIJF6XvX_9_1YcRD4jlF4jzevw,OK,60386,471570101101004
286.619,35.218332,-90.00299799999999,ChIJfRCGEgGA1YcRsZsWP_dycDI,OK,17196,471570101101005
286.619,35.218332,-90.00299799999999,ChIJfRCGEgGA1YcRsZsWP_dycDI,OK,17196,471570101101005
685.108,35.21475480000001,-90.00354540000001,ChIJF6XvX_9_1YcRD4jlF4jzevw,OK,41104,471570101101005
466.31,35.218332,-90.00299799999999,ChIJfRCGEgGA1YcRsZsWP_dycDI,OK,27977,471570101102008
466.31,35.218332,-90.00299799999999,ChIJfRCGEgGA1YcRsZsWP_dycDI,OK,27977,471570101102008
674.215,35.21475480000001,-90.00354540000001,ChIJF6XvX_9_1YcRD4jlF4jzevw,OK,40451,471570101102008
642.801,35.2166323,-89.9945206,ChIJ4fSgw_h_f4gRx0hAJfGjdzA,OK,58270,471570101201000
642.801,35.2166323,-89.9945206,ChIJ4fSgw_h_f4gRx0hAJfGjdzA,OK,58270,471570101201000
975.213,35.2178517,-89.9902989,ChIJT7y6Nvh_f4gR6Khps0fYRPg,OK,82887,471570101201000
522.574,35.218332,-90.00299799999999,ChIJfRCGEgGA1YcRsZsWP_dycDI,OK,40320,471570101201004
522.574,35.218332,-90.00299799999999,ChIJfRCGEgGA1YcRsZsWP_dycDI,OK,40320,471570101201004
447.216,35.21475480000001,-90.00354540000001,ChIJF6XvX_9_1YcRD4jlF4jzevw,OK,52728,471570101201004
682.758,35.21475480000001,-90.00354540000001,ChIJF6XvX_9_1YcRD4jlF4jzevw,OK,64563,471570101105014
682.758,35.21475480000001,-90.00354540000001,ChIJF6XvX_9_1YcRD4jlF4jzevw,OK,64563,471570101105014
782.525,35.218332,-90.00299799999999,ChIJfRCGEgGA1YcRsZsWP_dycDI,OK,75282,471570101105014
732.664,35.21475480000001,-90.00354540000001,ChIJF6XvX_9_1YcRD4jlF4jzevw,OK,55126,471570101106001
732.664,35.21475480000001,-90.00354540000001,ChIJF6XvX_9_1YcRD4jlF4jzevw,OK,55126,471570101106001
1131.153,35.218332,-90.00299799999999,ChIJfRCGEgGA1YcRsZsWP_dycDI,OK,79035,471570101106001
615.597,35.21475480000001,-90.00354540000001,ChIJF6XvX_9_1YcRD4jlF4jzevw,OK,50289,471570101106012
615.597,35.21475480000001,-90.00354540000001,ChIJF6XvX_9_1YcRD4jlF4jzevw,OK,50289,471570101106012
1014.087,35.218332,-90.00299799999999,ChIJfRCGEgGA1YcRsZsWP_dycDI,OK,74198,471570101106012
629.758,35.21475480000001,-90.00354540000001,ChIJF6XvX_9_1YcRD4jlF4jzevw,OK,51988,471570101106000
629.758,35.21475480000001,-90.00354540000001,ChIJF6XvX_9_1YcRD4jlF4jzevw,OK,51988,471570101106000
1028.247,35.218332,-90.00299799999999,ChIJfRCGEgGA1YcRsZsWP_dycDI,OK,75897,471570101106000
629.657,35.21475480000001,-90.00354540000001,ChIJF6XvX_9_1YcRD4jlF4jzevw,OK,45593,471570101201013
629.657,35.21475480000001,-90.00354540000001,ChIJF6XvX_9_1YcRD4jlF4jzevw,OK,45593,471570101201013
1028.146,35.218332,-90.00299799999999,ChIJfRCGEgGA1YcRsZsWP_dycDI,OK,69502,471570101201013
708.787,35.21475480000001,-90.00354540000001,ChIJF6XvX_9_1YcRD4jlF4jzevw,OK,61471,471570101106013
708.787,35.21475480000001,-90.00354540000001,ChIJF6XvX_9_1YcRD4jlF4jzevw,OK,61471,471570101106013
1107.276,35.218332,-90.00299799999999,ChIJfRCGEgGA1YcRsZsWP_dycDI,OK,85380,471570101106013
163.52,35.21475480000001,-90.00354540000001,ChIJF6XvX_9_1YcRD4jlF4jzevw,OK,9811,471570101201006
163.52,35.21475480000001,-90.00354540000001,ChIJF6XvX_9_1YcRD4jlF4jzevw,OK,9811,471570101201006
3259.181,35.0477573,-89.86637909999999,ChIJ5_0L5VyFf4gR4HBEwl6nmRE,OK,211766,471570217413010
3259.181,35.0477573,-89.86637909999999,ChIJ5_0L5VyFf4gR4HBEwl6nmRE,OK,211766,471570217413010
3832.339,35.0505832,-89.86958199999999,ChIJAfPLA2iFf4gRetxnyV4zn3o,OK,250913,471570217413010
3504.752,35.0477573,-89.86637909999999,ChIJ5_0L5VyFf4gR4HBEwl6nmRE,OK,270076,471570217412015
3504.752,35.0477573,-89.86637909999999,ChIJ5_0L5VyFf4gR4HBEwl6nmRE,OK,270076,471570217412015
3346.155,35.0493493,-89.855357,ChIJH2Nw4lGFf4gRq0vxk4n5iAE,OK,318576,471570217412015
3348.493,35.0477573,-89.86637909999999,ChIJ5_0L5VyFf4gR4HBEwl6nmRE,OK,185439,471570217413011
3348.493,35.0477573,-89.86637909999999,ChIJ5_0L5VyFf4gR4HBEwl6nmRE,OK,185439,471570217413011
3921.651,35.0505832,-89.86958199999999,ChIJAfPLA2iFf4gRetxnyV4zn3o,OK,224586,471570217413011
2947.283,35.0477573,-89.86637909999999,ChIJ5_0L5VyFf4gR4HBEwl6nmRE,OK,224465,471570217412008
2947.283,35.0477573,-89.86637909999999,ChIJ5_0L5VyFf4gR4HBEwl6nmRE,OK,224465,471570217412008
2904.788,35.0493493,-89.855357,ChIJH2Nw4lGFf4gRq0vxk4n5iAE,OK,265613,471570217412008
3117.981,35.0344414,-89.8319559,ChIJfcC9SguQf4gR_xf02Tpo1-w,OK,216741,471570217411020
3117.981,35.0344414,-89.8319559,ChIJfcC9SguQf4gR_xf02Tpo1-w,OK,216741,471570217411020
3416.373,35.0220022,-89.82947999999999,ChIJxT9DeWuQf4gRf6HLF5uJHd0,OK,224265,471570217411020
2663.841,35.0477573,-89.86637909999999,ChIJ5_0L5VyFf4gR4HBEwl6nmRE,OK,169875,471570217412003
2194.147,35.0493493,-89.855357,ChIJH2Nw4lGFf4gRq0vxk4n5iAE,OK,180340,471570217412003
2194.147,35.0493493,-89.855357,ChIJH2Nw4lGFf4gRq0vxk4n5iAE,OK,180340,471570217412003
5384.146,35.1153996,-89.89414069999999,ChIJCb4NOWWEf4gR79YlPQoocW4,OK,402853,471570213112014
5384.146,35.1153996,-89.89414069999999,ChIJCb4NOWWEf4gR79YlPQoocW4,OK,402853,471570213112014
7785.55,35.16339899999999,-89.855841,ChIJA_xfkC6Df4gRAjVZwLz1jqA,OK,501974,471570213112014
2975.515,35.0344414,-89.8319559,ChIJfcC9SguQf4gR_xf02Tpo1-w,OK,199643,471570217411021
2975.515,35.0344414,-89.8319559,ChIJfcC9SguQf4gR_xf02Tpo1-w,OK,199643,471570217411021
3530.59,35.0220022,-89.82947999999999,ChIJxT9DeWuQf4gRf6HLF5uJHd0,OK,225594,471570217411021
7541.243,35.0614623,-89.8536277,ChIJ4TWJkTWFf4gRbkNZYfkF9Jw,OK,528142,471570213113015
7541.243,35.0614623,-89.8536277,ChIJ4TWJkTWFf4gRbkNZYfkF9Jw,OK,528142,471570213113015
7461.557,35.1145886,-89.90089789999999,ChIJKWmlFW6Ef4gR0YNISWQMkss,OK,538300,471570213113015
7169.786,35.0614623,-89.8536277,ChIJ4TWJkTWFf4gRbkNZYfkF9Jw,OK,483569,471570213113014
7169.786,35.0614623,-89.8536277,ChIJ4TWJkTWFf4gRbkNZYfkF9Jw,OK,483569,471570213113014
7090.1,35.1145886,-89.90089789999999,ChIJKWmlFW6Ef4gR0YNISWQMkss,OK,493727,471570213113014
7555.434,35.0614623,-89.8536277,ChIJ4TWJkTWFf4gRbkNZYfkF9Jw,OK,498194,471570213113007
7555.434,35.0614623,-89.8536277,ChIJ4TWJkTWFf4gRbkNZYfkF9Jw,OK,498194,471570213113007
7445.782,35.1153996,-89.89414069999999,ChIJCb4NOWWEf4gR79YlPQoocW4,OK,513725,471570213113007
6967.566,35.0614623,-89.8536277,ChIJ4TWJkTWFf4gRbkNZYfkF9Jw,OK,433312,471570213113008
6967.566,35.0614623,-89.8536277,ChIJ4TWJkTWFf4gRbkNZYfkF9Jw,OK,433312,471570213113008
6857.913,35.1153996,-89.89414069999999,ChIJCb4NOWWEf4gR79YlPQoocW4,OK,448843,471570213113008
966.347,35.1087458,-90.0211918,ChIJe6w2EsF91YcRquzVZc8M0-I,OK,61491,471570060001004
966.347,35.1087458,-90.0211918,ChIJe6w2EsF91YcRquzVZc8M0-I,OK,61491,471570060001004
966.988,35.10874099999999,-90.021185,ChIJrVbiDcF91YcRG9TBOTpHc3I,OK,61568,471570060001004
5264.172,35.14868459999999,-89.7948203,ChIJ4w9Lr2qcf4gRHdzl9FciAFM,OK,471039,471579804001019
5264.172,35.14868459999999,-89.7948203,ChIJ4w9Lr2qcf4gRHdzl9FciAFM,OK,471039,471579804001019
6030.334,35.1546312,-89.79260459999999,ChIJ8UeuSEecf4gRniit7ubZLtM,OK,491738,471579804001019
7268.844,35.1153996,-89.89414069999999,ChIJCb4NOWWEf4gR79YlPQoocW4,OK,486465,471570213113000
8920.977,35.16339899999999,-89.855841,ChIJA_xfkC6Df4gRAjVZwLz1jqA,OK,563194,471570213113000
8920.977,35.16339899999999,-89.855841,ChIJA_xfkC6Df4gRAjVZwLz1jqA,OK,563194,471570213113000
7441.585,35.1153996,-89.89414069999999,ChIJCb4NOWWEf4gR79YlPQoocW4,OK,513219,471570213113001
7441.585,35.1153996,-89.89414069999999,ChIJCb4NOWWEf4gR79YlPQoocW4,OK,513219,471570213113001
9422.589,35.16339899999999,-89.855841,ChIJA_xfkC6Df4gRAjVZwLz1jqA,OK,623386,471570213113001
7192.624,35.1153996,-89.89414069999999,ChIJCb4NOWWEf4gR79YlPQoocW4,OK,483009,471570213113002
9081.871,35.16339899999999,-89.855841,ChIJA_xfkC6Df4gRAjVZwLz1jqA,OK,576810,471570213113002
9081.871,35.16339899999999,-89.855841,ChIJA_xfkC6Df4gRAjVZwLz1jqA,OK,576810,471570213113002
7123.576,35.0614623,-89.8536277,ChIJ4TWJkTWFf4gRbkNZYfkF9Jw,OK,451857,471570213113003
7123.576,35.0614623,-89.8536277,ChIJ4TWJkTWFf4gRbkNZYfkF9Jw,OK,451857,471570213113003
7013.924,35.1153996,-89.89414069999999,ChIJCb4NOWWEf4gR79YlPQoocW4,OK,467388,471570213113003
6669.885,35.0614623,-89.8536277,ChIJ4TWJkTWFf4gRbkNZYfkF9Jw,OK,423581,471570213113009
6669.885,35.0614623,-89.8536277,ChIJ4TWJkTWFf4gRbkNZYfkF9Jw,OK,423581,471570213113009
6560.233,35.1153996,-89.89414069999999,ChIJCb4NOWWEf4gR79YlPQoocW4,OK,439112,471570213113009
6791.859,35.0614623,-89.8536277,ChIJ4TWJkTWFf4gRbkNZYfkF9Jw,OK,432849,471570213121007
6791.859,35.0614623,-89.8536277,ChIJ4TWJkTWFf4gRbkNZYfkF9Jw,OK,432849,471570213121007
6682.207,35.1153996,-89.89414069999999,ChIJCb4NOWWEf4gR79YlPQoocW4,OK,448380,471570213121007
5301.292,35.0614623,-89.8536277,ChIJ4TWJkTWFf4gRbkNZYfkF9Jw,OK,323051,471570213201002
5301.292,35.0614623,-89.8536277,ChIJ4TWJkTWFf4gRbkNZYfkF9Jw,OK,323051,471570213201002
5386.064,35.0512763,-89.8427476,ChIJ7VPJ3q-af4gRdxERIyaZ0gk,OK,329239,471570213201002
5092.96,35.0614623,-89.8536277,ChIJ4TWJkTWFf4gRbkNZYfkF9Jw,OK,329533,471570213202014
5092.96,35.0614623,-89.8536277,ChIJ4TWJkTWFf4gRbkNZYfkF9Jw,OK,329533,471570213202014
5177.732,35.0512763,-89.8427476,ChIJ7VPJ3q-af4gRdxERIyaZ0gk,OK,335721,471570213202014
6844.696,35.0614623,-89.8536277,ChIJ4TWJkTWFf4gRbkNZYfkF9Jw,OK,444559,471570213113010
1301.99,35.2045576,-89.81176689999999,ChIJ8ROix4Kdf4gR4Su-1OwAUMo,OK,76417,471570211122003
1301.99,35.2045576,-89.81176689999999,ChIJ8ROix4Kdf4gR4Su-1OwAUMo,OK,76417,471570211122003
2358.499,35.2051043,-89.79754849999999,ChIJpRDMlY2df4gRQqHmUo_lzmc,OK,133836,471570211122003
2614.426,35.2045576,-89.81176689999999,ChIJ8ROix4Kdf4gR4Su-1OwAUMo,OK,195446,471570211122008
2614.426,35.2045576,-89.81176689999999,ChIJ8ROix4Kdf4gR4Su-1OwAUMo,OK,195446,471570211122008
3464.181,35.19067459999999,-89.8489943,ChIJ364PGjWdf4gRKbsrGLq8_XQ,OK,231145,471570211122008
1216.712,35.16339899999999,-89.855841,ChIJA_xfkC6Df4gRAjVZwLz1jqA,OK,74945,471570211113045
1216.712,35.16339899999999,-89.855841,ChIJA_xfkC6Df4gRAjVZwLz1jqA,OK,74945,471570211113045
1290.095,35.1623785,-89.8566175,ChIJXQHWWS6Df4gRqhH5EQ9H1j0,OK,83804,471570211113045
3025.448,35.19067459999999,-89.8489943,ChIJ364PGjWdf4gRKbsrGLq8_XQ,OK,174794,471570211113009
3025.448,35.19067459999999,-89.8489943,ChIJ364PGjWdf4gRKbsrGLq8_XQ,OK,174794,471570211113009
4159.223,35.16339899999999,-89.855841,ChIJA_xfkC6Df4gRAjVZwLz1jqA,OK,203674,471570211113009
2298.939,35.19067459999999,-89.8489943,ChIJ364PGjWdf4gRKbsrGLq8_XQ,OK,173851,471570211123023
2298.939,35.19067459999999,-89.8489943,ChIJ364PGjWdf4gRKbsrGLq8_XQ,OK,173851,471570211123023
3601.443,35.2045576,-89.81176689999999,ChIJ8ROix4Kdf4gR4Su-1OwAUMo,OK,262512,471570211123023
1632.666,35.16339899999999,-89.855841,ChIJA_xfkC6Df4gRAjVZwLz1jqA,OK,120705,471570211211017
1632.666,35.16339899999999,-89.855841,ChIJA_xfkC6Df4gRAjVZwLz1jqA,OK,120705,471570211211017
1707.822,35.1623785,-89.8566175,ChIJXQHWWS6Df4gRqhH5EQ9H1j0,OK,129670,471570211211017
641.81,35.0326981,-90.07589809999999,ChIJ9S1ljalk1YcRvuG-_hbpimA,OK,36743,471570223104012
641.81,35.0326981,-90.07589809999999,ChIJ9S1ljalk1YcRvuG-_hbpimA,OK,36743,471570223104012
1442.882,35.02753099999999,-90.082077,ChIJK66rdetk1YcRwwxI9gDREks,OK,81109,471570223104012
1385.121,35.0543926,-90.0597009,ChIJT5TzUbl81YcRiPqNjkbj9CA,OK,82690,471570223102002
1385.121,35.0543926,-90.0597009,ChIJT5TzUbl81YcRiPqNjkbj9CA,OK,82690,471570223102002
1966.477,35.06128,-90.05978399999999,ChIJm06f8ZV81YcRTjzAsJPcBKY,OK,114887,471570223102002
1726.673,35.16339899999999,-89.855841,ChIJA_xfkC6Df4gRAjVZwLz1jqA,OK,139221,471570211211002
1726.673,35.16339899999999,-89.855841,ChIJA_xfkC6Df4gRAjVZwLz1jqA,OK,139221,471570211211002
1801.828,35.1623785,-89.8566175,ChIJXQHWWS6Df4gRqhH5EQ9H1j0,OK,148186,471570211211002
294.093,35.2044739,-89.76342459999999,ChIJ3XsJxyKef4gRTeWb3lonWsU,OK,20169,471570211421014
294.093,35.2044739,-89.76342459999999,ChIJ3XsJxyKef4gRTeWb3lonWsU,OK,20169,471570211421014
1984.508,35.2074362,-89.7805166,ChIJ62ATRfudf4gRPIrPAXGVsiQ,OK,151655,471570211421014
2470.28,35.0614623,-89.8536277,ChIJ4TWJkTWFf4gRbkNZYfkF9Jw,OK,169153,471570217211004
2470.28,35.0614623,-89.8536277,ChIJ4TWJkTWFf4gRbkNZYfkF9Jw,OK,169153,471570217211004
2635.784,35.050596,-89.869556,ChIJQ4vLA2iFf4gRyyCo3ihKH44,OK,169894,471570217211004
2140.069,35.0490562,-89.84441600000001,ChIJCUulJK6af4gR7vOP_qSrYdM,OK,127418,471570217324008
2237.097,35.0493493,-89.855357,ChIJH2Nw4lGFf4gRq0vxk4n5iAE,OK,166257,471570217324008
2237.097,35.0493493,-89.855357,ChIJH2Nw4lGFf4gRq0vxk4n5iAE,OK,166257,471570217324008
1096.972,35.0477573,-89.86637909999999,ChIJ5_0L5VyFf4gR4HBEwl6nmRE,OK,81064,471570217322007
1096.972,35.0477573,-89.86637909999999,ChIJ5_0L5VyFf4gR4HBEwl6nmRE,OK,81064,471570217322007
1667.81,35.050596,-89.869556,ChIJQ4vLA2iFf4gRyyCo3ihKH44,OK,119793,471570217322007
1298.682,35.0493493,-89.855357,ChIJH2Nw4lGFf4gRq0vxk4n5iAE,OK,112707,471570217322015
1298.682,35.0493493,-89.855357,ChIJH2Nw4lGFf4gRq0vxk4n5iAE,OK,112707,471570217322015
1560.212,35.0501932,-89.8529489,ChIJJ3DCd1KFf4gRBb2DFEnzV7w,OK,122718,471570217322015
2179.439,35.0477573,-89.86637909999999,ChIJ5_0L5VyFf4gR4HBEwl6nmRE,OK,120696,471570217414007
2179.439,35.0477573,-89.86637909999999,ChIJ5_0L5VyFf4gR4HBEwl6nmRE,OK,120696,471570217414007
2750.277,35.050596,-89.869556,ChIJQ4vLA2iFf4gRyyCo3ihKH44,OK,159425,471570217414007
2832.226,35.0477573,-89.86637909999999,ChIJ5_0L5VyFf4gR4HBEwl6nmRE,OK,186970,471570217414013
2832.226,35.0477573,-89.86637909999999,ChIJ5_0L5VyFf4gR4HBEwl6nmRE,OK,186970,471570217414013
3403.064,35.050596,-89.869556,ChIJQ4vLA2iFf4gRyyCo3ihKH44,OK,225699,471570217414013
1446.037,35.0068452,-90.00681259999999,ChIJz3G0Jpti1YcRMCYWHOflqrA,OK,98708,471570221223007
1446.037,35.0068452,-90.00681259999999,ChIJz3G0Jpti1YcRMCYWHOflqrA,OK,98708,471570221223007
2239.947,34.9907298,-89.99350899999999,ChIJaR6gqdOJf4gRbmqB7wctwt0,OK,138824,471570221223007
2621.247,35.0543926,-90.0597009,ChIJT5TzUbl81YcRiPqNjkbj9CA,OK,169615,471570222204013
3202.602,35.06128,-90.05978399999999,ChIJm06f8ZV81YcRTjzAsJPcBKY,OK,201812,471570222204013
3202.602,35.06128,-90.05978399999999,ChIJm06f8ZV81YcRTjzAsJPcBKY,OK,201812,471570222204013
787.999,35.06128,-90.05978399999999,ChIJm06f8ZV81YcRTjzAsJPcBKY,OK,81212,471570222205001
787.999,35.06128,-90.05978399999999,ChIJm06f8ZV81YcRTjzAsJPcBKY,OK,81212,471570222205001
690.699,35.061362,-90.05986399999999,ChIJL_Gh8ZV81YcRDlMHRKqR_IA,OK,82883,471570222205001
1440.688,35.0326981,-90.07589809999999,ChIJ9S1ljalk1YcRvuG-_hbpimA,OK,99693,471570223213005
1440.688,35.0326981,-90.07589809999999,ChIJ9S1ljalk1YcRvuG-_hbpimA,OK,99693,471570223213005
2241.76,35.02753099999999,-90.082077,ChIJK66rdetk1YcRwwxI9gDREks,OK,144059,471570223213005
685.353,35.0490562,-89.84441600000001,ChIJCUulJK6af4gR7vOP_qSrYdM,OK,46280,471570217321005
685.353,35.0490562,-89.84441600000001,ChIJCUulJK6af4gR7vOP_qSrYdM,OK,46280,471570217321005
988.976,35.049031,-89.841437,ChIJt6vl46-af4gRvoN8Yvkmx9A,OK,61570,471570217321005
2561.237,35.0326981,-90.07589809999999,ChIJ9S1ljalk1YcRvuG-_hbpimA,OK,164360,471570223222004
3196.819,35.03203000000001,-90.025994,ChIJr7k5Z85i1YcR_daVhG2vNFM,OK,211533,471570223222004
3196.819,35.03203000000001,-90.025994,ChIJr7k5Z85i1YcR_daVhG2vNFM,OK,211533,471570223222004
787.142,35.1157645,-90.022279,ChIJwZqBNMN91YcRRpdDvj5Pcr8,OK,62909,471570115001013
1646.06,35.1060329,-90.039159,ChIJ231bcjV81YcRQ1quDeYAd6M,OK,111292,471570058002007
1919.321,35.0508681,-89.88111619999999,ChIJ68PUi3CFf4gRLPYGzNKUdto,OK,145366,471570108201008
2363.149,35.050596,-89.869556,ChIJQ4vLA2iFf4gRyyCo3ihKH44,OK,154391,471570108201008
2363.149,35.050596,-89.869556,ChIJQ4vLA2iFf4gRyyCo3ihKH44,OK,154391,471570108201008
934.672,35.0612606,-89.88628629999999,ChIJAQ_I1gqFf4gRFrt5yQeAEps,OK,77162,471570108202012
934.672,35.0612606,-89.88628629999999,ChIJAQ_I1gqFf4gRFrt5yQeAEps,OK,77162,471570108202012
1155.53,35.0508681,-89.88111619999999,ChIJ68PUi3CFf4gRLPYGzNKUdto,OK,96001,471570108202012
1066.236,35.0612606,-89.88628629999999,ChIJAQ_I1gqFf4gRFrt5yQeAEps,OK,92950,471570108202011
1066.236,35.0612606,-89.88628629999999,ChIJAQ_I1gqFf4gRFrt5yQeAEps,OK,92950,471570108202011
1199.769,35.0508681,-89.88111619999999,ChIJ68PUi3CFf4gRLPYGzNKUdto,OK,96922,471570108202011
1745.591,35.0508681,-89.88111619999999,ChIJ68PUi3CFf4gRLPYGzNKUdto,OK,145059,471570108201007
1979.401,35.050596,-89.869556,ChIJQ4vLA2iFf4gRyyCo3ihKH44,OK,149965,471570108201007
1979.401,35.050596,-89.869556,ChIJQ4vLA2iFf4gRyyCo3ihKH44,OK,149965,471570108201007
1942.433,35.0614623,-89.8536277,ChIJ4TWJkTWFf4gRbkNZYfkF9Jw,OK,135257,471570217211008
1942.433,35.0614623,-89.8536277,ChIJ4TWJkTWFf4gRbkNZYfkF9Jw,OK,135257,471570217211008
2107.937,35.050596,-89.869556,ChIJQ4vLA2iFf4gRyyCo3ihKH44,OK,135998,471570217211008
2091.785,35.0614623,-89.8536277,ChIJ4TWJkTWFf4gRbkNZYfkF9Jw,OK,148360,471570217102009
2257.289,35.050596,-89.869556,ChIJQ4vLA2iFf4gRyyCo3ihKH44,OK,149101,471570217102009
2257.289,35.050596,-89.869556,ChIJQ4vLA2iFf4gRyyCo3ihKH44,OK,149101,471570217102009
2225.087,35.0477573,-89.86637909999999,ChIJ5_0L5VyFf4gR4HBEwl6nmRE,OK,144535,471570108201005
2284.309,35.050596,-89.869556,ChIJQ4vLA2iFf4gRyyCo3ihKH44,OK,154937,471570108201005
2284.309,35.050596,-89.869556,ChIJQ4vLA2iFf4gRyyCo3ihKH44,OK,154937,471570108201005
1341.533,35.0477573,-89.86637909999999,ChIJ5_0L5VyFf4gR4HBEwl6nmRE,OK,95248,471570108201010
1400.755,35.050596,-89.869556,ChIJQ4vLA2iFf4gRyyCo3ihKH44,OK,105650,471570108201010
1400.755,35.050596,-89.869556,ChIJQ4vLA2iFf4gRyyCo3ihKH44,OK,105650,471570108201010
1269.838,35.0508681,-89.88111619999999,ChIJ68PUi3CFf4gRLPYGzNKUdto,OK,104452,471570108204007
1508.423,35.050596,-89.869556,ChIJQ4vLA2iFf4gRyyCo3ihKH44,OK,116269,471570108204007
1508.423,35.050596,-89.869556,ChIJQ4vLA2iFf4gRyyCo3ihKH44,OK,116269,471570108204007
1882.614,35.0477573,-89.86637909999999,ChIJ5_0L5VyFf4gR4HBEwl6nmRE,OK,119568,471570217102007
1941.836,35.050596,-89.869556,ChIJQ4vLA2iFf4gRyyCo3ihKH44,OK,129970,471570217102007
1941.836,35.050596,-89.869556,ChIJQ4vLA2iFf4gRyyCo3ihKH44,OK,129970,471570217102007
703.437,35.050596,-89.869556,ChIJQ4vLA2iFf4gRyyCo3ihKH44,OK,79837,471570108204006
703.437,35.050596,-89.869556,ChIJQ4vLA2iFf4gRyyCo3ihKH44,OK,79837,471570108204006
705.758,35.0505832,-89.86958199999999,ChIJAfPLA2iFf4gRetxnyV4zn3o,OK,80255,471570108204006
2147.005,35.0477573,-89.86637909999999,ChIJ5_0L5VyFf4gR4HBEwl6nmRE,OK,135166,471570108201006
2206.227,35.050596,-89.869556,ChIJQ4vLA2iFf4gRyyCo3ihKH44,OK,145568,471570108201006
2206.227,35.050596,-89.869556,ChIJQ4vLA2iFf4gRyyCo3ihKH44,OK,145568,471570108201006
1370.106,35.1060329,-90.039159,ChIJ231bcjV81YcRQ1quDeYAd6M,OK,110488,471570057001031
1370.106,35.1060329,-90.039159,ChIJ231bcjV81YcRQ1quDeYAd6M,OK,110488,471570057001031
1896.691,35.098685,-90.05664899999999,ChIJ31qwBkJ81YcRk2V5pdmdhrM,OK,129485,471570057001031
955.272,35.050596,-89.869556,ChIJQ4vLA2iFf4gRyyCo3ihKH44,OK,94717,471570108204004
955.272,35.050596,-89.869556,ChIJQ4vLA2iFf4gRyyCo3ihKH44,OK,94717,471570108204004
957.593,35.0505832,-89.86958199999999,ChIJAfPLA2iFf4gRetxnyV4zn3o,OK,95135,471570108204004
895.58,35.0508681,-89.88111619999999,ChIJ68PUi3CFf4gRLPYGzNKUdto,OK,67252,471570108203008
895.58,35.0508681,-89.88111619999999,ChIJ68PUi3CFf4gRLPYGzNKUdto,OK,67252,471570108203008
1134.164,35.050596,-89.869556,ChIJQ4vLA2iFf4gRyyCo3ihKH44,OK,79069,471570108203008
879.478,35.0508681,-89.88111619999999,ChIJ68PUi3CFf4gRLPYGzNKUdto,OK,68232,471570108203007
879.478,35.0508681,-89.88111619999999,ChIJ68PUi3CFf4gRLPYGzNKUdto,OK,68232,471570108203007
878.368,35.050596,-89.869556,ChIJQ4vLA2iFf4gRyyCo3ihKH44,OK,71528,471570108203007
977.091,35.0508681,-89.88111619999999,ChIJ68PUi3CFf4gRLPYGzNKUdto,OK,64385,471570217311010
975.981,35.050596,-89.869556,ChIJQ4vLA2iFf4gRyyCo3ihKH44,OK,67681,471570217311010
975.981,35.050596,-89.869556,ChIJQ4vLA2iFf4gRyyCo3ihKH44,OK,67681,471570217311010
815.097,35.050596,-89.869556,ChIJQ4vLA2iFf4gRyyCo3ihKH44,OK,77896,471570108204005
815.097,35.050596,-89.869556,ChIJQ4vLA2iFf4gRyyCo3ihKH44,OK,77896,471570108204005
817.418,35.0505832,-89.86958199999999,ChIJAfPLA2iFf4gRetxnyV4zn3o,OK,78314,471570108204005
771.746,35.04677619999999,-89.8859339,ChIJycTJ_niFf4gR5esliSzp17E,OK,63161,471570217312008
771.746,35.04677619999999,-89.8859339,ChIJycTJ_niFf4gR5esliSzp17E,OK,63161,471570217312008
1511.659,35.0531879,-89.8855975,ChIJy5TuWnaFf4gRzUE1FqfjCIk,OK,112492,471570217312008
2733.343,35.0477573,-89.86637909999999,ChIJ5_0L5VyFf4gR4HBEwl6nmRE,OK,170854,471570217414004
2733.343,35.0477573,-89.86637909999999,ChIJ5_0L5VyFf4gR4HBEwl6nmRE,OK,170854,471570217414004
3304.181,35.050596,-89.869556,ChIJQ4vLA2iFf4gRyyCo3ihKH44,OK,209583,471570217414004
6032.919,35.14868459999999,-89.7948203,ChIJ4w9Lr2qcf4gRHdzl9FciAFM,OK,371793,471570211391029
6032.919,35.14868459999999,-89.7948203,ChIJ4w9Lr2qcf4gRHdzl9FciAFM,OK,371793,471570211391029
6799.081,35.1546312,-89.79260459999999,ChIJ8UeuSEecf4gRniit7ubZLtM,OK,392492,471570211391029
468.478,35.050596,-89.869556,ChIJQ4vLA2iFf4gRyyCo3ihKH44,OK,48392,471570108204010
468.478,35.050596,-89.869556,ChIJQ4vLA2iFf4gRyyCo3ihKH44,OK,48392,471570108204010
470.799,35.0505832,-89.86958199999999,ChIJAfPLA2iFf4gRetxnyV4zn3o,OK,48810,471570108204010
1382.332,35.0477573,-89.86637909999999,ChIJ5_0L5VyFf4gR4HBEwl6nmRE,OK,95745,471570108204003
2253.738,35.142439,-90.006118,ChIJeUPo2Rt-1YcRdoG2a54M-d0,OK,151218,471570016002022
2253.738,35.142439,-90.006118,ChIJeUPo2Rt-1YcRdoG2a54M-d0,OK,151218,471570016002022
2402.534,35.13774119999999,-89.99713,ChIJtwtohKiAf4gRFxkNLUf9PgA,OK,163637,471570016002022
1904.538,35.1507888,-89.977317,ChIJdVWrOuqAf4gR-V7s1E3qo7g,OK,105727,471570016002014
1904.538,35.1507888,-89.977317,ChIJdVWrOuqAf4gR-V7s1E3qo7g,OK,105727,471570016002014
1936.896,35.1738374,-89.98954379999999,ChIJ_S0BIGOAf4gRU3Ph4W65cOQ,OK,134411,471570016002014
1793.524,35.1507888,-89.977317,ChIJdVWrOuqAf4gR-V7s1E3qo7g,OK,99223,471570016002019
1793.524,35.1507888,-89.977317,ChIJdVWrOuqAf4gR-V7s1E3qo7g,OK,99223,471570016002019
2050.488,35.1738374,-89.98954379999999,ChIJ_S0BIGOAf4gRU3Ph4W65cOQ,OK,141379,471570016002019
2192.96,35.142439,-90.006118,ChIJeUPo2Rt-1YcRdoG2a54M-d0,OK,140358,471570016002024
2192.96,35.142439,-90.006118,ChIJeUPo2Rt-1YcRdoG2a54M-d0,OK,140358,471570016002024
2341.756,35.13774119999999,-89.99713,ChIJtwtohKiAf4gRFxkNLUf9PgA,OK,152777,471570016002024
2553.767,35.142439,-90.006118,ChIJeUPo2Rt-1YcRdoG2a54M-d0,OK,148503,471570016003001
2553.767,35.142439,-90.006118,ChIJeUPo2Rt-1YcRdoG2a54M-d0,OK,148503,471570016003001
2702.563,35.13774119999999,-89.99713,ChIJtwtohKiAf4gRFxkNLUf9PgA,OK,160922,471570016003001
1708.706,35.142439,-90.006118,ChIJeUPo2Rt-1YcRdoG2a54M-d0,OK,116812,471570026002000
1708.706,35.142439,-90.006118,ChIJeUPo2Rt-1YcRdoG2a54M-d0,OK,116812,471570026002000
2257.951,35.13774119999999,-89.99713,ChIJtwtohKiAf4gRFxkNLUf9PgA,OK,139543,471570026002000
1761.985,35.142439,-90.006118,ChIJeUPo2Rt-1YcRdoG2a54M-d0,OK,112932,471570026002008
1761.985,35.142439,-90.006118,ChIJeUPo2Rt-1YcRdoG2a54M-d0,OK,112932,471570026002008
1910.781,35.13774119999999,-89.99713,ChIJtwtohKiAf4gRFxkNLUf9PgA,OK,125351,471570026002008
1514.378,35.142439,-90.006118,ChIJeUPo2Rt-1YcRdoG2a54M-d0,OK,98123,471570026002016
1514.378,35.142439,-90.006118,ChIJeUPo2Rt-1YcRdoG2a54M-d0,OK,98123,471570026002016
1663.173,35.13774119999999,-89.99713,ChIJtwtohKiAf4gRFxkNLUf9PgA,OK,110542,471570026002016
1386.301,35.142439,-90.006118,ChIJeUPo2Rt-1YcRdoG2a54M-d0,OK,85977,471570026002023
1386.301,35.142439,-90.006118,ChIJeUPo2Rt-1YcRdoG2a54M-d0,OK,85977,471570026002023
1535.096,35.13774119999999,-89.99713,ChIJtwtohKiAf4gRFxkNLUf9PgA,OK,98396,471570026002023
877.799,35.142439,-90.006118,ChIJeUPo2Rt-1YcRdoG2a54M-d0,OK,68917,471570026001012
877.799,35.142439,-90.006118,ChIJeUPo2Rt-1YcRdoG2a54M-d0,OK,68917,471570026001012
1357.79,35.139426,-90.00714049999999,ChIJC-6kIBt-1YcRA1cskDtjsVc,OK,117627,471570026001012
1400.542,35.142439,-90.006118,ChIJeUPo2Rt-1YcRdoG2a54M-d0,OK,112304,471570016001032
978.458,35.13774119999999,-89.99713,ChIJtwtohKiAf4gRFxkNLUf9PgA,OK,117409,471570016001032
978.458,35.13774119999999,-89.99713,ChIJtwtohKiAf4gRFxkNLUf9PgA,OK,117409,471570016001032
1364.353,35.1507888,-89.977317,ChIJdVWrOuqAf4gR-V7s1E3qo7g,OK,73320,471570016003003
1364.353,35.1507888,-89.977317,ChIJdVWrOuqAf4gR-V7s1E3qo7g,OK,73320,471570016003003
2443.645,35.13774119999999,-89.99713,ChIJtwtohKiAf4gRFxkNLUf9PgA,OK,147534,471570016003003
1649.775,35.142439,-90.006118,ChIJeUPo2Rt-1YcRdoG2a54M-d0,OK,107295,471570016001029
1649.775,35.142439,-90.006118,ChIJeUPo2Rt-1YcRdoG2a54M-d0,OK,107295,471570016001029
1798.571,35.13774119999999,-89.99713,ChIJtwtohKiAf4gRFxkNLUf9PgA,OK,119714,471570016001029
957.706,35.2051043,-89.79754849999999,ChIJpRDMlY2df4gRQqHmUo_lzmc,OK,55556,471570211132044
957.706,35.2051043,-89.79754849999999,ChIJpRDMlY2df4gRQqHmUo_lzmc,OK,55556,471570211132044
1422.676,35.2072684,-89.7827147,ChIJKdJ2xvqdf4gRKLRUePlbOOs,OK,112978,471570211132044
804.471,35.142439,-90.006118,ChIJeUPo2Rt-1YcRdoG2a54M-d0,OK,69152,471570026001000
804.471,35.142439,-90.006118,ChIJeUPo2Rt-1YcRdoG2a54M-d0,OK,69152,471570026001000
1320.283,35.13774119999999,-89.99713,ChIJtwtohKiAf4gRFxkNLUf9PgA,OK,101897,471570026001000
1989.205,35.09464699999999,-89.9708677,ChIJx5uAuBqHf4gRze5MKc5WJFI,OK,126646,471570067004016
1989.205,35.09464699999999,-89.9708677,ChIJx5uAuBqHf4gRze5MKc5WJFI,OK,126646,471570067004016
2469.137,35.104197,-89.98335349999999,ChIJNST6hGqHf4gR0Mml4gyjQWk,OK,151819,471570067004016
1986.399,35.09464699999999,-89.9708677,ChIJx5uAuBqHf4gRze5MKc5WJFI,OK,126309,471570067004015
1986.399,35.09464699999999,-89.9708677,ChIJx5uAuBqHf4gRze5MKc5WJFI,OK,126309,471570067004015
2466.331,35.104197,-89.98335349999999,ChIJNST6hGqHf4gR0Mml4gyjQWk,OK,151482,471570067004015
2122.982,35.1161637,-89.9446263,ChIJ-ZiED8iGf4gR32IlfgDBKWY,OK,133441,471570070002010
2122.982,35.1161637,-89.9446263,ChIJ-ZiED8iGf4gR32IlfgDBKWY,OK,133441,471570070002010
2191.188,35.108097,-89.941227,ChIJwxJT-r6Gf4gRhLDuFpyb128,OK,133716,471570070002010
1955.062,35.1161637,-89.9446263,ChIJ-ZiED8iGf4gR32IlfgDBKWY,OK,124719,471570070003003
1955.062,35.1161637,-89.9446263,ChIJ-ZiED8iGf4gR32IlfgDBKWY,OK,124719,471570070003003
2318.981,35.12545849999999,-89.97454169999999,ChIJoyT3HjOHf4gRS6EdHckmff8,OK,157425,471570070003003
3120.038,35.0225458,-90.0257415,ChIJnc94gMRi1YcRKYztFRuX2Yw,OK,229379,471570227004001
3120.038,35.0225458,-90.0257415,ChIJnc94gMRi1YcRKYztFRuX2Yw,OK,229379,471570227004001
3310.201,35.00495799999999,-90.0276544,ChIJuXbrrfFi1YcR97C4vX-T9Zk,OK,262879,471570227004001
2252.232,35.09464699999999,-89.9708677,ChIJx5uAuBqHf4gRze5MKc5WJFI,OK,148140,471570070003008
2252.232,35.09464699999999,-89.9708677,ChIJx5uAuBqHf4gRze5MKc5WJFI,OK,148140,471570070003008
2815.554,35.0904795,-89.96597299999999,ChIJHfaNmAOHf4gR1d8V2K9rfSU,OK,178252,471570070003008
2044.778,35.09464699999999,-89.9708677,ChIJx5uAuBqHf4gRze5MKc5WJFI,OK,130103,471570070003010
2044.778,35.09464699999999,-89.9708677,ChIJx5uAuBqHf4gRze5MKc5WJFI,OK,130103,471570070003010
2608.1,35.0904795,-89.96597299999999,ChIJHfaNmAOHf4gR1d8V2K9rfSU,OK,160215,471570070003010
2355.98,35.09464699999999,-89.9708677,ChIJx5uAuBqHf4gRze5MKc5WJFI,OK,154355,471570070003007
2355.98,35.09464699999999,-89.9708677,ChIJx5uAuBqHf4gRze5MKc5WJFI,OK,154355,471570070003007
2440.241,35.1145886,-89.90089789999999,ChIJKWmlFW6Ef4gR0YNISWQMkss,OK,155178,471570095003003
2410.275,35.1153996,-89.89414069999999,ChIJCb4NOWWEf4gR79YlPQoocW4,OK,160551,471570095003003
2410.275,35.1153996,-89.89414069999999,ChIJCb4NOWWEf4gR79YlPQoocW4,OK,160551,471570095003003
1390.431,35.1087458,-90.0211918,ChIJe6w2EsF91YcRquzVZc8M0-I,OK,104137,471570060001026
1390.431,35.1087458,-90.0211918,ChIJe6w2EsF91YcRquzVZc8M0-I,OK,104137,471570060001026
1391.073,35.10874099999999,-90.021185,ChIJrVbiDcF91YcRG9TBOTpHc3I,OK,104214,471570060001026
135.37,35.104197,-89.98335349999999,ChIJNST6hGqHf4gR0Mml4gyjQWk,OK,7497,471570068002017
135.37,35.104197,-89.98335349999999,ChIJNST6hGqHf4gR0Mml4gyjQWk,OK,7497,471570068002017
726.888,35.107529,-89.9862127,ChIJ0WGfSUKHf4gRjDLrfGQwCV4,OK,45116,471570068002017
1012.573,35.1087458,-90.0211918,ChIJe6w2EsF91YcRquzVZc8M0-I,OK,72074,471570060001022
1012.573,35.1087458,-90.0211918,ChIJe6w2EsF91YcRquzVZc8M0-I,OK,72074,471570060001022
1013.214,35.10874099999999,-90.021185,ChIJrVbiDcF91YcRG9TBOTpHc3I,OK,72151,471570060001022
5774.066,35.0614623,-89.8536277,ChIJ4TWJkTWFf4gRbkNZYfkF9Jw,OK,361175,471570213122014
5774.066,35.0614623,-89.8536277,ChIJ4TWJkTWFf4gRbkNZYfkF9Jw,OK,361175,471570213122014
5858.838,35.0512763,-89.8427476,ChIJ7VPJ3q-af4gRdxERIyaZ0gk,OK,367363,471570213122014
1465.954,35.1060329,-90.039159,ChIJ231bcjV81YcRQ1quDeYAd6M,OK,129878,471570057001039
1465.954,35.1060329,-90.039159,ChIJ231bcjV81YcRQ1quDeYAd6M,OK,129878,471570057001039
1623.03,35.095133,-90.05542799999999,ChIJATnUo0J81YcRpbAuNwXeqRw,OK,136092,471570057001039
1250.777,35.1060329,-90.039159,ChIJ231bcjV81YcRQ1quDeYAd6M,OK,91587,471570056001005
1250.777,35.1060329,-90.039159,ChIJ231bcjV81YcRQ1quDeYAd6M,OK,91587,471570056001005
2762.658,35.098685,-90.05664899999999,ChIJ31qwBkJ81YcRk2V5pdmdhrM,OK,169696,471570056001005
4247.178,35.1145886,-89.90089789999999,ChIJKWmlFW6Ef4gR0YNISWQMkss,OK,301839,471570213204005
5036.678,35.0854368,-89.89541919999999,ChIJf5cc-VKEf4gRF-lYLgijYQQ,OK,305558,471570213204005
5036.678,35.0854368,-89.89541919999999,ChIJf5cc-VKEf4gRF-lYLgijYQQ,OK,305558,471570213204005
2032.577,35.1087458,-90.0211918,ChIJe6w2EsF91YcRquzVZc8M0-I,OK,144501,471570078102034
2032.577,35.1087458,-90.0211918,ChIJe6w2EsF91YcRquzVZc8M0-I,OK,144501,471570078102034
2033.218,35.10874099999999,-90.021185,ChIJrVbiDcF91YcRG9TBOTpHc3I,OK,144578,471570078102034
2175.267,35.1087458,-90.0211918,ChIJe6w2EsF91YcRquzVZc8M0-I,OK,140081,471570078102006
2175.267,35.1087458,-90.0211918,ChIJe6w2EsF91YcRquzVZc8M0-I,OK,140081,471570078102006
2175.909,35.10874099999999,-90.021185,ChIJrVbiDcF91YcRG9TBOTpHc3I,OK,140158,471570078102006
5542.297,35.0614623,-89.8536277,ChIJ4TWJkTWFf4gRbkNZYfkF9Jw,OK,342112,471570213122012
5542.297,35.0614623,-89.8536277,ChIJ4TWJkTWFf4gRbkNZYfkF9Jw,OK,342112,471570213122012
5627.069,35.0512763,-89.8427476,ChIJ7VPJ3q-af4gRdxERIyaZ0gk,OK,348300,471570213122012
2246.224,35.1087458,-90.0211918,ChIJe6w2EsF91YcRquzVZc8M0-I,OK,141741,471570078102004
2246.224,35.1087458,-90.0211918,ChIJe6w2EsF91YcRquzVZc8M0-I,OK,141741,471570078102004
2246.865,35.10874099999999,-90.021185,ChIJrVbiDcF91YcRG9TBOTpHc3I,OK,141818,471570078102004
1352.848,35.1087458,-90.0211918,ChIJe6w2EsF91YcRquzVZc8M0-I,OK,103748,471570078102051
1352.848,35.1087458,-90.0211918,ChIJe6w2EsF91YcRquzVZc8M0-I,OK,103748,471570078102051
1353.49,35.10874099999999,-90.021185,ChIJrVbiDcF91YcRG9TBOTpHc3I,OK,103825,471570078102051
5296.308,35.0854368,-89.89541919999999,ChIJf5cc-VKEf4gRF-lYLgijYQQ,OK,281772,471570213203028
4476.843,35.1153996,-89.89414069999999,ChIJCb4NOWWEf4gR79YlPQoocW4,OK,283426,471570213203028
4476.843,35.1153996,-89.89414069999999,ChIJCb4NOWWEf4gR79YlPQoocW4,OK,283426,471570213203028
2627.249,35.095133,-90.05542799999999,ChIJATnUo0J81YcRpbAuNwXeqRw,OK,241787,471570053002020
2788.652,35.098685,-90.05664899999999,ChIJ31qwBkJ81YcRk2V5pdmdhrM,OK,250726,471570053002020
2788.652,35.098685,-90.05664899999999,ChIJ31qwBkJ81YcRk2V5pdmdhrM,OK,250726,471570053002020
1968.893,35.1087458,-90.0211918,ChIJe6w2EsF91YcRquzVZc8M0-I,OK,175474,471570078102038
1968.893,35.1087458,-90.0211918,ChIJe6w2EsF91YcRquzVZc8M0-I,OK,175474,471570078102038
1969.534,35.10874099999999,-90.021185,ChIJrVbiDcF91YcRG9TBOTpHc3I,OK,175551,471570078102038
6039.921,35.0614623,-89.8536277,ChIJ4TWJkTWFf4gRbkNZYfkF9Jw,OK,372236,471570213202000
6039.921,35.0614623,-89.8536277,ChIJ4TWJkTWFf4gRbkNZYfkF9Jw,OK,372236,471570213202000
6124.693,35.0512763,-89.8427476,ChIJ7VPJ3q-af4gRdxERIyaZ0gk,OK,378424,471570213202000
5645.874,35.0614623,-89.8536277,ChIJ4TWJkTWFf4gRbkNZYfkF9Jw,OK,356293,471570213113027
5645.874,35.0614623,-89.8536277,ChIJ4TWJkTWFf4gRbkNZYfkF9Jw,OK,356293,471570213113027
5730.646,35.0512763,-89.8427476,ChIJ7VPJ3q-af4gRdxERIyaZ0gk,OK,362481,471570213113027
1962.021,35.1087458,-90.0211918,ChIJe6w2EsF91YcRquzVZc8M0-I,OK,174237,471570078102035
1962.021,35.1087458,-90.0211918,ChIJe6w2EsF91YcRquzVZc8M0-I,OK,174237,471570078102035
1962.663,35.10874099999999,-90.021185,ChIJrVbiDcF91YcRG9TBOTpHc3I,OK,174314,471570078102035
2152.719,35.1087458,-90.0211918,ChIJe6w2EsF91YcRquzVZc8M0-I,OK,144891,471570078102007
2152.719,35.1087458,-90.0211918,ChIJe6w2EsF91YcRquzVZc8M0-I,OK,144891,471570078102007
2153.361,35.10874099999999,-90.021185,ChIJrVbiDcF91YcRG9TBOTpHc3I,OK,144968,471570078102007
6070.833,35.0614623,-89.8536277,ChIJ4TWJkTWFf4gRbkNZYfkF9Jw,OK,380891,471570213202002
6070.833,35.0614623,-89.8536277,ChIJ4TWJkTWFf4gRbkNZYfkF9Jw,OK,380891,471570213202002
6155.605,35.0512763,-89.8427476,ChIJ7VPJ3q-af4gRdxERIyaZ0gk,OK,387079,471570213202002
4376.29,35.1153996,-89.89414069999999,ChIJCb4NOWWEf4gR79YlPQoocW4,OK,288330,471570213203004
4376.29,35.1153996,-89.89414069999999,ChIJCb4NOWWEf4gR79YlPQoocW4,OK,288330,471570213203004
4628.139,35.0854368,-89.89541919999999,ChIJf5cc-VKEf4gRF-lYLgijYQQ,OK,294076,471570213203004
1055.91,35.1087458,-90.0211918,ChIJe6w2EsF91YcRquzVZc8M0-I,OK,60208,471570078102015
1055.91,35.1087458,-90.0211918,ChIJe6w2EsF91YcRquzVZc8M0-I,OK,60208,471570078102015
1225.729,35.1497164,-89.95515999999999,ChIJcQb6ehiBf4gR-uA54eRPNq8,OK,83486,471570028001027
974.76,35.14981359999999,-89.94918609999999,ChIJVdGBGRaBf4gRsi89Rzqn8W4,OK,66255,471570028001017
974.76,35.14981359999999,-89.94918609999999,ChIJVdGBGRaBf4gRsi89Rzqn8W4,OK,66255,471570028001017
1119.618,35.1497164,-89.95515999999999,ChIJcQb6ehiBf4gR-uA54eRPNq8,OK,77174,471570028001017
861.036,35.14981359999999,-89.94918609999999,ChIJVdGBGRaBf4gRsi89Rzqn8W4,OK,59241,471570028001019
861.036,35.14981359999999,-89.94918609999999,ChIJVdGBGRaBf4gRsi89Rzqn8W4,OK,59241,471570028001019
1005.894,35.1497164,-89.95515999999999,ChIJcQb6ehiBf4gR-uA54eRPNq8,OK,70160,471570028001019
860.625,35.14981359999999,-89.94918609999999,ChIJVdGBGRaBf4gRsi89Rzqn8W4,OK,59191,471570028001018
860.625,35.14981359999999,-89.94918609999999,ChIJVdGBGRaBf4gRsi89Rzqn8W4,OK,59191,471570028001018
1005.483,35.1497164,-89.95515999999999,ChIJcQb6ehiBf4gR-uA54eRPNq8,OK,70110,471570028001018
1234.192,35.14981359999999,-89.94918609999999,ChIJVdGBGRaBf4gRsi89Rzqn8W4,OK,80957,471570028001014
1234.192,35.14981359999999,-89.94918609999999,ChIJVdGBGRaBf4gRsi89Rzqn8W4,OK,80957,471570028001014
1785.395,35.1497164,-89.95515999999999,ChIJcQb6ehiBf4gR-uA54eRPNq8,OK,116257,471570028001014
588.094,35.14981359999999,-89.94918609999999,ChIJVdGBGRaBf4gRsi89Rzqn8W4,OK,48304,471570028001015
588.094,35.14981359999999,-89.94918609999999,ChIJVdGBGRaBf4gRsi89Rzqn8W4,OK,48304,471570028001015
732.952,35.1497164,-89.95515999999999,ChIJcQb6ehiBf4gR-uA54eRPNq8,OK,59223,471570028001015
1916.446,35.14981359999999,-89.94918609999999,ChIJVdGBGRaBf4gRsi89Rzqn8W4,OK,116821,471570030003000
1916.446,35.14981359999999,-89.94918609999999,ChIJVdGBGRaBf4gRsi89Rzqn8W4,OK,116821,471570030003000
2125.262,35.1497164,-89.95515999999999,ChIJcQb6ehiBf4gR-uA54eRPNq8,OK,135460,471570030003000
1880.443,35.14981359999999,-89.94918609999999,ChIJVdGBGRaBf4gRsi89Rzqn8W4,OK,135448,471570030002000
1880.443,35.14981359999999,-89.94918609999999,ChIJVdGBGRaBf4gRsi89Rzqn8W4,OK,135448,471570030002000
2025.301,35.1497164,-89.95515999999999,ChIJcQb6ehiBf4gR-uA54eRPNq8,OK,146367,471570030002000
2018.648,35.14981359999999,-89.94918609999999,ChIJVdGBGRaBf4gRsi89Rzqn8W4,OK,137256,471570030002014
2018.648,35.14981359999999,-89.94918609999999,ChIJVdGBGRaBf4gRsi89Rzqn8W4,OK,137256,471570030002014
2163.506,35.1497164,-89.95515999999999,ChIJcQb6ehiBf4gR-uA54eRPNq8,OK,148175,471570030002014
934.112,35.14981359999999,-89.94918609999999,ChIJVdGBGRaBf4gRsi89Rzqn8W4,OK,52426,471570028001011
934.112,35.14981359999999,-89.94918609999999,ChIJVdGBGRaBf4gRsi89Rzqn8W4,OK,52426,471570028001011
1485.315,35.1497164,-89.95515999999999,ChIJcQb6ehiBf4gR-uA54eRPNq8,OK,87726,471570028001011
2559.36,35.14981359999999,-89.94918609999999,ChIJVdGBGRaBf4gRsi89Rzqn8W4,OK,169291,471570030002004
2559.36,35.14981359999999,-89.94918609999999,ChIJVdGBGRaBf4gRsi89Rzqn8W4,OK,169291,471570030002004
2704.218,35.1497164,-89.95515999999999,ChIJcQb6ehiBf4gR-uA54eRPNq8,OK,180210,471570030002004
1936.596,35.14981359999999,-89.94918609999999,ChIJVdGBGRaBf4gRsi89Rzqn8W4,OK,127410,471570030002003
1936.596,35.14981359999999,-89.94918609999999,ChIJVdGBGRaBf4gRsi89Rzqn8W4,OK,127410,471570030002003
2081.454,35.1497164,-89.95515999999999,ChIJcQb6ehiBf4gR-uA54eRPNq8,OK,138329,471570030002003
2265.467,35.1161637,-89.9446263,ChIJ-ZiED8iGf4gR32IlfgDBKWY,OK,151316,471570072002007
2265.467,35.1161637,-89.9446263,ChIJ-ZiED8iGf4gR32IlfgDBKWY,OK,151316,471570072002007
2571.402,35.12545849999999,-89.97454169999999,ChIJoyT3HjOHf4gRS6EdHckmff8,OK,175144,471570072002007
2167.081,35.14981359999999,-89.94918609999999,ChIJVdGBGRaBf4gRsi89Rzqn8W4,OK,134980,471570030003012
2167.081,35.14981359999999,-89.94918609999999,ChIJVdGBGRaBf4gRsi89Rzqn8W4,OK,134980,471570030003012
2311.939,35.1497164,-89.95515999999999,ChIJcQb6ehiBf4gR-uA54eRPNq8,OK,145899,471570030003012
2080.635,35.14981359999999,-89.94918609999999,ChIJVdGBGRaBf4gRsi89Rzqn8W4,OK,139150,471570030003002
2080.635,35.14981359999999,-89.94918609999999,ChIJVdGBGRaBf4gRsi89Rzqn8W4,OK,139150,471570030003002
2225.494,35.1497164,-89.95515999999999,ChIJcQb6ehiBf4gR-uA54eRPNq8,OK,150069,471570030003002
2249.696,35.14981359999999,-89.94918609999999,ChIJVdGBGRaBf4gRsi89Rzqn8W4,OK,157705,471570029003011
2249.696,35.14981359999999,-89.94918609999999,ChIJVdGBGRaBf4gRsi89Rzqn8W4,OK,157705,471570029003011
2706.037,35.1161637,-89.9446263,ChIJ-ZiED8iGf4gR32IlfgDBKWY,OK,191156,471570029003011
2195.073,35.14981359999999,-89.94918609999999,ChIJVdGBGRaBf4gRsi89Rzqn8W4,OK,138339,471570030003011
2195.073,35.14981359999999,-89.94918609999999,ChIJVdGBGRaBf4gRsi89Rzqn8W4,OK,138339,471570030003011
2339.931,35.1497164,-89.95515999999999,ChIJcQb6ehiBf4gR-uA54eRPNq8,OK,149258,471570030003011
2267.539,35.1161637,-89.9446263,ChIJ-ZiED8iGf4gR32IlfgDBKWY,OK,163054,471570030003003
2617.356,35.14981359999999,-89.94918609999999,ChIJVdGBGRaBf4gRsi89Rzqn8W4,OK,175186,471570030003003
2617.356,35.14981359999999,-89.94918609999999,ChIJVdGBGRaBf4gRsi89Rzqn8W4,OK,175186,471570030003003
2303.827,35.14981359999999,-89.94918609999999,ChIJVdGBGRaBf4gRsi89Rzqn8W4,OK,145315,471570030003014
2303.827,35.14981359999999,-89.94918609999999,ChIJVdGBGRaBf4gRsi89Rzqn8W4,OK,145315,471570030003014
2448.685,35.1497164,-89.95515999999999,ChIJcQb6ehiBf4gR-uA54eRPNq8,OK,156234,471570030003014
2130.133,35.1161637,-89.9446263,ChIJ-ZiED8iGf4gR32IlfgDBKWY,OK,141973,471570072002006
2130.133,35.1161637,-89.9446263,ChIJ-ZiED8iGf4gR32IlfgDBKWY,OK,141973,471570072002006
2638.366,35.14981359999999,-89.94918609999999,ChIJVdGBGRaBf4gRsi89Rzqn8W4,OK,180454,471570072002006
2228.123,35.14981359999999,-89.94918609999999,ChIJVdGBGRaBf4gRsi89Rzqn8W4,OK,155117,471570029004008
2228.123,35.14981359999999,-89.94918609999999,ChIJVdGBGRaBf4gRsi89Rzqn8W4,OK,155117,471570029004008
2684.465,35.1161637,-89.9446263,ChIJ-ZiED8iGf4gR32IlfgDBKWY,OK,188568,471570029004008
1757.018,35.1161637,-89.9446263,ChIJ-ZiED8iGf4gR32IlfgDBKWY,OK,123214,471570072002015
1757.018,35.1161637,-89.9446263,ChIJ-ZiED8iGf4gR32IlfgDBKWY,OK,123214,471570072002015
1584.841,35.14859919999999,-89.91828060000002,ChIJRflgf-eDf4gRHX_XNYKER-s,OK,123769,471570087001004
2453.15,35.1489345,-89.89838259999999,ChIJaTBvX72Df4gRiyFT0LQMnrQ,OK,197792,471570087001004
1374.134,35.14859919999999,-89.91828060000002,ChIJRflgf-eDf4gRHX_XNYKER-s,OK,103517,471570087001005
1374.134,35.14859919999999,-89.91828060000002,ChIJRflgf-eDf4gRHX_XNYKER-s,OK,103517,471570087001005
2701.498,35.1489345,-89.89838259999999,ChIJaTBvX72Df4gRiyFT0LQMnrQ,OK,180956,471570087001005
1485.415,35.14859919999999,-89.91828060000002,ChIJRflgf-eDf4gRHX_XNYKER-s,OK,111838,471570087002002
1485.415,35.14859919999999,-89.91828060000002,ChIJRflgf-eDf4gRHX_XNYKER-s,OK,111838,471570087002002
2812.779,35.1489345,-89.89838259999999,ChIJaTBvX72Df4gRiyFT0LQMnrQ,OK,189277,471570087002002
1450.479,35.14859919999999,-89.91828060000002,ChIJRflgf-eDf4gRHX_XNYKER-s,OK,112678,471570087001012
1450.479,35.14859919999999,-89.91828060000002,ChIJRflgf-eDf4gRHX_XNYKER-s,OK,112678,471570087001012
2366.061,35.1489345,-89.89838259999999,ChIJaTBvX72Df4gRiyFT0LQMnrQ,OK,187341,471570087001012
803.637,35.054745,-90.007971,ChIJXxyyQlt91YcRhldtWgjSnSE,OK,68572,471570220222007
803.637,35.054745,-90.007971,ChIJXxyyQlt91YcRhldtWgjSnSE,OK,68572,471570220222007
1235.485,35.05407199999999,-90.00125899999999,ChIJIzdhk1h91YcRZT7cBcBslaM,OK,84611,471570220222007
1337.116,35.14859919999999,-89.91828060000002,ChIJRflgf-eDf4gRHX_XNYKER-s,OK,104035,471570087004003
1337.116,35.14859919999999,-89.91828060000002,ChIJRflgf-eDf4gRHX_XNYKER-s,OK,104035,471570087004003
2271.843,35.1489345,-89.89838259999999,ChIJaTBvX72Df4gRiyFT0LQMnrQ,OK,176037,471570087004003
1148.26,35.14859919999999,-89.91828060000002,ChIJRflgf-eDf4gRHX_XNYKER-s,OK,102220,471570087004005
1148.26,35.14859919999999,-89.91828060000002,ChIJRflgf-eDf4gRHX_XNYKER-s,OK,102220,471570087004005
2014.412,35.1489345,-89.89838259999999,ChIJaTBvX72Df4gRiyFT0LQMnrQ,OK,167601,471570087004005
984.245,35.14859919999999,-89.91828060000002,ChIJRflgf-eDf4gRHX_XNYKER-s,OK,75441,471570087002008
984.245,35.14859919999999,-89.91828060000002,ChIJRflgf-eDf4gRHX_XNYKER-s,OK,75441,471570087002008
2311.609,35.1489345,-89.89838259999999,ChIJaTBvX72Df4gRiyFT0LQMnrQ,OK,152880,471570087002008
880.299,35.14859919999999,-89.91828060000002,ChIJRflgf-eDf4gRHX_XNYKER-s,OK,68082,471570087002009
880.299,35.14859919999999,-89.91828060000002,ChIJRflgf-eDf4gRHX_XNYKER-s,OK,68082,471570087002009
2207.663,35.1489345,-89.89838259999999,ChIJaTBvX72Df4gRiyFT0LQMnrQ,OK,145521,471570087002009
879.806,35.14859919999999,-89.91828060000002,ChIJRflgf-eDf4gRHX_XNYKER-s,OK,68023,471570087002007
879.806,35.14859919999999,-89.91828060000002,ChIJRflgf-eDf4gRHX_XNYKER-s,OK,68023,471570087002007
2207.17,35.1489345,-89.89838259999999,ChIJaTBvX72Df4gRiyFT0LQMnrQ,OK,145462,471570087002007
1139.721,35.14859919999999,-89.91828060000002,ChIJRflgf-eDf4gRHX_XNYKER-s,OK,100683,471570087004011
1139.721,35.14859919999999,-89.91828060000002,ChIJRflgf-eDf4gRHX_XNYKER-s,OK,100683,471570087004011
2467.086,35.1489345,-89.89838259999999,ChIJaTBvX72Df4gRiyFT0LQMnrQ,OK,178122,471570087004011
782.318,35.14859919999999,-89.91828060000002,ChIJRflgf-eDf4gRHX_XNYKER-s,OK,60691,471570087002013
782.318,35.14859919999999,-89.91828060000002,ChIJRflgf-eDf4gRHX_XNYKER-s,OK,60691,471570087002013
2109.682,35.1489345,-89.89838259999999,ChIJaTBvX72Df4gRiyFT0LQMnrQ,OK,138130,471570087002013
752.883,35.14859919999999,-89.91828060000002,ChIJRflgf-eDf4gRHX_XNYKER-s,OK,57158,471570087004012
752.883,35.14859919999999,-89.91828060000002,ChIJRflgf-eDf4gRHX_XNYKER-s,OK,57158,471570087004012
2080.248,35.1489345,-89.89838259999999,ChIJaTBvX72Df4gRiyFT0LQMnrQ,OK,134597,471570087004012
124.974,35.14859919999999,-89.91828060000002,ChIJRflgf-eDf4gRHX_XNYKER-s,OK,14995,471570086001000
124.974,35.14859919999999,-89.91828060000002,ChIJRflgf-eDf4gRHX_XNYKER-s,OK,14995,471570086001000
2007.431,35.1489345,-89.89838259999999,ChIJaTBvX72Df4gRiyFT0LQMnrQ,OK,130135,471570086001000
835.276,35.14859919999999,-89.91828060000002,ChIJRflgf-eDf4gRHX_XNYKER-s,OK,52312,471570086001021
835.276,35.14859919999999,-89.91828060000002,ChIJRflgf-eDf4gRHX_XNYKER-s,OK,52312,471570086001021
2162.64,35.1489345,-89.89838259999999,ChIJaTBvX72Df4gRiyFT0LQMnrQ,OK,129751,471570086001021
783.652,35.14859919999999,-89.91828060000002,ChIJRflgf-eDf4gRHX_XNYKER-s,OK,76247,471570087004016
783.652,35.14859919999999,-89.91828060000002,ChIJRflgf-eDf4gRHX_XNYKER-s,OK,76247,471570087004016
1549.349,35.1489345,-89.89838259999999,ChIJaTBvX72Df4gRiyFT0LQMnrQ,OK,119988,471570087004016
861.198,35.14859919999999,-89.91828060000002,ChIJRflgf-eDf4gRHX_XNYKER-s,OK,69972,471570086003009
861.198,35.14859919999999,-89.91828060000002,ChIJRflgf-eDf4gRHX_XNYKER-s,OK,69972,471570086003009
1854.545,35.1489345,-89.89838259999999,ChIJaTBvX72Df4gRiyFT0LQMnrQ,OK,143379,471570086003009
727.088,35.14859919999999,-89.91828060000002,ChIJRflgf-eDf4gRHX_XNYKER-s,OK,55659,471570086003008
727.088,35.14859919999999,-89.91828060000002,ChIJRflgf-eDf4gRHX_XNYKER-s,OK,55659,471570086003008
1483.333,35.1489345,-89.89838259999999,ChIJaTBvX72Df4gRiyFT0LQMnrQ,OK,98834,471570086003008
1263.462,35.14859919999999,-89.91828060000002,ChIJRflgf-eDf4gRHX_XNYKER-s,OK,90220,471570086001028
1263.462,35.14859919999999,-89.91828060000002,ChIJRflgf-eDf4gRHX_XNYKER-s,OK,90220,471570086001028
2590.826,35.1489345,-89.89838259999999,ChIJaTBvX72Df4gRiyFT0LQMnrQ,OK,167659,471570086001028
2131.298,35.1489345,-89.89838259999999,ChIJaTBvX72Df4gRiyFT0LQMnrQ,OK,147353,471570087001008
2131.298,35.1489345,-89.89838259999999,ChIJaTBvX72Df4gRiyFT0LQMnrQ,OK,147353,471570087001008
2211.844,35.148225,-89.89748700000001,ChIJC8t095eDf4gRGuXK3FleZyg,OK,152186,471570087001008
982.19,35.192778,-89.895242,ChIJ2ehTh2eCf4gR95JHzr6OIMA,OK,98917,471570206212011
982.19,35.192778,-89.895242,ChIJ2ehTh2eCf4gR95JHzr6OIMA,OK,98917,471570206212011
1166.702,35.1942326,-89.8965709,ChIJD7pM72eCf4gRg19OPcAuyDw,OK,109987,471570206212011
1837.886,35.14859919999999,-89.91828060000002,ChIJRflgf-eDf4gRHX_XNYKER-s,OK,132205,471570029001017
8058.842,35.183951,-89.93106899999999,ChIJWQ0EIo-Bf4gR6cuqlCcQuNw,OK,368663,471570089001005
8059.08,35.1839382,-89.93104869999999,ChIJrQx5Io-Bf4gRSwDAaGIf4WE,OK,368706,471570089001005
8059.08,35.1839382,-89.93104869999999,ChIJrQx5Io-Bf4gRSwDAaGIf4WE,OK,368706,471570089001005
2132.19,35.183951,-89.93106899999999,ChIJWQ0EIo-Bf4gR6cuqlCcQuNw,OK,128775,471570089001010
2132.429,35.1839382,-89.93104869999999,ChIJrQx5Io-Bf4gRSwDAaGIf4WE,OK,128818,471570089001010
2132.429,35.1839382,-89.93104869999999,ChIJrQx5Io-Bf4gRSwDAaGIf4WE,OK,128818,471570089001010
2673.534,35.156962,-89.88851749999999,ChIJaVmJmQmDf4gR3ZGZP7kcoeo,OK,137113,471570091001012
2673.534,35.156962,-89.88851749999999,ChIJaVmJmQmDf4gR3ZGZP7kcoeo,OK,137113,471570091001012
3171.18,35.1503395,-89.89321,ChIJRaSiF6KDf4gRNIqqt1VnH58,OK,155744,471570091001012
3387.151,35.1913738,-89.8964247,ChIJwQffFF2Cf4gRzaR3rfvt3f4,OK,178256,471570091001001
3387.151,35.1913738,-89.8964247,ChIJwQffFF2Cf4gRzaR3rfvt3f4,OK,178256,471570091001001
3670.547,35.192778,-89.895242,ChIJ2ehTh2eCf4gR95JHzr6OIMA,OK,192552,471570091001001
8024.983,35.164068,-89.8770782,ChIJpUMbExuDf4gRyW4QpPURe54,OK,355970,471570212001006
8024.983,35.164068,-89.8770782,ChIJpUMbExuDf4gRyW4QpPURe54,OK,355970,471570212001006
10460.528,35.16339899999999,-89.855841,ChIJA_xfkC6Df4gRAjVZwLz1jqA,OK,435848,471570212001006
8190.709,35.164068,-89.8770782,ChIJpUMbExuDf4gRyW4QpPURe54,OK,362250,471570212001005
8190.709,35.164068,-89.8770782,ChIJpUMbExuDf4gRyW4QpPURe54,OK,362250,471570212001005
10626.254,35.16339899999999,-89.855841,ChIJA_xfkC6Df4gRAjVZwLz1jqA,OK,442128,471570212001005
8597.073,35.164068,-89.8770782,ChIJpUMbExuDf4gRyW4QpPURe54,OK,377648,471570212001000
11032.618,35.16339899999999,-89.855841,ChIJA_xfkC6Df4gRAjVZwLz1jqA,OK,457526,471570212001000
11032.618,35.16339899999999,-89.855841,ChIJA_xfkC6Df4gRAjVZwLz1jqA,OK,457526,471570212001000
1100.471,35.16339899999999,-89.855841,ChIJA_xfkC6Df4gRAjVZwLz1jqA,OK,57489,471570211221007
1100.471,35.16339899999999,-89.855841,ChIJA_xfkC6Df4gRAjVZwLz1jqA,OK,57489,471570211221007
1173.854,35.1623785,-89.8566175,ChIJXQHWWS6Df4gRqhH5EQ9H1j0,OK,66348,471570211221007
1869.089,35.1546312,-89.79260459999999,ChIJ8UeuSEecf4gRniit7ubZLtM,OK,136176,471570211362052
1869.089,35.1546312,-89.79260459999999,ChIJ8UeuSEecf4gRniit7ubZLtM,OK,136176,471570211362052
2816.551,35.14868459999999,-89.7948203,ChIJ4w9Lr2qcf4gRHdzl9FciAFM,OK,189728,471570211362052
3281.855,35.218332,-90.00299799999999,ChIJfRCGEgGA1YcRsZsWP_dycDI,OK,206448,471570099013046
3281.855,35.218332,-90.00299799999999,ChIJfRCGEgGA1YcRsZsWP_dycDI,OK,206448,471570099013046
3489.76,35.21475480000001,-90.00354540000001,ChIJF6XvX_9_1YcRD4jlF4jzevw,OK,218922,471570099013046
3224.4,35.218332,-90.00299799999999,ChIJfRCGEgGA1YcRsZsWP_dycDI,OK,187866,471570099022008
3224.4,35.218332,-90.00299799999999,ChIJfRCGEgGA1YcRsZsWP_dycDI,OK,187866,471570099022008
3432.304,35.21475480000001,-90.00354540000001,ChIJF6XvX_9_1YcRD4jlF4jzevw,OK,200340,471570099022008
3019.736,35.218332,-90.00299799999999,ChIJfRCGEgGA1YcRsZsWP_dycDI,OK,177341,471570099022004
3019.736,35.218332,-90.00299799999999,ChIJfRCGEgGA1YcRsZsWP_dycDI,OK,177341,471570099022004
3227.64,35.21475480000001,-90.00354540000001,ChIJF6XvX_9_1YcRD4jlF4jzevw,OK,189815,471570099022004
1511.958,35.1546312,-89.79260459999999,ChIJ8UeuSEecf4gRniit7ubZLtM,OK,94849,471570211362055
1511.958,35.1546312,-89.79260459999999,ChIJ8UeuSEecf4gRniit7ubZLtM,OK,94849,471570211362055
2459.42,35.14868459999999,-89.7948203,ChIJ4w9Lr2qcf4gRHdzl9FciAFM,OK,148401,471570211362055
3472.06,35.1546312,-89.79260459999999,ChIJ8UeuSEecf4gRniit7ubZLtM,OK,238300,471570211362025
3472.06,35.1546312,-89.79260459999999,ChIJ8UeuSEecf4gRniit7ubZLtM,OK,238300,471570211362025
4419.522,35.14868459999999,-89.7948203,ChIJ4w9Lr2qcf4gRHdzl9FciAFM,OK,291852,471570211362025
2146.778,35.21475480000001,-90.00354540000001,ChIJF6XvX_9_1YcRD4jlF4jzevw,OK,128799,471570101205024
2146.778,35.21475480000001,-90.00354540000001,ChIJF6XvX_9_1YcRD4jlF4jzevw,OK,128799,471570101205024
2545.267,35.218332,-90.00299799999999,ChIJfRCGEgGA1YcRsZsWP_dycDI,OK,152708,471570101205024
3258.247,35.1503395,-89.89321,ChIJRaSiF6KDf4gRNIqqt1VnH58,OK,234339,471570092003022
3258.247,35.1503395,-89.89321,ChIJRaSiF6KDf4gRNIqqt1VnH58,OK,234339,471570092003022
3268.091,35.156962,-89.88851749999999,ChIJaVmJmQmDf4gR3ZGZP7kcoeo,OK,243814,471570092003022
3084.175,35.14859919999999,-89.91828060000002,ChIJRflgf-eDf4gRHX_XNYKER-s,OK,194478,471570029004001
3084.175,35.14859919999999,-89.91828060000002,ChIJRflgf-eDf4gRHX_XNYKER-s,OK,194478,471570029004001
3325.187,35.1161637,-89.9446263,ChIJ-ZiED8iGf4gR32IlfgDBKWY,OK,212813,471570029004001
1931.699,35.1161637,-89.9446263,ChIJ-ZiED8iGf4gR32IlfgDBKWY,OK,126544,471570030003019
1931.699,35.1161637,-89.9446263,ChIJ-ZiED8iGf4gR32IlfgDBKWY,OK,126544,471570030003019
2719.321,35.14981359999999,-89.94918609999999,ChIJVdGBGRaBf4gRsi89Rzqn8W4,OK,181785,471570030003019
6138.772,35.0614623,-89.8536277,ChIJ4TWJkTWFf4gRbkNZYfkF9Jw,OK,404937,471570213122013
6138.772,35.0614623,-89.8536277,ChIJ4TWJkTWFf4gRbkNZYfkF9Jw,OK,404937,471570213122013
6223.544,35.0512763,-89.8427476,ChIJ7VPJ3q-af4gRdxERIyaZ0gk,OK,411125,471570213122013
1039.563,35.1153996,-89.89414069999999,ChIJCb4NOWWEf4gR79YlPQoocW4,OK,145896,471570096003017
1039.563,35.1153996,-89.89414069999999,ChIJCb4NOWWEf4gR79YlPQoocW4,OK,145896,471570096003017
1395.827,35.1145886,-89.90089789999999,ChIJKWmlFW6Ef4gR0YNISWQMkss,OK,160099,471570096003017
3280.896,35.14868459999999,-89.7948203,ChIJ4w9Lr2qcf4gRHdzl9FciAFM,OK,216529,471570211402017
3280.896,35.14868459999999,-89.7948203,ChIJ4w9Lr2qcf4gRHdzl9FciAFM,OK,216529,471570211402017
4047.058,35.1546312,-89.79260459999999,ChIJ8UeuSEecf4gRniit7ubZLtM,OK,237228,471570211402017
3770.594,35.22619459999999,-90.0020167,ChIJvTh1mwiA1YcRLLqD5Uxq8Nc,OK,233772,471570099013032
3770.594,35.22619459999999,-90.0020167,ChIJvTh1mwiA1YcRLLqD5Uxq8Nc,OK,233772,471570099013032
3628.03,35.218332,-90.00299799999999,ChIJfRCGEgGA1YcRsZsWP_dycDI,OK,234055,471570099013032
709.052,35.1546312,-89.79260459999999,ChIJ8UeuSEecf4gRniit7ubZLtM,OK,54836,471570211353037
1656.514,35.14868459999999,-89.7948203,ChIJ4w9Lr2qcf4gRHdzl9FciAFM,OK,108388,471570211353037
2249.797,35.1546312,-89.79260459999999,ChIJ8UeuSEecf4gRniit7ubZLtM,OK,133802,471570211381024
2249.797,35.1546312,-89.79260459999999,ChIJ8UeuSEecf4gRniit7ubZLtM,OK,133802,471570211381024
3197.259,35.14868459999999,-89.7948203,ChIJ4w9Lr2qcf4gRHdzl9FciAFM,OK,187354,471570211381024
2715.704,34.999309,-90.118577,ChIJ9TRIjgZl1YcR3fm2jM14AHY,OK,161099,471570224104011
2715.704,34.999309,-90.118577,ChIJ9TRIjgZl1YcR3fm2jM14AHY,OK,161099,471570224104011
3315.384,35.02753099999999,-90.082077,ChIJK66rdetk1YcRwwxI9gDREks,OK,193912,471570224104011
2478.923,35.0225458,-90.0257415,ChIJnc94gMRi1YcRKYztFRuX2Yw,OK,175090,471570227003019
2478.923,35.0225458,-90.0257415,ChIJnc94gMRi1YcRKYztFRuX2Yw,OK,175090,471570227003019
2992.099,35.00495799999999,-90.0276544,ChIJuXbrrfFi1YcR97C4vX-T9Zk,OK,224707,471570227003019
8319.733,35.2064292,-89.73436359999999,ChIJP6qgZdGff4gRQoIww3TX5kM,OK,383493,471570210101122
8319.733,35.2064292,-89.73436359999999,ChIJP6qgZdGff4gRQoIww3TX5kM,OK,383493,471570210101122
10981.637,35.2044739,-89.76342459999999,ChIJ3XsJxyKef4gRTeWb3lonWsU,OK,511671,471570210101122
4825.061,35.054745,-90.007971,ChIJXxyyQlt91YcRhldtWgjSnSE,OK,336104,471570078213006
4825.061,35.054745,-90.007971,ChIJXxyyQlt91YcRhldtWgjSnSE,OK,336104,471570078213006
5255.253,35.05407199999999,-90.00125899999999,ChIJIzdhk1h91YcRZT7cBcBslaM,OK,355788,471570078213006
944.657,35.06128,-90.05978399999999,ChIJm06f8ZV81YcRTjzAsJPcBKY,OK,59694,471570225001110
944.657,35.06128,-90.05978399999999,ChIJm06f8ZV81YcRTjzAsJPcBKY,OK,59694,471570225001110
944.478,35.061362,-90.05986399999999,ChIJL_Gh8ZV81YcRDlMHRKqR_IA,OK,62560,471570225001110
1031.914,35.0543926,-90.0597009,ChIJT5TzUbl81YcRiPqNjkbj9CA,OK,83230,471570223211002
1031.914,35.0543926,-90.0597009,ChIJT5TzUbl81YcRiPqNjkbj9CA,OK,83230,471570223211002
1613.27,35.06128,-90.05978399999999,ChIJm06f8ZV81YcRTjzAsJPcBKY,OK,115427,471570223211002
2835.648,35.0333519,-90.02557630000001,ChIJK8z8Ksxi1YcRt8pxxgP2SA4,OK,184072,471570225002006
2835.648,35.0333519,-90.02557630000001,ChIJK8z8Ksxi1YcRt8pxxgP2SA4,OK,184072,471570225002006
2835.742,35.033351,-90.02556199999999,ChIJY7ePKsxi1YcRIP55gZFchMw,OK,184077,471570225002006
3034.636,35.0326981,-90.07589809999999,ChIJ9S1ljalk1YcRvuG-_hbpimA,OK,191848,471570223213023
3034.636,35.0326981,-90.07589809999999,ChIJ9S1ljalk1YcRvuG-_hbpimA,OK,191848,471570223213023
2732.908,35.0543926,-90.0597009,ChIJT5TzUbl81YcRiPqNjkbj9CA,OK,206011,471570223213023
3146.977,35.0333519,-90.02557630000001,ChIJK8z8Ksxi1YcRt8pxxgP2SA4,OK,206157,471570223222018
3146.977,35.0333519,-90.02557630000001,ChIJK8z8Ksxi1YcRt8pxxgP2SA4,OK,206157,471570223222018
3147.072,35.033351,-90.02556199999999,ChIJY7ePKsxi1YcRIP55gZFchMw,OK,206162,471570223222018
1079.235,35.1161637,-89.9446263,ChIJ-ZiED8iGf4gR32IlfgDBKWY,OK,73763,471570072002001
1079.235,35.1161637,-89.9446263,ChIJ-ZiED8iGf4gR32IlfgDBKWY,OK,73763,471570072002001
2375.746,35.108097,-89.941227,ChIJwxJT-r6Gf4gRhLDuFpyb128,OK,147729,471570072002001
1700.971,35.14981359999999,-89.94918609999999,ChIJVdGBGRaBf4gRsi89Rzqn8W4,OK,133934,471570029002016
1700.971,35.14981359999999,-89.94918609999999,ChIJVdGBGRaBf4gRsi89Rzqn8W4,OK,133934,471570029002016
2252.173,35.1497164,-89.95515999999999,ChIJcQb6ehiBf4gR-uA54eRPNq8,OK,169234,471570029002016
2156.703,35.14981359999999,-89.94918609999999,ChIJVdGBGRaBf4gRsi89Rzqn8W4,OK,147201,471570029003005
2156.703,35.14981359999999,-89.94918609999999,ChIJVdGBGRaBf4gRsi89Rzqn8W4,OK,147201,471570029003005
2707.906,35.1497164,-89.95515999999999,ChIJcQb6ehiBf4gR-uA54eRPNq8,OK,182501,471570029003005
2894.904,35.1161637,-89.9446263,ChIJ-ZiED8iGf4gR32IlfgDBKWY,OK,190861,471570029004016
2894.904,35.1161637,-89.9446263,ChIJ-ZiED8iGf4gR32IlfgDBKWY,OK,190861,471570029004016
3053.837,35.14981359999999,-89.94918609999999,ChIJVdGBGRaBf4gRsi89Rzqn8W4,OK,214281,471570029004016
2638.916,35.1804299,-89.9263818,ChIJIfvtv4eBf4gRJLjVGBpAzmc,OK,160227,471570012001003
2638.916,35.1804299,-89.9263818,ChIJIfvtv4eBf4gRJLjVGBpAzmc,OK,160227,471570012001003
2796.319,35.167095,-89.950496,ChIJecYfJgmBf4gRJh-YY67U6V8,OK,169973,471570012001003
1401.409,35.1804299,-89.9263818,ChIJIfvtv4eBf4gRJLjVGBpAzmc,OK,121675,471570088002030
1401.409,35.1804299,-89.9263818,ChIJIfvtv4eBf4gRJLjVGBpAzmc,OK,121675,471570088002030
2357.523,35.183951,-89.93106899999999,ChIJWQ0EIo-Bf4gR6cuqlCcQuNw,OK,200764,471570088002030
7901.365,35.0854368,-89.89541919999999,ChIJf5cc-VKEf4gRF-lYLgijYQQ,OK,384129,471570095004035
7901.365,35.0854368,-89.89541919999999,ChIJf5cc-VKEf4gRF-lYLgijYQQ,OK,384129,471570095004035
10092.237,35.0612606,-89.88628629999999,ChIJAQ_I1gqFf4gRFrt5yQeAEps,OK,509737,471570095004035
1414.669,35.02138900000001,-89.996898,ChIJz3MQkR6If4gRIBgmNH-BQcg,OK,95141,471570221222006
1414.669,35.02138900000001,-89.996898,ChIJz3MQkR6If4gRIBgmNH-BQcg,OK,95141,471570221222006
1612.136,35.021384,-90.019407,ChIJk8DCu8Bi1YcRUnUQCgCMr-E,OK,106826,471570221222006
1571.994,35.0068452,-90.00681259999999,ChIJz3G0Jpti1YcRMCYWHOflqrA,OK,111174,471570221301003
1571.994,35.0068452,-90.00681259999999,ChIJz3G0Jpti1YcRMCYWHOflqrA,OK,111174,471570221301003
1773.163,34.9907298,-89.99350899999999,ChIJaR6gqdOJf4gRbmqB7wctwt0,OK,123440,471570221301003
1509.978,35.0068452,-90.00681259999999,ChIJz3G0Jpti1YcRMCYWHOflqrA,OK,141713,471570221301010
1509.978,35.0068452,-90.00681259999999,ChIJz3G0Jpti1YcRMCYWHOflqrA,OK,141713,471570221301010
1856.011,34.9907298,-89.99350899999999,ChIJaR6gqdOJf4gRbmqB7wctwt0,OK,173062,471570221301010
1989.084,35.0068452,-90.00681259999999,ChIJz3G0Jpti1YcRMCYWHOflqrA,OK,142472,471570221223005
1989.084,35.0068452,-90.00681259999999,ChIJz3G0Jpti1YcRMCYWHOflqrA,OK,142472,471570221223005
2500.485,35.02138900000001,-89.996898,ChIJz3MQkR6If4gRIBgmNH-BQcg,OK,169251,471570221223005
2270.616,35.02379430000001,-89.96377079999999,ChIJDVntamKIf4gRlF5S6rdAlgc,OK,154601,471570219002012
2853.215,35.1546312,-89.79260459999999,ChIJ8UeuSEecf4gRniit7ubZLtM,OK,244110,471570211261017
2853.215,35.1546312,-89.79260459999999,ChIJ8UeuSEecf4gRniit7ubZLtM,OK,244110,471570211261017
3233.103,35.14868459999999,-89.7948203,ChIJ4w9Lr2qcf4gRHdzl9FciAFM,OK,263610,471570211261017
2849.76,35.14868459999999,-89.7948203,ChIJ4w9Lr2qcf4gRHdzl9FciAFM,OK,199183,471570211402004
2849.76,35.14868459999999,-89.7948203,ChIJ4w9Lr2qcf4gRHdzl9FciAFM,OK,199183,471570211402004
3615.922,35.1546312,-89.79260459999999,ChIJ8UeuSEecf4gRniit7ubZLtM,OK,219882,471570211402004
679.351,35.0461089,-89.7947008,ChIJaZI6O3Oaf4gRqa_eh0DNj_s,OK,50718,471570213421071
679.351,35.0461089,-89.7947008,ChIJaZI6O3Oaf4gRqa_eh0DNj_s,OK,50718,471570213421071
797.356,35.045091,-89.795412,ChIJVelsQnOaf4gRECqTW7fq-dY,OK,57253,471570213421071
3769.26,35.093591,-90.056624,ChIJgyVl92d81YcRhuRHHckl8Y4,OK,303157,471570222202001
4087.452,35.06128,-90.05978399999999,ChIJm06f8ZV81YcRTjzAsJPcBKY,OK,351951,471570222202001
4087.452,35.06128,-90.05978399999999,ChIJm06f8ZV81YcRTjzAsJPcBKY,OK,351951,471570222202001
2595.752,35.2045576,-89.81176689999999,ChIJ8ROix4Kdf4gR4Su-1OwAUMo,OK,171263,471570211121011
2595.752,35.2045576,-89.81176689999999,ChIJ8ROix4Kdf4gR4Su-1OwAUMo,OK,171263,471570211121011
3652.26,35.2051043,-89.79754849999999,ChIJpRDMlY2df4gRQqHmUo_lzmc,OK,228682,471570211121011
4390.993,35.0614623,-89.8536277,ChIJ4TWJkTWFf4gRbkNZYfkF9Jw,OK,299564,471570213201031
4390.993,35.0614623,-89.8536277,ChIJ4TWJkTWFf4gRbkNZYfkF9Jw,OK,299564,471570213201031
4475.765,35.0512763,-89.8427476,ChIJ7VPJ3q-af4gRdxERIyaZ0gk,OK,305752,471570213201031
2821.363,35.1251709,-90.0481695,ChIJybIJtCd81YcR9Otxws-5qCM,OK,163498,471570117001141
2821.363,35.1251709,-90.0481695,ChIJybIJtCd81YcR9Otxws-5qCM,OK,163498,471570117001141
2823.177,35.125222,-90.048147,ChIJ9cKdtid81YcRKs9h6RjzQzw,OK,163599,471570117001141
3336.175,35.1546312,-89.79260459999999,ChIJ8UeuSEecf4gRniit7ubZLtM,OK,218472,471570211381017
3336.175,35.1546312,-89.79260459999999,ChIJ8UeuSEecf4gRniit7ubZLtM,OK,218472,471570211381017
3009.73,35.14868459999999,-89.7948203,ChIJ4w9Lr2qcf4gRHdzl9FciAFM,OK,248046,471570211381017
3156.13,35.05113000000001,-89.815021,ChIJAdLMX4iaf4gRUenKpoiyrBc,OK,228160,471570213331000
3156.13,35.05113000000001,-89.815021,ChIJAdLMX4iaf4gRUenKpoiyrBc,OK,228160,471570213331000
3370.272,35.048632,-89.814048,ChIJqY7T64eaf4gRoqZRK7sz4Co,OK,240436,471570213331000
748.183,35.0515568,-89.90630259999999,ChIJrU8jyZKFf4gRubg1AIyELWY,OK,63126,471570106303011
748.183,35.0515568,-89.90630259999999,ChIJrU8jyZKFf4gRubg1AIyELWY,OK,63126,471570106303011
1261.938,35.0515544,-89.92255089999999,ChIJG_UFGuOFf4gRyHNDzwp5is0,OK,87651,471570106303011
351.522,35.2337782,-89.9252472,ChIJra3pLkt_f4gRjZbqnHrruIM,OK,42180,471570205321003
351.522,35.2337782,-89.9252472,ChIJra3pLkt_f4gRjZbqnHrruIM,OK,42180,471570205321003
4096.401,35.2158947,-89.9151158,ChIJxetq6ad4f4gRD1K1cIBWUQ4,OK,290530,471570205321003
646.341,35.1145886,-89.90089789999999,ChIJKWmlFW6Ef4gR0YNISWQMkss,OK,41125,471570096003020
646.341,35.1145886,-89.90089789999999,ChIJKWmlFW6Ef4gR0YNISWQMkss,OK,41125,471570096003020
616.375,35.1153996,-89.89414069999999,ChIJCb4NOWWEf4gR79YlPQoocW4,OK,46498,471570096003020
5565.959,35.098685,-90.05664899999999,ChIJ31qwBkJ81YcRk2V5pdmdhrM,OK,292169,471570053003014
5954.952,35.095133,-90.05542799999999,ChIJATnUo0J81YcRpbAuNwXeqRw,OK,313713,471570053003014
5954.952,35.095133,-90.05542799999999,ChIJATnUo0J81YcRpbAuNwXeqRw,OK,313713,471570053003014
658.068,35.0614623,-89.8536277,ChIJ4TWJkTWFf4gRbkNZYfkF9Jw,OK,55535,471570217262005
658.068,35.0614623,-89.8536277,ChIJ4TWJkTWFf4gRbkNZYfkF9Jw,OK,55535,471570217262005
1653.448,35.0512763,-89.8427476,ChIJ7VPJ3q-af4gRdxERIyaZ0gk,OK,116357,471570217262005
1212.153,35.0493493,-89.855357,ChIJH2Nw4lGFf4gRq0vxk4n5iAE,OK,151106,471570217321001
1212.153,35.0493493,-89.855357,ChIJH2Nw4lGFf4gRq0vxk4n5iAE,OK,151106,471570217321001
1473.682,35.0501932,-89.8529489,ChIJJ3DCd1KFf4gRBb2DFEnzV7w,OK,161117,471570217321001
9300.519,35.22619459999999,-90.0020167,ChIJvTh1mwiA1YcRLLqD5Uxq8Nc,OK,493961,471570103001003
9300.519,35.22619459999999,-90.0020167,ChIJvTh1mwiA1YcRLLqD5Uxq8Nc,OK,493961,471570103001003
10110.913,35.218332,-90.00299799999999,ChIJfRCGEgGA1YcRsZsWP_dycDI,OK,541428,471570103001003
4702.965,35.1439641,-90.0517892,ChIJL-0zBZR-1YcRj7p5p1WY4-g,OK,285074,471570001001057
4702.965,35.1439641,-90.0517892,ChIJL-0zBZR-1YcRj7p5p1WY4-g,OK,285074,471570001001057
4733.655,35.1435177,-90.0539328,ChIJ8VFg1pV-1YcRR9G8p0pZx6U,OK,285353,471570001001057
3476.234,35.02100869999999,-89.8995317,ChIJ-f6gz22Pf4gR-rWEeLgd-68,OK,184447,471570226001184
3476.234,35.02100869999999,-89.8995317,ChIJ-f6gz22Pf4gR-rWEeLgd-68,OK,184447,471570226001184
3487.507,35.0209193,-89.8996561,ChIJxWQfy22Pf4gRlC1jxVU1A2g,OK,185072,471570226001184
8646.459,35.2064292,-89.73436359999999,ChIJP6qgZdGff4gRQoIww3TX5kM,OK,407114,471570210101121
8646.459,35.2064292,-89.73436359999999,ChIJP6qgZdGff4gRQoIww3TX5kM,OK,407114,471570210101121
11308.363,35.2044739,-89.76342459999999,ChIJ3XsJxyKef4gRTeWb3lonWsU,OK,535292,471570210101121
3142.615,35.1439641,-90.0517892,ChIJL-0zBZR-1YcRj7p5p1WY4-g,OK,184175,471570020002014
3142.615,35.1439641,-90.0517892,ChIJL-0zBZR-1YcRj7p5p1WY4-g,OK,184175,471570020002014
3173.305,35.1435177,-90.0539328,ChIJ8VFg1pV-1YcRR9G8p0pZx6U,OK,184454,471570020002014
1567.627,35.2044739,-89.76342459999999,ChIJ3XsJxyKef4gRTeWb3lonWsU,OK,103885,471570208311009
1567.627,35.2044739,-89.76342459999999,ChIJ3XsJxyKef4gRTeWb3lonWsU,OK,103885,471570208311009
1759.596,35.2064292,-89.73436359999999,ChIJP6qgZdGff4gRQoIww3TX5kM,OK,104126,471570208311009
1875.029,35.1489345,-89.89838259999999,ChIJaTBvX72Df4gRiyFT0LQMnrQ,OK,139190,471570087004001
1875.029,35.1489345,-89.89838259999999,ChIJaTBvX72Df4gRiyFT0LQMnrQ,OK,139190,471570087004001
1955.574,35.148225,-89.89748700000001,ChIJC8t095eDf4gRGuXK3FleZyg,OK,144023,471570087004001
1582.892,35.107529,-89.9862127,ChIJ0WGfSUKHf4gRjDLrfGQwCV4,OK,140508,471570067002011
1019.572,35.12545849999999,-89.97454169999999,ChIJoyT3HjOHf4gRS6EdHckmff8,OK,64387,471570067001011
1019.572,35.12545849999999,-89.97454169999999,ChIJoyT3HjOHf4gRS6EdHckmff8,OK,64387,471570067001011
2836.108,35.107529,-89.9862127,ChIJ0WGfSUKHf4gRjDLrfGQwCV4,OK,168506,471570067001011
1432.582,35.107529,-89.9862127,ChIJ0WGfSUKHf4gRjDLrfGQwCV4,OK,94240,471570067002002
1432.582,35.107529,-89.9862127,ChIJ0WGfSUKHf4gRjDLrfGQwCV4,OK,94240,471570067002002
1873.6,35.104197,-89.98335349999999,ChIJNST6hGqHf4gR0Mml4gyjQWk,OK,113799,471570067002002
1747.618,35.12545849999999,-89.97454169999999,ChIJoyT3HjOHf4gRS6EdHckmff8,OK,133456,471570066002031
1747.618,35.12545849999999,-89.97454169999999,ChIJoyT3HjOHf4gRS6EdHckmff8,OK,133456,471570066002031
1792.218,35.107529,-89.9862127,ChIJ0WGfSUKHf4gRjDLrfGQwCV4,OK,134110,471570066002031
693.266,35.107529,-89.9862127,ChIJ0WGfSUKHf4gRjDLrfGQwCV4,OK,62141,471570067002020
693.266,35.107529,-89.9862127,ChIJ0WGfSUKHf4gRjDLrfGQwCV4,OK,62141,471570067002020
1134.284,35.104197,-89.98335349999999,ChIJNST6hGqHf4gR0Mml4gyjQWk,OK,81700,471570067002020
1022.618,35.107529,-89.9862127,ChIJ0WGfSUKHf4gRjDLrfGQwCV4,OK,87006,471570067002016
1022.618,35.107529,-89.9862127,ChIJ0WGfSUKHf4gRjDLrfGQwCV4,OK,87006,471570067002016
1463.636,35.104197,-89.98335349999999,ChIJNST6hGqHf4gR0Mml4gyjQWk,OK,106565,471570067002016
779,35.107529,-89.9862127,ChIJ0WGfSUKHf4gRjDLrfGQwCV4,OK,57772,471570067002023
779,35.107529,-89.9862127,ChIJ0WGfSUKHf4gRjDLrfGQwCV4,OK,57772,471570067002023
1220.018,35.104197,-89.98335349999999,ChIJNST6hGqHf4gR0Mml4gyjQWk,OK,77331,471570067002023
619.302,35.107529,-89.9862127,ChIJ0WGfSUKHf4gRjDLrfGQwCV4,OK,53265,471570067002022
619.302,35.107529,-89.9862127,ChIJ0WGfSUKHf4gRjDLrfGQwCV4,OK,53265,471570067002022
1060.32,35.104197,-89.98335349999999,ChIJNST6hGqHf4gR0Mml4gyjQWk,OK,72824,471570067002022
1312.118,35.12545849999999,-89.97454169999999,ChIJoyT3HjOHf4gRS6EdHckmff8,OK,78721,471570067001014
1312.118,35.12545849999999,-89.97454169999999,ChIJoyT3HjOHf4gRS6EdHckmff8,OK,78721,471570067001014
2136.788,35.107529,-89.9862127,ChIJ0WGfSUKHf4gRjDLrfGQwCV4,OK,151849,471570067001014
1469.198,35.148225,-89.89748700000001,ChIJC8t095eDf4gRGuXK3FleZyg,OK,130371,471570086003035
1469.198,35.148225,-89.89748700000001,ChIJC8t095eDf4gRGuXK3FleZyg,OK,130371,471570086003035
1549.743,35.1489345,-89.89838259999999,ChIJaTBvX72Df4gRiyFT0LQMnrQ,OK,135203,471570086003035
1276.337,35.148225,-89.89748700000001,ChIJC8t095eDf4gRGuXK3FleZyg,OK,91730,471570086002000
1276.337,35.148225,-89.89748700000001,ChIJC8t095eDf4gRGuXK3FleZyg,OK,91730,471570086002000
1356.883,35.1489345,-89.89838259999999,ChIJaTBvX72Df4gRiyFT0LQMnrQ,OK,96562,471570086002000
1688.829,35.0612606,-89.88628629999999,ChIJAQ_I1gqFf4gRFrt5yQeAEps,OK,114330,471570107102015
1688.829,35.0612606,-89.88628629999999,ChIJAQ_I1gqFf4gRFrt5yQeAEps,OK,114330,471570107102015
1891.563,35.062945,-89.90568519999999,ChIJjxj9mL-Ff4gRoOEx9OzDyxs,OK,128449,471570107102015
3557.13,35.0854368,-89.89541919999999,ChIJf5cc-VKEf4gRF-lYLgijYQQ,OK,263743,471570213313016
4403.598,35.0614623,-89.8536277,ChIJ4TWJkTWFf4gRbkNZYfkF9Jw,OK,327058,471570213313016
4403.598,35.0614623,-89.8536277,ChIJ4TWJkTWFf4gRbkNZYfkF9Jw,OK,327058,471570213313016
3329.88,35.0854368,-89.89541919999999,ChIJf5cc-VKEf4gRF-lYLgijYQQ,OK,236475,471570213313018
3329.88,35.0854368,-89.89541919999999,ChIJf5cc-VKEf4gRF-lYLgijYQQ,OK,236475,471570213313018
4962.585,35.0614623,-89.8536277,ChIJ4TWJkTWFf4gRbkNZYfkF9Jw,OK,342192,471570213313018
2005.285,35.0612606,-89.88628629999999,ChIJAQ_I1gqFf4gRFrt5yQeAEps,OK,139812,471570107201001
2005.285,35.0612606,-89.88628629999999,ChIJAQ_I1gqFf4gRFrt5yQeAEps,OK,139812,471570107201001
1888.685,35.0632829,-89.88727279999999,ChIJvVoQ4QqFf4gRItXZGUDZ-Hc,OK,155239,471570107201001
1651.125,35.0612606,-89.88628629999999,ChIJAQ_I1gqFf4gRFrt5yQeAEps,OK,117694,471570107201007
1651.125,35.0612606,-89.88628629999999,ChIJAQ_I1gqFf4gRFrt5yQeAEps,OK,117694,471570107201007
1534.525,35.0632829,-89.88727279999999,ChIJvVoQ4QqFf4gRItXZGUDZ-Hc,OK,133121,471570107201007
2353.671,35.0854368,-89.89541919999999,ChIJf5cc-VKEf4gRF-lYLgijYQQ,OK,145292,471570107201000
2250.023,35.0612606,-89.88628629999999,ChIJAQ_I1gqFf4gRFrt5yQeAEps,OK,151958,471570107201000
2250.023,35.0612606,-89.88628629999999,ChIJAQ_I1gqFf4gRFrt5yQeAEps,OK,151958,471570107201000
3042.613,35.0614623,-89.8536277,ChIJ4TWJkTWFf4gRbkNZYfkF9Jw,OK,196125,471570217101021
3042.613,35.0614623,-89.8536277,ChIJ4TWJkTWFf4gRbkNZYfkF9Jw,OK,196125,471570217101021
3080.662,35.0612606,-89.88628629999999,ChIJAQ_I1gqFf4gRFrt5yQeAEps,OK,210237,471570217101021
2363.036,35.0614623,-89.8536277,ChIJ4TWJkTWFf4gRbkNZYfkF9Jw,OK,142977,471570217101005
2363.036,35.0614623,-89.8536277,ChIJ4TWJkTWFf4gRbkNZYfkF9Jw,OK,142977,471570217101005
2936.711,35.050596,-89.869556,ChIJQ4vLA2iFf4gRyyCo3ihKH44,OK,170046,471570217101005
4131.23,35.0614623,-89.8536277,ChIJ4TWJkTWFf4gRbkNZYfkF9Jw,OK,294375,471570213312021
4131.23,35.0614623,-89.8536277,ChIJ4TWJkTWFf4gRbkNZYfkF9Jw,OK,294375,471570213312021
5122.825,35.0612606,-89.88628629999999,ChIJAQ_I1gqFf4gRFrt5yQeAEps,OK,348989,471570213312021
3388.438,35.0854368,-89.89541919999999,ChIJf5cc-VKEf4gRF-lYLgijYQQ,OK,211411,471570213203018
3388.438,35.0854368,-89.89541919999999,ChIJf5cc-VKEf4gRF-lYLgijYQQ,OK,211411,471570213203018
4354.09,35.0614623,-89.8536277,ChIJ4TWJkTWFf4gRbkNZYfkF9Jw,OK,270680,471570213203018
3965.366,35.0854368,-89.89541919999999,ChIJf5cc-VKEf4gRF-lYLgijYQQ,OK,269899,471570213312004
4150.342,35.0614623,-89.8536277,ChIJ4TWJkTWFf4gRbkNZYfkF9Jw,OK,296669,471570213312004
4150.342,35.0614623,-89.8536277,ChIJ4TWJkTWFf4gRbkNZYfkF9Jw,OK,296669,471570213312004
4234.596,35.0614623,-89.8536277,ChIJ4TWJkTWFf4gRbkNZYfkF9Jw,OK,306779,471570213312022
4234.596,35.0614623,-89.8536277,ChIJ4TWJkTWFf4gRbkNZYfkF9Jw,OK,306779,471570213312022
5226.191,35.0612606,-89.88628629999999,ChIJAQ_I1gqFf4gRFrt5yQeAEps,OK,361393,471570213312022
3730.62,35.0854368,-89.89541919999999,ChIJf5cc-VKEf4gRF-lYLgijYQQ,OK,241730,471570213313003
1197.137,35.183951,-89.93106899999999,ChIJWQ0EIo-Bf4gR6cuqlCcQuNw,OK,95897,471570089003038
1197.376,35.1839382,-89.93104869999999,ChIJrQx5Io-Bf4gRSwDAaGIf4WE,OK,95940,471570089003038
1331.585,35.1804299,-89.9263818,ChIJIfvtv4eBf4gRJLjVGBpAzmc,OK,111516,471570089003042
1400.623,35.183951,-89.93106899999999,ChIJWQ0EIo-Bf4gR6cuqlCcQuNw,OK,125819,471570089003042
1400.623,35.183951,-89.93106899999999,ChIJWQ0EIo-Bf4gR6cuqlCcQuNw,OK,125819,471570089003042
1036.839,35.1804299,-89.9263818,ChIJIfvtv4eBf4gRJLjVGBpAzmc,OK,79850,471570088003006
1600.505,35.183951,-89.93106899999999,ChIJWQ0EIo-Bf4gR6cuqlCcQuNw,OK,133664,471570088003006
1600.505,35.183951,-89.93106899999999,ChIJWQ0EIo-Bf4gR6cuqlCcQuNw,OK,133664,471570088003006
1276.345,35.1804299,-89.9263818,ChIJIfvtv4eBf4gRJLjVGBpAzmc,OK,108589,471570088003008
1840.011,35.183951,-89.93106899999999,ChIJWQ0EIo-Bf4gR6cuqlCcQuNw,OK,162403,471570088003008
1840.011,35.183951,-89.93106899999999,ChIJWQ0EIo-Bf4gR6cuqlCcQuNw,OK,162403,471570088003008
1324.333,35.1804299,-89.9263818,ChIJIfvtv4eBf4gRJLjVGBpAzmc,OK,120176,471570088003019
1324.333,35.1804299,-89.9263818,ChIJIfvtv4eBf4gRJLjVGBpAzmc,OK,120176,471570088003019
1982.681,35.183951,-89.93106899999999,ChIJWQ0EIo-Bf4gR6cuqlCcQuNw,OK,179523,471570088003019
1172.689,35.1804299,-89.9263818,ChIJIfvtv4eBf4gRJLjVGBpAzmc,OK,96151,471570088003009
1736.355,35.183951,-89.93106899999999,ChIJWQ0EIo-Bf4gR6cuqlCcQuNw,OK,149965,471570088003009
1736.355,35.183951,-89.93106899999999,ChIJWQ0EIo-Bf4gR6cuqlCcQuNw,OK,149965,471570088003009
1219.173,35.1804299,-89.9263818,ChIJIfvtv4eBf4gRJLjVGBpAzmc,OK,107558,471570088003010
1219.173,35.1804299,-89.9263818,ChIJIfvtv4eBf4gRJLjVGBpAzmc,OK,107558,471570088003010
1877.521,35.183951,-89.93106899999999,ChIJWQ0EIo-Bf4gR6cuqlCcQuNw,OK,166905,471570088003010
706.724,35.1804299,-89.9263818,ChIJIfvtv4eBf4gRJLjVGBpAzmc,OK,49217,471570088003000
1662.839,35.183951,-89.93106899999999,ChIJWQ0EIo-Bf4gR6cuqlCcQuNw,OK,128306,471570088003000
1662.839,35.183951,-89.93106899999999,ChIJWQ0EIo-Bf4gR6cuqlCcQuNw,OK,128306,471570088003000
951.59,35.1804299,-89.9263818,ChIJIfvtv4eBf4gRJLjVGBpAzmc,OK,69621,471570088003005
1601.513,35.183951,-89.93106899999999,ChIJWQ0EIo-Bf4gR6cuqlCcQuNw,OK,133785,471570088003005
1601.513,35.183951,-89.93106899999999,ChIJWQ0EIo-Bf4gR6cuqlCcQuNw,OK,133785,471570088003005
1064.405,35.1804299,-89.9263818,ChIJIfvtv4eBf4gRJLjVGBpAzmc,OK,83158,471570088003004
1628.072,35.183951,-89.93106899999999,ChIJWQ0EIo-Bf4gR6cuqlCcQuNw,OK,136972,471570088003004
1628.072,35.183951,-89.93106899999999,ChIJWQ0EIo-Bf4gR6cuqlCcQuNw,OK,136972,471570088003004
1015.408,35.1804299,-89.9263818,ChIJIfvtv4eBf4gRJLjVGBpAzmc,OK,83107,471570088003012
1015.408,35.1804299,-89.9263818,ChIJIfvtv4eBf4gRJLjVGBpAzmc,OK,83107,471570088003012
1796.245,35.183951,-89.93106899999999,ChIJWQ0EIo-Bf4gR6cuqlCcQuNw,OK,153449,471570088003012
1114.492,35.1804299,-89.9263818,ChIJIfvtv4eBf4gRJLjVGBpAzmc,OK,94997,471570088003011
1114.492,35.1804299,-89.9263818,ChIJIfvtv4eBf4gRJLjVGBpAzmc,OK,94997,471570088003011
1772.841,35.183951,-89.93106899999999,ChIJWQ0EIo-Bf4gR6cuqlCcQuNw,OK,154344,471570088003011
1115.513,35.1804299,-89.9263818,ChIJIfvtv4eBf4gRJLjVGBpAzmc,OK,103934,471570088003017
1115.513,35.1804299,-89.9263818,ChIJIfvtv4eBf4gRJLjVGBpAzmc,OK,103934,471570088003017
1916.75,35.183951,-89.93106899999999,ChIJWQ0EIo-Bf4gR6cuqlCcQuNw,OK,171612,471570088003017
714.743,35.1804299,-89.9263818,ChIJIfvtv4eBf4gRJLjVGBpAzmc,OK,53718,471570088003001
714.743,35.1804299,-89.9263818,ChIJIfvtv4eBf4gRJLjVGBpAzmc,OK,53718,471570088003001
1670.858,35.183951,-89.93106899999999,ChIJWQ0EIo-Bf4gR6cuqlCcQuNw,OK,132807,471570088003001
1082.392,35.1804299,-89.9263818,ChIJIfvtv4eBf4gRJLjVGBpAzmc,OK,99961,471570088003003
1082.392,35.1804299,-89.9263818,ChIJIfvtv4eBf4gRJLjVGBpAzmc,OK,99961,471570088003003
2038.506,35.183951,-89.93106899999999,ChIJWQ0EIo-Bf4gR6cuqlCcQuNw,OK,179050,471570088003003
1495.77,35.2337782,-89.9252472,ChIJra3pLkt_f4gRjZbqnHrruIM,OK,92684,471570205322016
1495.77,35.2337782,-89.9252472,ChIJra3pLkt_f4gRjZbqnHrruIM,OK,92684,471570205322016
1900.398,35.210167,-89.919383,ChIJi0gqlgaCf4gRjUvfmHxGMyw,OK,141126,471570205322016
2066.838,35.2337782,-89.9252472,ChIJra3pLkt_f4gRjZbqnHrruIM,OK,135488,471570205322009
2066.838,35.2337782,-89.9252472,ChIJra3pLkt_f4gRjZbqnHrruIM,OK,135488,471570205322009
2222.676,35.2158947,-89.9151158,ChIJxetq6ad4f4gRD1K1cIBWUQ4,OK,150496,471570205322009
1461.744,35.2337782,-89.9252472,ChIJra3pLkt_f4gRjZbqnHrruIM,OK,95906,471570205322008
1461.744,35.2337782,-89.9252472,ChIJra3pLkt_f4gRjZbqnHrruIM,OK,95906,471570205322008
2109.905,35.210167,-89.919383,ChIJi0gqlgaCf4gRjUvfmHxGMyw,OK,158960,471570205322008
1834.554,35.2158947,-89.9151158,ChIJxetq6ad4f4gRD1K1cIBWUQ4,OK,134630,471570205322012
1834.554,35.2158947,-89.9151158,ChIJxetq6ad4f4gRD1K1cIBWUQ4,OK,134630,471570205322012
2702.315,35.2337782,-89.9252472,ChIJra3pLkt_f4gRjZbqnHrruIM,OK,181036,471570205322012
565.113,35.2023757,-89.9218691,ChIJvw7rwByCf4gRrAscHKjp1Iw,OK,67812,471570205421010
565.113,35.2023757,-89.9218691,ChIJvw7rwByCf4gRrAscHKjp1Iw,OK,67812,471570205421010
877.277,35.210167,-89.919383,ChIJi0gqlgaCf4gRjUvfmHxGMyw,OK,97666,471570205421010
1840.238,35.0854368,-89.89541919999999,ChIJf5cc-VKEf4gRF-lYLgijYQQ,OK,107071,471570093001025
1840.238,35.0854368,-89.89541919999999,ChIJf5cc-VKEf4gRF-lYLgijYQQ,OK,107071,471570093001025
3559.408,35.0745932,-89.9204618,ChIJPX58KNGFf4gRLgBWAHPwusk,OK,203964,471570093001025
1589.883,35.0854368,-89.89541919999999,ChIJf5cc-VKEf4gRF-lYLgijYQQ,OK,95538,471570093003001
1589.883,35.0854368,-89.89541919999999,ChIJf5cc-VKEf4gRF-lYLgijYQQ,OK,95538,471570093003001
3537.777,35.0745932,-89.9204618,ChIJPX58KNGFf4gRLgBWAHPwusk,OK,203216,471570093003001
1941.397,35.0854368,-89.89541919999999,ChIJf5cc-VKEf4gRF-lYLgijYQQ,OK,137630,471570093001023
1941.397,35.0854368,-89.89541919999999,ChIJf5cc-VKEf4gRF-lYLgijYQQ,OK,137630,471570093001023
3786.51,35.1145886,-89.90089789999999,ChIJKWmlFW6Ef4gR0YNISWQMkss,OK,229621,471570093001023
818.293,35.1927931,-89.86922029999999,ChIJAQAAAMCCf4gRZL0qi0KLjtw,OK,50030,471570206215017
847.262,35.1835367,-89.8717722,ChIJv1U5XuiCf4gRMlXiIrwnbJo,OK,61768,471570206215017
744.148,35.1835367,-89.8717722,ChIJv1U5XuiCf4gRMlXiIrwnbJo,OK,81886,471570206215004
744.148,35.1835367,-89.8717722,ChIJv1U5XuiCf4gRMlXiIrwnbJo,OK,81886,471570206215004
1960.058,35.1927931,-89.86922029999999,ChIJAQAAAMCCf4gRZL0qi0KLjtw,OK,145761,471570206215004
3145.471,35.2044739,-89.76342459999999,ChIJ3XsJxyKef4gRTeWb3lonWsU,OK,235176,471570211422005
4253.81,35.2072684,-89.7827147,ChIJKdJ2xvqdf4gRKLRUePlbOOs,OK,325722,471570211422005
4253.81,35.2072684,-89.7827147,ChIJKdJ2xvqdf4gRKLRUePlbOOs,OK,325722,471570211422005
2608.303,35.2045576,-89.81176689999999,ChIJ8ROix4Kdf4gR4Su-1OwAUMo,OK,173696,471570211131035
2608.303,35.2045576,-89.81176689999999,ChIJ8ROix4Kdf4gR4Su-1OwAUMo,OK,173696,471570211131035
3664.811,35.2051043,-89.79754849999999,ChIJpRDMlY2df4gRQqHmUo_lzmc,OK,231115,471570211131035
2603.89,35.2044739,-89.76342459999999,ChIJ3XsJxyKef4gRTeWb3lonWsU,OK,205129,471570211413004
2603.89,35.2044739,-89.76342459999999,ChIJ3XsJxyKef4gRTeWb3lonWsU,OK,205129,471570211413004
4294.305,35.2074362,-89.7805166,ChIJ62ATRfudf4gRPIrPAXGVsiQ,OK,336615,471570211413004
437.438,35.1835367,-89.8717722,ChIJv1U5XuiCf4gRMlXiIrwnbJo,OK,36254,471570206215016
437.438,35.1835367,-89.8717722,ChIJv1U5XuiCf4gRMlXiIrwnbJo,OK,36254,471570206215016
1284.955,35.1927931,-89.86922029999999,ChIJAQAAAMCCf4gRZL0qi0KLjtw,OK,78027,471570206215016
2880.765,35.2045576,-89.81176689999999,ChIJ8ROix4Kdf4gR4Su-1OwAUMo,OK,171767,471570211212015
2880.765,35.2045576,-89.81176689999999,ChIJ8ROix4Kdf4gR4Su-1OwAUMo,OK,171767,471570211212015
4107.161,35.2051043,-89.79754849999999,ChIJpRDMlY2df4gRQqHmUo_lzmc,OK,204525,471570211212015
667.929,35.1835367,-89.8717722,ChIJv1U5XuiCf4gRMlXiIrwnbJo,OK,71145,471570206215007
667.929,35.1835367,-89.8717722,ChIJv1U5XuiCf4gRMlXiIrwnbJo,OK,71145,471570206215007
1883.838,35.1927931,-89.86922029999999,ChIJAQAAAMCCf4gRZL0qi0KLjtw,OK,135020,471570206215007
7758.697,35.2045576,-89.81176689999999,ChIJ8ROix4Kdf4gR4Su-1OwAUMo,OK,372929,471570211212014
7758.697,35.2045576,-89.81176689999999,ChIJ8ROix4Kdf4gR4Su-1OwAUMo,OK,372929,471570211212014
8967.047,35.2051043,-89.79754849999999,ChIJpRDMlY2df4gRQqHmUo_lzmc,OK,394240,471570211212014
972.4,35.1927931,-89.86922029999999,ChIJAQAAAMCCf4gRZL0qi0KLjtw,OK,65866,471570206215005
972.4,35.1927931,-89.86922029999999,ChIJAQAAAMCCf4gRZL0qi0KLjtw,OK,65866,471570206215005
821.085,35.1835367,-89.8717722,ChIJv1U5XuiCf4gRMlXiIrwnbJo,OK,66754,471570206215005
5182.503,35.1439641,-90.0517892,ChIJL-0zBZR-1YcRj7p5p1WY4-g,OK,387161,471570001001016
5182.503,35.1439641,-90.0517892,ChIJL-0zBZR-1YcRj7p5p1WY4-g,OK,387161,471570001001016
5391.419,35.1450994,-90.0538646,ChIJne6_s5V-1YcRn_LPaqiwhrk,OK,392615,471570001001016
664.46,35.1835367,-89.8717722,ChIJv1U5XuiCf4gRMlXiIrwnbJo,OK,74672,471570206215013
664.46,35.1835367,-89.8717722,ChIJv1U5XuiCf4gRMlXiIrwnbJo,OK,74672,471570206215013
1880.369,35.1927931,-89.86922029999999,ChIJAQAAAMCCf4gRZL0qi0KLjtw,OK,138547,471570206215013
1593.385,35.19067459999999,-89.8489943,ChIJ364PGjWdf4gRKbsrGLq8_XQ,OK,112704,471570206223007
2078.439,35.1835367,-89.8717722,ChIJv1U5XuiCf4gRMlXiIrwnbJo,OK,156310,471570206223007
2078.439,35.1835367,-89.8717722,ChIJv1U5XuiCf4gRMlXiIrwnbJo,OK,156310,471570206223007
3966.259,35.16339899999999,-89.855841,ChIJA_xfkC6Df4gRAjVZwLz1jqA,OK,166085,471570211212021
4065.941,35.19067459999999,-89.8489943,ChIJ364PGjWdf4gRKbsrGLq8_XQ,OK,241321,471570211212021
4065.941,35.19067459999999,-89.8489943,ChIJ364PGjWdf4gRKbsrGLq8_XQ,OK,241321,471570211212021
2555.711,35.19067459999999,-89.8489943,ChIJ364PGjWdf4gRKbsrGLq8_XQ,OK,156894,471570211113025
2555.711,35.19067459999999,-89.8489943,ChIJ364PGjWdf4gRKbsrGLq8_XQ,OK,156894,471570211113025
3047.715,35.16339899999999,-89.855841,ChIJA_xfkC6Df4gRAjVZwLz1jqA,OK,202901,471570211113025
7536.375,35.2045576,-89.81176689999999,ChIJ8ROix4Kdf4gR4Su-1OwAUMo,OK,367650,471570211212019
7536.375,35.2045576,-89.81176689999999,ChIJ8ROix4Kdf4gR4Su-1OwAUMo,OK,367650,471570211212019
8744.725,35.2051043,-89.79754849999999,ChIJpRDMlY2df4gRQqHmUo_lzmc,OK,388961,471570211212019
3515.135,35.2044739,-89.76342459999999,ChIJ3XsJxyKef4gRTeWb3lonWsU,OK,252058,471570211422025
3515.135,35.2044739,-89.76342459999999,ChIJ3XsJxyKef4gRTeWb3lonWsU,OK,252058,471570211422025
5379.734,35.2072684,-89.7827147,ChIJKdJ2xvqdf4gRKLRUePlbOOs,OK,356452,471570211422025
602.014,35.1835367,-89.8717722,ChIJv1U5XuiCf4gRMlXiIrwnbJo,OK,46129,471570206215008
602.014,35.1835367,-89.8717722,ChIJv1U5XuiCf4gRMlXiIrwnbJo,OK,46129,471570206215008
1449.532,35.1927931,-89.86922029999999,ChIJAQAAAMCCf4gRZL0qi0KLjtw,OK,87902,471570206215008
7855.608,35.2045576,-89.81176689999999,ChIJ8ROix4Kdf4gR4Su-1OwAUMo,OK,377913,471570211212013
7855.608,35.2045576,-89.81176689999999,ChIJ8ROix4Kdf4gR4Su-1OwAUMo,OK,377913,471570211212013
9063.958,35.2051043,-89.79754849999999,ChIJpRDMlY2df4gRQqHmUo_lzmc,OK,399224,471570211212013
4098.691,35.2045576,-89.81176689999999,ChIJ8ROix4Kdf4gR4Su-1OwAUMo,OK,317339,471570211212010
4098.691,35.2045576,-89.81176689999999,ChIJ8ROix4Kdf4gR4Su-1OwAUMo,OK,317339,471570211212010
4233.905,35.2051043,-89.79754849999999,ChIJpRDMlY2df4gRQqHmUo_lzmc,OK,319875,471570211212010
1067.544,35.1913738,-89.8964247,ChIJwQffFF2Cf4gRzaR3rfvt3f4,OK,75851,471570206101010
1067.544,35.1913738,-89.8964247,ChIJwQffFF2Cf4gRzaR3rfvt3f4,OK,75851,471570206101010
1350.94,35.192778,-89.895242,ChIJ2ehTh2eCf4gR95JHzr6OIMA,OK,90147,471570206101010
1040.942,35.1913738,-89.8964247,ChIJwQffFF2Cf4gRzaR3rfvt3f4,OK,72658,471570206101047
1040.942,35.1913738,-89.8964247,ChIJwQffFF2Cf4gRzaR3rfvt3f4,OK,72658,471570206101047
1324.338,35.192778,-89.895242,ChIJ2ehTh2eCf4gR95JHzr6OIMA,OK,86954,471570206101047
1139.567,35.1913738,-89.8964247,ChIJwQffFF2Cf4gRzaR3rfvt3f4,OK,78022,471570206101013
1139.567,35.1913738,-89.8964247,ChIJwQffFF2Cf4gRzaR3rfvt3f4,OK,78022,471570206101013
1118.502,35.1507888,-89.977317,ChIJdVWrOuqAf4gR-V7s1E3qo7g,OK,86071,471570015001007
2163.186,35.1497164,-89.95515999999999,ChIJcQb6ehiBf4gR-uA54eRPNq8,OK,160057,471570015001007
176.925,35.1507888,-89.977317,ChIJdVWrOuqAf4gR-V7s1E3qo7g,OK,14139,471570015001026
176.925,35.1507888,-89.977317,ChIJdVWrOuqAf4gR-V7s1E3qo7g,OK,14139,471570015001026
2030.753,35.1497164,-89.95515999999999,ChIJcQb6ehiBf4gR-uA54eRPNq8,OK,127590,471570015001026
1053.125,35.1507888,-89.977317,ChIJdVWrOuqAf4gR-V7s1E3qo7g,OK,78226,471570015001015
1053.125,35.1507888,-89.977317,ChIJdVWrOuqAf4gR-V7s1E3qo7g,OK,78226,471570015001015
2096.104,35.1497164,-89.95515999999999,ChIJcQb6ehiBf4gR-uA54eRPNq8,OK,152007,471570015001015
561.773,35.1507888,-89.977317,ChIJdVWrOuqAf4gR-V7s1E3qo7g,OK,54756,471570015001016
561.773,35.1507888,-89.977317,ChIJdVWrOuqAf4gR-V7s1E3qo7g,OK,54756,471570015001016
2004.649,35.1497164,-89.95515999999999,ChIJcQb6ehiBf4gR-uA54eRPNq8,OK,143673,471570015001016
443.287,35.1507888,-89.977317,ChIJdVWrOuqAf4gR-V7s1E3qo7g,OK,40539,471570015001022
443.287,35.1507888,-89.977317,ChIJdVWrOuqAf4gR-V7s1E3qo7g,OK,40539,471570015001022
1885.816,35.1497164,-89.95515999999999,ChIJcQb6ehiBf4gR-uA54eRPNq8,OK,129415,471570015001022
442.38,35.1507888,-89.977317,ChIJdVWrOuqAf4gR-V7s1E3qo7g,OK,40430,471570015001025
442.38,35.1507888,-89.977317,ChIJdVWrOuqAf4gR-V7s1E3qo7g,OK,40430,471570015001025
1886.723,35.1497164,-89.95515999999999,ChIJcQb6ehiBf4gR-uA54eRPNq8,OK,129523,471570015001025
746.731,35.1507888,-89.977317,ChIJdVWrOuqAf4gR-V7s1E3qo7g,OK,63296,471570015001021
746.731,35.1507888,-89.977317,ChIJdVWrOuqAf4gR-V7s1E3qo7g,OK,63296,471570015001021
1960.01,35.1497164,-89.95515999999999,ChIJcQb6ehiBf4gR-uA54eRPNq8,OK,138317,471570015001021
161.774,35.1507888,-89.977317,ChIJdVWrOuqAf4gR-V7s1E3qo7g,OK,9705,471570015001033
161.774,35.1507888,-89.977317,ChIJdVWrOuqAf4gR-V7s1E3qo7g,OK,9705,471570015001033
2543.648,35.13418100000001,-89.98599,ChIJnf1_yraAf4gR9pQmD7CXhgg,OK,142047,471570015001033
843.486,35.1507888,-89.977317,ChIJdVWrOuqAf4gR-V7s1E3qo7g,OK,50605,471570015001034
843.486,35.1507888,-89.977317,ChIJdVWrOuqAf4gR-V7s1E3qo7g,OK,50605,471570015001034
1779.532,35.1497164,-89.95515999999999,ChIJcQb6ehiBf4gR-uA54eRPNq8,OK,108991,471570015001034
1213.271,35.1507888,-89.977317,ChIJdVWrOuqAf4gR-V7s1E3qo7g,OK,89268,471570015001008
1213.271,35.1507888,-89.977317,ChIJdVWrOuqAf4gR-V7s1E3qo7g,OK,89268,471570015001008
2088.417,35.1497164,-89.95515999999999,ChIJcQb6ehiBf4gR-uA54eRPNq8,OK,151085,471570015001008
1054.337,35.1507888,-89.977317,ChIJdVWrOuqAf4gR-V7s1E3qo7g,OK,69930,471570015001012
1054.337,35.1507888,-89.977317,ChIJdVWrOuqAf4gR-V7s1E3qo7g,OK,69930,471570015001012
1918.381,35.1497164,-89.95515999999999,ChIJcQb6ehiBf4gR-uA54eRPNq8,OK,130949,471570015001012
1563.243,35.1507888,-89.977317,ChIJdVWrOuqAf4gR-V7s1E3qo7g,OK,115432,471570014001005
1563.243,35.1507888,-89.977317,ChIJdVWrOuqAf4gR-V7s1E3qo7g,OK,115432,471570014001005
1415.252,35.1497164,-89.95515999999999,ChIJcQb6ehiBf4gR-uA54eRPNq8,OK,123596,471570014001005
1274.969,35.1507888,-89.977317,ChIJdVWrOuqAf4gR-V7s1E3qo7g,OK,92215,471570015001018
1274.969,35.1507888,-89.977317,ChIJdVWrOuqAf4gR-V7s1E3qo7g,OK,92215,471570015001018
1964.427,35.1497164,-89.95515999999999,ChIJcQb6ehiBf4gR-uA54eRPNq8,OK,140664,471570015001018
1060.671,35.1507888,-89.977317,ChIJdVWrOuqAf4gR-V7s1E3qo7g,OK,63635,471570015001036
1060.671,35.1507888,-89.977317,ChIJdVWrOuqAf4gR-V7s1E3qo7g,OK,63635,471570015001036
1562.347,35.1497164,-89.95515999999999,ChIJcQb6ehiBf4gR-uA54eRPNq8,OK,95961,471570015001036
1624.644,35.17410499999999,-89.97575479999999,ChIJmfYTGFmAf4gRHGKCaD0qCtI,OK,139008,471570009001012
1624.644,35.17410499999999,-89.97575479999999,ChIJmfYTGFmAf4gRHGKCaD0qCtI,OK,139008,471570009001012
2074.912,35.1507888,-89.977317,ChIJdVWrOuqAf4gR-V7s1E3qo7g,OK,177415,471570009001012
1830.311,35.17410499999999,-89.97575479999999,ChIJmfYTGFmAf4gRHGKCaD0qCtI,OK,163686,471570009001027
1830.311,35.17410499999999,-89.97575479999999,ChIJmfYTGFmAf4gRHGKCaD0qCtI,OK,163686,471570009001027
1972.934,35.1507888,-89.977317,ChIJdVWrOuqAf4gR-V7s1E3qo7g,OK,165178,471570009001027
1957.117,35.1507888,-89.977317,ChIJdVWrOuqAf4gR-V7s1E3qo7g,OK,163280,471570009001026
1957.117,35.1507888,-89.977317,ChIJdVWrOuqAf4gR-V7s1E3qo7g,OK,163280,471570009001026
2000.153,35.17410499999999,-89.97575479999999,ChIJmfYTGFmAf4gRHGKCaD0qCtI,OK,184068,471570009001026
1493.454,35.17410499999999,-89.97575479999999,ChIJmfYTGFmAf4gRHGKCaD0qCtI,OK,162288,471570111001055
1493.454,35.17410499999999,-89.97575479999999,ChIJmfYTGFmAf4gRHGKCaD0qCtI,OK,162288,471570111001055
4843.727,35.167095,-89.950496,ChIJecYfJgmBf4gRJh-YY67U6V8,OK,352207,471570111001055
1669.864,35.17410499999999,-89.97575479999999,ChIJmfYTGFmAf4gRHGKCaD0qCtI,OK,144435,471570009001014
1669.864,35.17410499999999,-89.97575479999999,ChIJmfYTGFmAf4gRHGKCaD0qCtI,OK,144435,471570009001014
2138.433,35.1507888,-89.977317,ChIJdVWrOuqAf4gR-V7s1E3qo7g,OK,185037,471570009001014
2086.219,35.1507888,-89.977317,ChIJdVWrOuqAf4gR-V7s1E3qo7g,OK,178772,471570009001015
2086.219,35.1507888,-89.977317,ChIJdVWrOuqAf4gR-V7s1E3qo7g,OK,178772,471570009001015
2129.255,35.17410499999999,-89.97575479999999,ChIJmfYTGFmAf4gRHGKCaD0qCtI,OK,199560,471570009001015
1855.937,35.1507888,-89.977317,ChIJdVWrOuqAf4gR-V7s1E3qo7g,OK,121916,471570015001000
1855.937,35.1507888,-89.977317,ChIJdVWrOuqAf4gR-V7s1E3qo7g,OK,121916,471570015001000
2071.393,35.1497164,-89.95515999999999,ChIJcQb6ehiBf4gR-uA54eRPNq8,OK,136237,471570015001000
1537.48,35.1507888,-89.977317,ChIJdVWrOuqAf4gR-V7s1E3qo7g,OK,102809,471570014001004
1537.48,35.1507888,-89.977317,ChIJdVWrOuqAf4gR-V7s1E3qo7g,OK,102809,471570014001004
1752.936,35.1497164,-89.95515999999999,ChIJcQb6ehiBf4gR-uA54eRPNq8,OK,117130,471570014001004
1589.154,35.167095,-89.950496,ChIJecYfJgmBf4gRJh-YY67U6V8,OK,89008,471570111001057
1589.154,35.167095,-89.950496,ChIJecYfJgmBf4gRJh-YY67U6V8,OK,89008,471570111001057
114.368,35.0490562,-89.84441600000001,ChIJCUulJK6af4gR7vOP_qSrYdM,OK,13229,471570217321020
114.368,35.0490562,-89.84441600000001,ChIJCUulJK6af4gR7vOP_qSrYdM,OK,13229,471570217321020
417.991,35.049031,-89.841437,ChIJt6vl46-af4gRvoN8Yvkmx9A,OK,28519,471570217321020
2369.525,35.1546312,-89.79260459999999,ChIJ8UeuSEecf4gRniit7ubZLtM,OK,143649,471570211262021
2369.525,35.1546312,-89.79260459999999,ChIJ8UeuSEecf4gRniit7ubZLtM,OK,143649,471570211262021
2749.413,35.14868459999999,-89.7948203,ChIJ4w9Lr2qcf4gRHdzl9FciAFM,OK,163149,471570211262021
7635.561,35.14868459999999,-89.7948203,ChIJ4w9Lr2qcf4gRHdzl9FciAFM,OK,440092,471570213121000
8517.061,35.16339899999999,-89.855841,ChIJA_xfkC6Df4gRAjVZwLz1jqA,OK,519692,471570213121000
8517.061,35.16339899999999,-89.855841,ChIJA_xfkC6Df4gRAjVZwLz1jqA,OK,519692,471570213121000
901.962,35.0461089,-89.7947008,ChIJaZI6O3Oaf4gRqa_eh0DNj_s,OK,72397,471570213423081
901.962,35.0461089,-89.7947008,ChIJaZI6O3Oaf4gRqa_eh0DNj_s,OK,72397,471570213423081
1019.968,35.045091,-89.795412,ChIJVelsQnOaf4gRECqTW7fq-dY,OK,78932,471570213423081
4789.104,35.14868459999999,-89.7948203,ChIJ4w9Lr2qcf4gRHdzl9FciAFM,OK,414031,471579804001027
4789.104,35.14868459999999,-89.7948203,ChIJ4w9Lr2qcf4gRHdzl9FciAFM,OK,414031,471579804001027
5555.266,35.1546312,-89.79260459999999,ChIJ8UeuSEecf4gRniit7ubZLtM,OK,434730,471579804001027
1956.77,35.220637,-89.892425,ChIJiZ78r4Z4f4gRyy0DWRWI7n0,OK,140143,471570206443015
1956.77,35.220637,-89.892425,ChIJiZ78r4Z4f4gRyy0DWRWI7n0,OK,140143,471570206443015
2933.877,35.223866,-89.90499,ChIJJRXCRJh4f4gRcTFbl9qZzNM,OK,229688,471570206443015
72.818,35.0490562,-89.84441600000001,ChIJCUulJK6af4gR7vOP_qSrYdM,OK,13107,471570217321000
72.818,35.0490562,-89.84441600000001,ChIJCUulJK6af4gR7vOP_qSrYdM,OK,13107,471570217321000
444.866,35.049031,-89.841437,ChIJt6vl46-af4gRvoN8Yvkmx9A,OK,37503,471570217321000
1012.393,35.1738374,-89.98954379999999,ChIJ_S0BIGOAf4gRU3Ph4W65cOQ,OK,60741,471570006001016
1012.393,35.1738374,-89.98954379999999,ChIJ_S0BIGOAf4gRU3Ph4W65cOQ,OK,60741,471570006001016
2359.002,35.17410499999999,-89.97575479999999,ChIJmfYTGFmAf4gRHGKCaD0qCtI,OK,141527,471570006001016
5912.183,35.093591,-90.056624,ChIJgyVl92d81YcRhuRHHckl8Y4,OK,321469,471570078221043
7021.368,35.06128,-90.05978399999999,ChIJm06f8ZV81YcRTjzAsJPcBKY,OK,339526,471570078221043
7021.368,35.06128,-90.05978399999999,ChIJm06f8ZV81YcRTjzAsJPcBKY,OK,339526,471570078221043
1029.981,35.1497164,-89.95515999999999,ChIJcQb6ehiBf4gR-uA54eRPNq8,OK,95503,471570028001010
1029.981,35.1497164,-89.95515999999999,ChIJcQb6ehiBf4gR-uA54eRPNq8,OK,95503,471570028001010
1337.159,35.14981359999999,-89.94918609999999,ChIJVdGBGRaBf4gRsi89Rzqn8W4,OK,103725,471570028001010
3327.918,35.0078094,-89.83044679999999,ChIJpwHMo0eQf4gRIqmNFjWLuW4,OK,219277,471570226001213
3327.918,35.0078094,-89.83044679999999,ChIJpwHMo0eQf4gRIqmNFjWLuW4,OK,219277,471570226001213
5578.829,35.0220022,-89.82947999999999,ChIJxT9DeWuQf4gRf6HLF5uJHd0,OK,344627,471570226001213
1858.464,35.1835367,-89.8717722,ChIJv1U5XuiCf4gRMlXiIrwnbJo,OK,135196,471570206102016
1858.464,35.1835367,-89.8717722,ChIJv1U5XuiCf4gRMlXiIrwnbJo,OK,135196,471570206102016
2604.66,35.164068,-89.8770782,ChIJpUMbExuDf4gRyW4QpPURe54,OK,165678,471570206102016
4312.634,35.05113000000001,-89.815021,ChIJAdLMX4iaf4gRUenKpoiyrBc,OK,211073,471570213421065
4326.641,35.048632,-89.814048,ChIJqY7T64eaf4gRoqZRK7sz4Co,OK,213492,471570213421065
4326.641,35.048632,-89.814048,ChIJqY7T64eaf4gRoqZRK7sz4Co,OK,213492,471570213421065
1293.516,35.167095,-89.950496,ChIJecYfJgmBf4gRJh-YY67U6V8,OK,76012,471570013001005
1293.516,35.167095,-89.950496,ChIJecYfJgmBf4gRJh-YY67U6V8,OK,76012,471570013001005
1432.76,35.14981359999999,-89.94918609999999,ChIJVdGBGRaBf4gRsi89Rzqn8W4,OK,85957,471570013001005
1856.627,35.1087458,-90.0211918,ChIJe6w2EsF91YcRquzVZc8M0-I,OK,131308,471570078102018
1856.627,35.1087458,-90.0211918,ChIJe6w2EsF91YcRquzVZc8M0-I,OK,131308,471570078102018
1857.268,35.10874099999999,-90.021185,ChIJrVbiDcF91YcRG9TBOTpHc3I,OK,131385,471570078102018
5647.594,35.093591,-90.056624,ChIJgyVl92d81YcRhuRHHckl8Y4,OK,309564,471570078221042
6756.779,35.06128,-90.05978399999999,ChIJm06f8ZV81YcRTjzAsJPcBKY,OK,327621,471570078221042
6756.779,35.06128,-90.05978399999999,ChIJm06f8ZV81YcRTjzAsJPcBKY,OK,327621,471570078221042
7624.92,35.0854368,-89.89541919999999,ChIJf5cc-VKEf4gRF-lYLgijYQQ,OK,371114,471570097002002
7624.92,35.0854368,-89.89541919999999,ChIJf5cc-VKEf4gRF-lYLgijYQQ,OK,371114,471570097002002
10189.89,35.062945,-89.90568519999999,ChIJjxj9mL-Ff4gRoOEx9OzDyxs,OK,488117,471570097002002
453.967,35.2072684,-89.7827147,ChIJKdJ2xvqdf4gRKLRUePlbOOs,OK,66889,471570211132003
453.967,35.2072684,-89.7827147,ChIJKdJ2xvqdf4gRKLRUePlbOOs,OK,66889,471570211132003
497.522,35.2074362,-89.7805166,ChIJ62ATRfudf4gRPIrPAXGVsiQ,OK,74728,471570211132003
1853.876,35.0643218,-89.9923063,ChIJb3DQuo2Hf4gRC8UI6d4pa68,OK,140325,471570225001002
1853.876,35.0643218,-89.9923063,ChIJb3DQuo2Hf4gRC8UI6d4pa68,OK,140325,471570225001002
3800.303,35.0841884,-89.97146650000001,ChIJX1vb4AeHf4gRloPQ2o5nDXA,OK,216502,471570225001002
3734.911,35.095133,-90.05542799999999,ChIJATnUo0J81YcRpbAuNwXeqRw,OK,310605,471570053003008
3896.314,35.098685,-90.05664899999999,ChIJ31qwBkJ81YcRk2V5pdmdhrM,OK,319544,471570053003008
3896.314,35.098685,-90.05664899999999,ChIJ31qwBkJ81YcRk2V5pdmdhrM,OK,319544,471570053003008
2063.465,35.05407199999999,-90.00125899999999,ChIJIzdhk1h91YcRZT7cBcBslaM,OK,117959,471570220225025
2063.465,35.05407199999999,-90.00125899999999,ChIJIzdhk1h91YcRZT7cBcBslaM,OK,117959,471570220225025
2466.864,35.0643218,-89.9923063,ChIJb3DQuo2Hf4gRC8UI6d4pa68,OK,160230,471570220225025
1766.004,35.1546312,-89.79260459999999,ChIJ8UeuSEecf4gRniit7ubZLtM,OK,106644,471570211262022
1766.004,35.1546312,-89.79260459999999,ChIJ8UeuSEecf4gRniit7ubZLtM,OK,106644,471570211262022
2145.892,35.14868459999999,-89.7948203,ChIJ4w9Lr2qcf4gRHdzl9FciAFM,OK,126144,471570211262022
2400.251,35.1546312,-89.79260459999999,ChIJ8UeuSEecf4gRniit7ubZLtM,OK,145153,471570211261002
52.06,35.1444038,-90.0168571,ChIJufYEjhR-1YcREff46W6Lons,OK,7527,471570025002049
52.06,35.1444038,-90.0168571,ChIJufYEjhR-1YcREff46W6Lons,OK,7527,471570025002049
670.18,35.1490317,-90.0140679,ChIJw3q9_xV-1YcRqrte6yBn1CI,OK,39824,471570025002049
2753.613,35.14868459999999,-89.7948203,ChIJ4w9Lr2qcf4gRHdzl9FciAFM,OK,203716,471570211374039
2753.613,35.14868459999999,-89.7948203,ChIJ4w9Lr2qcf4gRHdzl9FciAFM,OK,203716,471570211374039
3035.489,35.1546312,-89.79260459999999,ChIJ8UeuSEecf4gRniit7ubZLtM,OK,219925,471570211374039
1724.454,35.1444038,-90.0168571,ChIJufYEjhR-1YcREff46W6Lons,OK,130538,471570038001002
1724.454,35.1444038,-90.0168571,ChIJufYEjhR-1YcREff46W6Lons,OK,130538,471570038001002
2372.138,35.1490317,-90.0140679,ChIJw3q9_xV-1YcRqrte6yBn1CI,OK,164472,471570038001002
906.484,35.1439641,-90.0517892,ChIJL-0zBZR-1YcRj7p5p1WY4-g,OK,65482,471570114002007
906.484,35.1439641,-90.0517892,ChIJL-0zBZR-1YcRj7p5p1WY4-g,OK,65482,471570114002007
1115.401,35.1450994,-90.0538646,ChIJne6_s5V-1YcRn_LPaqiwhrk,OK,70936,471570114002007
1214.144,35.142439,-90.006118,ChIJeUPo2Rt-1YcRdoG2a54M-d0,OK,97116,471570016001037
792.061,35.13774119999999,-89.99713,ChIJtwtohKiAf4gRFxkNLUf9PgA,OK,102221,471570016001037
792.061,35.13774119999999,-89.99713,ChIJtwtohKiAf4gRFxkNLUf9PgA,OK,102221,471570016001037
1018.172,35.14868459999999,-89.7948203,ChIJ4w9Lr2qcf4gRHdzl9FciAFM,OK,79167,471570211373024
1018.172,35.14868459999999,-89.7948203,ChIJ4w9Lr2qcf4gRHdzl9FciAFM,OK,79167,471570211373024
1784.335,35.1546312,-89.79260459999999,ChIJ8UeuSEecf4gRniit7ubZLtM,OK,99866,471570211373024
4120.276,35.1546312,-89.79260459999999,ChIJ8UeuSEecf4gRniit7ubZLtM,OK,320543,471579804001046
4120.276,35.1546312,-89.79260459999999,ChIJ8UeuSEecf4gRniit7ubZLtM,OK,320543,471579804001046
4500.164,35.14868459999999,-89.7948203,ChIJ4w9Lr2qcf4gRHdzl9FciAFM,OK,340043,471579804001046
758.651,35.1439641,-90.0517892,ChIJL-0zBZR-1YcRj7p5p1WY4-g,OK,72693,471570114002012
758.651,35.1439641,-90.0517892,ChIJL-0zBZR-1YcRj7p5p1WY4-g,OK,72693,471570114002012
1019.504,35.1435177,-90.0539328,ChIJ8VFg1pV-1YcRR9G8p0pZx6U,OK,81898,471570114002012
1630.662,35.1439641,-90.0517892,ChIJL-0zBZR-1YcRj7p5p1WY4-g,OK,95841,471570039001021
1630.662,35.1439641,-90.0517892,ChIJL-0zBZR-1YcRj7p5p1WY4-g,OK,95841,471570039001021
1661.352,35.1435177,-90.0539328,ChIJ8VFg1pV-1YcRR9G8p0pZx6U,OK,96120,471570039001021
1159.797,35.13779299999999,-89.99118349999999,ChIJUQlZ-K-Af4gRkRKK62-ap5w,OK,105612,471570016001023
1159.797,35.13779299999999,-89.99118349999999,ChIJUQlZ-K-Af4gRkRKK62-ap5w,OK,105612,471570016001023
1731.046,35.13418100000001,-89.98599,ChIJnf1_yraAf4gR9pQmD7CXhgg,OK,124673,471570016001023
1832.227,35.1439641,-90.0517892,ChIJL-0zBZR-1YcRj7p5p1WY4-g,OK,110945,471570039001017
1832.227,35.1439641,-90.0517892,ChIJL-0zBZR-1YcRj7p5p1WY4-g,OK,110945,471570039001017
1862.918,35.1435177,-90.0539328,ChIJ8VFg1pV-1YcRR9G8p0pZx6U,OK,111224,471570039001017
1464.603,35.1507888,-89.977317,ChIJdVWrOuqAf4gR-V7s1E3qo7g,OK,110275,471570016001022
1464.603,35.1507888,-89.977317,ChIJdVWrOuqAf4gR-V7s1E3qo7g,OK,110275,471570016001022
1816.618,35.13418100000001,-89.98599,ChIJnf1_yraAf4gR9pQmD7CXhgg,OK,132521,471570016001022
1277.703,35.1507888,-89.977317,ChIJdVWrOuqAf4gR-V7s1E3qo7g,OK,69926,471570027002021
1277.703,35.1507888,-89.977317,ChIJdVWrOuqAf4gR-V7s1E3qo7g,OK,69926,471570027002021
1351.541,35.13418100000001,-89.98599,ChIJnf1_yraAf4gR9pQmD7CXhgg,OK,75582,471570027002021
1058.689,35.142439,-90.006118,ChIJeUPo2Rt-1YcRdoG2a54M-d0,OK,71283,471570016001040
636.606,35.13774119999999,-89.99713,ChIJtwtohKiAf4gRFxkNLUf9PgA,OK,76388,471570016001040
636.606,35.13774119999999,-89.99713,ChIJtwtohKiAf4gRFxkNLUf9PgA,OK,76388,471570016001040
1258.217,35.1439641,-90.0517892,ChIJL-0zBZR-1YcRj7p5p1WY4-g,OK,71682,471570114002015
1258.217,35.1439641,-90.0517892,ChIJL-0zBZR-1YcRj7p5p1WY4-g,OK,71682,471570114002015
1288.908,35.1435177,-90.0539328,ChIJ8VFg1pV-1YcRR9G8p0pZx6U,OK,71961,471570114002015
1091.804,35.1439641,-90.0517892,ChIJL-0zBZR-1YcRj7p5p1WY4-g,OK,62623,471570039001026
1091.804,35.1439641,-90.0517892,ChIJL-0zBZR-1YcRj7p5p1WY4-g,OK,62623,471570039001026
1122.494,35.1435177,-90.0539328,ChIJ8VFg1pV-1YcRR9G8p0pZx6U,OK,62902,471570039001026
1329.991,35.1507888,-89.977317,ChIJdVWrOuqAf4gR-V7s1E3qo7g,OK,77166,471570027002018
1329.991,35.1507888,-89.977317,ChIJdVWrOuqAf4gR-V7s1E3qo7g,OK,77166,471570027002018
1403.829,35.13418100000001,-89.98599,ChIJnf1_yraAf4gR9pQmD7CXhgg,OK,82822,471570027002018
484.369,35.142439,-90.006118,ChIJeUPo2Rt-1YcRdoG2a54M-d0,OK,39974,471570026001017
484.369,35.142439,-90.006118,ChIJeUPo2Rt-1YcRdoG2a54M-d0,OK,39974,471570026001017
964.36,35.139426,-90.00714049999999,ChIJC-6kIBt-1YcRA1cskDtjsVc,OK,88684,471570026001017
1274.645,35.14868459999999,-89.7948203,ChIJ4w9Lr2qcf4gRHdzl9FciAFM,OK,114836,471570211372011
1274.645,35.14868459999999,-89.7948203,ChIJ4w9Lr2qcf4gRHdzl9FciAFM,OK,114836,471570211372011
2402.589,35.1546312,-89.79260459999999,ChIJ8UeuSEecf4gRniit7ubZLtM,OK,147147,471570211372011
4772.896,35.1546312,-89.79260459999999,ChIJ8UeuSEecf4gRniit7ubZLtM,OK,398856,471579804001045
4772.896,35.1546312,-89.79260459999999,ChIJ8UeuSEecf4gRniit7ubZLtM,OK,398856,471579804001045
5152.784,35.14868459999999,-89.7948203,ChIJ4w9Lr2qcf4gRHdzl9FciAFM,OK,418356,471579804001045
1057.716,35.1439641,-90.0517892,ChIJL-0zBZR-1YcRj7p5p1WY4-g,OK,60735,471570114003006
1057.716,35.1439641,-90.0517892,ChIJL-0zBZR-1YcRj7p5p1WY4-g,OK,60735,471570114003006
1088.407,35.1435177,-90.0539328,ChIJ8VFg1pV-1YcRR9G8p0pZx6U,OK,61014,471570114003006
1952.269,35.1444038,-90.0168571,ChIJufYEjhR-1YcREff46W6Lons,OK,116214,471570038001008
1952.269,35.1444038,-90.0168571,ChIJufYEjhR-1YcREff46W6Lons,OK,116214,471570038001008
2456.983,35.1439641,-90.0517892,ChIJL-0zBZR-1YcRj7p5p1WY4-g,OK,144827,471570038001008
1943.695,35.1444038,-90.0168571,ChIJufYEjhR-1YcREff46W6Lons,OK,122809,471570038001006
1943.695,35.1444038,-90.0168571,ChIJufYEjhR-1YcREff46W6Lons,OK,122809,471570038001006
3357.047,35.2051043,-89.79754849999999,ChIJpRDMlY2df4gRQqHmUo_lzmc,OK,232855,471570211422012
3822.017,35.2072684,-89.7827147,ChIJKdJ2xvqdf4gRKLRUePlbOOs,OK,290277,471570211422012
3858.354,35.1546312,-89.79260459999999,ChIJ8UeuSEecf4gRniit7ubZLtM,OK,230692,471570211351029
3858.354,35.1546312,-89.79260459999999,ChIJ8UeuSEecf4gRniit7ubZLtM,OK,230692,471570211351029
4238.241,35.14868459999999,-89.7948203,ChIJ4w9Lr2qcf4gRHdzl9FciAFM,OK,250192,471570211351029
2141.363,35.0220022,-89.82947999999999,ChIJxT9DeWuQf4gRf6HLF5uJHd0,OK,135037,471570217542008
2141.363,35.0220022,-89.82947999999999,ChIJxT9DeWuQf4gRf6HLF5uJHd0,OK,135037,471570217542008
2683.453,35.0078094,-89.83044679999999,ChIJpwHMo0eQf4gRIqmNFjWLuW4,OK,164015,471570217542008
1569.983,35.0220022,-89.82947999999999,ChIJxT9DeWuQf4gRf6HLF5uJHd0,OK,106818,471570217472014
1569.983,35.0220022,-89.82947999999999,ChIJxT9DeWuQf4gRf6HLF5uJHd0,OK,106818,471570217472014
2112.073,35.0078094,-89.83044679999999,ChIJpwHMo0eQf4gRIqmNFjWLuW4,OK,135796,471570217472014
927.6,35.093591,-90.056624,ChIJgyVl92d81YcRhuRHHckl8Y4,OK,67997,471570055003025
927.6,35.093591,-90.056624,ChIJgyVl92d81YcRhuRHHckl8Y4,OK,67997,471570055003025
1107.437,35.095133,-90.05542799999999,ChIJATnUo0J81YcRpbAuNwXeqRw,OK,77957,471570055003025
3685.653,35.093591,-90.056624,ChIJgyVl92d81YcRhuRHHckl8Y4,OK,203445,471570053003057
5740.672,35.06128,-90.05978399999999,ChIJm06f8ZV81YcRTjzAsJPcBKY,OK,285806,471570053003057
5740.672,35.06128,-90.05978399999999,ChIJm06f8ZV81YcRTjzAsJPcBKY,OK,285806,471570053003057
3209.302,35.093591,-90.056624,ChIJgyVl92d81YcRhuRHHckl8Y4,OK,196477,471570053003012
3209.302,35.093591,-90.056624,ChIJgyVl92d81YcRhuRHHckl8Y4,OK,196477,471570053003012
3389.139,35.095133,-90.05542799999999,ChIJATnUo0J81YcRpbAuNwXeqRw,OK,206437,471570053003012
2985.648,35.093591,-90.056624,ChIJgyVl92d81YcRhuRHHckl8Y4,OK,209124,471570222202000
3303.84,35.06128,-90.05978399999999,ChIJm06f8ZV81YcRTjzAsJPcBKY,OK,257918,471570222202000
3303.84,35.06128,-90.05978399999999,ChIJm06f8ZV81YcRTjzAsJPcBKY,OK,257918,471570222202000
1595.144,35.095133,-90.05542799999999,ChIJATnUo0J81YcRpbAuNwXeqRw,OK,126030,471570053003020
1595.144,35.095133,-90.05542799999999,ChIJATnUo0J81YcRpbAuNwXeqRw,OK,126030,471570053003020
1756.547,35.098685,-90.05664899999999,ChIJ31qwBkJ81YcRk2V5pdmdhrM,OK,134969,471570053003020
1577.574,35.095133,-90.05542799999999,ChIJATnUo0J81YcRpbAuNwXeqRw,OK,116172,471570053003038
1577.574,35.095133,-90.05542799999999,ChIJATnUo0J81YcRpbAuNwXeqRw,OK,116172,471570053003038
1738.977,35.098685,-90.05664899999999,ChIJ31qwBkJ81YcRk2V5pdmdhrM,OK,125111,471570053003038
930.576,35.093591,-90.056624,ChIJgyVl92d81YcRhuRHHckl8Y4,OK,82825,471570055003018
930.576,35.093591,-90.056624,ChIJgyVl92d81YcRhuRHHckl8Y4,OK,82825,471570055003018
1110.413,35.095133,-90.05542799999999,ChIJATnUo0J81YcRpbAuNwXeqRw,OK,92785,471570055003018
1692.341,35.095133,-90.05542799999999,ChIJATnUo0J81YcRpbAuNwXeqRw,OK,126183,471570053003039
1692.341,35.095133,-90.05542799999999,ChIJATnUo0J81YcRpbAuNwXeqRw,OK,126183,471570053003039
2054.68,35.093591,-90.056624,ChIJgyVl92d81YcRhuRHHckl8Y4,OK,132409,471570053003039
1759.667,35.093591,-90.056624,ChIJgyVl92d81YcRhuRHHckl8Y4,OK,111279,471570053003046
1759.667,35.093591,-90.056624,ChIJgyVl92d81YcRhuRHHckl8Y4,OK,111279,471570053003046
1939.504,35.095133,-90.05542799999999,ChIJATnUo0J81YcRpbAuNwXeqRw,OK,121239,471570053003046
2011.426,35.093591,-90.056624,ChIJgyVl92d81YcRhuRHHckl8Y4,OK,130814,471570053003040
2011.426,35.093591,-90.056624,ChIJgyVl92d81YcRhuRHHckl8Y4,OK,130814,471570053003040
1798.903,35.095133,-90.05542799999999,ChIJATnUo0J81YcRpbAuNwXeqRw,OK,135374,471570053003040
2015.712,35.093591,-90.056624,ChIJgyVl92d81YcRhuRHHckl8Y4,OK,131700,471570053003045
2015.712,35.093591,-90.056624,ChIJgyVl92d81YcRhuRHHckl8Y4,OK,131700,471570053003045
2195.549,35.095133,-90.05542799999999,ChIJATnUo0J81YcRpbAuNwXeqRw,OK,141660,471570053003045
1610.397,35.093591,-90.056624,ChIJgyVl92d81YcRhuRHHckl8Y4,OK,95926,471570053003051
1610.397,35.093591,-90.056624,ChIJgyVl92d81YcRhuRHHckl8Y4,OK,95926,471570053003051
1790.234,35.095133,-90.05542799999999,ChIJATnUo0J81YcRpbAuNwXeqRw,OK,105886,471570053003051
4417.818,35.093591,-90.056624,ChIJgyVl92d81YcRhuRHHckl8Y4,OK,236392,471570055003049
4417.818,35.093591,-90.056624,ChIJgyVl92d81YcRhuRHHckl8Y4,OK,236392,471570055003049
4597.655,35.095133,-90.05542799999999,ChIJATnUo0J81YcRpbAuNwXeqRw,OK,246352,471570055003049
1385.632,35.095133,-90.05542799999999,ChIJATnUo0J81YcRpbAuNwXeqRw,OK,96983,471570055003016
1385.632,35.095133,-90.05542799999999,ChIJATnUo0J81YcRpbAuNwXeqRw,OK,96983,471570055003016
1039.232,35.093591,-90.056624,ChIJgyVl92d81YcRhuRHHckl8Y4,OK,103019,471570055003016
824.69,35.093591,-90.056624,ChIJgyVl92d81YcRhuRHHckl8Y4,OK,77274,471570055003015
824.69,35.093591,-90.056624,ChIJgyVl92d81YcRhuRHHckl8Y4,OK,77274,471570055003015
1004.527,35.095133,-90.05542799999999,ChIJATnUo0J81YcRpbAuNwXeqRw,OK,87234,471570055003015
721.564,35.093591,-90.056624,ChIJgyVl92d81YcRhuRHHckl8Y4,OK,72127,471570055002012
721.564,35.093591,-90.056624,ChIJgyVl92d81YcRhuRHHckl8Y4,OK,72127,471570055002012
901.401,35.095133,-90.05542799999999,ChIJATnUo0J81YcRpbAuNwXeqRw,OK,82087,471570055002012
1496.203,35.095133,-90.05542799999999,ChIJATnUo0J81YcRpbAuNwXeqRw,OK,103678,471570055003017
1496.203,35.095133,-90.05542799999999,ChIJATnUo0J81YcRpbAuNwXeqRw,OK,103678,471570055003017
1143.745,35.093591,-90.056624,ChIJgyVl92d81YcRhuRHHckl8Y4,OK,108405,471570055003017
568.179,35.095133,-90.05542799999999,ChIJATnUo0J81YcRpbAuNwXeqRw,OK,46606,471570055002001
568.179,35.095133,-90.05542799999999,ChIJATnUo0J81YcRpbAuNwXeqRw,OK,46606,471570055002001
729.582,35.098685,-90.05664899999999,ChIJ31qwBkJ81YcRk2V5pdmdhrM,OK,55545,471570055002001
1569.173,35.093591,-90.056624,ChIJgyVl92d81YcRhuRHHckl8Y4,OK,96970,471570055003023
1569.173,35.093591,-90.056624,ChIJgyVl92d81YcRhuRHHckl8Y4,OK,96970,471570055003023
19.231,35.13779299999999,-89.99118349999999,ChIJUQlZ-K-Af4gRkRKK62-ap5w,OK,2307,471570032001020
964.447,35.13418100000001,-89.98599,ChIJnf1_yraAf4gR9pQmD7CXhgg,OK,68110,471570032001020
187.171,35.1450994,-90.0538646,ChIJne6_s5V-1YcRn_LPaqiwhrk,OK,19852,471570042001044
187.171,35.1450994,-90.0538646,ChIJne6_s5V-1YcRn_LPaqiwhrk,OK,19852,471570042001044
406.71,35.1435177,-90.0539328,ChIJ8VFg1pV-1YcRR9G8p0pZx6U,OK,28607,471570042001044
1968.596,35.1738374,-89.98954379999999,ChIJ_S0BIGOAf4gRU3Ph4W65cOQ,OK,145183,471570009003002
1968.596,35.1738374,-89.98954379999999,ChIJ_S0BIGOAf4gRU3Ph4W65cOQ,OK,145183,471570009003002
1729.426,35.17410499999999,-89.97575479999999,ChIJmfYTGFmAf4gRHGKCaD0qCtI,OK,145962,471570009003002
1140.598,35.14859919999999,-89.91828060000002,ChIJRflgf-eDf4gRHX_XNYKER-s,OK,90114,471570087002006
1140.598,35.14859919999999,-89.91828060000002,ChIJRflgf-eDf4gRHX_XNYKER-s,OK,90114,471570087002006
2467.962,35.1489345,-89.89838259999999,ChIJaTBvX72Df4gRiyFT0LQMnrQ,OK,167553,471570087002006
830.882,35.14868459999999,-89.7948203,ChIJ4w9Lr2qcf4gRHdzl9FciAFM,OK,62605,471570211251021
830.882,35.14868459999999,-89.7948203,ChIJ4w9Lr2qcf4gRHdzl9FciAFM,OK,62605,471570211251021
1084.741,35.1546312,-89.79260459999999,ChIJ8UeuSEecf4gRniit7ubZLtM,OK,75716,471570211251021
578.633,35.0643218,-89.9923063,ChIJb3DQuo2Hf4gRC8UI6d4pa68,OK,74316,471570225001126
578.633,35.0643218,-89.9923063,ChIJb3DQuo2Hf4gRC8UI6d4pa68,OK,74316,471570225001126
1655.849,35.05407199999999,-90.00125899999999,ChIJIzdhk1h91YcRZT7cBcBslaM,OK,131590,471570225001126
2291.908,35.0854368,-89.89541919999999,ChIJf5cc-VKEf4gRF-lYLgijYQQ,OK,146077,471570095004001
2291.908,35.0854368,-89.89541919999999,ChIJf5cc-VKEf4gRF-lYLgijYQQ,OK,146077,471570095004001
5549.009,35.0612606,-89.88628629999999,ChIJAQ_I1gqFf4gRFrt5yQeAEps,OK,336926,471570095004001
8243.667,35.2064292,-89.73436359999999,ChIJP6qgZdGff4gRQoIww3TX5kM,OK,388323,471570210101001
8243.667,35.2064292,-89.73436359999999,ChIJP6qgZdGff4gRQoIww3TX5kM,OK,388323,471570210101001
10905.571,35.2044739,-89.76342459999999,ChIJ3XsJxyKef4gRTeWb3lonWsU,OK,516501,471570210101001
2552.032,35.1490317,-90.0140679,ChIJw3q9_xV-1YcRqrte6yBn1CI,OK,179516,471570112001002
2552.032,35.1490317,-90.0140679,ChIJw3q9_xV-1YcRqrte6yBn1CI,OK,179516,471570112001002
2835.757,35.1738374,-89.98954379999999,ChIJ_S0BIGOAf4gRU3Ph4W65cOQ,OK,196549,471570112001002
3226.699,35.05113000000001,-89.815021,ChIJAdLMX4iaf4gRUenKpoiyrBc,OK,226966,471570217451019
3400.621,35.048632,-89.814048,ChIJqY7T64eaf4gRoqZRK7sz4Co,OK,239386,471570217451019
3400.621,35.048632,-89.814048,ChIJqY7T64eaf4gRoqZRK7sz4Co,OK,239386,471570217451019
209.974,35.1913738,-89.8964247,ChIJwQffFF2Cf4gRzaR3rfvt3f4,OK,25195,471570206212033
209.974,35.1913738,-89.8964247,ChIJwQffFF2Cf4gRzaR3rfvt3f4,OK,25195,471570206212033
493.37,35.192778,-89.895242,ChIJ2ehTh2eCf4gR95JHzr6OIMA,OK,39491,471570206212033
1036.478,35.1060329,-90.039159,ChIJ231bcjV81YcRQ1quDeYAd6M,OK,85170,471570059001013
1036.478,35.1060329,-90.039159,ChIJ231bcjV81YcRQ1quDeYAd6M,OK,85170,471570059001013
1296.775,35.1087458,-90.0211918,ChIJe6w2EsF91YcRquzVZc8M0-I,OK,87584,471570059001013
1191.155,35.1087458,-90.0211918,ChIJe6w2EsF91YcRquzVZc8M0-I,OK,69271,471570059001015
1191.155,35.1087458,-90.0211918,ChIJe6w2EsF91YcRquzVZc8M0-I,OK,69271,471570059001015
1191.796,35.10874099999999,-90.021185,ChIJrVbiDcF91YcRG9TBOTpHc3I,OK,69348,471570059001015
4022.703,35.054745,-90.007971,ChIJXxyyQlt91YcRhldtWgjSnSE,OK,257486,471570078213008
4022.703,35.054745,-90.007971,ChIJXxyyQlt91YcRhldtWgjSnSE,OK,257486,471570078213008
4452.895,35.05407199999999,-90.00125899999999,ChIJIzdhk1h91YcRZT7cBcBslaM,OK,277170,471570078213008
5212.553,35.0643218,-89.9923063,ChIJb3DQuo2Hf4gRC8UI6d4pa68,OK,310392,471570078212008
5212.553,35.0643218,-89.9923063,ChIJb3DQuo2Hf4gRC8UI6d4pa68,OK,310392,471570078212008
5671.906,35.054745,-90.007971,ChIJXxyyQlt91YcRhldtWgjSnSE,OK,335595,471570078212008
10569.007,35.054745,-90.007971,ChIJXxyyQlt91YcRhldtWgjSnSE,OK,517514,471570225001019
10569.007,35.054745,-90.007971,ChIJXxyyQlt91YcRhldtWgjSnSE,OK,517514,471570225001019
11000.855,35.05407199999999,-90.00125899999999,ChIJIzdhk1h91YcRZT7cBcBslaM,OK,533553,471570225001019
5400.783,35.0643218,-89.9923063,ChIJb3DQuo2Hf4gRC8UI6d4pa68,OK,320229,471570078212006
5400.783,35.0643218,-89.9923063,ChIJb3DQuo2Hf4gRC8UI6d4pa68,OK,320229,471570078212006
5170.623,35.054745,-90.007971,ChIJXxyyQlt91YcRhldtWgjSnSE,OK,346372,471570078212006
4978.289,35.0643218,-89.9923063,ChIJb3DQuo2Hf4gRC8UI6d4pa68,OK,305517,471570078214002
4978.289,35.0643218,-89.9923063,ChIJb3DQuo2Hf4gRC8UI6d4pa68,OK,305517,471570078214002
6494.039,35.05407199999999,-90.00125899999999,ChIJIzdhk1h91YcRZT7cBcBslaM,OK,363451,471570078214002
5507.269,35.0643218,-89.9923063,ChIJb3DQuo2Hf4gRC8UI6d4pa68,OK,333116,471570078214013
5507.269,35.0643218,-89.9923063,ChIJb3DQuo2Hf4gRC8UI6d4pa68,OK,333116,471570078214013
5281.634,35.054745,-90.007971,ChIJXxyyQlt91YcRhldtWgjSnSE,OK,359584,471570078214013
4113.607,35.054745,-90.007971,ChIJXxyyQlt91YcRhldtWgjSnSE,OK,263681,471570078213007
4113.607,35.054745,-90.007971,ChIJXxyyQlt91YcRhldtWgjSnSE,OK,263681,471570078213007
4543.799,35.05407199999999,-90.00125899999999,ChIJIzdhk1h91YcRZT7cBcBslaM,OK,283365,471570078213007
5620.895,35.0643218,-89.9923063,ChIJb3DQuo2Hf4gRC8UI6d4pa68,OK,342187,471570078214022
5620.895,35.0643218,-89.9923063,ChIJb3DQuo2Hf4gRC8UI6d4pa68,OK,342187,471570078214022
5205.127,35.054745,-90.007971,ChIJXxyyQlt91YcRhldtWgjSnSE,OK,354967,471570078214022
5625.081,35.0643218,-89.9923063,ChIJb3DQuo2Hf4gRC8UI6d4pa68,OK,342690,471570078213000
5625.081,35.0643218,-89.9923063,ChIJb3DQuo2Hf4gRC8UI6d4pa68,OK,342690,471570078213000
5209.314,35.054745,-90.007971,ChIJXxyyQlt91YcRhldtWgjSnSE,OK,355470,471570078213000
5003.35,35.054745,-90.007971,ChIJXxyyQlt91YcRhldtWgjSnSE,OK,362149,471570078213005
5003.35,35.054745,-90.007971,ChIJXxyyQlt91YcRhldtWgjSnSE,OK,362149,471570078213005
3988.528,35.1490317,-90.0140679,ChIJw3q9_xV-1YcRqrte6yBn1CI,OK,232752,471570004002030
4710.766,35.1444038,-90.0168571,ChIJufYEjhR-1YcREff46W6Lons,OK,280105,471570004002030
1273.21,35.183951,-89.93106899999999,ChIJWQ0EIo-Bf4gR6cuqlCcQuNw,OK,109591,471570089003037
1273.21,35.183951,-89.93106899999999,ChIJWQ0EIo-Bf4gR6cuqlCcQuNw,OK,109591,471570089003037
1273.448,35.1839382,-89.93104869999999,ChIJrQx5Io-Bf4gRSwDAaGIf4WE,OK,109634,471570089003037
5267.963,35.1439641,-90.0517892,ChIJL-0zBZR-1YcRj7p5p1WY4-g,OK,292778,471570001001055
5279.869,35.1450994,-90.0538646,ChIJne6_s5V-1YcRn_LPaqiwhrk,OK,301075,471570001001055
5279.869,35.1450994,-90.0538646,ChIJne6_s5V-1YcRn_LPaqiwhrk,OK,301075,471570001001055
1173.091,35.125222,-90.048147,ChIJ9cKdtid81YcRKs9h6RjzQzw,OK,69461,471570114003055
1173.091,35.125222,-90.048147,ChIJ9cKdtid81YcRKs9h6RjzQzw,OK,69461,471570114003055
1174.905,35.1251709,-90.0481695,ChIJybIJtCd81YcR9Otxws-5qCM,OK,69561,471570114003055
2730.603,35.22619459999999,-90.0020167,ChIJvTh1mwiA1YcRLLqD5Uxq8Nc,OK,222715,471570099013013
2730.603,35.22619459999999,-90.0020167,ChIJvTh1mwiA1YcRLLqD5Uxq8Nc,OK,222715,471570099013013
3112.072,35.218332,-90.00299799999999,ChIJfRCGEgGA1YcRsZsWP_dycDI,OK,265957,471570099013013
4210.976,35.1439641,-90.0517892,ChIJL-0zBZR-1YcRj7p5p1WY4-g,OK,306815,471570001002016
4210.976,35.1439641,-90.0517892,ChIJL-0zBZR-1YcRj7p5p1WY4-g,OK,306815,471570001002016
4419.892,35.1450994,-90.0538646,ChIJne6_s5V-1YcRn_LPaqiwhrk,OK,312269,471570001002016
2470.001,35.1439641,-90.0517892,ChIJL-0zBZR-1YcRj7p5p1WY4-g,OK,219275,471570021001018
2470.001,35.1439641,-90.0517892,ChIJL-0zBZR-1YcRj7p5p1WY4-g,OK,219275,471570021001018
2678.918,35.1450994,-90.0538646,ChIJne6_s5V-1YcRn_LPaqiwhrk,OK,224729,471570021001018
4602.498,35.1439641,-90.0517892,ChIJL-0zBZR-1YcRj7p5p1WY4-g,OK,297181,471570002001014
4602.498,35.1439641,-90.0517892,ChIJL-0zBZR-1YcRj7p5p1WY4-g,OK,297181,471570002001014
4633.189,35.1435177,-90.0539328,ChIJ8VFg1pV-1YcRR9G8p0pZx6U,OK,297460,471570002001014
3277.323,35.1439641,-90.0517892,ChIJL-0zBZR-1YcRj7p5p1WY4-g,OK,251524,471570001003002
3277.323,35.1439641,-90.0517892,ChIJL-0zBZR-1YcRj7p5p1WY4-g,OK,251524,471570001003002
3486.239,35.1450994,-90.0538646,ChIJne6_s5V-1YcRn_LPaqiwhrk,OK,256978,471570001003002
4359.403,35.1439641,-90.0517892,ChIJL-0zBZR-1YcRj7p5p1WY4-g,OK,258810,471570002001015
4359.403,35.1439641,-90.0517892,ChIJL-0zBZR-1YcRj7p5p1WY4-g,OK,258810,471570002001015
4390.094,35.1435177,-90.0539328,ChIJ8VFg1pV-1YcRR9G8p0pZx6U,OK,259089,471570002001015
4860.173,35.1439641,-90.0517892,ChIJL-0zBZR-1YcRj7p5p1WY4-g,OK,280203,471570001001051
4860.173,35.1439641,-90.0517892,ChIJL-0zBZR-1YcRj7p5p1WY4-g,OK,280203,471570001001051
4890.864,35.1435177,-90.0539328,ChIJ8VFg1pV-1YcRR9G8p0pZx6U,OK,280482,471570001001051
3202.302,35.1439641,-90.0517892,ChIJL-0zBZR-1YcRj7p5p1WY4-g,OK,276918,471570002001016
3202.302,35.1439641,-90.0517892,ChIJL-0zBZR-1YcRj7p5p1WY4-g,OK,276918,471570002001016
3411.219,35.1450994,-90.0538646,ChIJne6_s5V-1YcRn_LPaqiwhrk,OK,282372,471570002001016
4095.468,35.1439641,-90.0517892,ChIJL-0zBZR-1YcRj7p5p1WY4-g,OK,224978,471570002001029
4095.468,35.1439641,-90.0517892,ChIJL-0zBZR-1YcRj7p5p1WY4-g,OK,224978,471570002001029
4126.159,35.1435177,-90.0539328,ChIJ8VFg1pV-1YcRR9G8p0pZx6U,OK,225257,471570002001029
794.845,35.1157645,-90.022279,ChIJwZqBNMN91YcRRpdDvj5Pcr8,OK,52768,471570062001018
794.845,35.1157645,-90.022279,ChIJwZqBNMN91YcRRpdDvj5Pcr8,OK,52768,471570062001018
1515.965,35.1087458,-90.0211918,ChIJe6w2EsF91YcRquzVZc8M0-I,OK,94158,471570062001018
3174.829,35.1439641,-90.0517892,ChIJL-0zBZR-1YcRj7p5p1WY4-g,OK,188040,471570020002016
3174.829,35.1439641,-90.0517892,ChIJL-0zBZR-1YcRj7p5p1WY4-g,OK,188040,471570020002016
3205.519,35.1435177,-90.0539328,ChIJ8VFg1pV-1YcRR9G8p0pZx6U,OK,188319,471570020002016
2764.415,35.1439641,-90.0517892,ChIJL-0zBZR-1YcRj7p5p1WY4-g,OK,206262,471570021001025
2764.415,35.1439641,-90.0517892,ChIJL-0zBZR-1YcRj7p5p1WY4-g,OK,206262,471570021001025
2973.331,35.1450994,-90.0538646,ChIJne6_s5V-1YcRn_LPaqiwhrk,OK,211716,471570021001025
1428.533,35.1439641,-90.0517892,ChIJL-0zBZR-1YcRj7p5p1WY4-g,OK,89343,471570042002049
1428.533,35.1439641,-90.0517892,ChIJL-0zBZR-1YcRj7p5p1WY4-g,OK,89343,471570042002049
1459.224,35.1435177,-90.0539328,ChIJ8VFg1pV-1YcRR9G8p0pZx6U,OK,89622,471570042002049
2467.119,35.1490317,-90.0140679,ChIJw3q9_xV-1YcRqrte6yBn1CI,OK,164798,471570019001008
2467.119,35.1490317,-90.0140679,ChIJw3q9_xV-1YcRqrte6yBn1CI,OK,164798,471570019001008
3189.356,35.1444038,-90.0168571,ChIJufYEjhR-1YcREff46W6Lons,OK,212151,471570019001008
2649.615,35.1251709,-90.0481695,ChIJybIJtCd81YcR9Otxws-5qCM,OK,211328,471570117001038
2649.615,35.1251709,-90.0481695,ChIJybIJtCd81YcR9Otxws-5qCM,OK,211328,471570117001038
2651.429,35.125222,-90.048147,ChIJ9cKdtid81YcRKs9h6RjzQzw,OK,211429,471570117001038
4035.996,35.1490317,-90.0140679,ChIJw3q9_xV-1YcRqrte6yBn1CI,OK,214935,471570038001022
4035.996,35.1490317,-90.0140679,ChIJw3q9_xV-1YcRqrte6yBn1CI,OK,214935,471570038001022
4758.234,35.1444038,-90.0168571,ChIJufYEjhR-1YcREff46W6Lons,OK,262288,471570038001022
1417.042,35.125222,-90.048147,ChIJ9cKdtid81YcRKs9h6RjzQzw,OK,127069,471570045001022
1417.042,35.125222,-90.048147,ChIJ9cKdtid81YcRKs9h6RjzQzw,OK,127069,471570045001022
1418.857,35.1251709,-90.0481695,ChIJybIJtCd81YcR9Otxws-5qCM,OK,127169,471570045001022
776.419,35.1439641,-90.0517892,ChIJL-0zBZR-1YcRj7p5p1WY4-g,OK,67340,471570042001022
776.419,35.1439641,-90.0517892,ChIJL-0zBZR-1YcRj7p5p1WY4-g,OK,67340,471570042001022
746.725,35.1450994,-90.0538646,ChIJne6_s5V-1YcRn_LPaqiwhrk,OK,71057,471570042001022
3846.611,35.1490317,-90.0140679,ChIJw3q9_xV-1YcRqrte6yBn1CI,OK,231764,471570003002011
3846.611,35.1490317,-90.0140679,ChIJw3q9_xV-1YcRqrte6yBn1CI,OK,231764,471570003002011
4317.556,35.1439641,-90.0517892,ChIJL-0zBZR-1YcRj7p5p1WY4-g,OK,241184,471570003002011
3135.286,35.1490317,-90.0140679,ChIJw3q9_xV-1YcRqrte6yBn1CI,OK,205440,471570020001011
3135.286,35.1490317,-90.0140679,ChIJw3q9_xV-1YcRqrte6yBn1CI,OK,205440,471570020001011
366.756,35.0493563,-89.83813929999999,ChIJjRQNzqSaf4gRxmNqB0YAYGM,OK,40221,471570217463001
688.521,35.049031,-89.841437,ChIJt6vl46-af4gRvoN8Yvkmx9A,OK,63063,471570217463001
7245.766,35.033351,-90.02556199999999,ChIJY7ePKsxi1YcRIP55gZFchMw,OK,340155,471570220231000
8026.316,35.054745,-90.007971,ChIJXxyyQlt91YcRhldtWgjSnSE,OK,408060,471570220231000
8026.316,35.054745,-90.007971,ChIJXxyyQlt91YcRhldtWgjSnSE,OK,408060,471570220231000
856.02,35.0493493,-89.855357,ChIJH2Nw4lGFf4gRq0vxk4n5iAE,OK,125843,471570217322005
856.02,35.0493493,-89.855357,ChIJH2Nw4lGFf4gRq0vxk4n5iAE,OK,125843,471570217322005
1088.223,35.0477573,-89.86637909999999,ChIJ5_0L5VyFf4gR4HBEwl6nmRE,OK,134537,471570217322005
541.698,35.0477573,-89.86637909999999,ChIJ5_0L5VyFf4gR4HBEwl6nmRE,OK,58935,471570217322021
541.698,35.0477573,-89.86637909999999,ChIJ5_0L5VyFf4gR4HBEwl6nmRE,OK,58935,471570217322021
1112.535,35.050596,-89.869556,ChIJQ4vLA2iFf4gRyyCo3ihKH44,OK,97664,471570217322021
1330.806,35.0515568,-89.90630259999999,ChIJrU8jyZKFf4gRubg1AIyELWY,OK,101514,471570226001056
1330.806,35.0515568,-89.90630259999999,ChIJrU8jyZKFf4gRubg1AIyELWY,OK,101514,471570226001056
1935.439,35.0515544,-89.92255089999999,ChIJG_UFGuOFf4gRyHNDzwp5is0,OK,128110,471570226001056
1239.988,35.0515568,-89.90630259999999,ChIJrU8jyZKFf4gRubg1AIyELWY,OK,88412,471570226001013
1239.988,35.0515568,-89.90630259999999,ChIJrU8jyZKFf4gRubg1AIyELWY,OK,88412,471570226001013
1844.621,35.0515544,-89.92255089999999,ChIJG_UFGuOFf4gRyHNDzwp5is0,OK,115008,471570226001013
1212.431,35.0493493,-89.855357,ChIJH2Nw4lGFf4gRq0vxk4n5iAE,OK,124809,471570217322020
1212.431,35.0493493,-89.855357,ChIJH2Nw4lGFf4gRq0vxk4n5iAE,OK,124809,471570217322020
1055.322,35.0477573,-89.86637909999999,ChIJ5_0L5VyFf4gR4HBEwl6nmRE,OK,128616,471570217322020
2636.976,35.0333519,-90.02557630000001,ChIJK8z8Ksxi1YcRt8pxxgP2SA4,OK,169768,471570225002013
2636.976,35.0333519,-90.02557630000001,ChIJK8z8Ksxi1YcRt8pxxgP2SA4,OK,169768,471570225002013
2637.07,35.033351,-90.02556199999999,ChIJY7ePKsxi1YcRIP55gZFchMw,OK,169773,471570225002013
1545.555,35.0493493,-89.855357,ChIJH2Nw4lGFf4gRq0vxk4n5iAE,OK,140242,471570217322013
1545.555,35.0493493,-89.855357,ChIJH2Nw4lGFf4gRq0vxk4n5iAE,OK,140242,471570217322013
1807.084,35.0501932,-89.8529489,ChIJJ3DCd1KFf4gRBb2DFEnzV7w,OK,150253,471570217322013
444.954,35.0490562,-89.84441600000001,ChIJCUulJK6af4gR7vOP_qSrYdM,OK,31536,471570217321021
444.954,35.0490562,-89.84441600000001,ChIJCUulJK6af4gR7vOP_qSrYdM,OK,31536,471570217321021
748.577,35.049031,-89.841437,ChIJt6vl46-af4gRvoN8Yvkmx9A,OK,46826,471570217321021
569.045,35.04677619999999,-89.8859339,ChIJycTJ_niFf4gR5esliSzp17E,OK,31513,471570217311012
569.045,35.04677619999999,-89.8859339,ChIJycTJ_niFf4gR5esliSzp17E,OK,31513,471570217311012
1487.547,35.0508681,-89.88111619999999,ChIJ68PUi3CFf4gRLPYGzNKUdto,OK,86526,471570217311012
2173.694,35.05407199999999,-90.00125899999999,ChIJIzdhk1h91YcRZT7cBcBslaM,OK,131186,471570220225024
2173.694,35.05407199999999,-90.00125899999999,ChIJIzdhk1h91YcRZT7cBcBslaM,OK,131186,471570220225024
2577.093,35.0643218,-89.9923063,ChIJb3DQuo2Hf4gRC8UI6d4pa68,OK,173457,471570220225024
2423.798,35.0333519,-90.02557630000001,ChIJK8z8Ksxi1YcRt8pxxgP2SA4,OK,163936,471570225005008
2423.798,35.0333519,-90.02557630000001,ChIJK8z8Ksxi1YcRt8pxxgP2SA4,OK,163936,471570225005008
2423.893,35.033351,-90.02556199999999,ChIJY7ePKsxi1YcRIP55gZFchMw,OK,163941,471570225005008
2941.013,35.02138900000001,-89.996898,ChIJz3MQkR6If4gRIBgmNH-BQcg,OK,166024,471570220225010
2941.013,35.02138900000001,-89.996898,ChIJz3MQkR6If4gRIBgmNH-BQcg,OK,166024,471570220225010
3080.48,35.054745,-90.007971,ChIJXxyyQlt91YcRhldtWgjSnSE,OK,192095,471570220225010
2556.124,35.0333519,-90.02557630000001,ChIJK8z8Ksxi1YcRt8pxxgP2SA4,OK,179815,471570225005001
2556.124,35.0333519,-90.02557630000001,ChIJK8z8Ksxi1YcRt8pxxgP2SA4,OK,179815,471570225005001
2556.219,35.033351,-90.02556199999999,ChIJY7ePKsxi1YcRIP55gZFchMw,OK,179820,471570225005001
732.213,35.0490562,-89.84441600000001,ChIJCUulJK6af4gR7vOP_qSrYdM,OK,47443,471570217321016
732.213,35.0490562,-89.84441600000001,ChIJCUulJK6af4gR7vOP_qSrYdM,OK,47443,471570217321016
1035.836,35.049031,-89.841437,ChIJt6vl46-af4gRvoN8Yvkmx9A,OK,62733,471570217321016
1867.561,35.0515568,-89.90630259999999,ChIJrU8jyZKFf4gRubg1AIyELWY,OK,122226,471570226001062
1867.561,35.0515568,-89.90630259999999,ChIJrU8jyZKFf4gRubg1AIyELWY,OK,122226,471570226001062
2959.442,35.0515544,-89.92255089999999,ChIJG_UFGuOFf4gRyHNDzwp5is0,OK,175808,471570226001062
1341.098,35.0515568,-89.90630259999999,ChIJrU8jyZKFf4gRubg1AIyELWY,OK,95692,471570226001014
1341.098,35.0515568,-89.90630259999999,ChIJrU8jyZKFf4gRubg1AIyELWY,OK,95692,471570226001014
1945.731,35.0515544,-89.92255089999999,ChIJG_UFGuOFf4gRyHNDzwp5is0,OK,122288,471570226001014
1210.94,35.0490562,-89.84441600000001,ChIJCUulJK6af4gR7vOP_qSrYdM,OK,73956,471570217321012
1210.94,35.0490562,-89.84441600000001,ChIJCUulJK6af4gR7vOP_qSrYdM,OK,73956,471570217321012
1514.563,35.049031,-89.841437,ChIJt6vl46-af4gRvoN8Yvkmx9A,OK,89246,471570217321012
2055.34,35.051879,-89.95322299999999,ChIJtbdkhjqGf4gRndtG1KtFnTA,OK,172618,471570110102001
2055.34,35.051879,-89.95322299999999,ChIJtbdkhjqGf4gRndtG1KtFnTA,OK,172618,471570110102001
3174.051,35.0374859,-89.93716700000002,ChIJESgedaeIf4gRXlLu5ht4wNo,OK,241555,471570110102001
1993.581,35.0543926,-90.0597009,ChIJT5TzUbl81YcRiPqNjkbj9CA,OK,136116,471570223213017
1993.581,35.0543926,-90.0597009,ChIJT5TzUbl81YcRiPqNjkbj9CA,OK,136116,471570223213017
2753.133,35.06128,-90.05978399999999,ChIJm06f8ZV81YcRTjzAsJPcBKY,OK,178181,471570223213017
336.669,35.04577219999999,-89.82821469999999,ChIJL-jEaJmaf4gREtYdkYi2nAs,OK,23876,471570217463004
336.669,35.04577219999999,-89.82821469999999,ChIJL-jEaJmaf4gREtYdkYi2nAs,OK,23876,471570217463004
1211.003,35.0344414,-89.8319559,ChIJfcC9SguQf4gR_xf02Tpo1-w,OK,67067,471570217463004
423.66,35.04677619999999,-89.8859339,ChIJycTJ_niFf4gR5esliSzp17E,OK,23462,471570217311013
443.312,35.13418100000001,-89.98599,ChIJnf1_yraAf4gR9pQmD7CXhgg,OK,53196,471570031004009
443.312,35.13418100000001,-89.98599,ChIJnf1_yraAf4gR9pQmD7CXhgg,OK,53196,471570031004009
449.797,35.13779299999999,-89.99118349999999,ChIJUQlZ-K-Af4gRkRKK62-ap5w,OK,53343,471570031004009
428.764,35.13418100000001,-89.98599,ChIJnf1_yraAf4gR9pQmD7CXhgg,OK,51450,471570031004011
428.764,35.13418100000001,-89.98599,ChIJnf1_yraAf4gR9pQmD7CXhgg,OK,51450,471570031004011
625.723,35.13779299999999,-89.99118349999999,ChIJUQlZ-K-Af4gRkRKK62-ap5w,OK,74453,471570031004011
790.34,35.13418100000001,-89.98599,ChIJnf1_yraAf4gR9pQmD7CXhgg,OK,50356,471570031003005
790.34,35.13418100000001,-89.98599,ChIJnf1_yraAf4gR9pQmD7CXhgg,OK,50356,471570031003005
856.62,35.13779299999999,-89.99118349999999,ChIJUQlZ-K-Af4gRkRKK62-ap5w,OK,59854,471570031003005
1650.066,35.109859,-89.99141100000001,ChIJs6JbpFyHf4gR9O01gG0a7fQ,OK,103391,471570063001008
1650.066,35.109859,-89.99141100000001,ChIJs6JbpFyHf4gR9O01gG0a7fQ,OK,103391,471570063001008
1744.657,35.13418100000001,-89.98599,ChIJnf1_yraAf4gR9pQmD7CXhgg,OK,114527,471570063001008
1707.535,35.109859,-89.99141100000001,ChIJs6JbpFyHf4gR9O01gG0a7fQ,OK,110287,471570066002034
1707.535,35.109859,-89.99141100000001,ChIJs6JbpFyHf4gR9O01gG0a7fQ,OK,110287,471570066002034
1553.956,35.12545849999999,-89.97454169999999,ChIJoyT3HjOHf4gRS6EdHckmff8,OK,114386,471570066002034
915.325,35.13418100000001,-89.98599,ChIJnf1_yraAf4gR9pQmD7CXhgg,OK,79408,471570031003008
915.325,35.13418100000001,-89.98599,ChIJnf1_yraAf4gR9pQmD7CXhgg,OK,79408,471570031003008
1402.789,35.13779299999999,-89.99118349999999,ChIJUQlZ-K-Af4gRkRKK62-ap5w,OK,112486,471570031003008
1295.333,35.12545849999999,-89.97454169999999,ChIJoyT3HjOHf4gRS6EdHckmff8,OK,74856,471570031002035
1295.333,35.12545849999999,-89.97454169999999,ChIJoyT3HjOHf4gRS6EdHckmff8,OK,74856,471570031002035
1522.582,35.13418100000001,-89.98599,ChIJnf1_yraAf4gR9pQmD7CXhgg,OK,83644,471570031002035
1215.819,35.12545849999999,-89.97454169999999,ChIJoyT3HjOHf4gRS6EdHckmff8,OK,76828,471570066002019
1215.819,35.12545849999999,-89.97454169999999,ChIJoyT3HjOHf4gRS6EdHckmff8,OK,76828,471570066002019
1371.495,35.13418100000001,-89.98599,ChIJnf1_yraAf4gR9pQmD7CXhgg,OK,82357,471570066002019
675.11,35.17410499999999,-89.97575479999999,ChIJmfYTGFmAf4gRHGKCaD0qCtI,OK,55463,471570009002004
675.11,35.17410499999999,-89.97575479999999,ChIJmfYTGFmAf4gRHGKCaD0qCtI,OK,55463,471570009002004
1487.672,35.1738374,-89.98954379999999,ChIJ_S0BIGOAf4gRU3Ph4W65cOQ,OK,124094,471570009002004
608.091,35.02138900000001,-89.996898,ChIJz3MQkR6If4gRIBgmNH-BQcg,OK,71063,471570221121023
608.091,35.02138900000001,-89.996898,ChIJz3MQkR6If4gRIBgmNH-BQcg,OK,71063,471570221121023
2743.383,35.021384,-90.019407,ChIJk8DCu8Bi1YcRUnUQCgCMr-E,OK,190067,471570221121023
1198.776,35.02138900000001,-89.996898,ChIJz3MQkR6If4gRIBgmNH-BQcg,OK,86112,471570221221000
1198.776,35.02138900000001,-89.996898,ChIJz3MQkR6If4gRIBgmNH-BQcg,OK,86112,471570221221000
3212.907,35.0068452,-90.00681259999999,ChIJz3G0Jpti1YcRMCYWHOflqrA,OK,204757,471570221221000
1810.191,35.02138900000001,-89.996898,ChIJz3MQkR6If4gRIBgmNH-BQcg,OK,116898,471570221121014
1810.191,35.02138900000001,-89.996898,ChIJz3MQkR6If4gRIBgmNH-BQcg,OK,116898,471570221121014
3881.424,35.05407199999999,-90.00125899999999,ChIJIzdhk1h91YcRZT7cBcBslaM,OK,231608,471570221121014
559.48,35.02379430000001,-89.96377079999999,ChIJDVntamKIf4gRlF5S6rdAlgc,OK,32467,471570110103004
559.48,35.02379430000001,-89.96377079999999,ChIJDVntamKIf4gRlF5S6rdAlgc,OK,32467,471570110103004
2345.184,35.02099699999999,-89.93544,ChIJW6hY3LmIf4gRWjIeu9tMgvU,OK,129878,471570110103004
345.459,35.1161637,-89.9446263,ChIJ-ZiED8iGf4gR32IlfgDBKWY,OK,26796,471570070001000
345.459,35.1161637,-89.9446263,ChIJ-ZiED8iGf4gR32IlfgDBKWY,OK,26796,471570070001000
1427.402,35.108097,-89.941227,ChIJwxJT-r6Gf4gRhLDuFpyb128,OK,87888,471570070001000
552.497,35.1161637,-89.9446263,ChIJ-ZiED8iGf4gR32IlfgDBKWY,OK,46675,471570074001008
552.497,35.1161637,-89.9446263,ChIJ-ZiED8iGf4gR32IlfgDBKWY,OK,46675,471570074001008
1194.948,35.108097,-89.941227,ChIJwxJT-r6Gf4gRhLDuFpyb128,OK,81399,471570074001008
1245.029,35.108097,-89.941227,ChIJwxJT-r6Gf4gRhLDuFpyb128,OK,89804,471570079001005
1245.029,35.108097,-89.941227,ChIJwxJT-r6Gf4gRhLDuFpyb128,OK,89804,471570079001005
1848.732,35.1161637,-89.9446263,ChIJ-ZiED8iGf4gR32IlfgDBKWY,OK,129840,471570079001005
1148.765,35.148225,-89.89748700000001,ChIJC8t095eDf4gRGuXK3FleZyg,OK,80034,471570092001003
1148.765,35.148225,-89.89748700000001,ChIJC8t095eDf4gRGuXK3FleZyg,OK,80034,471570092001003
1229.311,35.1489345,-89.89838259999999,ChIJaTBvX72Df4gRiyFT0LQMnrQ,OK,84866,471570092001003
2199.6,35.0326981,-90.07589809999999,ChIJ9S1ljalk1YcRvuG-_hbpimA,OK,147761,471570223302015
2199.6,35.0326981,-90.07589809999999,ChIJ9S1ljalk1YcRvuG-_hbpimA,OK,147761,471570223302015
1604.827,35.02753099999999,-90.082077,ChIJK66rdetk1YcRwwxI9gDREks,OK,184352,471570223302015
3980.277,35.051879,-89.95322299999999,ChIJtbdkhjqGf4gRndtG1KtFnTA,OK,299952,471579801001042
3980.277,35.051879,-89.95322299999999,ChIJtbdkhjqGf4gRndtG1KtFnTA,OK,299952,471579801001042
3986.342,35.0643218,-89.9923063,ChIJb3DQuo2Hf4gRC8UI6d4pa68,OK,316243,471579801001042
1316.393,35.051879,-89.95322299999999,ChIJtbdkhjqGf4gRndtG1KtFnTA,OK,100200,471570110101011
1316.393,35.051879,-89.95322299999999,ChIJtbdkhjqGf4gRndtG1KtFnTA,OK,100200,471570110101011
3497.822,35.0374859,-89.93716700000002,ChIJESgedaeIf4gRXlLu5ht4wNo,OK,250605,471570110101011
2254.766,35.02379430000001,-89.96377079999999,ChIJDVntamKIf4gRlF5S6rdAlgc,OK,189004,471579801001081
2254.766,35.02379430000001,-89.96377079999999,ChIJDVntamKIf4gRlF5S6rdAlgc,OK,189004,471579801001081
3722.968,35.051879,-89.95322299999999,ChIJtbdkhjqGf4gRndtG1KtFnTA,OK,272555,471579801001081
2103.137,35.051879,-89.95322299999999,ChIJtbdkhjqGf4gRndtG1KtFnTA,OK,177822,471570110201011
2103.137,35.051879,-89.95322299999999,ChIJtbdkhjqGf4gRndtG1KtFnTA,OK,177822,471570110201011
1020.956,35.0508681,-89.88111619999999,ChIJ68PUi3CFf4gRLPYGzNKUdto,OK,77476,471570217312000
1020.956,35.0508681,-89.88111619999999,ChIJ68PUi3CFf4gRLPYGzNKUdto,OK,77476,471570217312000
1019.846,35.050596,-89.869556,ChIJQ4vLA2iFf4gRyyCo3ihKH44,OK,80772,471570217312000
1544.669,35.0477573,-89.86637909999999,ChIJ5_0L5VyFf4gR4HBEwl6nmRE,OK,119624,471570108201011
1603.891,35.050596,-89.869556,ChIJQ4vLA2iFf4gRyyCo3ihKH44,OK,130026,471570108201011
1603.891,35.050596,-89.869556,ChIJQ4vLA2iFf4gRyyCo3ihKH44,OK,130026,471570108201011
1425.619,35.109859,-89.99141100000001,ChIJs6JbpFyHf4gR9O01gG0a7fQ,OK,100490,471570066001006
1425.619,35.109859,-89.99141100000001,ChIJs6JbpFyHf4gR9O01gG0a7fQ,OK,100490,471570066001006
1666.363,35.107529,-89.9862127,ChIJ0WGfSUKHf4gRjDLrfGQwCV4,OK,112794,471570066001006
289.877,35.050596,-89.869556,ChIJQ4vLA2iFf4gRyyCo3ihKH44,OK,30212,471570108204011
289.877,35.050596,-89.869556,ChIJQ4vLA2iFf4gRyyCo3ihKH44,OK,30212,471570108204011
292.198,35.0505832,-89.86958199999999,ChIJAfPLA2iFf4gRetxnyV4zn3o,OK,30630,471570108204011
3931.274,35.17410499999999,-89.97575479999999,ChIJmfYTGFmAf4gRHGKCaD0qCtI,OK,210521,471570205112030
3931.274,35.17410499999999,-89.97575479999999,ChIJmfYTGFmAf4gRHGKCaD0qCtI,OK,210521,471570205112030
5138.252,35.183951,-89.93106899999999,ChIJWQ0EIo-Bf4gR6cuqlCcQuNw,OK,268731,471570205112030
1445.779,35.0477573,-89.86637909999999,ChIJ5_0L5VyFf4gR4HBEwl6nmRE,OK,107757,471570108201003
1505.001,35.050596,-89.869556,ChIJQ4vLA2iFf4gRyyCo3ihKH44,OK,118159,471570108201003
1505.001,35.050596,-89.869556,ChIJQ4vLA2iFf4gRyyCo3ihKH44,OK,118159,471570108201003
3365.276,35.17410499999999,-89.97575479999999,ChIJmfYTGFmAf4gRHGKCaD0qCtI,OK,179013,471570205112031
3365.276,35.17410499999999,-89.97575479999999,ChIJmfYTGFmAf4gRHGKCaD0qCtI,OK,179013,471570205112031
8360.337,35.183951,-89.93106899999999,ChIJWQ0EIo-Bf4gR6cuqlCcQuNw,OK,388818,471570205112031
1232.106,35.0614623,-89.8536277,ChIJ4TWJkTWFf4gRbkNZYfkF9Jw,OK,122939,471570217211012
1232.106,35.0614623,-89.8536277,ChIJ4TWJkTWFf4gRbkNZYfkF9Jw,OK,122939,471570217211012
2082.411,35.0493493,-89.855357,ChIJH2Nw4lGFf4gRq0vxk4n5iAE,OK,171433,471570217211012
1842.898,35.0614623,-89.8536277,ChIJ4TWJkTWFf4gRbkNZYfkF9Jw,OK,115799,471570217253005
1842.898,35.0614623,-89.8536277,ChIJ4TWJkTWFf4gRbkNZYfkF9Jw,OK,115799,471570217253005
2693.204,35.0493493,-89.855357,ChIJH2Nw4lGFf4gRq0vxk4n5iAE,OK,164293,471570217253005
2206.48,35.16339899999999,-89.855841,ChIJA_xfkC6Df4gRAjVZwLz1jqA,OK,183601,471579804001011
2206.48,35.16339899999999,-89.855841,ChIJA_xfkC6Df4gRAjVZwLz1jqA,OK,183601,471579804001011
2281.635,35.1623785,-89.8566175,ChIJXQHWWS6Df4gRqhH5EQ9H1j0,OK,192566,471579804001011
2404.759,35.1145886,-89.90089789999999,ChIJKWmlFW6Ef4gR0YNISWQMkss,OK,150921,471570095003002
2374.793,35.1153996,-89.89414069999999,ChIJCb4NOWWEf4gR79YlPQoocW4,OK,156294,471570095003002
2374.793,35.1153996,-89.89414069999999,ChIJCb4NOWWEf4gR79YlPQoocW4,OK,156294,471570095003002
679.661,35.1804299,-89.9263818,ChIJIfvtv4eBf4gRJLjVGBpAzmc,OK,47376,471570088002010
679.661,35.1804299,-89.9263818,ChIJIfvtv4eBf4gRJLjVGBpAzmc,OK,47376,471570088002010
1635.776,35.183951,-89.93106899999999,ChIJWQ0EIo-Bf4gR6cuqlCcQuNw,OK,126465,471570088002010
1125.115,35.0477573,-89.86637909999999,ChIJ5_0L5VyFf4gR4HBEwl6nmRE,OK,105951,471570217212000
1125.115,35.0477573,-89.86637909999999,ChIJ5_0L5VyFf4gR4HBEwl6nmRE,OK,105951,471570217212000
1184.337,35.050596,-89.869556,ChIJQ4vLA2iFf4gRyyCo3ihKH44,OK,116353,471570217212000
1295.733,35.0477573,-89.86637909999999,ChIJ5_0L5VyFf4gR4HBEwl6nmRE,OK,81431,471570217212004
1354.955,35.050596,-89.869556,ChIJQ4vLA2iFf4gRyyCo3ihKH44,OK,91833,471570217212004
1354.955,35.050596,-89.869556,ChIJQ4vLA2iFf4gRyyCo3ihKH44,OK,91833,471570217212004
1259.663,35.0493493,-89.855357,ChIJH2Nw4lGFf4gRq0vxk4n5iAE,OK,109641,471570217213005
1259.663,35.0493493,-89.855357,ChIJH2Nw4lGFf4gRq0vxk4n5iAE,OK,109641,471570217213005
1339.427,35.0614623,-89.8536277,ChIJ4TWJkTWFf4gRbkNZYfkF9Jw,OK,112323,471570217213005
309.068,35.04677619999999,-89.8859339,ChIJycTJ_niFf4gR5esliSzp17E,OK,17116,471570217311014
309.068,35.04677619999999,-89.8859339,ChIJycTJ_niFf4gR5esliSzp17E,OK,17116,471570217311014
1227.57,35.0508681,-89.88111619999999,ChIJ68PUi3CFf4gRLPYGzNKUdto,OK,72129,471570217311014
1252.973,35.0508681,-89.88111619999999,ChIJ68PUi3CFf4gRLPYGzNKUdto,OK,84247,471570217311011
1251.864,35.050596,-89.869556,ChIJQ4vLA2iFf4gRyyCo3ihKH44,OK,87543,471570217311011
1251.864,35.050596,-89.869556,ChIJQ4vLA2iFf4gRyyCo3ihKH44,OK,87543,471570217311011
1100.09,35.04677619999999,-89.8859339,ChIJycTJ_niFf4gR5esliSzp17E,OK,87686,471570217312007
1100.09,35.04677619999999,-89.8859339,ChIJycTJ_niFf4gR5esliSzp17E,OK,87686,471570217312007
2018.592,35.0508681,-89.88111619999999,ChIJ68PUi3CFf4gRLPYGzNKUdto,OK,142699,471570217312007
1882.764,35.0493493,-89.855357,ChIJH2Nw4lGFf4gRq0vxk4n5iAE,OK,159143,471570217323003
1882.764,35.0493493,-89.855357,ChIJH2Nw4lGFf4gRq0vxk4n5iAE,OK,159143,471570217323003
2144.293,35.0501932,-89.8529489,ChIJJ3DCd1KFf4gRBb2DFEnzV7w,OK,169154,471570217323003
4328.336,35.0614623,-89.8536277,ChIJ4TWJkTWFf4gRbkNZYfkF9Jw,OK,282110,471570213332000
4328.336,35.0614623,-89.8536277,ChIJ4TWJkTWFf4gRbkNZYfkF9Jw,OK,282110,471570213332000
4413.107,35.0512763,-89.8427476,ChIJ7VPJ3q-af4gRdxERIyaZ0gk,OK,288298,471570213332000
2689.848,35.2045576,-89.81176689999999,ChIJ8ROix4Kdf4gR4Su-1OwAUMo,OK,173539,471570211121007
2689.848,35.2045576,-89.81176689999999,ChIJ8ROix4Kdf4gR4Su-1OwAUMo,OK,173539,471570211121007
3034.264,35.19067459999999,-89.8489943,ChIJ364PGjWdf4gRKbsrGLq8_XQ,OK,175560,471570211121007
2624.986,35.0477573,-89.86637909999999,ChIJ5_0L5VyFf4gR4HBEwl6nmRE,OK,197994,471570217413002
2624.986,35.0477573,-89.86637909999999,ChIJ5_0L5VyFf4gR4HBEwl6nmRE,OK,197994,471570217413002
3198.145,35.0505832,-89.86958199999999,ChIJAfPLA2iFf4gRetxnyV4zn3o,OK,237141,471570217413002
2623.94,35.0477573,-89.86637909999999,ChIJ5_0L5VyFf4gR4HBEwl6nmRE,OK,185666,471570217412007
234.97,35.218332,-90.00299799999999,ChIJfRCGEgGA1YcRsZsWP_dycDI,OK,14097,471570101201006
430.752,35.218332,-90.00299799999999,ChIJfRCGEgGA1YcRsZsWP_dycDI,OK,34878,471570101201005
430.752,35.218332,-90.00299799999999,ChIJfRCGEgGA1YcRsZsWP_dycDI,OK,34878,471570101201005
353.873,35.21475480000001,-90.00354540000001,ChIJF6XvX_9_1YcRD4jlF4jzevw,OK,41527,471570101201005
441.175,35.21475480000001,-90.00354540000001,ChIJF6XvX_9_1YcRD4jlF4jzevw,OK,46019,471570101201008
441.175,35.21475480000001,-90.00354540000001,ChIJF6XvX_9_1YcRD4jlF4jzevw,OK,46019,471570101201008
839.664,35.218332,-90.00299799999999,ChIJfRCGEgGA1YcRsZsWP_dycDI,OK,69928,471570101201008
566.634,35.2166323,-89.9945206,ChIJ4fSgw_h_f4gRx0hAJfGjdzA,OK,50933,471570101101010
566.634,35.2166323,-89.9945206,ChIJ4fSgw_h_f4gRx0hAJfGjdzA,OK,50933,471570101101010
862.701,35.217526,-89.98935,ChIJKdhOoPd_f4gRbD5w-Ol3ovU,OK,71189,471570101101010
722.643,35.22619459999999,-90.0020167,ChIJvTh1mwiA1YcRLLqD5Uxq8Nc,OK,77162,471570101101008
722.643,35.22619459999999,-90.0020167,ChIJvTh1mwiA1YcRLLqD5Uxq8Nc,OK,77162,471570101101008
1161.099,35.2166323,-89.9945206,ChIJ4fSgw_h_f4gRx0hAJfGjdzA,OK,120463,471570101101008
783.813,35.22619459999999,-90.0020167,ChIJvTh1mwiA1YcRLLqD5Uxq8Nc,OK,84502,471570101101007
783.813,35.22619459999999,-90.0020167,ChIJvTh1mwiA1YcRLLqD5Uxq8Nc,OK,84502,471570101101007
1099.928,35.2166323,-89.9945206,ChIJ4fSgw_h_f4gRx0hAJfGjdzA,OK,113123,471570101101007
455.151,35.2166323,-89.9945206,ChIJ4fSgw_h_f4gRx0hAJfGjdzA,OK,37555,471570101101012
455.151,35.2166323,-89.9945206,ChIJ4fSgw_h_f4gRx0hAJfGjdzA,OK,37555,471570101101012
751.219,35.217526,-89.98935,ChIJKdhOoPd_f4gRbD5w-Ol3ovU,OK,57811,471570101101012
538.624,35.21475480000001,-90.00354540000001,ChIJF6XvX_9_1YcRD4jlF4jzevw,OK,57713,471570101201011
538.624,35.21475480000001,-90.00354540000001,ChIJF6XvX_9_1YcRD4jlF4jzevw,OK,57713,471570101201011
937.113,35.218332,-90.00299799999999,ChIJfRCGEgGA1YcRsZsWP_dycDI,OK,81622,471570101201011
655.988,35.2166323,-89.9945206,ChIJ4fSgw_h_f4gRx0hAJfGjdzA,OK,48341,471570101201002
655.988,35.2166323,-89.9945206,ChIJ4fSgw_h_f4gRx0hAJfGjdzA,OK,48341,471570101201002
717.554,35.218332,-90.00299799999999,ChIJfRCGEgGA1YcRsZsWP_dycDI,OK,52033,471570101201002
871.136,35.2166323,-89.9945206,ChIJ4fSgw_h_f4gRx0hAJfGjdzA,OK,60093,471570101201012
871.136,35.2166323,-89.9945206,ChIJ4fSgw_h_f4gRx0hAJfGjdzA,OK,60093,471570101201012
1365.349,35.2178517,-89.9902989,ChIJT7y6Nvh_f4gR6Khps0fYRPg,OK,94417,471570101201012
767.006,35.21475480000001,-90.00354540000001,ChIJF6XvX_9_1YcRD4jlF4jzevw,OK,68458,471570101201010
767.006,35.21475480000001,-90.00354540000001,ChIJF6XvX_9_1YcRD4jlF4jzevw,OK,68458,471570101201010
1165.496,35.218332,-90.00299799999999,ChIJfRCGEgGA1YcRsZsWP_dycDI,OK,92367,471570101201010
613.171,35.21475480000001,-90.00354540000001,ChIJF6XvX_9_1YcRD4jlF4jzevw,OK,49997,471570101106015
613.171,35.21475480000001,-90.00354540000001,ChIJF6XvX_9_1YcRD4jlF4jzevw,OK,49997,471570101106015
1011.66,35.218332,-90.00299799999999,ChIJfRCGEgGA1YcRsZsWP_dycDI,OK,73906,471570101106015
1060.542,35.21475480000001,-90.00354540000001,ChIJF6XvX_9_1YcRD4jlF4jzevw,OK,97298,471570101201014
1060.542,35.21475480000001,-90.00354540000001,ChIJF6XvX_9_1YcRD4jlF4jzevw,OK,97298,471570101201014
1301.184,35.2166323,-89.9945206,ChIJ4fSgw_h_f4gRx0hAJfGjdzA,OK,111696,471570101201014
1385.793,35.21475480000001,-90.00354540000001,ChIJF6XvX_9_1YcRD4jlF4jzevw,OK,93334,471570101202007
1385.793,35.21475480000001,-90.00354540000001,ChIJF6XvX_9_1YcRD4jlF4jzevw,OK,93334,471570101202007
1489.033,35.2166323,-89.9945206,ChIJ4fSgw_h_f4gRx0hAJfGjdzA,OK,93775,471570101202007
1467.649,35.2166323,-89.9945206,ChIJ4fSgw_h_f4gRx0hAJfGjdzA,OK,92236,471570101202001
1467.649,35.2166323,-89.9945206,ChIJ4fSgw_h_f4gRx0hAJfGjdzA,OK,92236,471570101202001
1407.177,35.21475480000001,-90.00354540000001,ChIJF6XvX_9_1YcRD4jlF4jzevw,OK,94874,471570101202001
1110.971,35.2166323,-89.9945206,ChIJ4fSgw_h_f4gRx0hAJfGjdzA,OK,66655,471570101202000
1110.971,35.2166323,-89.9945206,ChIJ4fSgw_h_f4gRx0hAJfGjdzA,OK,66655,471570101202000
1460.82,35.21475480000001,-90.00354540000001,ChIJF6XvX_9_1YcRD4jlF4jzevw,OK,87644,471570101202000
854.685,35.21475480000001,-90.00354540000001,ChIJF6XvX_9_1YcRD4jlF4jzevw,OK,53429,471570101202004
854.685,35.21475480000001,-90.00354540000001,ChIJF6XvX_9_1YcRD4jlF4jzevw,OK,53429,471570101202004
1253.175,35.218332,-90.00299799999999,ChIJfRCGEgGA1YcRsZsWP_dycDI,OK,77338,471570101202004
951.914,35.21475480000001,-90.00354540000001,ChIJF6XvX_9_1YcRD4jlF4jzevw,OK,61430,471570101202005
951.914,35.21475480000001,-90.00354540000001,ChIJF6XvX_9_1YcRD4jlF4jzevw,OK,61430,471570101202005
1350.403,35.218332,-90.00299799999999,ChIJfRCGEgGA1YcRsZsWP_dycDI,OK,85339,471570101202005
982.677,35.21475480000001,-90.00354540000001,ChIJF6XvX_9_1YcRD4jlF4jzevw,OK,58956,471570101202002
982.677,35.21475480000001,-90.00354540000001,ChIJF6XvX_9_1YcRD4jlF4jzevw,OK,58956,471570101202002
1381.166,35.218332,-90.00299799999999,ChIJfRCGEgGA1YcRsZsWP_dycDI,OK,82865,471570101202002
1231.456,35.21475480000001,-90.00354540000001,ChIJF6XvX_9_1YcRD4jlF4jzevw,OK,87277,471570101202006
1231.456,35.21475480000001,-90.00354540000001,ChIJF6XvX_9_1YcRD4jlF4jzevw,OK,87277,471570101202006
1629.945,35.218332,-90.00299799999999,ChIJfRCGEgGA1YcRsZsWP_dycDI,OK,111186,471570101202006
963.013,35.21475480000001,-90.00354540000001,ChIJF6XvX_9_1YcRD4jlF4jzevw,OK,66428,471570101202003
963.013,35.21475480000001,-90.00354540000001,ChIJF6XvX_9_1YcRD4jlF4jzevw,OK,66428,471570101202003
1361.503,35.218332,-90.00299799999999,ChIJfRCGEgGA1YcRsZsWP_dycDI,OK,90337,471570101202003
1566.587,35.2166323,-89.9945206,ChIJ4fSgw_h_f4gRx0hAJfGjdzA,OK,103774,471570101202009
1566.587,35.2166323,-89.9945206,ChIJ4fSgw_h_f4gRx0hAJfGjdzA,OK,103774,471570101202009
1334.632,35.21475480000001,-90.00354540000001,ChIJF6XvX_9_1YcRD4jlF4jzevw,OK,111020,471570101202009
1443.236,35.21475480000001,-90.00354540000001,ChIJF6XvX_9_1YcRD4jlF4jzevw,OK,95414,471570101202014
1056.551,35.10874099999999,-90.021185,ChIJrVbiDcF91YcRG9TBOTpHc3I,OK,60285,471570078102015
1841.332,35.1087458,-90.0211918,ChIJe6w2EsF91YcRquzVZc8M0-I,OK,130731,471570078102045
1841.332,35.1087458,-90.0211918,ChIJe6w2EsF91YcRquzVZc8M0-I,OK,130731,471570078102045
1841.973,35.10874099999999,-90.021185,ChIJrVbiDcF91YcRG9TBOTpHc3I,OK,130808,471570078102045
2436.241,35.095133,-90.05542799999999,ChIJATnUo0J81YcRpbAuNwXeqRw,OK,207616,471570053002027
2597.645,35.098685,-90.05664899999999,ChIJ31qwBkJ81YcRk2V5pdmdhrM,OK,216555,471570053002027
2597.645,35.098685,-90.05664899999999,ChIJ31qwBkJ81YcRk2V5pdmdhrM,OK,216555,471570053002027
1958.406,35.1087458,-90.0211918,ChIJe6w2EsF91YcRquzVZc8M0-I,OK,173586,471570078102040
1958.406,35.1087458,-90.0211918,ChIJe6w2EsF91YcRquzVZc8M0-I,OK,173586,471570078102040
1959.047,35.10874099999999,-90.021185,ChIJrVbiDcF91YcRG9TBOTpHc3I,OK,173663,471570078102040
5546.059,35.0854368,-89.89541919999999,ChIJf5cc-VKEf4gRF-lYLgijYQQ,OK,309460,471570213203006
5546.059,35.0854368,-89.89541919999999,ChIJf5cc-VKEf4gRF-lYLgijYQQ,OK,309460,471570213203006
4726.593,35.1153996,-89.89414069999999,ChIJCb4NOWWEf4gR79YlPQoocW4,OK,311114,471570213203006
4435.566,35.1153996,-89.89414069999999,ChIJCb4NOWWEf4gR79YlPQoocW4,OK,295219,471570213203005
4435.566,35.1153996,-89.89414069999999,ChIJCb4NOWWEf4gR79YlPQoocW4,OK,295219,471570213203005
4687.416,35.0854368,-89.89541919999999,ChIJf5cc-VKEf4gRF-lYLgijYQQ,OK,300965,471570213203005
5683.845,35.0614623,-89.8536277,ChIJ4TWJkTWFf4gRbkNZYfkF9Jw,OK,367881,471570213122011
5683.845,35.0614623,-89.8536277,ChIJ4TWJkTWFf4gRbkNZYfkF9Jw,OK,367881,471570213122011
5768.616,35.0512763,-89.8427476,ChIJ7VPJ3q-af4gRdxERIyaZ0gk,OK,374069,471570213122011
5493.028,35.0854368,-89.89541919999999,ChIJf5cc-VKEf4gRF-lYLgijYQQ,OK,287902,471570213203029
4673.562,35.1153996,-89.89414069999999,ChIJCb4NOWWEf4gR79YlPQoocW4,OK,289556,471570213203029
4673.562,35.1153996,-89.89414069999999,ChIJCb4NOWWEf4gR79YlPQoocW4,OK,289556,471570213203029
1161.771,35.1087458,-90.0211918,ChIJe6w2EsF91YcRquzVZc8M0-I,OK,66071,471570078102043
1161.771,35.1087458,-90.0211918,ChIJe6w2EsF91YcRquzVZc8M0-I,OK,66071,471570078102043
1162.412,35.10874099999999,-90.021185,ChIJrVbiDcF91YcRG9TBOTpHc3I,OK,66148,471570078102043
1566.041,35.1060329,-90.039159,ChIJ231bcjV81YcRQ1quDeYAd6M,OK,127728,471570056001014
1566.041,35.1060329,-90.039159,ChIJ231bcjV81YcRQ1quDeYAd6M,OK,127728,471570056001014
1519.827,35.095133,-90.05542799999999,ChIJATnUo0J81YcRpbAuNwXeqRw,OK,157265,471570056001014
2062.38,35.1087458,-90.0211918,ChIJe6w2EsF91YcRquzVZc8M0-I,OK,146646,471570078102063
2062.38,35.1087458,-90.0211918,ChIJe6w2EsF91YcRquzVZc8M0-I,OK,146646,471570078102063
2063.021,35.10874099999999,-90.021185,ChIJrVbiDcF91YcRG9TBOTpHc3I,OK,146723,471570078102063
1990.309,35.1087458,-90.0211918,ChIJe6w2EsF91YcRquzVZc8M0-I,OK,141457,471570078102046
1990.309,35.1087458,-90.0211918,ChIJe6w2EsF91YcRquzVZc8M0-I,OK,141457,471570078102046
1990.95,35.10874099999999,-90.021185,ChIJrVbiDcF91YcRG9TBOTpHc3I,OK,141534,471570078102046
4659.634,35.1153996,-89.89414069999999,ChIJCb4NOWWEf4gR79YlPQoocW4,OK,322522,471570213203025
4911.484,35.0854368,-89.89541919999999,ChIJf5cc-VKEf4gRF-lYLgijYQQ,OK,328268,471570213203025
4911.484,35.0854368,-89.89541919999999,ChIJf5cc-VKEf4gRF-lYLgijYQQ,OK,328268,471570213203025
1231.901,35.1087458,-90.0211918,ChIJe6w2EsF91YcRquzVZc8M0-I,OK,69955,471570078102014
1231.901,35.1087458,-90.0211918,ChIJe6w2EsF91YcRquzVZc8M0-I,OK,69955,471570078102014
1232.542,35.10874099999999,-90.021185,ChIJrVbiDcF91YcRG9TBOTpHc3I,OK,70032,471570078102014
2074.535,35.1087458,-90.0211918,ChIJe6w2EsF91YcRquzVZc8M0-I,OK,147522,471570078102064
2074.535,35.1087458,-90.0211918,ChIJe6w2EsF91YcRquzVZc8M0-I,OK,147522,471570078102064
2075.176,35.10874099999999,-90.021185,ChIJrVbiDcF91YcRG9TBOTpHc3I,OK,147599,471570078102064
1970.481,35.1087458,-90.0211918,ChIJe6w2EsF91YcRquzVZc8M0-I,OK,140030,471570078102044
1970.481,35.1087458,-90.0211918,ChIJe6w2EsF91YcRquzVZc8M0-I,OK,140030,471570078102044
1971.122,35.10874099999999,-90.021185,ChIJrVbiDcF91YcRG9TBOTpHc3I,OK,140107,471570078102044
2094.279,35.1087458,-90.0211918,ChIJe6w2EsF91YcRquzVZc8M0-I,OK,148943,471570078102068
2094.279,35.1087458,-90.0211918,ChIJe6w2EsF91YcRquzVZc8M0-I,OK,148943,471570078102068
2094.92,35.10874099999999,-90.021185,ChIJrVbiDcF91YcRG9TBOTpHc3I,OK,149020,471570078102068
2101.951,35.1087458,-90.0211918,ChIJe6w2EsF91YcRquzVZc8M0-I,OK,149495,471570078102067
2101.951,35.1087458,-90.0211918,ChIJe6w2EsF91YcRquzVZc8M0-I,OK,149495,471570078102067
2102.592,35.10874099999999,-90.021185,ChIJrVbiDcF91YcRG9TBOTpHc3I,OK,149572,471570078102067
3867.688,35.0854368,-89.89541919999999,ChIJf5cc-VKEf4gRF-lYLgijYQQ,OK,247058,471570213203023
3867.688,35.0854368,-89.89541919999999,ChIJf5cc-VKEf4gRF-lYLgijYQQ,OK,247058,471570213203023
4124.654,35.1153996,-89.89414069999999,ChIJCb4NOWWEf4gR79YlPQoocW4,OK,271840,471570213203023
2155.5,35.1087458,-90.0211918,ChIJe6w2EsF91YcRquzVZc8M0-I,OK,153351,471570078102073
2155.5,35.1087458,-90.0211918,ChIJe6w2EsF91YcRquzVZc8M0-I,OK,153351,471570078102073
2156.141,35.10874099999999,-90.021185,ChIJrVbiDcF91YcRG9TBOTpHc3I,OK,153428,471570078102073
1043.179,35.1087458,-90.0211918,ChIJe6w2EsF91YcRquzVZc8M0-I,OK,83728,471570115001013
1043.179,35.1087458,-90.0211918,ChIJe6w2EsF91YcRquzVZc8M0-I,OK,83728,471570115001013
2149.785,35.0326981,-90.07589809999999,ChIJ9S1ljalk1YcRvuG-_hbpimA,OK,141784,471570223302005
2149.785,35.0326981,-90.07589809999999,ChIJ9S1ljalk1YcRvuG-_hbpimA,OK,141784,471570223302005
2324.681,35.02753099999999,-90.082077,ChIJK66rdetk1YcRwwxI9gDREks,OK,183953,471570223302005
1884.244,35.0326981,-90.07589809999999,ChIJ9S1ljalk1YcRvuG-_hbpimA,OK,125543,471570223302019
1884.244,35.0326981,-90.07589809999999,ChIJ9S1ljalk1YcRvuG-_hbpimA,OK,125543,471570223302019
1404.973,35.02753099999999,-90.082077,ChIJK66rdetk1YcRwwxI9gDREks,OK,148289,471570223302019
1537.087,35.02753099999999,-90.082077,ChIJK66rdetk1YcRwwxI9gDREks,OK,109156,471570223301011
1537.087,35.02753099999999,-90.082077,ChIJK66rdetk1YcRwwxI9gDREks,OK,109156,471570223301011
2338.159,35.0326981,-90.07589809999999,ChIJ9S1ljalk1YcRvuG-_hbpimA,OK,153522,471570223301011
3345.88,35.02753099999999,-90.082077,ChIJK66rdetk1YcRwwxI9gDREks,OK,241899,471570224103009
3345.88,35.02753099999999,-90.082077,ChIJK66rdetk1YcRwwxI9gDREks,OK,241899,471570224103009
3749.465,35.0326981,-90.07589809999999,ChIJ9S1ljalk1YcRvuG-_hbpimA,OK,267161,471570224103009
2684.767,35.02753099999999,-90.082077,ChIJK66rdetk1YcRwwxI9gDREks,OK,182514,471570224101002
2684.767,35.02753099999999,-90.082077,ChIJK66rdetk1YcRwwxI9gDREks,OK,182514,471570224101002
2894.935,35.0326981,-90.07589809999999,ChIJ9S1ljalk1YcRvuG-_hbpimA,OK,193660,471570224101002
2251.18,35.02753099999999,-90.082077,ChIJK66rdetk1YcRwwxI9gDREks,OK,174582,471570224102018
2251.18,35.02753099999999,-90.082077,ChIJK66rdetk1YcRwwxI9gDREks,OK,174582,471570224102018
3052.251,35.0326981,-90.07589809999999,ChIJ9S1ljalk1YcRvuG-_hbpimA,OK,218948,471570224102018
2466.72,35.0543926,-90.0597009,ChIJT5TzUbl81YcRiPqNjkbj9CA,OK,179983,471570223211003
2466.72,35.0543926,-90.0597009,ChIJT5TzUbl81YcRiPqNjkbj9CA,OK,179983,471570223211003
3226.272,35.06128,-90.05978399999999,ChIJm06f8ZV81YcRTjzAsJPcBKY,OK,222048,471570223211003
2538.732,35.0333519,-90.02557630000001,ChIJK8z8Ksxi1YcRt8pxxgP2SA4,OK,188069,471570223211007
3037.491,35.03203000000001,-90.025994,ChIJr7k5Z85i1YcR_daVhG2vNFM,OK,231745,471570223211007
3037.491,35.03203000000001,-90.025994,ChIJr7k5Z85i1YcR_daVhG2vNFM,OK,231745,471570223211007
1521.351,35.2064292,-89.73436359999999,ChIJP6qgZdGff4gRQoIww3TX5kM,OK,144530,471570208202069
1521.351,35.2064292,-89.73436359999999,ChIJP6qgZdGff4gRQoIww3TX5kM,OK,144530,471570208202069
4183.255,35.2044739,-89.76342459999999,ChIJ3XsJxyKef4gRTeWb3lonWsU,OK,272708,471570208202069
8943.477,35.2064292,-89.73436359999999,ChIJP6qgZdGff4gRQoIww3TX5kM,OK,405340,471570208202080
8943.477,35.2064292,-89.73436359999999,ChIJP6qgZdGff4gRQoIww3TX5kM,OK,405340,471570208202080
11605.381,35.2044739,-89.76342459999999,ChIJ3XsJxyKef4gRTeWb3lonWsU,OK,533518,471570208202080
2140.956,35.1251709,-90.0481695,ChIJybIJtCd81YcR9Otxws-5qCM,OK,112635,471570043001019
2140.956,35.1251709,-90.0481695,ChIJybIJtCd81YcR9Otxws-5qCM,OK,112635,471570043001019
2142.77,35.125222,-90.048147,ChIJ9cKdtid81YcRKs9h6RjzQzw,OK,112736,471570043001019
922.963,35.16339899999999,-89.855841,ChIJA_xfkC6Df4gRAjVZwLz1jqA,OK,99640,471570211221001
922.963,35.16339899999999,-89.855841,ChIJA_xfkC6Df4gRAjVZwLz1jqA,OK,99640,471570211221001
998.119,35.1623785,-89.8566175,ChIJXQHWWS6Df4gRqhH5EQ9H1j0,OK,108605,471570211221001
1792.027,35.16339899999999,-89.855841,ChIJA_xfkC6Df4gRAjVZwLz1jqA,OK,148415,471570211223010
1792.027,35.16339899999999,-89.855841,ChIJA_xfkC6Df4gRAjVZwLz1jqA,OK,148415,471570211223010
1867.182,35.1623785,-89.8566175,ChIJXQHWWS6Df4gRqhH5EQ9H1j0,OK,157380,471570211223010
704.49,35.16339899999999,-89.855841,ChIJA_xfkC6Df4gRAjVZwLz1jqA,OK,73425,471570211222008
704.49,35.16339899999999,-89.855841,ChIJA_xfkC6Df4gRAjVZwLz1jqA,OK,73425,471570211222008
636.254,35.1623785,-89.8566175,ChIJXQHWWS6Df4gRqhH5EQ9H1j0,OK,76348,471570211222008
679.576,35.1490317,-90.0140679,ChIJw3q9_xV-1YcRqrte6yBn1CI,OK,64053,471570026002022
679.576,35.1490317,-90.0140679,ChIJw3q9_xV-1YcRqrte6yBn1CI,OK,64053,471570026002022
1401.814,35.1444038,-90.0168571,ChIJufYEjhR-1YcREff46W6Lons,OK,111406,471570026002022
2465.764,35.0225458,-90.0257415,ChIJnc94gMRi1YcRKYztFRuX2Yw,OK,147870,471570223221015
2465.764,35.0225458,-90.0257415,ChIJnc94gMRi1YcRKYztFRuX2Yw,OK,147870,471570223221015
3667.504,35.0333519,-90.02557630000001,ChIJK8z8Ksxi1YcRt8pxxgP2SA4,OK,214423,471570223221015
2357.318,35.0225458,-90.0257415,ChIJnc94gMRi1YcRKYztFRuX2Yw,OK,157291,471570227002001
2357.318,35.0225458,-90.0257415,ChIJnc94gMRi1YcRKYztFRuX2Yw,OK,157291,471570227002001
3083.544,35.00495799999999,-90.0276544,ChIJuXbrrfFi1YcR97C4vX-T9Zk,OK,221904,471570227002001
1287.635,35.0326981,-90.07589809999999,ChIJ9S1ljalk1YcRvuG-_hbpimA,OK,75491,471570223224002
1287.635,35.0326981,-90.07589809999999,ChIJ9S1ljalk1YcRvuG-_hbpimA,OK,75491,471570223224002
2088.707,35.02753099999999,-90.082077,ChIJK66rdetk1YcRwwxI9gDREks,OK,119857,471570223224002
2847.481,35.0326981,-90.07589809999999,ChIJ9S1ljalk1YcRvuG-_hbpimA,OK,186493,471570223224013
2847.481,35.0326981,-90.07589809999999,ChIJ9S1ljalk1YcRvuG-_hbpimA,OK,186493,471570223224013
3227.066,35.02753099999999,-90.082077,ChIJK66rdetk1YcRwwxI9gDREks,OK,206804,471570223224013
2888.889,35.054745,-90.007971,ChIJXxyyQlt91YcRhldtWgjSnSE,OK,173330,471570078214016
3320.737,35.05407199999999,-90.00125899999999,ChIJIzdhk1h91YcRZT7cBcBslaM,OK,189369,471570078214016
3320.737,35.05407199999999,-90.00125899999999,ChIJIzdhk1h91YcRZT7cBcBslaM,OK,189369,471570078214016
5299.808,35.0643218,-89.9923063,ChIJb3DQuo2Hf4gRC8UI6d4pa68,OK,316690,471570078212007
5299.808,35.0643218,-89.9923063,ChIJb3DQuo2Hf4gRC8UI6d4pa68,OK,316690,471570078212007
5760.345,35.054745,-90.007971,ChIJXxyyQlt91YcRhldtWgjSnSE,OK,346207,471570078212007
3645.65,35.1087458,-90.0211918,ChIJe6w2EsF91YcRquzVZc8M0-I,OK,215029,471570078212010
3646.292,35.10874099999999,-90.021185,ChIJrVbiDcF91YcRG9TBOTpHc3I,OK,215106,471570078212010
2369.458,35.1161637,-89.9446263,ChIJ-ZiED8iGf4gR32IlfgDBKWY,OK,167255,471570070003007
2070.008,35.09464699999999,-89.9708677,ChIJx5uAuBqHf4gRze5MKc5WJFI,OK,124975,471570079003000
2070.008,35.09464699999999,-89.9708677,ChIJx5uAuBqHf4gRze5MKc5WJFI,OK,124975,471570079003000
2549.94,35.104197,-89.98335349999999,ChIJNST6hGqHf4gR0Mml4gyjQWk,OK,150148,471570079003000
772.787,35.1161637,-89.9446263,ChIJ-ZiED8iGf4gR32IlfgDBKWY,OK,69534,471570070001008
772.787,35.1161637,-89.9446263,ChIJ-ZiED8iGf4gR32IlfgDBKWY,OK,69534,471570070001008
1854.73,35.108097,-89.941227,ChIJwxJT-r6Gf4gRhLDuFpyb128,OK,130626,471570070001008
1862.925,35.108097,-89.941227,ChIJwxJT-r6Gf4gRhLDuFpyb128,OK,142598,471570070002008
1862.925,35.108097,-89.941227,ChIJwxJT-r6Gf4gRhLDuFpyb128,OK,142598,471570070002008
1825.564,35.1161637,-89.9446263,ChIJ-ZiED8iGf4gR32IlfgDBKWY,OK,162273,471570070002008
729.42,35.1161637,-89.9446263,ChIJ-ZiED8iGf4gR32IlfgDBKWY,OK,49832,471570070001001
729.42,35.1161637,-89.9446263,ChIJ-ZiED8iGf4gR32IlfgDBKWY,OK,49832,471570070001001
1811.364,35.108097,-89.941227,ChIJwxJT-r6Gf4gRhLDuFpyb128,OK,110924,471570070001001
1746.537,35.108097,-89.941227,ChIJwxJT-r6Gf4gRhLDuFpyb128,OK,128634,471570070002011
1746.537,35.108097,-89.941227,ChIJwxJT-r6Gf4gRhLDuFpyb128,OK,128634,471570070002011
2350.24,35.1161637,-89.9446263,ChIJ-ZiED8iGf4gR32IlfgDBKWY,OK,168670,471570070002011
972.013,35.1161637,-89.9446263,ChIJ-ZiED8iGf4gR32IlfgDBKWY,OK,70346,471570070001013
972.013,35.1161637,-89.9446263,ChIJ-ZiED8iGf4gR32IlfgDBKWY,OK,70346,471570070001013
1520.299,35.108097,-89.941227,ChIJwxJT-r6Gf4gRhLDuFpyb128,OK,99422,471570070001013
1779,35.09464699999999,-89.9708677,ChIJx5uAuBqHf4gRze5MKc5WJFI,OK,114246,471570067004011
1779,35.09464699999999,-89.9708677,ChIJx5uAuBqHf4gRze5MKc5WJFI,OK,114246,471570067004011
2258.932,35.104197,-89.98335349999999,ChIJNST6hGqHf4gR0Mml4gyjQWk,OK,139419,471570067004011
917.926,35.09464699999999,-89.9708677,ChIJx5uAuBqHf4gRze5MKc5WJFI,OK,55855,471570079003003
917.926,35.09464699999999,-89.9708677,ChIJx5uAuBqHf4gRze5MKc5WJFI,OK,55855,471570079003003
1481.248,35.0904795,-89.96597299999999,ChIJHfaNmAOHf4gR1d8V2K9rfSU,OK,85967,471570079003003
2223.672,35.09464699999999,-89.9708677,ChIJx5uAuBqHf4gRze5MKc5WJFI,OK,150911,471570079002004
2223.672,35.09464699999999,-89.9708677,ChIJx5uAuBqHf4gRze5MKc5WJFI,OK,150911,471570079002004
2615.236,35.086634,-89.96355199999999,ChIJW0XU3AGHf4gRINnmxvx9m5A,OK,173057,471570079002004
1839.268,35.09464699999999,-89.9708677,ChIJx5uAuBqHf4gRze5MKc5WJFI,OK,136883,471570079003006
1839.268,35.09464699999999,-89.9708677,ChIJx5uAuBqHf4gRze5MKc5WJFI,OK,136883,471570079003006
2556.758,35.086634,-89.96355199999999,ChIJW0XU3AGHf4gRINnmxvx9m5A,OK,166040,471570079003006
1084.597,35.09464699999999,-89.9708677,ChIJx5uAuBqHf4gRze5MKc5WJFI,OK,78633,471570079003010
1084.597,35.09464699999999,-89.9708677,ChIJx5uAuBqHf4gRze5MKc5WJFI,OK,78633,471570079003010
1647.919,35.0904795,-89.96597299999999,ChIJHfaNmAOHf4gR1d8V2K9rfSU,OK,108745,471570079003010
1055.209,35.09464699999999,-89.9708677,ChIJx5uAuBqHf4gRze5MKc5WJFI,OK,69061,471570079004003
1055.209,35.09464699999999,-89.9708677,ChIJx5uAuBqHf4gRze5MKc5WJFI,OK,69061,471570079004003
1618.531,35.0904795,-89.96597299999999,ChIJHfaNmAOHf4gR1d8V2K9rfSU,OK,99173,471570079004003
1760.316,35.09464699999999,-89.9708677,ChIJx5uAuBqHf4gRze5MKc5WJFI,OK,127409,471570079003007
1760.316,35.09464699999999,-89.9708677,ChIJx5uAuBqHf4gRze5MKc5WJFI,OK,127409,471570079003007
2323.638,35.0904795,-89.96597299999999,ChIJHfaNmAOHf4gR1d8V2K9rfSU,OK,157521,471570079003007
2221.466,35.09464699999999,-89.9708677,ChIJx5uAuBqHf4gRze5MKc5WJFI,OK,138779,471570079002003
2221.466,35.09464699999999,-89.9708677,ChIJx5uAuBqHf4gRze5MKc5WJFI,OK,138779,471570079002003
2784.788,35.0904795,-89.96597299999999,ChIJHfaNmAOHf4gR1d8V2K9rfSU,OK,168891,471570079002003
705.512,35.0841884,-89.97146650000001,ChIJX1vb4AeHf4gRloPQ2o5nDXA,OK,52553,471570081102010
705.512,35.0841884,-89.97146650000001,ChIJX1vb4AeHf4gRloPQ2o5nDXA,OK,52553,471570081102010
1974.072,35.0904795,-89.96597299999999,ChIJHfaNmAOHf4gR1d8V2K9rfSU,OK,126110,471570081102010
2006.446,35.09464699999999,-89.9708677,ChIJx5uAuBqHf4gRze5MKc5WJFI,OK,140253,471570079003008
2006.446,35.09464699999999,-89.9708677,ChIJx5uAuBqHf4gRze5MKc5WJFI,OK,140253,471570079003008
2398.01,35.086634,-89.96355199999999,ChIJW0XU3AGHf4gRINnmxvx9m5A,OK,162399,471570079003008
961.013,35.09464699999999,-89.9708677,ChIJx5uAuBqHf4gRze5MKc5WJFI,OK,76226,471570079004001
961.013,35.09464699999999,-89.9708677,ChIJx5uAuBqHf4gRze5MKc5WJFI,OK,76226,471570079004001
1524.335,35.0904795,-89.96597299999999,ChIJHfaNmAOHf4gR1d8V2K9rfSU,OK,106338,471570079004001
1894.882,35.09464699999999,-89.9708677,ChIJx5uAuBqHf4gRze5MKc5WJFI,OK,132390,471570079002006
1894.882,35.09464699999999,-89.9708677,ChIJx5uAuBqHf4gRze5MKc5WJFI,OK,132390,471570079002006
2194.443,35.086634,-89.96355199999999,ChIJW0XU3AGHf4gRINnmxvx9m5A,OK,149014,471570079002006
772.689,35.09464699999999,-89.9708677,ChIJx5uAuBqHf4gRze5MKc5WJFI,OK,66218,471570079004002
772.689,35.09464699999999,-89.9708677,ChIJx5uAuBqHf4gRze5MKc5WJFI,OK,66218,471570079004002
1336.011,35.0904795,-89.96597299999999,ChIJHfaNmAOHf4gR1d8V2K9rfSU,OK,96330,471570079004002
1548.007,35.09464699999999,-89.9708677,ChIJx5uAuBqHf4gRze5MKc5WJFI,OK,93654,471570079003009
1548.007,35.09464699999999,-89.9708677,ChIJx5uAuBqHf4gRze5MKc5WJFI,OK,93654,471570079003009
1848.723,35.086634,-89.96355199999999,ChIJW0XU3AGHf4gRINnmxvx9m5A,OK,110350,471570079003009
1443.26,35.09464699999999,-89.9708677,ChIJx5uAuBqHf4gRze5MKc5WJFI,OK,87372,471570079004000
1443.26,35.09464699999999,-89.9708677,ChIJx5uAuBqHf4gRze5MKc5WJFI,OK,87372,471570079004000
1742.821,35.086634,-89.96355199999999,ChIJW0XU3AGHf4gRINnmxvx9m5A,OK,103996,471570079004000
1618.831,35.108097,-89.941227,ChIJwxJT-r6Gf4gRhLDuFpyb128,OK,99376,471570070002014
1618.831,35.108097,-89.941227,ChIJwxJT-r6Gf4gRhLDuFpyb128,OK,99376,471570070002014
2222.533,35.1161637,-89.9446263,ChIJ-ZiED8iGf4gR32IlfgDBKWY,OK,139412,471570070002014
6844.696,35.0614623,-89.8536277,ChIJ4TWJkTWFf4gRbkNZYfkF9Jw,OK,444559,471570213113010
6735.043,35.1153996,-89.89414069999999,ChIJCb4NOWWEf4gR79YlPQoocW4,OK,460090,471570213113010
4605.548,35.0614623,-89.8536277,ChIJ4TWJkTWFf4gRbkNZYfkF9Jw,OK,281308,471570213201009
4605.548,35.0614623,-89.8536277,ChIJ4TWJkTWFf4gRbkNZYfkF9Jw,OK,281308,471570213201009
4690.32,35.0512763,-89.8427476,ChIJ7VPJ3q-af4gRdxERIyaZ0gk,OK,287496,471570213201009
6127.268,35.0854368,-89.89541919999999,ChIJf5cc-VKEf4gRF-lYLgijYQQ,OK,333416,471570213202008
6127.268,35.0854368,-89.89541919999999,ChIJf5cc-VKEf4gRF-lYLgijYQQ,OK,333416,471570213202008
5582.638,35.0614623,-89.8536277,ChIJ4TWJkTWFf4gRbkNZYfkF9Jw,OK,357512,471570213202008
6855.997,35.0614623,-89.8536277,ChIJ4TWJkTWFf4gRbkNZYfkF9Jw,OK,440546,471570213122002
6855.997,35.0614623,-89.8536277,ChIJ4TWJkTWFf4gRbkNZYfkF9Jw,OK,440546,471570213122002
6940.768,35.0512763,-89.8427476,ChIJ7VPJ3q-af4gRdxERIyaZ0gk,OK,446734,471570213122002
6929.961,35.0614623,-89.8536277,ChIJ4TWJkTWFf4gRbkNZYfkF9Jw,OK,449421,471570213121015
6929.961,35.0614623,-89.8536277,ChIJ4TWJkTWFf4gRbkNZYfkF9Jw,OK,449421,471570213121015
6820.309,35.1153996,-89.89414069999999,ChIJCb4NOWWEf4gR79YlPQoocW4,OK,464952,471570213121015
6296.072,35.0614623,-89.8536277,ChIJ4TWJkTWFf4gRbkNZYfkF9Jw,OK,399851,471570213122003
6296.072,35.0614623,-89.8536277,ChIJ4TWJkTWFf4gRbkNZYfkF9Jw,OK,399851,471570213122003
6380.843,35.0512763,-89.8427476,ChIJ7VPJ3q-af4gRdxERIyaZ0gk,OK,406039,471570213122003
5972.497,35.0614623,-89.8536277,ChIJ4TWJkTWFf4gRbkNZYfkF9Jw,OK,384985,471570213122005
5972.497,35.0614623,-89.8536277,ChIJ4TWJkTWFf4gRbkNZYfkF9Jw,OK,384985,471570213122005
6057.269,35.0512763,-89.8427476,ChIJ7VPJ3q-af4gRdxERIyaZ0gk,OK,391173,471570213122005
6172.077,35.0614623,-89.8536277,ChIJ4TWJkTWFf4gRbkNZYfkF9Jw,OK,384973,471570213122006
6172.077,35.0614623,-89.8536277,ChIJ4TWJkTWFf4gRbkNZYfkF9Jw,OK,384973,471570213122006
6256.848,35.0512763,-89.8427476,ChIJ7VPJ3q-af4gRdxERIyaZ0gk,OK,391161,471570213122006
8026.889,35.14868459999999,-89.7948203,ChIJ4w9Lr2qcf4gRHdzl9FciAFM,OK,472936,471570213121006
8507.436,35.16339899999999,-89.855841,ChIJA_xfkC6Df4gRAjVZwLz1jqA,OK,531951,471570213121006
8507.436,35.16339899999999,-89.855841,ChIJA_xfkC6Df4gRAjVZwLz1jqA,OK,531951,471570213121006
7472.685,35.0614623,-89.8536277,ChIJ4TWJkTWFf4gRbkNZYfkF9Jw,OK,493747,471570213121008
7472.685,35.0614623,-89.8536277,ChIJ4TWJkTWFf4gRbkNZYfkF9Jw,OK,493747,471570213121008
9494.879,35.16339899999999,-89.855841,ChIJA_xfkC6Df4gRAjVZwLz1jqA,OK,620545,471570213121008
7154.566,35.0614623,-89.8536277,ChIJ4TWJkTWFf4gRbkNZYfkF9Jw,OK,455575,471570213121009
7154.566,35.0614623,-89.8536277,ChIJ4TWJkTWFf4gRbkNZYfkF9Jw,OK,455575,471570213121009
9176.761,35.16339899999999,-89.855841,ChIJA_xfkC6Df4gRAjVZwLz1jqA,OK,582373,471570213121009
6922.621,35.0614623,-89.8536277,ChIJ4TWJkTWFf4gRbkNZYfkF9Jw,OK,437600,471570213121014
6922.621,35.0614623,-89.8536277,ChIJ4TWJkTWFf4gRbkNZYfkF9Jw,OK,437600,471570213121014
6812.968,35.1153996,-89.89414069999999,ChIJCb4NOWWEf4gR79YlPQoocW4,OK,453131,471570213121014
6568.576,35.14868459999999,-89.7948203,ChIJ4w9Lr2qcf4gRHdzl9FciAFM,OK,379975,471570214101000
6568.576,35.14868459999999,-89.7948203,ChIJ4w9Lr2qcf4gRHdzl9FciAFM,OK,379975,471570214101000
7334.739,35.1546312,-89.79260459999999,ChIJ8UeuSEecf4gRniit7ubZLtM,OK,400674,471570214101000
1291.705,35.1087458,-90.0211918,ChIJe6w2EsF91YcRquzVZc8M0-I,OK,70267,471570115004023
1291.705,35.1087458,-90.0211918,ChIJe6w2EsF91YcRquzVZc8M0-I,OK,70267,471570115004023
1292.346,35.10874099999999,-90.021185,ChIJrVbiDcF91YcRG9TBOTpHc3I,OK,70344,471570115004023
5776.265,35.1087458,-90.0211918,ChIJe6w2EsF91YcRquzVZc8M0-I,OK,301094,471570060001028
5776.265,35.1087458,-90.0211918,ChIJe6w2EsF91YcRquzVZc8M0-I,OK,301094,471570060001028
5776.906,35.10874099999999,-90.021185,ChIJrVbiDcF91YcRG9TBOTpHc3I,OK,301171,471570060001028
1048.996,35.1060329,-90.039159,ChIJ231bcjV81YcRQ1quDeYAd6M,OK,89658,471570057002010
1048.996,35.1060329,-90.039159,ChIJ231bcjV81YcRQ1quDeYAd6M,OK,89658,471570057002010
1336.705,35.1087458,-90.0211918,ChIJe6w2EsF91YcRquzVZc8M0-I,OK,103687,471570057002010
1163.602,35.1060329,-90.039159,ChIJ231bcjV81YcRQ1quDeYAd6M,OK,103410,471570057002009
1163.602,35.1060329,-90.039159,ChIJ231bcjV81YcRQ1quDeYAd6M,OK,103410,471570057002009
1451.312,35.1087458,-90.0211918,ChIJe6w2EsF91YcRquzVZc8M0-I,OK,117439,471570057002009
1237.201,35.1060329,-90.039159,ChIJ231bcjV81YcRQ1quDeYAd6M,OK,112242,471570057002011
1237.201,35.1060329,-90.039159,ChIJ231bcjV81YcRQ1quDeYAd6M,OK,112242,471570057002011
1524.911,35.1087458,-90.0211918,ChIJe6w2EsF91YcRquzVZc8M0-I,OK,126271,471570057002011
4992.583,35.1087458,-90.0211918,ChIJe6w2EsF91YcRquzVZc8M0-I,OK,265828,471570078102052
4992.583,35.1087458,-90.0211918,ChIJe6w2EsF91YcRquzVZc8M0-I,OK,265828,471570078102052
4993.225,35.10874099999999,-90.021185,ChIJrVbiDcF91YcRG9TBOTpHc3I,OK,265905,471570078102052
2069.382,35.1087458,-90.0211918,ChIJe6w2EsF91YcRquzVZc8M0-I,OK,171069,471570075001000
2069.382,35.1087458,-90.0211918,ChIJe6w2EsF91YcRquzVZc8M0-I,OK,171069,471570075001000
2070.023,35.10874099999999,-90.021185,ChIJrVbiDcF91YcRG9TBOTpHc3I,OK,171146,471570075001000
1896.157,35.1087458,-90.0211918,ChIJe6w2EsF91YcRquzVZc8M0-I,OK,150282,471570075001003
1896.157,35.1087458,-90.0211918,ChIJe6w2EsF91YcRquzVZc8M0-I,OK,150282,471570075001003
1896.798,35.10874099999999,-90.021185,ChIJrVbiDcF91YcRG9TBOTpHc3I,OK,150359,471570075001003
1441.554,35.050596,-89.869556,ChIJQ4vLA2iFf4gRyyCo3ihKH44,OK,106147,471570108204003
1441.554,35.050596,-89.869556,ChIJQ4vLA2iFf4gRyyCo3ihKH44,OK,106147,471570108204003
1404.552,35.095133,-90.05542799999999,ChIJATnUo0J81YcRpbAuNwXeqRw,OK,109876,471570057001037
1404.552,35.095133,-90.05542799999999,ChIJATnUo0J81YcRpbAuNwXeqRw,OK,109876,471570057001037
1565.955,35.098685,-90.05664899999999,ChIJ31qwBkJ81YcRk2V5pdmdhrM,OK,118815,471570057001037
4045.756,35.0220022,-89.82947999999999,ChIJxT9DeWuQf4gRf6HLF5uJHd0,OK,264051,471570217412011
4045.756,35.0220022,-89.82947999999999,ChIJxT9DeWuQf4gRf6HLF5uJHd0,OK,264051,471570217412011
3580.913,35.0344414,-89.8319559,ChIJfcC9SguQf4gR_xf02Tpo1-w,OK,272290,471570217412011
585.751,35.0477573,-89.86637909999999,ChIJ5_0L5VyFf4gR4HBEwl6nmRE,OK,58680,471570217322010
585.751,35.0477573,-89.86637909999999,ChIJ5_0L5VyFf4gR4HBEwl6nmRE,OK,58680,471570217322010
1156.589,35.050596,-89.869556,ChIJQ4vLA2iFf4gRyyCo3ihKH44,OK,97409,471570217322010
260.953,35.0477573,-89.86637909999999,ChIJ5_0L5VyFf4gR4HBEwl6nmRE,OK,38601,471570217311000
260.953,35.0477573,-89.86637909999999,ChIJ5_0L5VyFf4gR4HBEwl6nmRE,OK,38601,471570217311000
440.36,35.050596,-89.869556,ChIJQ4vLA2iFf4gRyyCo3ihKH44,OK,74846,471570217311000
1168.848,35.050596,-89.869556,ChIJQ4vLA2iFf4gRyyCo3ihKH44,OK,98651,471570217311009
1168.848,35.050596,-89.869556,ChIJQ4vLA2iFf4gRyyCo3ihKH44,OK,98651,471570217311009
1171.169,35.0505832,-89.86958199999999,ChIJAfPLA2iFf4gRetxnyV4zn3o,OK,99069,471570217311009
2465.676,35.0614623,-89.8536277,ChIJ4TWJkTWFf4gRbkNZYfkF9Jw,OK,168604,471570217102002
2465.676,35.0614623,-89.8536277,ChIJ4TWJkTWFf4gRbkNZYfkF9Jw,OK,168604,471570217102002
2631.179,35.050596,-89.869556,ChIJQ4vLA2iFf4gRyyCo3ihKH44,OK,169345,471570217102002
1249.014,35.0477573,-89.86637909999999,ChIJ5_0L5VyFf4gR4HBEwl6nmRE,OK,130174,471570217311006
1722.299,35.050596,-89.869556,ChIJQ4vLA2iFf4gRyyCo3ihKH44,OK,150559,471570217311006
1722.299,35.050596,-89.869556,ChIJQ4vLA2iFf4gRyyCo3ihKH44,OK,150559,471570217311006
2159.752,35.0614623,-89.8536277,ChIJ4TWJkTWFf4gRbkNZYfkF9Jw,OK,135144,471570217102004
2159.752,35.0614623,-89.8536277,ChIJ4TWJkTWFf4gRbkNZYfkF9Jw,OK,135144,471570217102004
2325.256,35.050596,-89.869556,ChIJQ4vLA2iFf4gRyyCo3ihKH44,OK,135885,471570217102004
1541.847,35.0614623,-89.8536277,ChIJ4TWJkTWFf4gRbkNZYfkF9Jw,OK,100923,471570217211019
1541.847,35.0614623,-89.8536277,ChIJ4TWJkTWFf4gRbkNZYfkF9Jw,OK,100923,471570217211019
1707.35,35.050596,-89.869556,ChIJQ4vLA2iFf4gRyyCo3ihKH44,OK,101664,471570217211019
1781.463,35.0614623,-89.8536277,ChIJ4TWJkTWFf4gRbkNZYfkF9Jw,OK,138465,471570217211003
1781.463,35.0614623,-89.8536277,ChIJ4TWJkTWFf4gRbkNZYfkF9Jw,OK,138465,471570217211003
2631.768,35.0493493,-89.855357,ChIJH2Nw4lGFf4gRq0vxk4n5iAE,OK,186959,471570217211003
1617.257,35.0614623,-89.8536277,ChIJ4TWJkTWFf4gRbkNZYfkF9Jw,OK,141640,471570217211007
1617.257,35.0614623,-89.8536277,ChIJ4TWJkTWFf4gRbkNZYfkF9Jw,OK,141640,471570217211007
2373.471,35.050596,-89.869556,ChIJQ4vLA2iFf4gRyyCo3ihKH44,OK,187845,471570217211007
1585.916,35.0477573,-89.86637909999999,ChIJ5_0L5VyFf4gR4HBEwl6nmRE,OK,99098,471570108201012
1645.138,35.050596,-89.869556,ChIJQ4vLA2iFf4gRyyCo3ihKH44,OK,109500,471570108201012
1645.138,35.050596,-89.869556,ChIJQ4vLA2iFf4gRyyCo3ihKH44,OK,109500,471570108201012
1640.21,35.0614623,-89.8536277,ChIJ4TWJkTWFf4gRbkNZYfkF9Jw,OK,115023,471570217211018
1640.21,35.0614623,-89.8536277,ChIJ4TWJkTWFf4gRbkNZYfkF9Jw,OK,115023,471570217211018
1805.714,35.050596,-89.869556,ChIJQ4vLA2iFf4gRyyCo3ihKH44,OK,115764,471570217211018
1786.846,35.098685,-90.05664899999999,ChIJ31qwBkJ81YcRk2V5pdmdhrM,OK,115083,471570058002009
1786.846,35.098685,-90.05664899999999,ChIJ31qwBkJ81YcRk2V5pdmdhrM,OK,115083,471570058002009
1733.128,35.1060329,-90.039159,ChIJ231bcjV81YcRQ1quDeYAd6M,OK,124454,471570058002009
1494.441,35.1060329,-90.039159,ChIJ231bcjV81YcRQ1quDeYAd6M,OK,114025,471570059003005
1494.441,35.1060329,-90.039159,ChIJ231bcjV81YcRQ1quDeYAd6M,OK,114025,471570059003005
1362.159,35.125222,-90.048147,ChIJ9cKdtid81YcRKs9h6RjzQzw,OK,156398,471570059003005
1455.665,35.1060329,-90.039159,ChIJ231bcjV81YcRQ1quDeYAd6M,OK,114244,471570059003002
1455.665,35.1060329,-90.039159,ChIJ231bcjV81YcRQ1quDeYAd6M,OK,114244,471570059003002
1698.527,35.125222,-90.048147,ChIJ9cKdtid81YcRKs9h6RjzQzw,OK,150247,471570059003002
1344.18,35.1060329,-90.039159,ChIJ231bcjV81YcRQ1quDeYAd6M,OK,119089,471570058002000
1344.18,35.1060329,-90.039159,ChIJ231bcjV81YcRQ1quDeYAd6M,OK,119089,471570058002000
2255.975,35.1251709,-90.0481695,ChIJybIJtCd81YcR9Otxws-5qCM,OK,162099,471570058002000
951.827,35.098685,-90.05664899999999,ChIJ31qwBkJ81YcRk2V5pdmdhrM,OK,74400,471570055001009
951.827,35.098685,-90.05664899999999,ChIJ31qwBkJ81YcRk2V5pdmdhrM,OK,74400,471570055001009
1340.82,35.095133,-90.05542799999999,ChIJATnUo0J81YcRpbAuNwXeqRw,OK,95944,471570055001009
1443.236,35.21475480000001,-90.00354540000001,ChIJF6XvX_9_1YcRD4jlF4jzevw,OK,95414,471570101202014
1841.725,35.218332,-90.00299799999999,ChIJfRCGEgGA1YcRsZsWP_dycDI,OK,119323,471570101202014
1460.074,35.21475480000001,-90.00354540000001,ChIJF6XvX_9_1YcRD4jlF4jzevw,OK,107553,471570101202016
1460.074,35.21475480000001,-90.00354540000001,ChIJF6XvX_9_1YcRD4jlF4jzevw,OK,107553,471570101202016
1737.9,35.2166323,-89.9945206,ChIJ4fSgw_h_f4gRx0hAJfGjdzA,OK,112165,471570101202016
1926.541,35.2166323,-89.9945206,ChIJ4fSgw_h_f4gRx0hAJfGjdzA,OK,120073,471570101202017
1926.541,35.2166323,-89.9945206,ChIJ4fSgw_h_f4gRx0hAJfGjdzA,OK,120073,471570101202017
1737.098,35.21475480000001,-90.00354540000001,ChIJF6XvX_9_1YcRD4jlF4jzevw,OK,140795,471570101202017
1568.538,35.2166323,-89.9945206,ChIJ4fSgw_h_f4gRx0hAJfGjdzA,OK,94107,471570102204012
1568.538,35.2166323,-89.9945206,ChIJ4fSgw_h_f4gRx0hAJfGjdzA,OK,94107,471570102204012
1629.435,35.21475480000001,-90.00354540000001,ChIJF6XvX_9_1YcRD4jlF4jzevw,OK,125612,471570102204012
2193.616,35.2166323,-89.9945206,ChIJ4fSgw_h_f4gRx0hAJfGjdzA,OK,136511,471570101202019
2067.743,35.21475480000001,-90.00354540000001,ChIJF6XvX_9_1YcRD4jlF4jzevw,OK,159221,471570101202019
2067.743,35.21475480000001,-90.00354540000001,ChIJF6XvX_9_1YcRD4jlF4jzevw,OK,159221,471570101202019
2007.968,35.2166323,-89.9945206,ChIJ4fSgw_h_f4gRx0hAJfGjdzA,OK,129844,471570102204011
2007.968,35.2166323,-89.9945206,ChIJ4fSgw_h_f4gRx0hAJfGjdzA,OK,129844,471570102204011
1882.094,35.21475480000001,-90.00354540000001,ChIJF6XvX_9_1YcRD4jlF4jzevw,OK,152554,471570102204011
1971.511,35.2166323,-89.9945206,ChIJ4fSgw_h_f4gRx0hAJfGjdzA,OK,125469,471570102204010
1971.511,35.2166323,-89.9945206,ChIJ4fSgw_h_f4gRx0hAJfGjdzA,OK,125469,471570102204010
1845.638,35.21475480000001,-90.00354540000001,ChIJF6XvX_9_1YcRD4jlF4jzevw,OK,148179,471570102204010
2226.631,35.2166323,-89.9945206,ChIJ4fSgw_h_f4gRx0hAJfGjdzA,OK,133590,471570101202020
2495.637,35.21475480000001,-90.00354540000001,ChIJF6XvX_9_1YcRD4jlF4jzevw,OK,149729,471570101202020
2495.637,35.21475480000001,-90.00354540000001,ChIJF6XvX_9_1YcRD4jlF4jzevw,OK,149729,471570101202020
3744.956,35.2166323,-89.9945206,ChIJ4fSgw_h_f4gRx0hAJfGjdzA,OK,246695,471570102204003
3744.956,35.2166323,-89.9945206,ChIJ4fSgw_h_f4gRx0hAJfGjdzA,OK,246695,471570102204003
4202.823,35.217526,-89.98935,ChIJKdhOoPd_f4gRbD5w-Ol3ovU,OK,276658,471570102204003
2171.921,35.2166323,-89.9945206,ChIJ4fSgw_h_f4gRx0hAJfGjdzA,OK,176412,471570102204026
2171.921,35.2166323,-89.9945206,ChIJ4fSgw_h_f4gRx0hAJfGjdzA,OK,176412,471570102204026
2912.255,35.21475480000001,-90.00354540000001,ChIJF6XvX_9_1YcRD4jlF4jzevw,OK,186989,471570102204026
459.796,35.2166323,-89.9945206,ChIJ4fSgw_h_f4gRx0hAJfGjdzA,OK,32132,471570101101011
459.796,35.2166323,-89.9945206,ChIJ4fSgw_h_f4gRx0hAJfGjdzA,OK,32132,471570101101011
755.864,35.217526,-89.98935,ChIJKdhOoPd_f4gRbD5w-Ol3ovU,OK,52388,471570101101011
858.355,35.2166323,-89.9945206,ChIJ4fSgw_h_f4gRx0hAJfGjdzA,OK,56305,471570102203005
858.355,35.2166323,-89.9945206,ChIJ4fSgw_h_f4gRx0hAJfGjdzA,OK,56305,471570102203005
1316.223,35.217526,-89.98935,ChIJKdhOoPd_f4gRbD5w-Ol3ovU,OK,86268,471570102203005
596.477,35.2178517,-89.9902989,ChIJT7y6Nvh_f4gR6Khps0fYRPg,OK,71576,471570102104016
596.477,35.2178517,-89.9902989,ChIJT7y6Nvh_f4gR6Khps0fYRPg,OK,71576,471570102104016
632.821,35.217526,-89.98935,ChIJKdhOoPd_f4gRbD5w-Ol3ovU,OK,75937,471570102104016
1837.886,35.14859919999999,-89.91828060000002,ChIJRflgf-eDf4gRHX_XNYKER-s,OK,132205,471570029001017
2181.53,35.14981359999999,-89.94918609999999,ChIJVdGBGRaBf4gRsi89Rzqn8W4,OK,170241,471570029001017
1595.511,35.14859919999999,-89.91828060000002,ChIJRflgf-eDf4gRHX_XNYKER-s,OK,107887,471570029001016
1595.511,35.14859919999999,-89.91828060000002,ChIJRflgf-eDf4gRHX_XNYKER-s,OK,107887,471570029001016
2622.078,35.14981359999999,-89.94918609999999,ChIJVdGBGRaBf4gRsi89Rzqn8W4,OK,148749,471570029001016
1136.001,35.14859919999999,-89.91828060000002,ChIJRflgf-eDf4gRHX_XNYKER-s,OK,90098,471570087004006
1136.001,35.14859919999999,-89.91828060000002,ChIJRflgf-eDf4gRHX_XNYKER-s,OK,90098,471570087004006
1670.481,35.1489345,-89.89838259999999,ChIJaTBvX72Df4gRiyFT0LQMnrQ,OK,119352,471570087004006
2083.158,35.1489345,-89.89838259999999,ChIJaTBvX72Df4gRiyFT0LQMnrQ,OK,129606,471570087001010
2083.158,35.1489345,-89.89838259999999,ChIJaTBvX72Df4gRiyFT0LQMnrQ,OK,129606,471570087001010
2163.704,35.148225,-89.89748700000001,ChIJC8t095eDf4gRGuXK3FleZyg,OK,134439,471570087001010
3325.143,35.0614623,-89.8536277,ChIJ4TWJkTWFf4gRbkNZYfkF9Jw,OK,188710,471570213311026
3325.143,35.0614623,-89.8536277,ChIJ4TWJkTWFf4gRbkNZYfkF9Jw,OK,188710,471570213311026
4493.847,35.0501932,-89.8529489,ChIJJ3DCd1KFf4gRBb2DFEnzV7w,OK,248177,471570213311026
5755.343,35.0854368,-89.89541919999999,ChIJf5cc-VKEf4gRF-lYLgijYQQ,OK,288887,471570213313009
5755.343,35.0854368,-89.89541919999999,ChIJf5cc-VKEf4gRF-lYLgijYQQ,OK,288887,471570213313009
5714.104,35.0612606,-89.88628629999999,ChIJAQ_I1gqFf4gRFrt5yQeAEps,OK,316178,471570213313009
1650.771,35.1489345,-89.89838259999999,ChIJaTBvX72Df4gRiyFT0LQMnrQ,OK,98081,471570087001015
1650.771,35.1489345,-89.89838259999999,ChIJaTBvX72Df4gRiyFT0LQMnrQ,OK,98081,471570087001015
1731.317,35.148225,-89.89748700000001,ChIJC8t095eDf4gRGuXK3FleZyg,OK,102914,471570087001015
1456.736,35.1489345,-89.89838259999999,ChIJaTBvX72Df4gRiyFT0LQMnrQ,OK,88997,471570087004009
1456.736,35.1489345,-89.89838259999999,ChIJaTBvX72Df4gRiyFT0LQMnrQ,OK,88997,471570087004009
1537.281,35.148225,-89.89748700000001,ChIJC8t095eDf4gRGuXK3FleZyg,OK,93830,471570087004009
1310.726,35.14859919999999,-89.91828060000002,ChIJRflgf-eDf4gRHX_XNYKER-s,OK,102797,471570087004007
1310.726,35.14859919999999,-89.91828060000002,ChIJRflgf-eDf4gRHX_XNYKER-s,OK,102797,471570087004007
1500.728,35.1489345,-89.89838259999999,ChIJaTBvX72Df4gRiyFT0LQMnrQ,OK,107249,471570087004007
912.513,35.14859919999999,-89.91828060000002,ChIJRflgf-eDf4gRHX_XNYKER-s,OK,68443,471570086003006
912.513,35.14859919999999,-89.91828060000002,ChIJRflgf-eDf4gRHX_XNYKER-s,OK,68443,471570086003006
1161.6,35.1489345,-89.89838259999999,ChIJaTBvX72Df4gRiyFT0LQMnrQ,OK,81192,471570086003006
1623.276,35.0333519,-90.02557630000001,ChIJK8z8Ksxi1YcRt8pxxgP2SA4,OK,112859,471570220243009
1623.276,35.0333519,-90.02557630000001,ChIJK8z8Ksxi1YcRt8pxxgP2SA4,OK,112859,471570220243009
1623.371,35.033351,-90.02556199999999,ChIJY7ePKsxi1YcRIP55gZFchMw,OK,112864,471570220243009
3646.292,35.10874099999999,-90.021185,ChIJrVbiDcF91YcRG9TBOTpHc3I,OK,215106,471570078212010
607.022,35.0477573,-89.86637909999999,ChIJ5_0L5VyFf4gR4HBEwl6nmRE,OK,67952,471570108204012
607.022,35.0477573,-89.86637909999999,ChIJ5_0L5VyFf4gR4HBEwl6nmRE,OK,67952,471570108204012
666.244,35.050596,-89.869556,ChIJQ4vLA2iFf4gRyyCo3ihKH44,OK,78354,471570108204012
890.004,35.2023757,-89.9218691,ChIJvw7rwByCf4gRrAscHKjp1Iw,OK,84866,471570205421011
890.004,35.2023757,-89.9218691,ChIJvw7rwByCf4gRrAscHKjp1Iw,OK,84866,471570205421011
1056.085,35.210167,-89.919383,ChIJi0gqlgaCf4gRjUvfmHxGMyw,OK,113317,471570205421011
1187.036,35.192778,-89.895242,ChIJ2ehTh2eCf4gR95JHzr6OIMA,OK,110801,471570206211021
1187.036,35.192778,-89.895242,ChIJ2ehTh2eCf4gR95JHzr6OIMA,OK,110801,471570206211021
1247.086,35.1942326,-89.8965709,ChIJD7pM72eCf4gRg19OPcAuyDw,OK,114404,471570206211021
1652.848,35.0220022,-89.82947999999999,ChIJxT9DeWuQf4gRf6HLF5uJHd0,OK,116760,471570217472013
1652.848,35.0220022,-89.82947999999999,ChIJxT9DeWuQf4gRf6HLF5uJHd0,OK,116760,471570217472013
2194.938,35.0078094,-89.83044679999999,ChIJpwHMo0eQf4gRIqmNFjWLuW4,OK,145738,471570217472013
669.92,35.0220022,-89.82947999999999,ChIJxT9DeWuQf4gRf6HLF5uJHd0,OK,60255,471570217444009
669.92,35.0220022,-89.82947999999999,ChIJxT9DeWuQf4gRf6HLF5uJHd0,OK,60255,471570217444009
1046.878,35.0344414,-89.8319559,ChIJfcC9SguQf4gR_xf02Tpo1-w,OK,76761,471570217444009
132.976,35.192778,-89.895242,ChIJ2ehTh2eCf4gR95JHzr6OIMA,OK,7977,471570206212031
132.976,35.192778,-89.895242,ChIJ2ehTh2eCf4gR95JHzr6OIMA,OK,7977,471570206212031
317.489,35.1942326,-89.8965709,ChIJD7pM72eCf4gRg19OPcAuyDw,OK,19047,471570206212031
1696.39,35.2060393,-89.89459389999999,ChIJN_fdM1CCf4gRqHZ_YUZgoJo,OK,139207,471570206212015
1696.39,35.2060393,-89.89459389999999,ChIJN_fdM1CCf4gRqHZ_YUZgoJo,OK,139207,471570206212015
1780.13,35.20808669999999,-89.89363879999999,ChIJa1RCwHuCf4gRSSG3nO4uWeI,OK,155459,471570206212015
2635.992,35.1804299,-89.9263818,ChIJIfvtv4eBf4gRJLjVGBpAzmc,OK,172983,471570012001011
2635.992,35.1804299,-89.9263818,ChIJIfvtv4eBf4gRJLjVGBpAzmc,OK,172983,471570012001011
2542.076,35.14859919999999,-89.91828060000002,ChIJRflgf-eDf4gRHX_XNYKER-s,OK,178936,471570012001011
270.699,35.220637,-89.892425,ChIJiZ78r4Z4f4gRyy0DWRWI7n0,OK,25420,471570206514005
270.699,35.220637,-89.892425,ChIJiZ78r4Z4f4gRyy0DWRWI7n0,OK,25420,471570206514005
1793.077,35.2060393,-89.89459389999999,ChIJN_fdM1CCf4gRqHZ_YUZgoJo,OK,120134,471570206514005
907.062,35.220637,-89.892425,ChIJiZ78r4Z4f4gRyy0DWRWI7n0,OK,60418,471570206514014
907.062,35.220637,-89.892425,ChIJiZ78r4Z4f4gRyy0DWRWI7n0,OK,60418,471570206514014
1802.975,35.2060393,-89.89459389999999,ChIJN_fdM1CCf4gRqHZ_YUZgoJo,OK,121215,471570206514014
2166.41,35.1497164,-89.95515999999999,ChIJcQb6ehiBf4gR-uA54eRPNq8,OK,147791,471570111001057
1756.514,35.1507888,-89.977317,ChIJdVWrOuqAf4gR-V7s1E3qo7g,OK,115951,471570014001003
1756.514,35.1507888,-89.977317,ChIJdVWrOuqAf4gR-V7s1E3qo7g,OK,115951,471570014001003
1971.97,35.1497164,-89.95515999999999,ChIJcQb6ehiBf4gR-uA54eRPNq8,OK,130272,471570014001003
2072.411,35.17410499999999,-89.97575479999999,ChIJmfYTGFmAf4gRHGKCaD0qCtI,OK,137504,471570111001023
2072.411,35.17410499999999,-89.97575479999999,ChIJmfYTGFmAf4gRHGKCaD0qCtI,OK,137504,471570111001023
2588.275,35.167095,-89.950496,ChIJecYfJgmBf4gRJh-YY67U6V8,OK,179851,471570111001023
2096.504,35.167095,-89.950496,ChIJecYfJgmBf4gRJh-YY67U6V8,OK,119448,471570111001033
2096.504,35.167095,-89.950496,ChIJecYfJgmBf4gRJh-YY67U6V8,OK,119448,471570111001033
2088.273,35.17410499999999,-89.97575479999999,ChIJmfYTGFmAf4gRHGKCaD0qCtI,OK,125292,471570111001033
2134.015,35.17410499999999,-89.97575479999999,ChIJmfYTGFmAf4gRHGKCaD0qCtI,OK,139788,471570111001024
2134.015,35.17410499999999,-89.97575479999999,ChIJmfYTGFmAf4gRHGKCaD0qCtI,OK,139788,471570111001024
2429.164,35.167095,-89.950496,ChIJecYfJgmBf4gRJh-YY67U6V8,OK,170938,471570111001024
893.988,35.167095,-89.950496,ChIJecYfJgmBf4gRJh-YY67U6V8,OK,50450,471570013002003
893.988,35.167095,-89.950496,ChIJecYfJgmBf4gRJh-YY67U6V8,OK,50450,471570013002003
1728.722,35.1497164,-89.95515999999999,ChIJcQb6ehiBf4gR-uA54eRPNq8,OK,122313,471570013002003
1104.635,35.1497164,-89.95515999999999,ChIJcQb6ehiBf4gR-uA54eRPNq8,OK,102421,471570014001013
1104.635,35.1497164,-89.95515999999999,ChIJcQb6ehiBf4gR-uA54eRPNq8,OK,102421,471570014001013
1581.535,35.14981359999999,-89.94918609999999,ChIJVdGBGRaBf4gRsi89Rzqn8W4,OK,128804,471570014001013
2210.793,35.12545849999999,-89.97454169999999,ChIJoyT3HjOHf4gRS6EdHckmff8,OK,144367,471570072002015
2016.153,35.1161637,-89.9446263,ChIJ-ZiED8iGf4gR32IlfgDBKWY,OK,134565,471570072002005
2016.153,35.1161637,-89.9446263,ChIJ-ZiED8iGf4gR32IlfgDBKWY,OK,134565,471570072002005
2733.334,35.14981359999999,-89.94918609999999,ChIJVdGBGRaBf4gRsi89Rzqn8W4,OK,185580,471570072002005
1893.444,35.1161637,-89.9446263,ChIJ-ZiED8iGf4gR32IlfgDBKWY,OK,126276,471570072002004
1893.444,35.1161637,-89.9446263,ChIJ-ZiED8iGf4gR32IlfgDBKWY,OK,126276,471570072002004
2825.167,35.14981359999999,-89.94918609999999,ChIJVdGBGRaBf4gRsi89Rzqn8W4,OK,190163,471570072002004
2376.304,35.14981359999999,-89.94918609999999,ChIJVdGBGRaBf4gRsi89Rzqn8W4,OK,157885,471570029004011
2376.304,35.14981359999999,-89.94918609999999,ChIJVdGBGRaBf4gRsi89Rzqn8W4,OK,157885,471570029004011
2332.24,35.1161637,-89.9446263,ChIJ-ZiED8iGf4gR32IlfgDBKWY,OK,161314,471570029004011
2321.949,35.1161637,-89.9446263,ChIJ-ZiED8iGf4gR32IlfgDBKWY,OK,159811,471570030003006
2574.435,35.14981359999999,-89.94918609999999,ChIJVdGBGRaBf4gRsi89Rzqn8W4,OK,170036,471570030003006
2574.435,35.14981359999999,-89.94918609999999,ChIJVdGBGRaBf4gRsi89Rzqn8W4,OK,170036,471570030003006
1942.774,35.1161637,-89.9446263,ChIJ-ZiED8iGf4gR32IlfgDBKWY,OK,136867,471570030003015
1942.774,35.1161637,-89.9446263,ChIJ-ZiED8iGf4gR32IlfgDBKWY,OK,136867,471570030003015
2589.5,35.14981359999999,-89.94918609999999,ChIJVdGBGRaBf4gRsi89Rzqn8W4,OK,171843,471570030003015
1702.699,35.1161637,-89.9446263,ChIJ-ZiED8iGf4gR32IlfgDBKWY,OK,116933,471570030003021
1702.699,35.1161637,-89.9446263,ChIJ-ZiED8iGf4gR32IlfgDBKWY,OK,116933,471570030003021
2785.452,35.14981359999999,-89.94918609999999,ChIJVdGBGRaBf4gRsi89Rzqn8W4,OK,175820,471570030003021
1422.963,35.192778,-89.895242,ChIJ2ehTh2eCf4gR95JHzr6OIMA,OK,92318,471570206101013
1441.809,35.19067459999999,-89.8489943,ChIJ364PGjWdf4gRKbsrGLq8_XQ,OK,94515,471570206223005
1441.809,35.19067459999999,-89.8489943,ChIJ364PGjWdf4gRKbsrGLq8_XQ,OK,94515,471570206223005
1926.862,35.1835367,-89.8717722,ChIJv1U5XuiCf4gRMlXiIrwnbJo,OK,138121,471570206223005
3355.43,35.2045576,-89.81176689999999,ChIJ8ROix4Kdf4gR4Su-1OwAUMo,OK,220317,471570211212042
3355.43,35.2045576,-89.81176689999999,ChIJ8ROix4Kdf4gR4Su-1OwAUMo,OK,220317,471570211212042
4581.827,35.2051043,-89.79754849999999,ChIJpRDMlY2df4gRQqHmUo_lzmc,OK,253075,471570211212042
3963.603,35.2045576,-89.81176689999999,ChIJ8ROix4Kdf4gR4Su-1OwAUMo,OK,296891,471570211212011
3963.603,35.2045576,-89.81176689999999,ChIJ8ROix4Kdf4gR4Su-1OwAUMo,OK,296891,471570211212011
4227.738,35.2051043,-89.79754849999999,ChIJpRDMlY2df4gRQqHmUo_lzmc,OK,314897,471570211212011
0,35.1835367,-89.8717722,ChIJv1U5XuiCf4gRMlXiIrwnbJo,OK,0,471570206215015
0,35.1835367,-89.8717722,ChIJv1U5XuiCf4gRMlXiIrwnbJo,OK,0,471570206215015
1282.906,35.1927931,-89.86922029999999,ChIJAQAAAMCCf4gRZL0qi0KLjtw,OK,91858,471570206215015
933.31,35.1913738,-89.8964247,ChIJwQffFF2Cf4gRzaR3rfvt3f4,OK,64005,471570206101049
933.31,35.1913738,-89.8964247,ChIJwQffFF2Cf4gRzaR3rfvt3f4,OK,64005,471570206101049
1216.706,35.192778,-89.895242,ChIJ2ehTh2eCf4gR95JHzr6OIMA,OK,78301,471570206101049
4052.997,35.1546312,-89.79260459999999,ChIJ8UeuSEecf4gRniit7ubZLtM,OK,250265,471570211351012
4052.997,35.1546312,-89.79260459999999,ChIJ8UeuSEecf4gRniit7ubZLtM,OK,250265,471570211351012
4432.885,35.14868459999999,-89.7948203,ChIJ4w9Lr2qcf4gRHdzl9FciAFM,OK,269765,471570211351012
1220.326,35.109859,-89.99141100000001,ChIJs6JbpFyHf4gR9O01gG0a7fQ,OK,88842,471570065001005
1220.326,35.109859,-89.99141100000001,ChIJs6JbpFyHf4gR9O01gG0a7fQ,OK,88842,471570065001005
2061.398,35.104197,-89.98335349999999,ChIJNST6hGqHf4gR0Mml4gyjQWk,OK,138130,471570065001005
802.731,35.1145886,-89.90089789999999,ChIJKWmlFW6Ef4gR0YNISWQMkss,OK,83895,471570085002024
802.731,35.1145886,-89.90089789999999,ChIJKWmlFW6Ef4gR0YNISWQMkss,OK,83895,471570085002024
1620.499,35.1153996,-89.89414069999999,ChIJCb4NOWWEf4gR79YlPQoocW4,OK,140128,471570085002024
1259.311,35.125222,-90.048147,ChIJ9cKdtid81YcRKs9h6RjzQzw,OK,87990,471570045001008
1259.311,35.125222,-90.048147,ChIJ9cKdtid81YcRKs9h6RjzQzw,OK,87990,471570045001008
1261.125,35.1251709,-90.0481695,ChIJybIJtCd81YcR9Otxws-5qCM,OK,88090,471570045001008
3217.957,35.218332,-90.00299799999999,ChIJfRCGEgGA1YcRsZsWP_dycDI,OK,187535,471570099022006
3217.957,35.218332,-90.00299799999999,ChIJfRCGEgGA1YcRsZsWP_dycDI,OK,187535,471570099022006
3425.862,35.21475480000001,-90.00354540000001,ChIJF6XvX_9_1YcRD4jlF4jzevw,OK,200009,471570099022006
3556.163,35.222344,-89.97682999999999,ChIJ987Br45_f4gRjwrvnFN8t7k,OK,234579,471570102206016
3556.163,35.222344,-89.97682999999999,ChIJ987Br45_f4gRjwrvnFN8t7k,OK,234579,471570102206016
3957.03,35.2227028,-89.97692290000001,ChIJ987Br45_f4gRMoYIhCny13Q,OK,270711,471570102206016
1537.905,35.164068,-89.8770782,ChIJpUMbExuDf4gRyW4QpPURe54,OK,118675,471570206101041
1537.905,35.164068,-89.8770782,ChIJpUMbExuDf4gRyW4QpPURe54,OK,118675,471570206101041
2863.152,35.1835367,-89.8717722,ChIJv1U5XuiCf4gRMlXiIrwnbJo,OK,199899,471570206101041
1974.58,35.1251709,-90.0481695,ChIJybIJtCd81YcR9Otxws-5qCM,OK,131988,471570043001026
1974.58,35.1251709,-90.0481695,ChIJybIJtCd81YcR9Otxws-5qCM,OK,131988,471570043001026
1976.394,35.125222,-90.048147,ChIJ9cKdtid81YcRKs9h6RjzQzw,OK,132089,471570043001026
1804.801,35.1251709,-90.0481695,ChIJybIJtCd81YcR9Otxws-5qCM,OK,111615,471570043001056
1804.801,35.1251709,-90.0481695,ChIJybIJtCd81YcR9Otxws-5qCM,OK,111615,471570043001056
1806.615,35.125222,-90.048147,ChIJ9cKdtid81YcRKs9h6RjzQzw,OK,111716,471570043001056
2443.845,35.1251709,-90.0481695,ChIJybIJtCd81YcR9Otxws-5qCM,OK,153113,471570043001002
2443.845,35.1251709,-90.0481695,ChIJybIJtCd81YcR9Otxws-5qCM,OK,153113,471570043001002
2445.659,35.125222,-90.048147,ChIJ9cKdtid81YcRKs9h6RjzQzw,OK,153214,471570043001002
2270.616,35.02379430000001,-89.96377079999999,ChIJDVntamKIf4gRlF5S6rdAlgc,OK,154601,471570219002012
2853.281,35.02099699999999,-89.93544,ChIJW6hY3LmIf4gRWjIeu9tMgvU,OK,185384,471570219002012
2650.8,35.02379430000001,-89.96377079999999,ChIJDVntamKIf4gRlF5S6rdAlgc,OK,200222,471570219002008
3233.465,35.02099699999999,-89.93544,ChIJW6hY3LmIf4gRWjIeu9tMgvU,OK,231005,471570219002008
3233.465,35.02099699999999,-89.93544,ChIJW6hY3LmIf4gRWjIeu9tMgvU,OK,231005,471570219002008
1993.036,35.1439641,-90.0517892,ChIJL-0zBZR-1YcRj7p5p1WY4-g,OK,139229,471570039001006
1993.036,35.1439641,-90.0517892,ChIJL-0zBZR-1YcRj7p5p1WY4-g,OK,139229,471570039001006
2023.727,35.1435177,-90.0539328,ChIJ8VFg1pV-1YcRR9G8p0pZx6U,OK,139508,471570039001006
1880.992,35.1439641,-90.0517892,ChIJL-0zBZR-1YcRj7p5p1WY4-g,OK,118002,471570114003032
1921.887,35.125222,-90.048147,ChIJ9cKdtid81YcRKs9h6RjzQzw,OK,120236,471570114003032
1921.887,35.125222,-90.048147,ChIJ9cKdtid81YcRKs9h6RjzQzw,OK,120236,471570114003032
1815.072,35.125222,-90.048147,ChIJ9cKdtid81YcRKs9h6RjzQzw,OK,104326,471570114003037
1815.072,35.125222,-90.048147,ChIJ9cKdtid81YcRKs9h6RjzQzw,OK,104326,471570114003037
1816.886,35.1251709,-90.0481695,ChIJybIJtCd81YcR9Otxws-5qCM,OK,104426,471570114003037
1551.532,35.125222,-90.048147,ChIJ9cKdtid81YcRKs9h6RjzQzw,OK,143207,471570114003045
1551.532,35.125222,-90.048147,ChIJ9cKdtid81YcRKs9h6RjzQzw,OK,143207,471570114003045
1553.347,35.1251709,-90.0481695,ChIJybIJtCd81YcR9Otxws-5qCM,OK,143307,471570114003045
2205.597,35.1490317,-90.0140679,ChIJw3q9_xV-1YcRqrte6yBn1CI,OK,152443,471570038001006
1202.267,35.142439,-90.006118,ChIJeUPo2Rt-1YcRdoG2a54M-d0,OK,88513,471570016001036
780.184,35.13774119999999,-89.99713,ChIJtwtohKiAf4gRFxkNLUf9PgA,OK,93618,471570016001036
780.184,35.13774119999999,-89.99713,ChIJtwtohKiAf4gRFxkNLUf9PgA,OK,93618,471570016001036
936.017,35.13779299999999,-89.99118349999999,ChIJUQlZ-K-Af4gRkRKK62-ap5w,OK,66325,471570016001035
936.017,35.13779299999999,-89.99118349999999,ChIJUQlZ-K-Af4gRkRKK62-ap5w,OK,66325,471570016001035
738.906,35.13774119999999,-89.99713,ChIJtwtohKiAf4gRFxkNLUf9PgA,OK,74212,471570016001035
1305.2,35.1507888,-89.977317,ChIJdVWrOuqAf4gR-V7s1E3qo7g,OK,82591,471570027002017
1305.2,35.1507888,-89.977317,ChIJdVWrOuqAf4gR-V7s1E3qo7g,OK,82591,471570027002017
1623.827,35.13418100000001,-89.98599,ChIJnf1_yraAf4gR9pQmD7CXhgg,OK,100831,471570027002017
171.198,35.1439641,-90.0517892,ChIJL-0zBZR-1YcRj7p5p1WY4-g,OK,11643,471570042002013
171.198,35.1439641,-90.0517892,ChIJL-0zBZR-1YcRj7p5p1WY4-g,OK,11643,471570042002013
201.888,35.1435177,-90.0539328,ChIJ8VFg1pV-1YcRR9G8p0pZx6U,OK,11922,471570042002013
1678.522,35.1444038,-90.0168571,ChIJufYEjhR-1YcREff46W6Lons,OK,106439,471570036002003
1678.522,35.1444038,-90.0168571,ChIJufYEjhR-1YcREff46W6Lons,OK,106439,471570036002003
2130.666,35.1490317,-90.0140679,ChIJw3q9_xV-1YcRqrte6yBn1CI,OK,129545,471570036002003
423.66,35.04677619999999,-89.8859339,ChIJycTJ_niFf4gR5esliSzp17E,OK,23462,471570217311013
1342.162,35.0508681,-89.88111619999999,ChIJ68PUi3CFf4gRLPYGzNKUdto,OK,78475,471570217311013
2591.114,35.02379430000001,-89.96377079999999,ChIJDVntamKIf4gRlF5S6rdAlgc,OK,229365,471579801001067
2591.114,35.02379430000001,-89.96377079999999,ChIJDVntamKIf4gRlF5S6rdAlgc,OK,229365,471579801001067
4059.316,35.051879,-89.95322299999999,ChIJtbdkhjqGf4gRndtG1KtFnTA,OK,312916,471579801001067
1197.18,35.04677619999999,-89.8859339,ChIJycTJ_niFf4gR5esliSzp17E,OK,66299,471570217311031
1197.18,35.04677619999999,-89.8859339,ChIJycTJ_niFf4gR5esliSzp17E,OK,66299,471570217311031
2115.683,35.0508681,-89.88111619999999,ChIJ68PUi3CFf4gRLPYGzNKUdto,OK,121312,471570217311031
2592.805,35.02138900000001,-89.996898,ChIJz3MQkR6If4gRIBgmNH-BQcg,OK,139024,471570220224021
6941.879,35.054745,-90.007971,ChIJXxyyQlt91YcRhldtWgjSnSE,OK,397157,471570220224021
6941.879,35.054745,-90.007971,ChIJXxyyQlt91YcRhldtWgjSnSE,OK,397157,471570220224021
725.383,35.04677619999999,-89.8859339,ChIJycTJ_niFf4gR5esliSzp17E,OK,45937,471570226002022
725.383,35.04677619999999,-89.8859339,ChIJycTJ_niFf4gR5esliSzp17E,OK,45937,471570226002022
1643.885,35.0508681,-89.88111619999999,ChIJ68PUi3CFf4gRLPYGzNKUdto,OK,100950,471570226002022
1085.329,35.0490562,-89.84441600000001,ChIJCUulJK6af4gR7vOP_qSrYdM,OK,66999,471570217324002
1085.329,35.0490562,-89.84441600000001,ChIJCUulJK6af4gR7vOP_qSrYdM,OK,66999,471570217324002
1388.952,35.049031,-89.841437,ChIJt6vl46-af4gRvoN8Yvkmx9A,OK,82289,471570217324002
1030.668,35.0374859,-89.93716700000002,ChIJESgedaeIf4gRXlLu5ht4wNo,OK,56774,471570226001040
1030.668,35.0374859,-89.93716700000002,ChIJESgedaeIf4gRXlLu5ht4wNo,OK,56774,471570226001040
2745.633,35.0515544,-89.92255089999999,ChIJG_UFGuOFf4gRyHNDzwp5is0,OK,151642,471570226001040
2116.423,35.0374859,-89.93716700000002,ChIJESgedaeIf4gRXlLu5ht4wNo,OK,116903,471570226001053
2385.634,35.0515544,-89.92255089999999,ChIJG_UFGuOFf4gRyHNDzwp5is0,OK,127184,471570226001053
2385.634,35.0515544,-89.92255089999999,ChIJG_UFGuOFf4gRyHNDzwp5is0,OK,127184,471570226001053
1106.202,35.0490562,-89.84441600000001,ChIJCUulJK6af4gR7vOP_qSrYdM,OK,68155,471570217324001
1106.202,35.0490562,-89.84441600000001,ChIJCUulJK6af4gR7vOP_qSrYdM,OK,68155,471570217324001
1409.825,35.049031,-89.841437,ChIJt6vl46-af4gRvoN8Yvkmx9A,OK,83445,471570217324001
2757.805,35.02379430000001,-89.96377079999999,ChIJDVntamKIf4gRlF5S6rdAlgc,OK,249368,471579801001104
2757.805,35.02379430000001,-89.96377079999999,ChIJDVntamKIf4gRlF5S6rdAlgc,OK,249368,471579801001104
4226.007,35.051879,-89.95322299999999,ChIJtbdkhjqGf4gRndtG1KtFnTA,OK,332919,471579801001104
721.207,35.04677619999999,-89.8859339,ChIJycTJ_niFf4gR5esliSzp17E,OK,39939,471570217311015
721.207,35.04677619999999,-89.8859339,ChIJycTJ_niFf4gR5esliSzp17E,OK,39939,471570217311015
1639.71,35.0508681,-89.88111619999999,ChIJ68PUi3CFf4gRLPYGzNKUdto,OK,94952,471570217311015
2496.62,35.05407199999999,-90.00125899999999,ChIJIzdhk1h91YcRZT7cBcBslaM,OK,146699,471570220225023
2496.62,35.05407199999999,-90.00125899999999,ChIJIzdhk1h91YcRZT7cBcBslaM,OK,146699,471570220225023
2776.086,35.02138900000001,-89.996898,ChIJz3MQkR6If4gRIBgmNH-BQcg,OK,161257,471570220225023
2631.226,35.05407199999999,-90.00125899999999,ChIJIzdhk1h91YcRZT7cBcBslaM,OK,170926,471570220225004
2631.226,35.05407199999999,-90.00125899999999,ChIJIzdhk1h91YcRZT7cBcBslaM,OK,170926,471570220225004
2910.691,35.02138900000001,-89.996898,ChIJz3MQkR6If4gRIBgmNH-BQcg,OK,185484,471570220225004
749.36,35.0344414,-89.8319559,ChIJfcC9SguQf4gR_xf02Tpo1-w,OK,71819,471570217463007
749.36,35.0344414,-89.8319559,ChIJfcC9SguQf4gR_xf02Tpo1-w,OK,71819,471570217463007
3135.316,35.0493563,-89.83813929999999,ChIJjRQNzqSaf4gRxmNqB0YAYGM,OK,234699,471570217463007
2758.607,35.02379430000001,-89.96377079999999,ChIJDVntamKIf4gRlF5S6rdAlgc,OK,249464,471579801001059
2758.607,35.02379430000001,-89.96377079999999,ChIJDVntamKIf4gRlF5S6rdAlgc,OK,249464,471579801001059
4226.809,35.051879,-89.95322299999999,ChIJtbdkhjqGf4gRndtG1KtFnTA,OK,333015,471579801001059
1330.975,35.0490562,-89.84441600000001,ChIJCUulJK6af4gR7vOP_qSrYdM,OK,101443,471570217324000
1330.975,35.0490562,-89.84441600000001,ChIJCUulJK6af4gR7vOP_qSrYdM,OK,101443,471570217324000
1634.599,35.049031,-89.841437,ChIJt6vl46-af4gRvoN8Yvkmx9A,OK,116733,471570217324000
2172.676,35.0374859,-89.93716700000002,ChIJESgedaeIf4gRXlLu5ht4wNo,OK,187902,471570110201011
1626.906,35.1153996,-89.89414069999999,ChIJCb4NOWWEf4gR79YlPQoocW4,OK,125510,471570085002014
1626.906,35.1153996,-89.89414069999999,ChIJCb4NOWWEf4gR79YlPQoocW4,OK,125510,471570085002014
2205.682,35.1145886,-89.90089789999999,ChIJKWmlFW6Ef4gR0YNISWQMkss,OK,153063,471570085002014
1413.537,35.1153996,-89.89414069999999,ChIJCb4NOWWEf4gR79YlPQoocW4,OK,100889,471570096003007
1413.537,35.1153996,-89.89414069999999,ChIJCb4NOWWEf4gR79YlPQoocW4,OK,100889,471570096003007
1992.313,35.1145886,-89.90089789999999,ChIJKWmlFW6Ef4gR0YNISWQMkss,OK,128442,471570096003007
1634.339,35.1503395,-89.89321,ChIJRaSiF6KDf4gRNIqqt1VnH58,OK,114738,471570092002022
1634.339,35.1503395,-89.89321,ChIJRaSiF6KDf4gRNIqqt1VnH58,OK,114738,471570092002022
1671.449,35.148225,-89.89748700000001,ChIJC8t095eDf4gRGuXK3FleZyg,OK,137069,471570092002022
1765.974,35.148225,-89.89748700000001,ChIJC8t095eDf4gRGuXK3FleZyg,OK,148411,471570092001014
1765.974,35.148225,-89.89748700000001,ChIJC8t095eDf4gRGuXK3FleZyg,OK,148411,471570092001014
1846.52,35.1489345,-89.89838259999999,ChIJaTBvX72Df4gRiyFT0LQMnrQ,OK,153243,471570092001014
2064.832,35.12545849999999,-89.97454169999999,ChIJoyT3HjOHf4gRS6EdHckmff8,OK,159498,471570067002011
2064.832,35.12545849999999,-89.97454169999999,ChIJoyT3HjOHf4gRS6EdHckmff8,OK,159498,471570067002011
2083.367,35.0971,-89.9305344,ChIJRd53mZuGf4gRp0fETcD5Y3I,OK,129685,471570093003006
2083.367,35.0971,-89.9305344,ChIJRd53mZuGf4gRp0fETcD5Y3I,OK,129685,471570093003006
2277.298,35.0960067,-89.93138279999999,ChIJFfDYDZuGf4gR5IbqhV7MTAo,OK,143654,471570093003006
680.95,35.156962,-89.88851749999999,ChIJaVmJmQmDf4gR3ZGZP7kcoeo,OK,63246,471570092003001
680.95,35.156962,-89.88851749999999,ChIJaVmJmQmDf4gR3ZGZP7kcoeo,OK,63246,471570092003001
1159.093,35.164068,-89.8770782,ChIJpUMbExuDf4gRyW4QpPURe54,OK,76034,471570092003001
2220.545,35.1145886,-89.90089789999999,ChIJKWmlFW6Ef4gR0YNISWQMkss,OK,155820,471570095002003
2220.545,35.1145886,-89.90089789999999,ChIJKWmlFW6Ef4gR0YNISWQMkss,OK,155820,471570095002003
2190.579,35.1153996,-89.89414069999999,ChIJCb4NOWWEf4gR79YlPQoocW4,OK,161193,471570095002003
3730.62,35.0854368,-89.89541919999999,ChIJf5cc-VKEf4gRF-lYLgijYQQ,OK,241730,471570213313003
4537.533,35.0614623,-89.8536277,ChIJ4TWJkTWFf4gRbkNZYfkF9Jw,OK,291188,471570213313003
2546.098,35.050596,-89.869556,ChIJQ4vLA2iFf4gRyyCo3ihKH44,OK,165480,471570217101006
2964.018,35.0612606,-89.88628629999999,ChIJAQ_I1gqFf4gRFrt5yQeAEps,OK,193025,471570217101006
2964.018,35.0612606,-89.88628629999999,ChIJAQ_I1gqFf4gRFrt5yQeAEps,OK,193025,471570217101006
3911.112,35.0614623,-89.8536277,ChIJ4TWJkTWFf4gRbkNZYfkF9Jw,OK,250457,471570213311005
3911.112,35.0614623,-89.8536277,ChIJ4TWJkTWFf4gRbkNZYfkF9Jw,OK,250457,471570213311005
4761.417,35.0493493,-89.855357,ChIJH2Nw4lGFf4gRq0vxk4n5iAE,OK,298951,471570213311005
4008.748,35.0614623,-89.8536277,ChIJ4TWJkTWFf4gRbkNZYfkF9Jw,OK,279678,471570213312023
4008.748,35.0614623,-89.8536277,ChIJ4TWJkTWFf4gRbkNZYfkF9Jw,OK,279678,471570213312023
5000.342,35.0612606,-89.88628629999999,ChIJAQ_I1gqFf4gRFrt5yQeAEps,OK,334292,471570213312023
1668.792,35.0854368,-89.89541919999999,ChIJf5cc-VKEf4gRF-lYLgijYQQ,OK,108793,471570093003015
1668.792,35.0854368,-89.89541919999999,ChIJf5cc-VKEf4gRF-lYLgijYQQ,OK,108793,471570093003015
3387.963,35.0745932,-89.9204618,ChIJPX58KNGFf4gRLgBWAHPwusk,OK,205686,471570093003015
1448.551,35.0854368,-89.89541919999999,ChIJf5cc-VKEf4gRF-lYLgijYQQ,OK,85380,471570093003011
1448.551,35.0854368,-89.89541919999999,ChIJf5cc-VKEf4gRF-lYLgijYQQ,OK,85380,471570093003011
3167.722,35.0745932,-89.9204618,ChIJPX58KNGFf4gRLgBWAHPwusk,OK,182273,471570093003011
1565.26,35.0854368,-89.89541919999999,ChIJf5cc-VKEf4gRF-lYLgijYQQ,OK,102942,471570093003016
1565.26,35.0854368,-89.89541919999999,ChIJf5cc-VKEf4gRF-lYLgijYQQ,OK,102942,471570093003016
3284.431,35.0745932,-89.9204618,ChIJPX58KNGFf4gRLgBWAHPwusk,OK,199835,471570093003016
1974.187,35.0854368,-89.89541919999999,ChIJf5cc-VKEf4gRF-lYLgijYQQ,OK,137408,471570097002013
3097.548,35.0745932,-89.9204618,ChIJPX58KNGFf4gRLgBWAHPwusk,OK,223992,471570097002013
3097.548,35.0745932,-89.9204618,ChIJPX58KNGFf4gRLgBWAHPwusk,OK,223992,471570097002013
2400.251,35.1546312,-89.79260459999999,ChIJ8UeuSEecf4gRniit7ubZLtM,OK,145153,471570211261002
2780.139,35.14868459999999,-89.7948203,ChIJ4w9Lr2qcf4gRHdzl9FciAFM,OK,164653,471570211261002
582.7,35.2072684,-89.7827147,ChIJKdJ2xvqdf4gRKLRUePlbOOs,OK,66372,471570211132005
582.7,35.2072684,-89.7827147,ChIJKdJ2xvqdf4gRKLRUePlbOOs,OK,66372,471570211132005
1492.213,35.2051043,-89.79754849999999,ChIJpRDMlY2df4gRQqHmUo_lzmc,OK,85470,471570211132005
2360.959,35.1546312,-89.79260459999999,ChIJ8UeuSEecf4gRniit7ubZLtM,OK,169133,471570211261003
2360.959,35.1546312,-89.79260459999999,ChIJ8UeuSEecf4gRniit7ubZLtM,OK,169133,471570211261003
2740.846,35.14868459999999,-89.7948203,ChIJ4w9Lr2qcf4gRHdzl9FciAFM,OK,188633,471570211261003
678.083,35.02100869999999,-89.8995317,ChIJ-f6gz22Pf4gR-rWEeLgd-68,OK,37552,471570226001153
678.083,35.02100869999999,-89.8995317,ChIJ-f6gz22Pf4gR-rWEeLgd-68,OK,37552,471570226001153
689.356,35.0209193,-89.8996561,ChIJxWQfy22Pf4gRlC1jxVU1A2g,OK,38177,471570226001153
5433.542,35.05407199999999,-90.00125899999999,ChIJIzdhk1h91YcRZT7cBcBslaM,OK,381833,471570078213005
2431.062,35.054745,-90.007971,ChIJXxyyQlt91YcRhldtWgjSnSE,OK,149990,471570225001008
2431.062,35.054745,-90.007971,ChIJXxyyQlt91YcRhldtWgjSnSE,OK,149990,471570225001008
2862.91,35.05407199999999,-90.00125899999999,ChIJIzdhk1h91YcRZT7cBcBslaM,OK,166029,471570225001008
4981.55,35.054745,-90.007971,ChIJXxyyQlt91YcRhldtWgjSnSE,OK,354881,471570078214021
4981.55,35.054745,-90.007971,ChIJXxyyQlt91YcRhldtWgjSnSE,OK,354881,471570078214021
5829.319,35.0643218,-89.9923063,ChIJb3DQuo2Hf4gRC8UI6d4pa68,OK,367197,471570078214021
5381.913,35.0643218,-89.9923063,ChIJb3DQuo2Hf4gRC8UI6d4pa68,OK,362311,471570078214011
5381.913,35.0643218,-89.9923063,ChIJb3DQuo2Hf4gRC8UI6d4pa68,OK,362311,471570078214011
5475.094,35.054745,-90.007971,ChIJXxyyQlt91YcRhldtWgjSnSE,OK,387361,471570078214011
1749.01,35.095133,-90.05542799999999,ChIJATnUo0J81YcRpbAuNwXeqRw,OK,106930,471570055003023
1680.702,35.093591,-90.056624,ChIJgyVl92d81YcRhuRHHckl8Y4,OK,103699,471570055003022
1680.702,35.093591,-90.056624,ChIJgyVl92d81YcRhuRHHckl8Y4,OK,103699,471570055003022
1606.603,35.095133,-90.05542799999999,ChIJATnUo0J81YcRpbAuNwXeqRw,OK,110239,471570055003022
1037.528,35.093591,-90.056624,ChIJgyVl92d81YcRhuRHHckl8Y4,OK,88307,471570055003021
1037.528,35.093591,-90.056624,ChIJgyVl92d81YcRhuRHHckl8Y4,OK,88307,471570055003021
1217.365,35.095133,-90.05542799999999,ChIJATnUo0J81YcRpbAuNwXeqRw,OK,98267,471570055003021
2623.94,35.0477573,-89.86637909999999,ChIJ5_0L5VyFf4gR4HBEwl6nmRE,OK,185666,471570217412007
2764.224,35.0493493,-89.855357,ChIJH2Nw4lGFf4gRq0vxk4n5iAE,OK,232729,471570217412007
6196.056,35.0854368,-89.89541919999999,ChIJf5cc-VKEf4gRF-lYLgijYQQ,OK,338787,471570213202012
6196.056,35.0854368,-89.89541919999999,ChIJf5cc-VKEf4gRF-lYLgijYQQ,OK,338787,471570213202012
5376.59,35.1153996,-89.89414069999999,ChIJCb4NOWWEf4gR79YlPQoocW4,OK,340441,471570213202012
6092.042,35.0614623,-89.8536277,ChIJ4TWJkTWFf4gRbkNZYfkF9Jw,OK,399329,471570213122004
6092.042,35.0614623,-89.8536277,ChIJ4TWJkTWFf4gRbkNZYfkF9Jw,OK,399329,471570213122004
6176.813,35.0512763,-89.8427476,ChIJ7VPJ3q-af4gRdxERIyaZ0gk,OK,405517,471570213122004
3450.773,35.1444038,-90.0168571,ChIJufYEjhR-1YcREff46W6Lons,OK,247981,471570020001011
1739.049,35.1157645,-90.022279,ChIJwZqBNMN91YcRRpdDvj5Pcr8,OK,119607,471570062001032
1739.049,35.1157645,-90.022279,ChIJwZqBNMN91YcRRpdDvj5Pcr8,OK,119607,471570062001032
2460.169,35.1087458,-90.0211918,ChIJe6w2EsF91YcRquzVZc8M0-I,OK,160997,471570062001032
951.184,35.125222,-90.048147,ChIJ9cKdtid81YcRKs9h6RjzQzw,OK,66471,471570116002028
951.184,35.125222,-90.048147,ChIJ9cKdtid81YcRKs9h6RjzQzw,OK,66471,471570116002028
952.998,35.1251709,-90.0481695,ChIJybIJtCd81YcR9Otxws-5qCM,OK,66571,471570116002028
1538.19,35.05407199999999,-90.00125899999999,ChIJIzdhk1h91YcRZT7cBcBslaM,OK,147939,471570220225002
1538.19,35.05407199999999,-90.00125899999999,ChIJIzdhk1h91YcRZT7cBcBslaM,OK,147939,471570220225002
4471.402,35.04577219999999,-89.82821469999999,ChIJL-jEaJmaf4gREtYdkYi2nAs,OK,234197,471570217241019
2229.967,35.054745,-90.007971,ChIJXxyyQlt91YcRhldtWgjSnSE,OK,194128,471570220225002
4471.402,35.04577219999999,-89.82821469999999,ChIJL-jEaJmaf4gREtYdkYi2nAs,OK,234197,471570217241019
4741.675,35.0493563,-89.83813929999999,ChIJjRQNzqSaf4gRxmNqB0YAYGM,OK,244278,471570217241019
1689.731,35.1489345,-89.89838259999999,ChIJaTBvX72Df4gRiyFT0LQMnrQ,OK,102756,471570087004000
1689.731,35.1489345,-89.89838259999999,ChIJaTBvX72Df4gRiyFT0LQMnrQ,OK,102756,471570087004000
1770.277,35.148225,-89.89748700000001,ChIJC8t095eDf4gRGuXK3FleZyg,OK,107589,471570087004000
63.585,35.098685,-90.05664899999999,ChIJ31qwBkJ81YcRk2V5pdmdhrM,OK,3521,471570055001024
63.585,35.098685,-90.05664899999999,ChIJ31qwBkJ81YcRk2V5pdmdhrM,OK,3521,471570055001024
452.578,35.095133,-90.05542799999999,ChIJATnUo0J81YcRpbAuNwXeqRw,OK,25065,471570055001024
1230.466,35.125222,-90.048147,ChIJ9cKdtid81YcRKs9h6RjzQzw,OK,75713,471570045001014
1230.466,35.125222,-90.048147,ChIJ9cKdtid81YcRKs9h6RjzQzw,OK,75713,471570045001014
1232.28,35.1251709,-90.0481695,ChIJybIJtCd81YcR9Otxws-5qCM,OK,75813,471570045001014
588.235,35.2178517,-89.9902989,ChIJT7y6Nvh_f4gR6Khps0fYRPg,OK,70586,471570102104018
588.235,35.2178517,-89.9902989,ChIJT7y6Nvh_f4gR6Khps0fYRPg,OK,70586,471570102104018
624.579,35.217526,-89.98935,ChIJKdhOoPd_f4gRbD5w-Ol3ovU,OK,74947,471570102104018
4596.587,35.1251709,-90.0481695,ChIJybIJtCd81YcR9Otxws-5qCM,OK,221837,471570117001025
4596.587,35.1251709,-90.0481695,ChIJybIJtCd81YcR9Otxws-5qCM,OK,221837,471570117001025
4598.401,35.125222,-90.048147,ChIJ9cKdtid81YcRKs9h6RjzQzw,OK,221938,471570117001025
1964.894,35.1738374,-89.98954379999999,ChIJ_S0BIGOAf4gRU3Ph4W65cOQ,OK,127763,471570004001021
1964.894,35.1738374,-89.98954379999999,ChIJ_S0BIGOAf4gRU3Ph4W65cOQ,OK,127763,471570004001021
3005.443,35.1490317,-90.0140679,ChIJw3q9_xV-1YcRqrte6yBn1CI,OK,190180,471570004001021
2140.793,35.1075089,-89.9318387,ChIJVboYU6KGf4gRHfEHUi8Izac,OK,136474,471570085001010
2140.793,35.1075089,-89.9318387,ChIJVboYU6KGf4gRHfEHUi8Izac,OK,136474,471570085001010
2282.7,35.1079763,-89.9333841,ChIJqZoM4qKGf4gREaZMyPG1GBQ,OK,144989,471570085001010
1043.679,35.1489345,-89.89838259999999,ChIJaTBvX72Df4gRiyFT0LQMnrQ,OK,61071,471570087004008
1043.679,35.1489345,-89.89838259999999,ChIJaTBvX72Df4gRiyFT0LQMnrQ,OK,61071,471570087004008
1124.225,35.148225,-89.89748700000001,ChIJC8t095eDf4gRGuXK3FleZyg,OK,65904,471570087004008
824.843,35.098685,-90.05664899999999,ChIJ31qwBkJ81YcRk2V5pdmdhrM,OK,78087,471570055001010
824.843,35.098685,-90.05664899999999,ChIJ31qwBkJ81YcRk2V5pdmdhrM,OK,78087,471570055001010
1213.836,35.095133,-90.05542799999999,ChIJATnUo0J81YcRpbAuNwXeqRw,OK,99631,471570055001010
1385.993,35.108097,-89.941227,ChIJwxJT-r6Gf4gRhLDuFpyb128,OK,98329,471570070002015
1385.993,35.108097,-89.941227,ChIJwxJT-r6Gf4gRhLDuFpyb128,OK,98329,471570070002015
1989.696,35.1161637,-89.9446263,ChIJ-ZiED8iGf4gR32IlfgDBKWY,OK,138365,471570070002015
798.282,35.1913738,-89.8964247,ChIJwQffFF2Cf4gRzaR3rfvt3f4,OK,48738,471570206101046
798.282,35.1913738,-89.8964247,ChIJwQffFF2Cf4gRzaR3rfvt3f4,OK,48738,471570206101046
1081.678,35.192778,-89.895242,ChIJ2ehTh2eCf4gR95JHzr6OIMA,OK,63034,471570206101046
986.756,35.04677619999999,-89.8859339,ChIJycTJ_niFf4gR5esliSzp17E,OK,59453,471570217311017
986.756,35.04677619999999,-89.8859339,ChIJycTJ_niFf4gR5esliSzp17E,OK,59453,471570217311017
1905.259,35.0508681,-89.88111619999999,ChIJ68PUi3CFf4gRLPYGzNKUdto,OK,114466,471570217311017
1719.055,35.0854368,-89.89541919999999,ChIJf5cc-VKEf4gRF-lYLgijYQQ,OK,115345,471570097002010
1719.055,35.0854368,-89.89541919999999,ChIJf5cc-VKEf4gRF-lYLgijYQQ,OK,115345,471570097002010
3438.225,35.0745932,-89.9204618,ChIJPX58KNGFf4gRLgBWAHPwusk,OK,212238,471570097002010
3754.046,35.0614623,-89.8536277,ChIJ4TWJkTWFf4gRbkNZYfkF9Jw,OK,249115,471570213312005
3754.046,35.0614623,-89.8536277,ChIJ4TWJkTWFf4gRbkNZYfkF9Jw,OK,249115,471570213312005
4327.72,35.050596,-89.869556,ChIJQ4vLA2iFf4gRyyCo3ihKH44,OK,276184,471570213312005
1889.042,35.1161637,-89.9446263,ChIJ-ZiED8iGf4gR32IlfgDBKWY,OK,129331,471570030003020
1889.042,35.1161637,-89.9446263,ChIJ-ZiED8iGf4gR32IlfgDBKWY,OK,129331,471570030003020
2639.805,35.14981359999999,-89.94918609999999,ChIJVdGBGRaBf4gRsi89Rzqn8W4,OK,168302,471570030003020
1417.463,35.054745,-90.007971,ChIJXxyyQlt91YcRhldtWgjSnSE,OK,102137,471570220233011
1417.463,35.054745,-90.007971,ChIJXxyyQlt91YcRhldtWgjSnSE,OK,102137,471570220233011
1126.723,35.167095,-89.950496,ChIJecYfJgmBf4gRJh-YY67U6V8,OK,64382,471570014001000
1982.815,35.05407199999999,-90.00125899999999,ChIJIzdhk1h91YcRZT7cBcBslaM,OK,125570,471570220233011
1126.723,35.167095,-89.950496,ChIJecYfJgmBf4gRJh-YY67U6V8,OK,64382,471570014001000
1465.024,35.1497164,-89.95515999999999,ChIJcQb6ehiBf4gR-uA54eRPNq8,OK,105961,471570014001000
1886.28,35.1087458,-90.0211918,ChIJe6w2EsF91YcRquzVZc8M0-I,OK,149097,471570075001010
1886.28,35.1087458,-90.0211918,ChIJe6w2EsF91YcRquzVZc8M0-I,OK,149097,471570075001010
1886.921,35.10874099999999,-90.021185,ChIJrVbiDcF91YcRG9TBOTpHc3I,OK,149174,471570075001010
1355.417,35.093591,-90.056624,ChIJgyVl92d81YcRhuRHHckl8Y4,OK,91044,471570055003024
1355.417,35.093591,-90.056624,ChIJgyVl92d81YcRhuRHHckl8Y4,OK,91044,471570055003024
1535.254,35.095133,-90.05542799999999,ChIJATnUo0J81YcRpbAuNwXeqRw,OK,101004,471570055003024
1237.267,35.1439641,-90.0517892,ChIJL-0zBZR-1YcRj7p5p1WY4-g,OK,92738,471570039001012
3593.748,35.054745,-90.007971,ChIJXxyyQlt91YcRhldtWgjSnSE,OK,258636,471570225001017
1237.267,35.1439641,-90.0517892,ChIJL-0zBZR-1YcRj7p5p1WY4-g,OK,92738,471570039001012
1483.393,35.1435177,-90.0539328,ChIJ8VFg1pV-1YcRR9G8p0pZx6U,OK,96034,471570039001012
3593.748,35.054745,-90.007971,ChIJXxyyQlt91YcRhldtWgjSnSE,OK,258636,471570225001017
4025.596,35.05407199999999,-90.00125899999999,ChIJIzdhk1h91YcRZT7cBcBslaM,OK,274675,471570225001017
2096.867,35.148225,-89.89748700000001,ChIJC8t095eDf4gRGuXK3FleZyg,OK,144297,471570092003042
6152.533,35.0614623,-89.8536277,ChIJ4TWJkTWFf4gRbkNZYfkF9Jw,OK,406587,471570213122007
2096.867,35.148225,-89.89748700000001,ChIJC8t095eDf4gRGuXK3FleZyg,OK,144297,471570092003042
6152.533,35.0614623,-89.8536277,ChIJ4TWJkTWFf4gRbkNZYfkF9Jw,OK,406587,471570213122007
2177.413,35.1489345,-89.89838259999999,ChIJaTBvX72Df4gRiyFT0LQMnrQ,OK,149129,471570092003042
6237.305,35.0512763,-89.8427476,ChIJ7VPJ3q-af4gRdxERIyaZ0gk,OK,412775,471570213122007
2472.692,35.148225,-89.89748700000001,ChIJC8t095eDf4gRGuXK3FleZyg,OK,177241,471570092003048
2729.148,35.1503395,-89.89321,ChIJRaSiF6KDf4gRNIqqt1VnH58,OK,184318,471570092003048
2729.148,35.1503395,-89.89321,ChIJRaSiF6KDf4gRNIqqt1VnH58,OK,184318,471570092003048
2327.783,35.0643218,-89.9923063,ChIJb3DQuo2Hf4gRC8UI6d4pa68,OK,189092,471570225001010
2327.783,35.0643218,-89.9923063,ChIJb3DQuo2Hf4gRC8UI6d4pa68,OK,189092,471570225001010
4226.017,35.05407199999999,-90.00125899999999,ChIJIzdhk1h91YcRZT7cBcBslaM,OK,274285,471570225001010
5915.739,35.0614623,-89.8536277,ChIJ4TWJkTWFf4gRbkNZYfkF9Jw,OK,378174,471570213122008
5915.739,35.0614623,-89.8536277,ChIJ4TWJkTWFf4gRbkNZYfkF9Jw,OK,378174,471570213122008
6000.511,35.0512763,-89.8427476,ChIJ7VPJ3q-af4gRdxERIyaZ0gk,OK,384362,471570213122008
1822.466,35.093591,-90.056624,ChIJgyVl92d81YcRhuRHHckl8Y4,OK,109463,471570053003052
1822.466,35.093591,-90.056624,ChIJgyVl92d81YcRhuRHHckl8Y4,OK,109463,471570053003052
2002.303,35.095133,-90.05542799999999,ChIJATnUo0J81YcRpbAuNwXeqRw,OK,119423,471570053003052
1200.682,35.1439641,-90.0517892,ChIJL-0zBZR-1YcRj7p5p1WY4-g,OK,68243,471570114002020
1200.682,35.1439641,-90.0517892,ChIJL-0zBZR-1YcRj7p5p1WY4-g,OK,68243,471570114002020
1231.373,35.1435177,-90.0539328,ChIJ8VFg1pV-1YcRR9G8p0pZx6U,OK,68522,471570114002020
2057.75,35.1153996,-89.89414069999999,ChIJCb4NOWWEf4gR79YlPQoocW4,OK,150535,471570096002015
2057.75,35.1153996,-89.89414069999999,ChIJCb4NOWWEf4gR79YlPQoocW4,OK,150535,471570096002015
2636.526,35.1145886,-89.90089789999999,ChIJKWmlFW6Ef4gR0YNISWQMkss,OK,178088,471570096002015
1075.474,35.13779299999999,-89.99118349999999,ChIJUQlZ-K-Af4gRkRKK62-ap5w,OK,85222,471570016001034
1075.474,35.13779299999999,-89.99118349999999,ChIJUQlZ-K-Af4gRkRKK62-ap5w,OK,85222,471570016001034
1491.364,35.13418100000001,-89.98599,ChIJnf1_yraAf4gR9pQmD7CXhgg,OK,95912,471570016001034
1282.468,35.054745,-90.007971,ChIJXxyyQlt91YcRhldtWgjSnSE,OK,108418,471570220232002
1282.468,35.054745,-90.007971,ChIJXxyyQlt91YcRhldtWgjSnSE,OK,108418,471570220232002
1847.82,35.05407199999999,-90.00125899999999,ChIJIzdhk1h91YcRZT7cBcBslaM,OK,131851,471570220232002
1534.403,35.2045576,-89.81176689999999,ChIJ8ROix4Kdf4gR4Su-1OwAUMo,OK,87205,471570211122002
1534.403,35.2045576,-89.81176689999999,ChIJ8ROix4Kdf4gR4Su-1OwAUMo,OK,87205,471570211122002
2590.912,35.2051043,-89.79754849999999,ChIJpRDMlY2df4gRQqHmUo_lzmc,OK,144624,471570211122002
1552.356,35.093591,-90.056624,ChIJgyVl92d81YcRhuRHHckl8Y4,OK,94952,471570055003028
1552.356,35.093591,-90.056624,ChIJgyVl92d81YcRhuRHHckl8Y4,OK,94952,471570055003028
1732.193,35.095133,-90.05542799999999,ChIJATnUo0J81YcRpbAuNwXeqRw,OK,104912,471570055003028
3122.561,35.0614623,-89.8536277,ChIJ4TWJkTWFf4gRbkNZYfkF9Jw,OK,243523,471570213332009
3122.561,35.0614623,-89.8536277,ChIJ4TWJkTWFf4gRbkNZYfkF9Jw,OK,243523,471570213332009
3207.333,35.0512763,-89.8427476,ChIJ7VPJ3q-af4gRdxERIyaZ0gk,OK,249711,471570213332009
362.706,35.1444038,-90.0168571,ChIJufYEjhR-1YcREff46W6Lons,OK,31402,471570036001006
362.706,35.1444038,-90.0168571,ChIJufYEjhR-1YcREff46W6Lons,OK,31402,471570036001006
814.85,35.1490317,-90.0140679,ChIJw3q9_xV-1YcRqrte6yBn1CI,OK,54508,471570036001006
3010.19,35.1153996,-89.89414069999999,ChIJCb4NOWWEf4gR79YlPQoocW4,OK,244146,471570096002006
3010.19,35.1153996,-89.89414069999999,ChIJCb4NOWWEf4gR79YlPQoocW4,OK,244146,471570096002006
3588.966,35.1145886,-89.90089789999999,ChIJKWmlFW6Ef4gR0YNISWQMkss,OK,271699,471570096002006
2537.625,35.0543926,-90.0597009,ChIJT5TzUbl81YcRiPqNjkbj9CA,OK,165860,471570225001096
2572.738,35.06128,-90.05978399999999,ChIJm06f8ZV81YcRTjzAsJPcBKY,OK,175421,471570225001096
2572.738,35.06128,-90.05978399999999,ChIJm06f8ZV81YcRTjzAsJPcBKY,OK,175421,471570225001096
1424.498,35.093591,-90.056624,ChIJgyVl92d81YcRhuRHHckl8Y4,OK,81853,471570055003029
1424.498,35.093591,-90.056624,ChIJgyVl92d81YcRhuRHHckl8Y4,OK,81853,471570055003029
1604.335,35.095133,-90.05542799999999,ChIJATnUo0J81YcRpbAuNwXeqRw,OK,91813,471570055003029
1809.18,35.2045576,-89.81176689999999,ChIJ8ROix4Kdf4gR4Su-1OwAUMo,OK,127768,471570211123024
1809.18,35.2045576,-89.81176689999999,ChIJ8ROix4Kdf4gR4Su-1OwAUMo,OK,127768,471570211123024
3422.008,35.19067459999999,-89.8489943,ChIJ364PGjWdf4gRKbsrGLq8_XQ,OK,214866,471570211123024
1029.147,35.1439641,-90.0517892,ChIJL-0zBZR-1YcRj7p5p1WY4-g,OK,60964,471570114003008
1029.147,35.1439641,-90.0517892,ChIJL-0zBZR-1YcRj7p5p1WY4-g,OK,60964,471570114003008
1059.837,35.1435177,-90.0539328,ChIJ8VFg1pV-1YcRR9G8p0pZx6U,OK,61243,471570114003008
5555.151,35.0643218,-89.9923063,ChIJb3DQuo2Hf4gRC8UI6d4pa68,OK,374739,471570078214010
5555.151,35.0643218,-89.9923063,ChIJb3DQuo2Hf4gRC8UI6d4pa68,OK,374739,471570078214010
5565.1,35.054745,-90.007971,ChIJXxyyQlt91YcRhldtWgjSnSE,OK,398162,471570078214010
3564.227,35.1738374,-89.98954379999999,ChIJ_S0BIGOAf4gRU3Ph4W65cOQ,OK,234355,471570004002014
3564.227,35.1738374,-89.98954379999999,ChIJ_S0BIGOAf4gRU3Ph4W65cOQ,OK,234355,471570004002014
4107.481,35.1490317,-90.0140679,ChIJw3q9_xV-1YcRqrte6yBn1CI,OK,248752,471570004002014
1183.971,35.2060393,-89.89459389999999,ChIJN_fdM1CCf4gRqHZ_YUZgoJo,OK,71513,471570206212018
1183.971,35.2060393,-89.89459389999999,ChIJN_fdM1CCf4gRqHZ_YUZgoJo,OK,71513,471570206212018
1267.711,35.20808669999999,-89.89363879999999,ChIJa1RCwHuCf4gRSSG3nO4uWeI,OK,87765,471570206212018
1579.906,35.0374859,-89.93716700000002,ChIJESgedaeIf4gRXlLu5ht4wNo,OK,82152,471570110201007
1579.906,35.0374859,-89.93716700000002,ChIJESgedaeIf4gRXlLu5ht4wNo,OK,82152,471570110201007
2109.207,35.05905920000001,-89.9340455,ChIJM89Mbw2Gf4gRFqf4fPnKU7k,OK,110793,471570110201007
4035.783,35.1738374,-89.98954379999999,ChIJ_S0BIGOAf4gRU3Ph4W65cOQ,OK,279826,471570004002010
4035.783,35.1738374,-89.98954379999999,ChIJ_S0BIGOAf4gRU3Ph4W65cOQ,OK,279826,471570004002010
4579.036,35.1490317,-90.0140679,ChIJw3q9_xV-1YcRqrte6yBn1CI,OK,294223,471570004002010
5305.557,35.14868459999999,-89.7948203,ChIJ4w9Lr2qcf4gRHdzl9FciAFM,OK,310025,471570214201002
5305.557,35.14868459999999,-89.7948203,ChIJ4w9Lr2qcf4gRHdzl9FciAFM,OK,310025,471570214201002
6071.72,35.1546312,-89.79260459999999,ChIJ8UeuSEecf4gRniit7ubZLtM,OK,330724,471570214201002
876.562,35.1738374,-89.98954379999999,ChIJ_S0BIGOAf4gRU3Ph4W65cOQ,OK,76731,471570006002007
876.562,35.1738374,-89.98954379999999,ChIJ_S0BIGOAf4gRU3Ph4W65cOQ,OK,76731,471570006002007
1274.803,35.17410499999999,-89.97575479999999,ChIJmfYTGFmAf4gRHGKCaD0qCtI,OK,100621,471570006002007
3141.551,35.0614623,-89.8536277,ChIJ4TWJkTWFf4gRbkNZYfkF9Jw,OK,201848,471570213331009
3226.323,35.0512763,-89.8427476,ChIJ7VPJ3q-af4gRdxERIyaZ0gk,OK,208036,471570213331009
3226.323,35.0512763,-89.8427476,ChIJ7VPJ3q-af4gRdxERIyaZ0gk,OK,208036,471570213331009
719.954,35.2044739,-89.76342459999999,ChIJ3XsJxyKef4gRTeWb3lonWsU,OK,77734,471570211421003
719.954,35.2044739,-89.76342459999999,ChIJ3XsJxyKef4gRTeWb3lonWsU,OK,77734,471570211421003
2410.369,35.2074362,-89.7805166,ChIJ62ATRfudf4gRPIrPAXGVsiQ,OK,209220,471570211421003
2321.263,35.0543926,-90.0597009,ChIJT5TzUbl81YcRiPqNjkbj9CA,OK,167358,471570223213009
2321.263,35.0543926,-90.0597009,ChIJT5TzUbl81YcRiPqNjkbj9CA,OK,167358,471570223213009
2840.177,35.0326981,-90.07589809999999,ChIJ9S1ljalk1YcRvuG-_hbpimA,OK,193076,471570223213009
456.575,35.05905920000001,-89.9340455,ChIJM89Mbw2Gf4gRFqf4fPnKU7k,OK,32872,471570105001028
456.575,35.05905920000001,-89.9340455,ChIJM89Mbw2Gf4gRFqf4fPnKU7k,OK,32872,471570105001028
1006.873,35.06591589999999,-89.94154240000002,ChIJTUcfL2qGf4gRH4x-pmmajWw,OK,73835,471570105001028
382.157,35.05905920000001,-89.9340455,ChIJM89Mbw2Gf4gRFqf4fPnKU7k,OK,21139,471570106203021
382.157,35.05905920000001,-89.9340455,ChIJM89Mbw2Gf4gRFqf4fPnKU7k,OK,21139,471570106203021
1047.638,35.0515544,-89.92255089999999,ChIJG_UFGuOFf4gRyHNDzwp5is0,OK,55149,471570106203021
3014.352,35.0614623,-89.8536277,ChIJ4TWJkTWFf4gRbkNZYfkF9Jw,OK,230539,471570213332008
3014.352,35.0614623,-89.8536277,ChIJ4TWJkTWFf4gRbkNZYfkF9Jw,OK,230539,471570213332008
3099.124,35.0512763,-89.8427476,ChIJ7VPJ3q-af4gRdxERIyaZ0gk,OK,236727,471570213332008
2193.817,35.1546312,-89.79260459999999,ChIJ8UeuSEecf4gRniit7ubZLtM,OK,139047,471570211261025
2193.817,35.1546312,-89.79260459999999,ChIJ8UeuSEecf4gRniit7ubZLtM,OK,139047,471570211261025
2573.704,35.14868459999999,-89.7948203,ChIJ4w9Lr2qcf4gRHdzl9FciAFM,OK,158547,471570211261025
756.71,35.14859919999999,-89.91828060000002,ChIJRflgf-eDf4gRHX_XNYKER-s,OK,52129,471570086001022
756.71,35.14859919999999,-89.91828060000002,ChIJRflgf-eDf4gRHX_XNYKER-s,OK,52129,471570086001022
2084.074,35.1489345,-89.89838259999999,ChIJaTBvX72Df4gRiyFT0LQMnrQ,OK,129568,471570086001022
2830.618,35.1546312,-89.79260459999999,ChIJ8UeuSEecf4gRniit7ubZLtM,OK,209570,471570211374033
2830.618,35.1546312,-89.79260459999999,ChIJ8UeuSEecf4gRniit7ubZLtM,OK,209570,471570211374033
2613.679,35.14868459999999,-89.7948203,ChIJ4w9Lr2qcf4gRHdzl9FciAFM,OK,216621,471570211374033
1534.62,35.0461089,-89.7947008,ChIJaZI6O3Oaf4gRqa_eh0DNj_s,OK,98411,471570213421041
1534.62,35.0461089,-89.7947008,ChIJaZI6O3Oaf4gRqa_eh0DNj_s,OK,98411,471570213421041
1652.625,35.045091,-89.795412,ChIJVelsQnOaf4gRECqTW7fq-dY,OK,104946,471570213421041
3568.086,35.0493563,-89.83813929999999,ChIJjRQNzqSaf4gRxmNqB0YAYGM,OK,214981,471570213342008
3568.086,35.0493563,-89.83813929999999,ChIJjRQNzqSaf4gRxmNqB0YAYGM,OK,214981,471570213342008
3321.512,35.0512763,-89.8427476,ChIJ7VPJ3q-af4gRdxERIyaZ0gk,OK,216698,471570213342008
1945.137,35.222344,-89.97682999999999,ChIJ987Br45_f4gRjwrvnFN8t7k,OK,116702,471570205212015
1945.137,35.222344,-89.97682999999999,ChIJ987Br45_f4gRjwrvnFN8t7k,OK,116702,471570205212015
2346.003,35.2227028,-89.97692290000001,ChIJ987Br45_f4gRMoYIhCny13Q,OK,152834,471570205212015
7271.783,35.14868459999999,-89.7948203,ChIJ4w9Lr2qcf4gRHdzl9FciAFM,OK,418919,471570214101002
9715.167,35.16339899999999,-89.855841,ChIJA_xfkC6Df4gRAjVZwLz1jqA,OK,586352,471570214101002
9715.167,35.16339899999999,-89.855841,ChIJA_xfkC6Df4gRAjVZwLz1jqA,OK,586352,471570214101002
265.439,35.0512763,-89.8427476,ChIJ7VPJ3q-af4gRdxERIyaZ0gk,OK,30191,471570217262015
265.439,35.0512763,-89.8427476,ChIJ7VPJ3q-af4gRdxERIyaZ0gk,OK,30191,471570217262015
510.832,35.0490562,-89.84441600000001,ChIJCUulJK6af4gR7vOP_qSrYdM,OK,35181,471570217262015
1526.036,35.0614623,-89.8536277,ChIJ4TWJkTWFf4gRbkNZYfkF9Jw,OK,98505,471570217251000
1526.036,35.0614623,-89.8536277,ChIJ4TWJkTWFf4gRbkNZYfkF9Jw,OK,98505,471570217251000
1610.808,35.0512763,-89.8427476,ChIJ7VPJ3q-af4gRdxERIyaZ0gk,OK,104693,471570217251000
3227.191,35.1439641,-90.0517892,ChIJL-0zBZR-1YcRj7p5p1WY4-g,OK,270820,471570002001012
3227.191,35.1439641,-90.0517892,ChIJL-0zBZR-1YcRj7p5p1WY4-g,OK,270820,471570002001012
3436.108,35.1450994,-90.0538646,ChIJne6_s5V-1YcRn_LPaqiwhrk,OK,276274,471570002001012
4011.857,35.1439641,-90.0517892,ChIJL-0zBZR-1YcRj7p5p1WY4-g,OK,222773,471570002001019
948.79,35.2166323,-89.9945206,ChIJ4fSgw_h_f4gRx0hAJfGjdzA,OK,78299,471570102104010
671.967,35.2178517,-89.9902989,ChIJT7y6Nvh_f4gR6Khps0fYRPg,OK,80633,471570102104010
671.967,35.2178517,-89.9902989,ChIJT7y6Nvh_f4gR6Khps0fYRPg,OK,80633,471570102104010
505.98,35.2178517,-89.9902989,ChIJT7y6Nvh_f4gR6Khps0fYRPg,OK,60716,471570102104017
505.98,35.2178517,-89.9902989,ChIJT7y6Nvh_f4gR6Khps0fYRPg,OK,60716,471570102104017
542.324,35.217526,-89.98935,ChIJKdhOoPd_f4gRbD5w-Ol3ovU,OK,65077,471570102104017
445.004,35.2178517,-89.9902989,ChIJT7y6Nvh_f4gR6Khps0fYRPg,OK,53399,471570102104013
445.004,35.2178517,-89.9902989,ChIJT7y6Nvh_f4gR6Khps0fYRPg,OK,53399,471570102104013
481.348,35.217526,-89.98935,ChIJKdhOoPd_f4gRbD5w-Ol3ovU,OK,57760,471570102104013
630.031,35.2166323,-89.9945206,ChIJ4fSgw_h_f4gRx0hAJfGjdzA,OK,42831,471570101201001
630.031,35.2166323,-89.9945206,ChIJ4fSgw_h_f4gRx0hAJfGjdzA,OK,42831,471570101201001
1087.899,35.217526,-89.98935,ChIJKdhOoPd_f4gRbD5w-Ol3ovU,OK,72794,471570101201001
1285.245,35.2166323,-89.9945206,ChIJ4fSgw_h_f4gRx0hAJfGjdzA,OK,107530,471570102203003
1285.245,35.2166323,-89.9945206,ChIJ4fSgw_h_f4gRx0hAJfGjdzA,OK,107530,471570102203003
1080.419,35.217526,-89.98935,ChIJKdhOoPd_f4gRbD5w-Ol3ovU,OK,115975,471570102203003
1679.79,35.217526,-89.98935,ChIJKdhOoPd_f4gRbD5w-Ol3ovU,OK,117151,471570102204000
1679.79,35.217526,-89.98935,ChIJKdhOoPd_f4gRbD5w-Ol3ovU,OK,117151,471570102204000
1716.135,35.2178517,-89.9902989,ChIJT7y6Nvh_f4gR6Khps0fYRPg,OK,121512,471570102204000
650.094,35.2178517,-89.9902989,ChIJT7y6Nvh_f4gR6Khps0fYRPg,OK,78009,471570102104007
650.094,35.2178517,-89.9902989,ChIJT7y6Nvh_f4gR6Khps0fYRPg,OK,78009,471570102104007
686.438,35.217526,-89.98935,ChIJKdhOoPd_f4gRbD5w-Ol3ovU,OK,82370,471570102104007
601.246,35.2178517,-89.9902989,ChIJT7y6Nvh_f4gR6Khps0fYRPg,OK,72147,471570102104006
601.246,35.2178517,-89.9902989,ChIJT7y6Nvh_f4gR6Khps0fYRPg,OK,72147,471570102104006
637.59,35.217526,-89.98935,ChIJKdhOoPd_f4gRbD5w-Ol3ovU,OK,76508,471570102104006
859.602,35.217526,-89.98935,ChIJKdhOoPd_f4gRbD5w-Ol3ovU,OK,60444,471570102104012
859.602,35.217526,-89.98935,ChIJKdhOoPd_f4gRbD5w-Ol3ovU,OK,60444,471570102104012
895.947,35.2178517,-89.9902989,ChIJT7y6Nvh_f4gR6Khps0fYRPg,OK,64805,471570102104012
571.388,35.217526,-89.98935,ChIJKdhOoPd_f4gRbD5w-Ol3ovU,OK,51047,471570102104019
571.388,35.217526,-89.98935,ChIJKdhOoPd_f4gRbD5w-Ol3ovU,OK,51047,471570102104019
607.733,35.2178517,-89.9902989,ChIJT7y6Nvh_f4gR6Khps0fYRPg,OK,55408,471570102104019
611.905,35.2178517,-89.9902989,ChIJT7y6Nvh_f4gR6Khps0fYRPg,OK,73427,471570102104011
611.905,35.2178517,-89.9902989,ChIJT7y6Nvh_f4gR6Khps0fYRPg,OK,73427,471570102104011
648.25,35.217526,-89.98935,ChIJKdhOoPd_f4gRbD5w-Ol3ovU,OK,77788,471570102104011
1040.472,35.217526,-89.98935,ChIJKdhOoPd_f4gRbD5w-Ol3ovU,OK,82147,471570102103008
1040.472,35.217526,-89.98935,ChIJKdhOoPd_f4gRbD5w-Ol3ovU,OK,82147,471570102103008
777.489,35.2227028,-89.97692290000001,ChIJ987Br45_f4gRMoYIhCny13Q,OK,93296,471570102103008
916.325,35.222344,-89.97682999999999,ChIJ987Br45_f4gRjwrvnFN8t7k,OK,87969,471570102202000
916.325,35.222344,-89.97682999999999,ChIJ987Br45_f4gRjwrvnFN8t7k,OK,87969,471570102202000
1317.192,35.2227028,-89.97692290000001,ChIJ987Br45_f4gRMoYIhCny13Q,OK,124101,471570102202000
1529.583,35.222344,-89.97682999999999,ChIJ987Br45_f4gRjwrvnFN8t7k,OK,138694,471570102202009
1628.922,35.217526,-89.98935,ChIJKdhOoPd_f4gRbD5w-Ol3ovU,OK,147147,471570102202009
1628.922,35.217526,-89.98935,ChIJKdhOoPd_f4gRbD5w-Ol3ovU,OK,147147,471570102202009
826.676,35.217526,-89.98935,ChIJKdhOoPd_f4gRbD5w-Ol3ovU,OK,62149,471570102203000
826.676,35.217526,-89.98935,ChIJKdhOoPd_f4gRbD5w-Ol3ovU,OK,62149,471570102203000
863.021,35.2178517,-89.9902989,ChIJT7y6Nvh_f4gR6Khps0fYRPg,OK,66510,471570102203000
702.725,35.217526,-89.98935,ChIJKdhOoPd_f4gRbD5w-Ol3ovU,OK,65203,471570102203002
702.725,35.217526,-89.98935,ChIJKdhOoPd_f4gRbD5w-Ol3ovU,OK,65203,471570102203002
739.069,35.2178517,-89.9902989,ChIJT7y6Nvh_f4gR6Khps0fYRPg,OK,69564,471570102203002
759.439,35.217526,-89.98935,ChIJKdhOoPd_f4gRbD5w-Ol3ovU,OK,72009,471570102203008
759.439,35.217526,-89.98935,ChIJKdhOoPd_f4gRbD5w-Ol3ovU,OK,72009,471570102203008
795.784,35.2178517,-89.9902989,ChIJT7y6Nvh_f4gR6Khps0fYRPg,OK,76370,471570102203008
931.028,35.217526,-89.98935,ChIJKdhOoPd_f4gRbD5w-Ol3ovU,OK,111721,471570102203006
931.028,35.217526,-89.98935,ChIJKdhOoPd_f4gRbD5w-Ol3ovU,OK,111721,471570102203006
967.373,35.2178517,-89.9902989,ChIJT7y6Nvh_f4gR6Khps0fYRPg,OK,116082,471570102203006
1045.518,35.217526,-89.98935,ChIJKdhOoPd_f4gRbD5w-Ol3ovU,OK,125459,471570102203011
1045.518,35.217526,-89.98935,ChIJKdhOoPd_f4gRbD5w-Ol3ovU,OK,125459,471570102203011
1081.863,35.2178517,-89.9902989,ChIJT7y6Nvh_f4gR6Khps0fYRPg,OK,129820,471570102203011
767.748,35.217526,-89.98935,ChIJKdhOoPd_f4gRbD5w-Ol3ovU,OK,51487,471570102203001
767.748,35.217526,-89.98935,ChIJKdhOoPd_f4gRbD5w-Ol3ovU,OK,51487,471570102203001
804.093,35.2178517,-89.9902989,ChIJT7y6Nvh_f4gR6Khps0fYRPg,OK,55848,471570102203001
5848.382,35.0854368,-89.89541919999999,ChIJf5cc-VKEf4gRF-lYLgijYQQ,OK,291171,471570213313010
5848.382,35.0854368,-89.89541919999999,ChIJf5cc-VKEf4gRF-lYLgijYQQ,OK,291171,471570213313010
5807.142,35.0612606,-89.88628629999999,ChIJAQ_I1gqFf4gRFrt5yQeAEps,OK,318462,471570213313010
1177.442,35.109859,-89.99141100000001,ChIJs6JbpFyHf4gR9O01gG0a7fQ,OK,95024,471570065002013
1177.442,35.109859,-89.99141100000001,ChIJs6JbpFyHf4gR9O01gG0a7fQ,OK,95024,471570065002013
1979.502,35.107529,-89.9862127,ChIJ0WGfSUKHf4gRjDLrfGQwCV4,OK,145905,471570065002013
1477.127,35.109859,-89.99141100000001,ChIJs6JbpFyHf4gR9O01gG0a7fQ,OK,99012,471570065002005
1477.127,35.109859,-89.99141100000001,ChIJs6JbpFyHf4gR9O01gG0a7fQ,OK,99012,471570065002005
2032.001,35.1087458,-90.0211918,ChIJe6w2EsF91YcRquzVZc8M0-I,OK,129770,471570065002005
2107.279,35.1546312,-89.79260459999999,ChIJ8UeuSEecf4gRniit7ubZLtM,OK,150132,471570211374016
2107.279,35.1546312,-89.79260459999999,ChIJ8UeuSEecf4gRniit7ubZLtM,OK,150132,471570211374016
1890.34,35.14868459999999,-89.7948203,ChIJ4w9Lr2qcf4gRHdzl9FciAFM,OK,157183,471570211374016
1336.382,35.2060393,-89.89459389999999,ChIJN_fdM1CCf4gRqHZ_YUZgoJo,OK,92907,471570206515012
1336.382,35.2060393,-89.89459389999999,ChIJN_fdM1CCf4gRqHZ_YUZgoJo,OK,92907,471570206515012
1420.122,35.20808669999999,-89.89363879999999,ChIJa1RCwHuCf4gRSSG3nO4uWeI,OK,109159,471570206515012
2285.67,35.0333519,-90.02557630000001,ChIJK8z8Ksxi1YcRt8pxxgP2SA4,OK,157703,471570223211009
2285.67,35.0333519,-90.02557630000001,ChIJK8z8Ksxi1YcRt8pxxgP2SA4,OK,157703,471570223211009
2285.764,35.033351,-90.02556199999999,ChIJY7ePKsxi1YcRIP55gZFchMw,OK,157708,471570223211009
2131.132,35.0225458,-90.0257415,ChIJnc94gMRi1YcRKYztFRuX2Yw,OK,147451,471570223221002
2131.132,35.0225458,-90.0257415,ChIJnc94gMRi1YcRKYztFRuX2Yw,OK,147451,471570223221002
3332.873,35.0333519,-90.02557630000001,ChIJK8z8Ksxi1YcRt8pxxgP2SA4,OK,214004,471570223221002
2082.449,35.054745,-90.007971,ChIJXxyyQlt91YcRhldtWgjSnSE,OK,139881,471570225001113
2082.449,35.054745,-90.007971,ChIJXxyyQlt91YcRhldtWgjSnSE,OK,139881,471570225001113
2815.241,35.0333519,-90.02557630000001,ChIJK8z8Ksxi1YcRt8pxxgP2SA4,OK,172582,471570225001113
1488.698,35.054745,-90.007971,ChIJXxyyQlt91YcRhldtWgjSnSE,OK,110685,471570220233007
1488.698,35.054745,-90.007971,ChIJXxyyQlt91YcRhldtWgjSnSE,OK,110685,471570220233007
2054.051,35.05407199999999,-90.00125899999999,ChIJIzdhk1h91YcRZT7cBcBslaM,OK,134118,471570220233007
747.932,35.14859919999999,-89.91828060000002,ChIJRflgf-eDf4gRHX_XNYKER-s,OK,52481,471570086001006
747.932,35.14859919999999,-89.91828060000002,ChIJRflgf-eDf4gRHX_XNYKER-s,OK,52481,471570086001006
2246.674,35.14981359999999,-89.94918609999999,ChIJVdGBGRaBf4gRsi89Rzqn8W4,OK,140200,471570086001006
2521.909,35.1804299,-89.9263818,ChIJIfvtv4eBf4gRJLjVGBpAzmc,OK,179364,471570091002016
2521.909,35.1804299,-89.9263818,ChIJIfvtv4eBf4gRJLjVGBpAzmc,OK,179364,471570091002016
2504.534,35.14859919999999,-89.91828060000002,ChIJRflgf-eDf4gRHX_XNYKER-s,OK,191818,471570091002016
2826.747,35.1489345,-89.89838259999999,ChIJaTBvX72Df4gRiyFT0LQMnrQ,OK,201980,471570091001005
2826.747,35.1489345,-89.89838259999999,ChIJaTBvX72Df4gRiyFT0LQMnrQ,OK,201980,471570091001005
2907.293,35.148225,-89.89748700000001,ChIJC8t095eDf4gRGuXK3FleZyg,OK,206813,471570091001005
2128.672,35.1489345,-89.89838259999999,ChIJaTBvX72Df4gRiyFT0LQMnrQ,OK,147038,471570087001013
2128.672,35.1489345,-89.89838259999999,ChIJaTBvX72Df4gRiyFT0LQMnrQ,OK,147038,471570087001013
2209.217,35.148225,-89.89748700000001,ChIJC8t095eDf4gRGuXK3FleZyg,OK,151871,471570087001013
557.531,35.1060329,-90.039159,ChIJ231bcjV81YcRQ1quDeYAd6M,OK,48927,471570057002005
557.531,35.1060329,-90.039159,ChIJ231bcjV81YcRQ1quDeYAd6M,OK,48927,471570057002005
1755.985,35.1087458,-90.0211918,ChIJe6w2EsF91YcRquzVZc8M0-I,OK,111366,471570057002005
1864.238,35.14859919999999,-89.91828060000002,ChIJRflgf-eDf4gRHX_XNYKER-s,OK,162311,471570086001034
1864.238,35.14859919999999,-89.91828060000002,ChIJRflgf-eDf4gRHX_XNYKER-s,OK,162311,471570086001034
3191.602,35.1489345,-89.89838259999999,ChIJaTBvX72Df4gRiyFT0LQMnrQ,OK,239750,471570086001034
1722.845,35.14859919999999,-89.91828060000002,ChIJRflgf-eDf4gRHX_XNYKER-s,OK,145344,471570086001032
1722.845,35.14859919999999,-89.91828060000002,ChIJRflgf-eDf4gRHX_XNYKER-s,OK,145344,471570086001032
3050.209,35.1489345,-89.89838259999999,ChIJaTBvX72Df4gRiyFT0LQMnrQ,OK,222783,471570086001032
1813.028,35.2060393,-89.89459389999999,ChIJN_fdM1CCf4gRqHZ_YUZgoJo,OK,151866,471570205412015
1637.526,35.20808669999999,-89.89363879999999,ChIJa1RCwHuCf4gRSSG3nO4uWeI,OK,152249,471570205412015
1637.526,35.20808669999999,-89.89363879999999,ChIJa1RCwHuCf4gRSSG3nO4uWeI,OK,152249,471570205412015
1479.327,35.2060393,-89.89459389999999,ChIJN_fdM1CCf4gRqHZ_YUZgoJo,OK,115646,471570206515015
1479.327,35.2060393,-89.89459389999999,ChIJN_fdM1CCf4gRqHZ_YUZgoJo,OK,115646,471570206515015
1563.067,35.20808669999999,-89.89363879999999,ChIJa1RCwHuCf4gRSSG3nO4uWeI,OK,131898,471570206515015
1011.386,35.2060393,-89.89459389999999,ChIJN_fdM1CCf4gRqHZ_YUZgoJo,OK,94137,471570206211015
1011.386,35.2060393,-89.89459389999999,ChIJN_fdM1CCf4gRqHZ_YUZgoJo,OK,94137,471570206211015
1298.426,35.20808669999999,-89.89363879999999,ChIJa1RCwHuCf4gRSSG3nO4uWeI,OK,121648,471570206211015
2785.152,35.2337782,-89.9252472,ChIJra3pLkt_f4gRjZbqnHrruIM,OK,199964,471570205211007
2785.152,35.2337782,-89.9252472,ChIJra3pLkt_f4gRjZbqnHrruIM,OK,199964,471570205211007
6431.964,35.2158947,-89.9151158,ChIJxetq6ad4f4gRD1K1cIBWUQ4,OK,436545,471570205211007
4004.47,35.1490317,-90.0140679,ChIJw3q9_xV-1YcRqrte6yBn1CI,OK,263030,471570003001026
4004.47,35.1490317,-90.0140679,ChIJw3q9_xV-1YcRqrte6yBn1CI,OK,263030,471570003001026
4599.507,35.1439641,-90.0517892,ChIJL-0zBZR-1YcRj7p5p1WY4-g,OK,273094,471570003001026
2732.849,35.1490317,-90.0140679,ChIJw3q9_xV-1YcRqrte6yBn1CI,OK,160675,471570019002014
2732.849,35.1490317,-90.0140679,ChIJw3q9_xV-1YcRqrte6yBn1CI,OK,160675,471570019002014
3048.336,35.1444038,-90.0168571,ChIJufYEjhR-1YcREff46W6Lons,OK,203216,471570019002014
2593.833,35.1490317,-90.0140679,ChIJw3q9_xV-1YcRqrte6yBn1CI,OK,158124,471570019002015
2593.833,35.1490317,-90.0140679,ChIJw3q9_xV-1YcRqrte6yBn1CI,OK,158124,471570019002015
2909.319,35.1444038,-90.0168571,ChIJufYEjhR-1YcREff46W6Lons,OK,200665,471570019002015
2506.267,35.1490317,-90.0140679,ChIJw3q9_xV-1YcRqrte6yBn1CI,OK,146187,471570113001029
2506.267,35.1490317,-90.0140679,ChIJw3q9_xV-1YcRqrte6yBn1CI,OK,146187,471570113001029
3205.748,35.1439641,-90.0517892,ChIJL-0zBZR-1YcRj7p5p1WY4-g,OK,182589,471570113001029
1839.516,35.1444038,-90.0168571,ChIJufYEjhR-1YcREff46W6Lons,OK,129363,471570024002003
1839.516,35.1444038,-90.0168571,ChIJufYEjhR-1YcREff46W6Lons,OK,129363,471570024002003
2487.2,35.1490317,-90.0140679,ChIJw3q9_xV-1YcRqrte6yBn1CI,OK,163297,471570024002003
3424.743,35.1251709,-90.0481695,ChIJybIJtCd81YcR9Otxws-5qCM,OK,173402,471570117001082
3424.743,35.1251709,-90.0481695,ChIJybIJtCd81YcR9Otxws-5qCM,OK,173402,471570117001082
3426.557,35.125222,-90.048147,ChIJ9cKdtid81YcRKs9h6RjzQzw,OK,173503,471570117001082
3256.651,35.1145886,-89.90089789999999,ChIJKWmlFW6Ef4gR0YNISWQMkss,OK,284777,471570096001045
3256.651,35.1145886,-89.90089789999999,ChIJKWmlFW6Ef4gR0YNISWQMkss,OK,284777,471570096001045
3226.685,35.1153996,-89.89414069999999,ChIJCb4NOWWEf4gR79YlPQoocW4,OK,290150,471570096001045
616.13,35.104197,-89.98335349999999,ChIJNST6hGqHf4gR0Mml4gyjQWk,OK,52234,471570065001010
616.13,35.104197,-89.98335349999999,ChIJNST6hGqHf4gR0Mml4gyjQWk,OK,52234,471570065001010
729.128,35.107529,-89.9862127,ChIJ0WGfSUKHf4gRjDLrfGQwCV4,OK,63355,471570065001010
3358.176,35.0854368,-89.89541919999999,ChIJf5cc-VKEf4gRF-lYLgijYQQ,OK,209164,471570213203020
3358.176,35.0854368,-89.89541919999999,ChIJf5cc-VKEf4gRF-lYLgijYQQ,OK,209164,471570213203020
4389.935,35.1153996,-89.89414069999999,ChIJCb4NOWWEf4gR79YlPQoocW4,OK,280430,471570213203020
1389.149,35.093591,-90.056624,ChIJgyVl92d81YcRhuRHHckl8Y4,OK,91445,471570056003014
1389.149,35.093591,-90.056624,ChIJgyVl92d81YcRhuRHHckl8Y4,OK,91445,471570056003014
1568.985,35.095133,-90.05542799999999,ChIJATnUo0J81YcRpbAuNwXeqRw,OK,101405,471570056003014
4262.226,35.0643218,-89.9923063,ChIJb3DQuo2Hf4gRC8UI6d4pa68,OK,232235,471570078214015
4262.226,35.0643218,-89.9923063,ChIJb3DQuo2Hf4gRC8UI6d4pa68,OK,232235,471570078214015
6044.62,35.05407199999999,-90.00125899999999,ChIJIzdhk1h91YcRZT7cBcBslaM,OK,303464,471570078214015
3713.593,35.086634,-89.96355199999999,ChIJW0XU3AGHf4gRINnmxvx9m5A,OK,230598,471579801001030
3713.593,35.086634,-89.96355199999999,ChIJW0XU3AGHf4gRINnmxvx9m5A,OK,230598,471579801001030
4188.135,35.0904795,-89.96597299999999,ChIJHfaNmAOHf4gR1d8V2K9rfSU,OK,256879,471579801001030
3193.685,35.14859919999999,-89.91828060000002,ChIJRflgf-eDf4gRHX_XNYKER-s,OK,166890,471570086003014
5074.341,35.1489345,-89.89838259999999,ChIJaTBvX72Df4gRiyFT0LQMnrQ,OK,252465,471570086003014
5074.341,35.1489345,-89.89838259999999,ChIJaTBvX72Df4gRiyFT0LQMnrQ,OK,252465,471570086003014
10247.204,35.02138900000001,-89.996898,ChIJz3MQkR6If4gRIBgmNH-BQcg,OK,426180,471570221123013
10247.204,35.02138900000001,-89.996898,ChIJz3MQkR6If4gRIBgmNH-BQcg,OK,426180,471570221123013
9987.726,35.021384,-90.019407,ChIJk8DCu8Bi1YcRUnUQCgCMr-E,OK,482367,471570221123013
2658.174,35.02100869999999,-89.8995317,ChIJ-f6gz22Pf4gR-rWEeLgd-68,OK,148763,471570217414021
2658.174,35.02100869999999,-89.8995317,ChIJ-f6gz22Pf4gR-rWEeLgd-68,OK,148763,471570217414021
2669.447,35.0209193,-89.8996561,ChIJxWQfy22Pf4gRlC1jxVU1A2g,OK,149388,471570217414021
196.609,35.02100869999999,-89.8995317,ChIJ-f6gz22Pf4gR-rWEeLgd-68,OK,9963,471570226001167
196.609,35.02100869999999,-89.8995317,ChIJ-f6gz22Pf4gR-rWEeLgd-68,OK,9963,471570226001167
207.882,35.0209193,-89.8996561,ChIJxWQfy22Pf4gRlC1jxVU1A2g,OK,10588,471570226001167
510.256,35.00495799999999,-90.0276544,ChIJuXbrrfFi1YcR97C4vX-T9Zk,OK,39177,471570221304015
510.256,35.00495799999999,-90.0276544,ChIJuXbrrfFi1YcR97C4vX-T9Zk,OK,39177,471570221304015
1421.673,34.99227370000001,-90.0232297,ChIJY7HkKF9i1YcRjKJ-3GH9XsM,OK,78733,471570221304015
6335.145,35.1439641,-90.0517892,ChIJL-0zBZR-1YcRj7p5p1WY4-g,OK,494960,471570099011030
6335.145,35.1439641,-90.0517892,ChIJL-0zBZR-1YcRj7p5p1WY4-g,OK,494960,471570099011030
6544.061,35.1450994,-90.0538646,ChIJne6_s5V-1YcRn_LPaqiwhrk,OK,500414,471570099011030
1614.33,35.0614623,-89.8536277,ChIJ4TWJkTWFf4gRbkNZYfkF9Jw,OK,155959,471570217251009
1614.33,35.0614623,-89.8536277,ChIJ4TWJkTWFf4gRbkNZYfkF9Jw,OK,155959,471570217251009
2385.268,35.0512763,-89.8427476,ChIJ7VPJ3q-af4gRdxERIyaZ0gk,OK,165963,471570217251009
2941.122,35.0477573,-89.86637909999999,ChIJ5_0L5VyFf4gR4HBEwl6nmRE,OK,175420,471570217414016
2941.122,35.0477573,-89.86637909999999,ChIJ5_0L5VyFf4gR4HBEwl6nmRE,OK,175420,471570217414016
3511.959,35.050596,-89.869556,ChIJQ4vLA2iFf4gRyyCo3ihKH44,OK,214149,471570217414016
1508.385,35.1546312,-89.79260459999999,ChIJ8UeuSEecf4gRniit7ubZLtM,OK,110699,471570211252000
1508.385,35.1546312,-89.79260459999999,ChIJ8UeuSEecf4gRniit7ubZLtM,OK,110699,471570211252000
1888.273,35.14868459999999,-89.7948203,ChIJ4w9Lr2qcf4gRHdzl9FciAFM,OK,130199,471570211252000
4537.271,35.1490317,-90.0140679,ChIJw3q9_xV-1YcRqrte6yBn1CI,OK,237163,471570019001009
4537.271,35.1490317,-90.0140679,ChIJw3q9_xV-1YcRqrte6yBn1CI,OK,237163,471570019001009
5259.509,35.1444038,-90.0168571,ChIJufYEjhR-1YcREff46W6Lons,OK,284516,471570019001009
1181.11,35.1507888,-89.977317,ChIJdVWrOuqAf4gR-V7s1E3qo7g,OK,69406,471570009001031
1181.11,35.1507888,-89.977317,ChIJdVWrOuqAf4gR-V7s1E3qo7g,OK,69406,471570009001031
2113.819,35.17410499999999,-89.97575479999999,ChIJmfYTGFmAf4gRHGKCaD0qCtI,OK,125360,471570009001031
1110.535,35.14859919999999,-89.91828060000002,ChIJRflgf-eDf4gRHX_XNYKER-s,OK,95430,471570087004004
1110.535,35.14859919999999,-89.91828060000002,ChIJRflgf-eDf4gRHX_XNYKER-s,OK,95430,471570087004004
2437.9,35.1489345,-89.89838259999999,ChIJaTBvX72Df4gRiyFT0LQMnrQ,OK,172869,471570087004004
1204.592,35.14859919999999,-89.91828060000002,ChIJRflgf-eDf4gRHX_XNYKER-s,OK,101882,471570087004013
1204.592,35.14859919999999,-89.91828060000002,ChIJRflgf-eDf4gRHX_XNYKER-s,OK,101882,471570087004013
1838.594,35.1489345,-89.89838259999999,ChIJaTBvX72Df4gRiyFT0LQMnrQ,OK,139525,471570087004013
1815.499,35.0220022,-89.82947999999999,ChIJxT9DeWuQf4gRf6HLF5uJHd0,OK,136280,471570217472001
1815.499,35.0220022,-89.82947999999999,ChIJxT9DeWuQf4gRf6HLF5uJHd0,OK,136280,471570217472001
2357.589,35.0078094,-89.83044679999999,ChIJpwHMo0eQf4gRIqmNFjWLuW4,OK,165258,471570217472001
3624.537,35.14868459999999,-89.7948203,ChIJ4w9Lr2qcf4gRHdzl9FciAFM,OK,219405,471570211401005
3624.537,35.14868459999999,-89.7948203,ChIJ4w9Lr2qcf4gRHdzl9FciAFM,OK,219405,471570211401005
4390.699,35.1546312,-89.79260459999999,ChIJ8UeuSEecf4gRniit7ubZLtM,OK,240104,471570211401005
2652.062,35.1490317,-90.0140679,ChIJw3q9_xV-1YcRqrte6yBn1CI,OK,166039,471570020002000
2652.062,35.1490317,-90.0140679,ChIJw3q9_xV-1YcRqrte6yBn1CI,OK,166039,471570020002000
2967.548,35.1444038,-90.0168571,ChIJufYEjhR-1YcREff46W6Lons,OK,208580,471570020002000
1983.885,35.1490317,-90.0140679,ChIJw3q9_xV-1YcRqrte6yBn1CI,OK,126033,471570024001010
1983.885,35.1490317,-90.0140679,ChIJw3q9_xV-1YcRqrte6yBn1CI,OK,126033,471570024001010
2706.123,35.1444038,-90.0168571,ChIJufYEjhR-1YcREff46W6Lons,OK,173386,471570024001010
1681.048,35.1490317,-90.0140679,ChIJw3q9_xV-1YcRqrte6yBn1CI,OK,107978,471570024001002
1681.048,35.1490317,-90.0140679,ChIJw3q9_xV-1YcRqrte6yBn1CI,OK,107978,471570024001002
2403.286,35.1444038,-90.0168571,ChIJufYEjhR-1YcREff46W6Lons,OK,155331,471570024001002
1775.342,35.1490317,-90.0140679,ChIJw3q9_xV-1YcRqrte6yBn1CI,OK,116488,471570112003009
1775.342,35.1490317,-90.0140679,ChIJw3q9_xV-1YcRqrte6yBn1CI,OK,116488,471570112003009
2497.579,35.1444038,-90.0168571,ChIJufYEjhR-1YcREff46W6Lons,OK,163841,471570112003009
1045.175,35.1490317,-90.0140679,ChIJw3q9_xV-1YcRqrte6yBn1CI,OK,81712,471570025001043
1045.175,35.1490317,-90.0140679,ChIJw3q9_xV-1YcRqrte6yBn1CI,OK,81712,471570025001043
1767.413,35.1444038,-90.0168571,ChIJufYEjhR-1YcREff46W6Lons,OK,129065,471570025001043
1510.741,35.1444038,-90.0168571,ChIJufYEjhR-1YcREff46W6Lons,OK,98206,471570024003003
1510.741,35.1444038,-90.0168571,ChIJufYEjhR-1YcREff46W6Lons,OK,98206,471570024003003
2158.425,35.1490317,-90.0140679,ChIJw3q9_xV-1YcRqrte6yBn1CI,OK,132140,471570024003003
1891.164,35.109859,-89.99141100000001,ChIJs6JbpFyHf4gR9O01gG0a7fQ,OK,112994,471570062001027
1891.164,35.109859,-89.99141100000001,ChIJs6JbpFyHf4gR9O01gG0a7fQ,OK,112994,471570062001027
1748.794,35.1157645,-90.022279,ChIJwZqBNMN91YcRRpdDvj5Pcr8,OK,120776,471570062001027
3960.919,35.1546312,-89.79260459999999,ChIJ8UeuSEecf4gRniit7ubZLtM,OK,284696,471570211262000
3960.919,35.1546312,-89.79260459999999,ChIJ8UeuSEecf4gRniit7ubZLtM,OK,284696,471570211262000
4340.807,35.14868459999999,-89.7948203,ChIJ4w9Lr2qcf4gRHdzl9FciAFM,OK,304196,471570211262000
1168.605,35.1444038,-90.0168571,ChIJufYEjhR-1YcREff46W6Lons,OK,94392,471570038001018
1168.605,35.1444038,-90.0168571,ChIJufYEjhR-1YcREff46W6Lons,OK,94392,471570038001018
1805.232,35.1490317,-90.0140679,ChIJw3q9_xV-1YcRqrte6yBn1CI,OK,119731,471570038001018
930.878,35.1444038,-90.0168571,ChIJufYEjhR-1YcREff46W6Lons,OK,77276,471570038001019
930.878,35.1444038,-90.0168571,ChIJufYEjhR-1YcREff46W6Lons,OK,77276,471570038001019
1567.505,35.1490317,-90.0140679,ChIJw3q9_xV-1YcRqrte6yBn1CI,OK,102615,471570038001019
2459.678,35.1157645,-90.022279,ChIJwZqBNMN91YcRRpdDvj5Pcr8,OK,147908,471570037001030
2459.678,35.1157645,-90.022279,ChIJwZqBNMN91YcRRpdDvj5Pcr8,OK,147908,471570037001030
2539.186,35.1444038,-90.0168571,ChIJufYEjhR-1YcREff46W6Lons,OK,156102,471570037001030
1622.522,35.125222,-90.048147,ChIJ9cKdtid81YcRKs9h6RjzQzw,OK,118461,471570046001054
1622.522,35.125222,-90.048147,ChIJ9cKdtid81YcRKs9h6RjzQzw,OK,118461,471570046001054
1624.336,35.1251709,-90.0481695,ChIJybIJtCd81YcR9Otxws-5qCM,OK,118561,471570046001054
1022.122,35.1546312,-89.79260459999999,ChIJ8UeuSEecf4gRniit7ubZLtM,OK,72385,471570211252020
1022.122,35.1546312,-89.79260459999999,ChIJ8UeuSEecf4gRniit7ubZLtM,OK,72385,471570211252020
1402.01,35.14868459999999,-89.7948203,ChIJ4w9Lr2qcf4gRHdzl9FciAFM,OK,91885,471570211252020
1702.875,35.1157645,-90.022279,ChIJwZqBNMN91YcRRpdDvj5Pcr8,OK,133727,471570046001050
1702.875,35.1157645,-90.022279,ChIJwZqBNMN91YcRRpdDvj5Pcr8,OK,133727,471570046001050
2423.995,35.1087458,-90.0211918,ChIJe6w2EsF91YcRquzVZc8M0-I,OK,175117,471570046001050
2491.37,35.1157645,-90.022279,ChIJwZqBNMN91YcRRpdDvj5Pcr8,OK,134961,471570046001033
2491.37,35.1157645,-90.022279,ChIJwZqBNMN91YcRRpdDvj5Pcr8,OK,134961,471570046001033
2807.193,35.1444038,-90.0168571,ChIJufYEjhR-1YcREff46W6Lons,OK,157103,471570046001033
731.222,35.1444038,-90.0168571,ChIJufYEjhR-1YcREff46W6Lons,OK,59477,471570036002020
731.222,35.1444038,-90.0168571,ChIJufYEjhR-1YcREff46W6Lons,OK,59477,471570036002020
1183.366,35.1490317,-90.0140679,ChIJw3q9_xV-1YcRqrte6yBn1CI,OK,82583,471570036002020
1447.694,35.1546312,-89.79260459999999,ChIJ8UeuSEecf4gRniit7ubZLtM,OK,101161,471570211252001
1447.694,35.1546312,-89.79260459999999,ChIJ8UeuSEecf4gRniit7ubZLtM,OK,101161,471570211252001
1827.582,35.14868459999999,-89.7948203,ChIJ4w9Lr2qcf4gRHdzl9FciAFM,OK,120661,471570211252001
2331.176,35.1251709,-90.0481695,ChIJybIJtCd81YcR9Otxws-5qCM,OK,119372,471570117001027
2331.176,35.1251709,-90.0481695,ChIJybIJtCd81YcR9Otxws-5qCM,OK,119372,471570117001027
2332.99,35.125222,-90.048147,ChIJ9cKdtid81YcRKs9h6RjzQzw,OK,119473,471570117001027
1922.461,35.1251709,-90.0481695,ChIJybIJtCd81YcR9Otxws-5qCM,OK,106372,471570043001079
1922.461,35.1251709,-90.0481695,ChIJybIJtCd81YcR9Otxws-5qCM,OK,106372,471570043001079
1924.275,35.125222,-90.048147,ChIJ9cKdtid81YcRKs9h6RjzQzw,OK,106473,471570043001079
2392.178,35.1251709,-90.0481695,ChIJybIJtCd81YcR9Otxws-5qCM,OK,137875,471570117001031
2392.178,35.1251709,-90.0481695,ChIJybIJtCd81YcR9Otxws-5qCM,OK,137875,471570117001031
2393.993,35.125222,-90.048147,ChIJ9cKdtid81YcRKs9h6RjzQzw,OK,137976,471570117001031
2330.289,35.098685,-90.05664899999999,ChIJ31qwBkJ81YcRk2V5pdmdhrM,OK,145177,471570117001110
2330.289,35.098685,-90.05664899999999,ChIJ31qwBkJ81YcRk2V5pdmdhrM,OK,145177,471570117001110
2762.198,35.1251709,-90.0481695,ChIJybIJtCd81YcR9Otxws-5qCM,OK,169907,471570117001110
2624.858,35.095133,-90.05542799999999,ChIJATnUo0J81YcRpbAuNwXeqRw,OK,241500,471570053002028
2786.261,35.098685,-90.05664899999999,ChIJ31qwBkJ81YcRk2V5pdmdhrM,OK,250439,471570053002028
2786.261,35.098685,-90.05664899999999,ChIJ31qwBkJ81YcRk2V5pdmdhrM,OK,250439,471570053002028
1937.187,35.098685,-90.05664899999999,ChIJ31qwBkJ81YcRk2V5pdmdhrM,OK,119536,471570117001102
1937.187,35.098685,-90.05664899999999,ChIJ31qwBkJ81YcRk2V5pdmdhrM,OK,119536,471570117001102
2326.179,35.095133,-90.05542799999999,ChIJATnUo0J81YcRpbAuNwXeqRw,OK,141080,471570117001102
983.975,35.14859919999999,-89.91828060000002,ChIJRflgf-eDf4gRHX_XNYKER-s,OK,69331,471570087004014
983.975,35.14859919999999,-89.91828060000002,ChIJRflgf-eDf4gRHX_XNYKER-s,OK,69331,471570087004014
1168.452,35.1489345,-89.89838259999999,ChIJaTBvX72Df4gRiyFT0LQMnrQ,OK,78204,471570087004014
5576.263,35.0614623,-89.8536277,ChIJ4TWJkTWFf4gRbkNZYfkF9Jw,OK,345912,471570214303024
5576.263,35.0614623,-89.8536277,ChIJ4TWJkTWFf4gRbkNZYfkF9Jw,OK,345912,471570214303024
5661.034,35.0512763,-89.8427476,ChIJ7VPJ3q-af4gRdxERIyaZ0gk,OK,352100,471570214303024
1731.592,35.14859919999999,-89.91828060000002,ChIJRflgf-eDf4gRHX_XNYKER-s,OK,129342,471570029001008
1731.592,35.14859919999999,-89.91828060000002,ChIJRflgf-eDf4gRHX_XNYKER-s,OK,129342,471570029001008
2111.24,35.14981359999999,-89.94918609999999,ChIJVdGBGRaBf4gRsi89Rzqn8W4,OK,169507,471570029001008
5953.717,35.0614623,-89.8536277,ChIJ4TWJkTWFf4gRbkNZYfkF9Jw,OK,386596,471570213202007
5953.717,35.0614623,-89.8536277,ChIJ4TWJkTWFf4gRbkNZYfkF9Jw,OK,386596,471570213202007
6038.488,35.0512763,-89.8427476,ChIJ7VPJ3q-af4gRdxERIyaZ0gk,OK,392784,471570213202007
3056.518,35.14859919999999,-89.91828060000002,ChIJRflgf-eDf4gRHX_XNYKER-s,OK,161271,471570086001010
3056.518,35.14859919999999,-89.91828060000002,ChIJRflgf-eDf4gRHX_XNYKER-s,OK,161271,471570086001010
6047.086,35.14981359999999,-89.94918609999999,ChIJVdGBGRaBf4gRsi89Rzqn8W4,OK,293650,471570086001010
6062.179,35.0614623,-89.8536277,ChIJ4TWJkTWFf4gRbkNZYfkF9Jw,OK,395746,471570213122010
6062.179,35.0614623,-89.8536277,ChIJ4TWJkTWFf4gRbkNZYfkF9Jw,OK,395746,471570213122010
6146.951,35.0512763,-89.8427476,ChIJ7VPJ3q-af4gRdxERIyaZ0gk,OK,401934,471570213122010
1420.813,35.14859919999999,-89.91828060000002,ChIJRflgf-eDf4gRHX_XNYKER-s,OK,92049,471570086001018
1420.813,35.14859919999999,-89.91828060000002,ChIJRflgf-eDf4gRHX_XNYKER-s,OK,92049,471570086001018
2447.38,35.14981359999999,-89.94918609999999,ChIJVdGBGRaBf4gRsi89Rzqn8W4,OK,132911,471570086001018
1573.408,35.14859919999999,-89.91828060000002,ChIJRflgf-eDf4gRHX_XNYKER-s,OK,134682,471570086001019
1573.408,35.14859919999999,-89.91828060000002,ChIJRflgf-eDf4gRHX_XNYKER-s,OK,134682,471570086001019
2900.773,35.1489345,-89.89838259999999,ChIJaTBvX72Df4gRiyFT0LQMnrQ,OK,212121,471570086001019
1887.44,35.14859919999999,-89.91828060000002,ChIJRflgf-eDf4gRHX_XNYKER-s,OK,121102,471570086001023
1887.44,35.14859919999999,-89.91828060000002,ChIJRflgf-eDf4gRHX_XNYKER-s,OK,121102,471570086001023
2914.006,35.14981359999999,-89.94918609999999,ChIJVdGBGRaBf4gRsi89Rzqn8W4,OK,161964,471570086001023
2517.115,35.14859919999999,-89.91828060000002,ChIJRflgf-eDf4gRHX_XNYKER-s,OK,175635,471570029004002
2517.115,35.14859919999999,-89.91828060000002,ChIJRflgf-eDf4gRHX_XNYKER-s,OK,175635,471570029004002
3543.682,35.14981359999999,-89.94918609999999,ChIJVdGBGRaBf4gRsi89Rzqn8W4,OK,216497,471570029004002
1332.963,35.104197,-89.98335349999999,ChIJNST6hGqHf4gR0Mml4gyjQWk,OK,93502,471570069003014
1332.963,35.104197,-89.98335349999999,ChIJNST6hGqHf4gR0Mml4gyjQWk,OK,93502,471570069003014
1445.961,35.107529,-89.9862127,ChIJ0WGfSUKHf4gRjDLrfGQwCV4,OK,104623,471570069003014
2606.083,35.14859919999999,-89.91828060000002,ChIJRflgf-eDf4gRHX_XNYKER-s,OK,186311,471570086001026
2606.083,35.14859919999999,-89.91828060000002,ChIJRflgf-eDf4gRHX_XNYKER-s,OK,186311,471570086001026
3632.65,35.14981359999999,-89.94918609999999,ChIJVdGBGRaBf4gRsi89Rzqn8W4,OK,227173,471570086001026
2387.56,35.14859919999999,-89.91828060000002,ChIJRflgf-eDf4gRHX_XNYKER-s,OK,160088,471570086001024
2387.56,35.14859919999999,-89.91828060000002,ChIJRflgf-eDf4gRHX_XNYKER-s,OK,160088,471570086001024
3414.126,35.14981359999999,-89.94918609999999,ChIJVdGBGRaBf4gRsi89Rzqn8W4,OK,200950,471570086001024
2547.85,35.14859919999999,-89.91828060000002,ChIJRflgf-eDf4gRHX_XNYKER-s,OK,172561,471570086002031
2547.85,35.14859919999999,-89.91828060000002,ChIJRflgf-eDf4gRHX_XNYKER-s,OK,172561,471570086002031
3574.417,35.14981359999999,-89.94918609999999,ChIJVdGBGRaBf4gRsi89Rzqn8W4,OK,213423,471570086002031
2639.414,35.14859919999999,-89.91828060000002,ChIJRflgf-eDf4gRHX_XNYKER-s,OK,190311,471570029004020
2639.414,35.14859919999999,-89.91828060000002,ChIJRflgf-eDf4gRHX_XNYKER-s,OK,190311,471570029004020
3665.981,35.14981359999999,-89.94918609999999,ChIJVdGBGRaBf4gRsi89Rzqn8W4,OK,231173,471570029004020
2162.501,35.1087458,-90.0211918,ChIJe6w2EsF91YcRquzVZc8M0-I,OK,153855,471570078102049
2162.501,35.1087458,-90.0211918,ChIJe6w2EsF91YcRquzVZc8M0-I,OK,153855,471570078102049
2163.142,35.10874099999999,-90.021185,ChIJrVbiDcF91YcRG9TBOTpHc3I,OK,153932,471570078102049
2420.35,35.14859919999999,-89.91828060000002,ChIJRflgf-eDf4gRHX_XNYKER-s,OK,151331,471570086002027
2420.35,35.14859919999999,-89.91828060000002,ChIJRflgf-eDf4gRHX_XNYKER-s,OK,151331,471570086002027
3446.917,35.14981359999999,-89.94918609999999,ChIJVdGBGRaBf4gRsi89Rzqn8W4,OK,192193,471570086002027
1312.364,35.14859919999999,-89.91828060000002,ChIJRflgf-eDf4gRHX_XNYKER-s,OK,103358,471570086001020
1312.364,35.14859919999999,-89.91828060000002,ChIJRflgf-eDf4gRHX_XNYKER-s,OK,103358,471570086001020
2639.728,35.1489345,-89.89838259999999,ChIJaTBvX72Df4gRiyFT0LQMnrQ,OK,180797,471570086001020
2174.439,35.1087458,-90.0211918,ChIJe6w2EsF91YcRquzVZc8M0-I,OK,154715,471570078102069
2174.439,35.1087458,-90.0211918,ChIJe6w2EsF91YcRquzVZc8M0-I,OK,154715,471570078102069
2175.08,35.10874099999999,-90.021185,ChIJrVbiDcF91YcRG9TBOTpHc3I,OK,154792,471570078102069
2304.401,35.14859919999999,-89.91828060000002,ChIJRflgf-eDf4gRHX_XNYKER-s,OK,126874,471570086001012
2304.401,35.14859919999999,-89.91828060000002,ChIJRflgf-eDf4gRHX_XNYKER-s,OK,126874,471570086001012
4185.057,35.1489345,-89.89838259999999,ChIJaTBvX72Df4gRiyFT0LQMnrQ,OK,212449,471570086001012
1647.556,35.14859919999999,-89.91828060000002,ChIJRflgf-eDf4gRHX_XNYKER-s,OK,136310,471570086001027
1647.556,35.14859919999999,-89.91828060000002,ChIJRflgf-eDf4gRHX_XNYKER-s,OK,136310,471570086001027
2974.92,35.1489345,-89.89838259999999,ChIJaTBvX72Df4gRiyFT0LQMnrQ,OK,213749,471570086001027
3227.672,35.14859919999999,-89.91828060000002,ChIJRflgf-eDf4gRHX_XNYKER-s,OK,211028,471570086002030
2119.832,35.0854368,-89.89541919999999,ChIJf5cc-VKEf4gRF-lYLgijYQQ,OK,162806,471570097001005
3014.632,35.0745932,-89.9204618,ChIJPX58KNGFf4gRLgBWAHPwusk,OK,214043,471570097001005
3014.632,35.0745932,-89.9204618,ChIJPX58KNGFf4gRLgBWAHPwusk,OK,214043,471570097001005
2831.787,35.063996,-89.90690699999999,ChIJn51vcb-Ff4gRvoXU4r8swrw,OK,217557,471570097001006
3101.028,35.0745932,-89.9204618,ChIJPX58KNGFf4gRLgBWAHPwusk,OK,224410,471570097001006
3101.028,35.0745932,-89.9204618,ChIJPX58KNGFf4gRLgBWAHPwusk,OK,224410,471570097001006
1676.039,35.0854368,-89.89541919999999,ChIJf5cc-VKEf4gRF-lYLgijYQQ,OK,115631,471570097002018
1676.039,35.0854368,-89.89541919999999,ChIJf5cc-VKEf4gRF-lYLgijYQQ,OK,115631,471570097002018
2907.281,35.0745932,-89.9204618,ChIJPX58KNGFf4gRLgBWAHPwusk,OK,201161,471570097002018
1471.695,35.0854368,-89.89541919999999,ChIJf5cc-VKEf4gRF-lYLgijYQQ,OK,100751,471570097002008
1471.695,35.0854368,-89.89541919999999,ChIJf5cc-VKEf4gRF-lYLgijYQQ,OK,100751,471570097002008
2510.326,35.063996,-89.90690699999999,ChIJn51vcb-Ff4gRvoXU4r8swrw,OK,178984,471570097002008
2038.435,35.0854368,-89.89541919999999,ChIJf5cc-VKEf4gRF-lYLgijYQQ,OK,153039,471570097001004
2038.435,35.0854368,-89.89541919999999,ChIJf5cc-VKEf4gRF-lYLgijYQQ,OK,153039,471570097001004
2663.995,35.063996,-89.90690699999999,ChIJn51vcb-Ff4gRvoXU4r8swrw,OK,197423,471570097001004
1248.37,35.223866,-89.90499,ChIJJRXCRJh4f4gRcTFbl9qZzNM,OK,112452,471570205323008
1248.37,35.223866,-89.90499,ChIJJRXCRJh4f4gRcTFbl9qZzNM,OK,112452,471570205323008
2258.112,35.2158947,-89.9151158,ChIJxetq6ad4f4gRD1K1cIBWUQ4,OK,119606,471570205323008
2103.102,35.0854368,-89.89541919999999,ChIJf5cc-VKEf4gRF-lYLgijYQQ,OK,160800,471570097001000
2728.662,35.063996,-89.90690699999999,ChIJn51vcb-Ff4gRvoXU4r8swrw,OK,205184,471570097001000
2728.662,35.063996,-89.90690699999999,ChIJn51vcb-Ff4gRvoXU4r8swrw,OK,205184,471570097001000
1384.89,35.0854368,-89.89541919999999,ChIJf5cc-VKEf4gRF-lYLgijYQQ,OK,95588,471570097002007
1384.89,35.0854368,-89.89541919999999,ChIJf5cc-VKEf4gRF-lYLgijYQQ,OK,95588,471570097002007
2421.963,35.063996,-89.90690699999999,ChIJn51vcb-Ff4gRvoXU4r8swrw,OK,168381,471570097002007
3086.203,35.063996,-89.90690699999999,ChIJn51vcb-Ff4gRvoXU4r8swrw,OK,248085,471570097001008
3355.444,35.0745932,-89.9204618,ChIJPX58KNGFf4gRLgBWAHPwusk,OK,254938,471570097001008
3355.444,35.0745932,-89.9204618,ChIJPX58KNGFf4gRLgBWAHPwusk,OK,254938,471570097001008
2162.469,35.0878609,-89.931612,ChIJ78kLm4aGf4gRhPZ5eF_7ojg,OK,146825,471570097001002
3958.083,35.0757114,-89.9271675,ChIJ-d7FIHmGf4gR6Aa1VQWm0ps,OK,255081,471570097001002
3958.083,35.0757114,-89.9271675,ChIJ-d7FIHmGf4gR6Aa1VQWm0ps,OK,255081,471570097001002
2919.965,35.063996,-89.90690699999999,ChIJn51vcb-Ff4gRvoXU4r8swrw,OK,228138,471570097001007
3189.206,35.0745932,-89.9204618,ChIJPX58KNGFf4gRLgBWAHPwusk,OK,234991,471570097001007
3189.206,35.0745932,-89.9204618,ChIJPX58KNGFf4gRLgBWAHPwusk,OK,234991,471570097001007
2099.635,35.0854368,-89.89541919999999,ChIJf5cc-VKEf4gRF-lYLgijYQQ,OK,126125,471570107101002
2099.635,35.0854368,-89.89541919999999,ChIJf5cc-VKEf4gRF-lYLgijYQQ,OK,126125,471570107101002
4006.917,35.062945,-89.90568519999999,ChIJjxj9mL-Ff4gRoOEx9OzDyxs,OK,234736,471570107101002
806.753,35.0854368,-89.89541919999999,ChIJf5cc-VKEf4gRF-lYLgijYQQ,OK,68315,471570097002000
806.753,35.0854368,-89.89541919999999,ChIJf5cc-VKEf4gRF-lYLgijYQQ,OK,68315,471570097002000
3484.973,35.062945,-89.90568519999999,ChIJjxj9mL-Ff4gRoOEx9OzDyxs,OK,217079,471570097002000
2339.16,35.0854368,-89.89541919999999,ChIJf5cc-VKEf4gRF-lYLgijYQQ,OK,117761,471570097002015
2339.16,35.0854368,-89.89541919999999,ChIJf5cc-VKEf4gRF-lYLgijYQQ,OK,117761,471570097002015
2230.711,35.062945,-89.90568519999999,ChIJjxj9mL-Ff4gRoOEx9OzDyxs,OK,118770,471570097002015
3720.665,35.0745932,-89.9204618,ChIJPX58KNGFf4gRLgBWAHPwusk,OK,192352,471570106101000
3720.665,35.0745932,-89.9204618,ChIJPX58KNGFf4gRLgBWAHPwusk,OK,192352,471570106101000
6403.977,35.0854368,-89.89541919999999,ChIJf5cc-VKEf4gRF-lYLgijYQQ,OK,306350,471570106101000
1231.286,35.062945,-89.90568519999999,ChIJjxj9mL-Ff4gRoOEx9OzDyxs,OK,89838,471570106101033
1231.286,35.062945,-89.90568519999999,ChIJjxj9mL-Ff4gRoOEx9OzDyxs,OK,89838,471570106101033
1217.648,35.063996,-89.90690699999999,ChIJn51vcb-Ff4gRvoXU4r8swrw,OK,103988,471570106101033
1196.701,35.051879,-89.95322299999999,ChIJtbdkhjqGf4gRndtG1KtFnTA,OK,84850,471570105001025
1196.701,35.051879,-89.95322299999999,ChIJtbdkhjqGf4gRndtG1KtFnTA,OK,84850,471570105001025
1299.843,35.06591589999999,-89.94154240000002,ChIJTUcfL2qGf4gRH4x-pmmajWw,OK,95995,471570105001025
1401.391,35.06591589999999,-89.94154240000002,ChIJTUcfL2qGf4gRH4x-pmmajWw,OK,111950,471570105001023
1401.391,35.06591589999999,-89.94154240000002,ChIJTUcfL2qGf4gRH4x-pmmajWw,OK,111950,471570105001023
1847.671,35.051879,-89.95322299999999,ChIJtbdkhjqGf4gRndtG1KtFnTA,OK,127663,471570105001023
1438.962,35.05905920000001,-89.9340455,ChIJM89Mbw2Gf4gRFqf4fPnKU7k,OK,78435,471570105001040
1438.962,35.05905920000001,-89.9340455,ChIJM89Mbw2Gf4gRFqf4fPnKU7k,OK,78435,471570105001040
1484.178,35.0515544,-89.92255089999999,ChIJG_UFGuOFf4gRyHNDzwp5is0,OK,81250,471570105001040
439.245,35.06591589999999,-89.94154240000002,ChIJTUcfL2qGf4gRH4x-pmmajWw,OK,43724,471570105001011
439.245,35.06591589999999,-89.94154240000002,ChIJTUcfL2qGf4gRH4x-pmmajWw,OK,43724,471570105001011
1522.403,35.05905920000001,-89.9340455,ChIJM89Mbw2Gf4gRFqf4fPnKU7k,OK,87455,471570105001011
278.382,35.05905920000001,-89.9340455,ChIJM89Mbw2Gf4gRFqf4fPnKU7k,OK,34014,471570105001020
278.382,35.05905920000001,-89.9340455,ChIJM89Mbw2Gf4gRFqf4fPnKU7k,OK,34014,471570105001020
1563.273,35.0515544,-89.92255089999999,ChIJG_UFGuOFf4gRyHNDzwp5is0,OK,99873,471570105001020
959.087,35.05905920000001,-89.9340455,ChIJM89Mbw2Gf4gRFqf4fPnKU7k,OK,66253,471570105001039
959.087,35.05905920000001,-89.9340455,ChIJM89Mbw2Gf4gRFqf4fPnKU7k,OK,66253,471570105001039
1919.996,35.0515544,-89.92255089999999,ChIJG_UFGuOFf4gRyHNDzwp5is0,OK,115452,471570105001039
1494.04,35.108097,-89.941227,ChIJwxJT-r6Gf4gRhLDuFpyb128,OK,111294,471570070002012
1494.04,35.108097,-89.941227,ChIJwxJT-r6Gf4gRhLDuFpyb128,OK,111294,471570070002012
1691.477,35.1161637,-89.9446263,ChIJ-ZiED8iGf4gR32IlfgDBKWY,OK,146183,471570070002012
2253.968,35.09464699999999,-89.9708677,ChIJx5uAuBqHf4gRze5MKc5WJFI,OK,154547,471570079002002
2253.968,35.09464699999999,-89.9708677,ChIJx5uAuBqHf4gRze5MKc5WJFI,OK,154547,471570079002002
2452.378,35.1161637,-89.9446263,ChIJ-ZiED8iGf4gR32IlfgDBKWY,OK,162241,471570079002002
1608.716,35.108097,-89.941227,ChIJwxJT-r6Gf4gRhLDuFpyb128,OK,125054,471570070002013
1608.716,35.108097,-89.941227,ChIJwxJT-r6Gf4gRhLDuFpyb128,OK,125054,471570070002013
1583.021,35.1161637,-89.9446263,ChIJ-ZiED8iGf4gR32IlfgDBKWY,OK,133169,471570070002013
2256.356,35.09464699999999,-89.9708677,ChIJx5uAuBqHf4gRze5MKc5WJFI,OK,153131,471570079002007
2256.356,35.09464699999999,-89.9708677,ChIJx5uAuBqHf4gRze5MKc5WJFI,OK,153131,471570079002007
2555.918,35.086634,-89.96355199999999,ChIJW0XU3AGHf4gRINnmxvx9m5A,OK,169755,471570079002007
1817.043,35.108097,-89.941227,ChIJwxJT-r6Gf4gRhLDuFpyb128,OK,137091,471570079001007
1817.043,35.108097,-89.941227,ChIJwxJT-r6Gf4gRhLDuFpyb128,OK,137091,471570079001007
2420.746,35.1161637,-89.9446263,ChIJ-ZiED8iGf4gR32IlfgDBKWY,OK,177127,471570079001007
1449.245,35.09464699999999,-89.9708677,ChIJx5uAuBqHf4gRze5MKc5WJFI,OK,103335,471570079005006
1449.245,35.09464699999999,-89.9708677,ChIJx5uAuBqHf4gRze5MKc5WJFI,OK,103335,471570079005006
1748.806,35.086634,-89.96355199999999,ChIJW0XU3AGHf4gRINnmxvx9m5A,OK,119959,471570079005006
1907.614,35.09464699999999,-89.9708677,ChIJx5uAuBqHf4gRze5MKc5WJFI,OK,133918,471570079002008
1907.614,35.09464699999999,-89.9708677,ChIJx5uAuBqHf4gRze5MKc5WJFI,OK,133918,471570079002008
2207.175,35.086634,-89.96355199999999,ChIJW0XU3AGHf4gRINnmxvx9m5A,OK,150542,471570079002008
1421.925,35.09464699999999,-89.9708677,ChIJx5uAuBqHf4gRze5MKc5WJFI,OK,100057,471570079005007
1721.486,35.086634,-89.96355199999999,ChIJW0XU3AGHf4gRINnmxvx9m5A,OK,116681,471570079005007
1721.486,35.086634,-89.96355199999999,ChIJW0XU3AGHf4gRINnmxvx9m5A,OK,116681,471570079005007
1818.044,35.09464699999999,-89.9708677,ChIJx5uAuBqHf4gRze5MKc5WJFI,OK,123170,471570079002009
1818.044,35.09464699999999,-89.9708677,ChIJx5uAuBqHf4gRze5MKc5WJFI,OK,123170,471570079002009
2117.605,35.086634,-89.96355199999999,ChIJW0XU3AGHf4gRINnmxvx9m5A,OK,139794,471570079002009
1620.216,35.09464699999999,-89.9708677,ChIJx5uAuBqHf4gRze5MKc5WJFI,OK,123851,471570079005005
1620.216,35.09464699999999,-89.9708677,ChIJx5uAuBqHf4gRze5MKc5WJFI,OK,123851,471570079005005
1919.777,35.086634,-89.96355199999999,ChIJW0XU3AGHf4gRINnmxvx9m5A,OK,140475,471570079005005
1087.238,35.086634,-89.96355199999999,ChIJW0XU3AGHf4gRINnmxvx9m5A,OK,74645,471570081201000
1087.238,35.086634,-89.96355199999999,ChIJW0XU3AGHf4gRINnmxvx9m5A,OK,74645,471570081201000
1294.797,35.09464699999999,-89.9708677,ChIJx5uAuBqHf4gRze5MKc5WJFI,OK,88447,471570081201000
1343.31,35.09464699999999,-89.9708677,ChIJx5uAuBqHf4gRze5MKc5WJFI,OK,95949,471570079005008
1642.872,35.086634,-89.96355199999999,ChIJW0XU3AGHf4gRINnmxvx9m5A,OK,112573,471570079005008
1642.872,35.086634,-89.96355199999999,ChIJW0XU3AGHf4gRINnmxvx9m5A,OK,112573,471570079005008
1534.012,35.0841884,-89.97146650000001,ChIJX1vb4AeHf4gRloPQ2o5nDXA,OK,131009,471570081101009
1534.012,35.0841884,-89.97146650000001,ChIJX1vb4AeHf4gRloPQ2o5nDXA,OK,131009,471570081101009
2636.732,35.0904795,-89.96597299999999,ChIJHfaNmAOHf4gR1d8V2K9rfSU,OK,194616,471570081101009
689.622,35.09464699999999,-89.9708677,ChIJx5uAuBqHf4gRze5MKc5WJFI,OK,66520,471570069001012
689.622,35.09464699999999,-89.9708677,ChIJx5uAuBqHf4gRze5MKc5WJFI,OK,66520,471570069001012
1210.83,35.0904795,-89.96597299999999,ChIJHfaNmAOHf4gR1d8V2K9rfSU,OK,103918,471570069001012
581.795,35.09464699999999,-89.9708677,ChIJx5uAuBqHf4gRze5MKc5WJFI,OK,53582,471570069001011
581.795,35.09464699999999,-89.9708677,ChIJx5uAuBqHf4gRze5MKc5WJFI,OK,53582,471570069001011
1275.839,35.0904795,-89.96597299999999,ChIJHfaNmAOHf4gR1d8V2K9rfSU,OK,93104,471570069001011
802.288,35.0841884,-89.97146650000001,ChIJX1vb4AeHf4gRloPQ2o5nDXA,OK,67067,471570081101008
802.288,35.0841884,-89.97146650000001,ChIJX1vb4AeHf4gRloPQ2o5nDXA,OK,67067,471570081101008
1905.009,35.0904795,-89.96597299999999,ChIJHfaNmAOHf4gR1d8V2K9rfSU,OK,130674,471570081101008
1162.291,35.0841884,-89.97146650000001,ChIJX1vb4AeHf4gRloPQ2o5nDXA,OK,91698,471570081102006
1162.291,35.0841884,-89.97146650000001,ChIJX1vb4AeHf4gRloPQ2o5nDXA,OK,91698,471570081102006
2265.011,35.0904795,-89.96597299999999,ChIJHfaNmAOHf4gR1d8V2K9rfSU,OK,155305,471570081102006
1214.243,35.0841884,-89.97146650000001,ChIJX1vb4AeHf4gRloPQ2o5nDXA,OK,93390,471570081102007
1214.243,35.0841884,-89.97146650000001,ChIJX1vb4AeHf4gRloPQ2o5nDXA,OK,93390,471570081102007
2316.963,35.0904795,-89.96597299999999,ChIJHfaNmAOHf4gR1d8V2K9rfSU,OK,156997,471570081102007
1290.568,35.0841884,-89.97146650000001,ChIJX1vb4AeHf4gRloPQ2o5nDXA,OK,93740,471570081102013
1290.568,35.0841884,-89.97146650000001,ChIJX1vb4AeHf4gRloPQ2o5nDXA,OK,93740,471570081102013
2181.011,35.0904795,-89.96597299999999,ChIJHfaNmAOHf4gR1d8V2K9rfSU,OK,162409,471570081102013
837.049,35.0841884,-89.97146650000001,ChIJX1vb4AeHf4gRloPQ2o5nDXA,OK,69791,471570081102005
837.049,35.0841884,-89.97146650000001,ChIJX1vb4AeHf4gRloPQ2o5nDXA,OK,69791,471570081102005
1939.769,35.0904795,-89.96597299999999,ChIJHfaNmAOHf4gR1d8V2K9rfSU,OK,133398,471570081102005
545.694,35.0841884,-89.97146650000001,ChIJX1vb4AeHf4gRloPQ2o5nDXA,OK,45084,471570081101006
545.694,35.0841884,-89.97146650000001,ChIJX1vb4AeHf4gRloPQ2o5nDXA,OK,45084,471570081101006
1460.396,35.0904795,-89.96597299999999,ChIJHfaNmAOHf4gR1d8V2K9rfSU,OK,97411,471570081101006
2261.374,35.098685,-90.05664899999999,ChIJ31qwBkJ81YcRk2V5pdmdhrM,OK,141255,471570117001099
2261.374,35.098685,-90.05664899999999,ChIJ31qwBkJ81YcRk2V5pdmdhrM,OK,141255,471570117001099
2650.367,35.095133,-90.05542799999999,ChIJATnUo0J81YcRpbAuNwXeqRw,OK,162799,471570117001099
808.707,35.1913738,-89.8964247,ChIJwQffFF2Cf4gRzaR3rfvt3f4,OK,46473,471570206101004
808.707,35.1913738,-89.8964247,ChIJwQffFF2Cf4gRzaR3rfvt3f4,OK,46473,471570206101004
1092.103,35.192778,-89.895242,ChIJ2ehTh2eCf4gR95JHzr6OIMA,OK,60769,471570206101004
1131.031,35.1913738,-89.8964247,ChIJwQffFF2Cf4gRzaR3rfvt3f4,OK,83470,471570206101011
1131.031,35.1913738,-89.8964247,ChIJwQffFF2Cf4gRzaR3rfvt3f4,OK,83470,471570206101011
1414.427,35.192778,-89.895242,ChIJ2ehTh2eCf4gR95JHzr6OIMA,OK,97766,471570206101011
3366.273,35.2044739,-89.76342459999999,ChIJ3XsJxyKef4gRTeWb3lonWsU,OK,241340,471570211422009
3366.273,35.2044739,-89.76342459999999,ChIJ3XsJxyKef4gRTeWb3lonWsU,OK,241340,471570211422009
5012.718,35.2072684,-89.7827147,ChIJKdJ2xvqdf4gRKLRUePlbOOs,OK,352935,471570211422009
3463.237,35.2045576,-89.81176689999999,ChIJ8ROix4Kdf4gR4Su-1OwAUMo,OK,201491,471570211212009
3463.237,35.2045576,-89.81176689999999,ChIJ8ROix4Kdf4gR4Su-1OwAUMo,OK,201491,471570211212009
4689.633,35.2051043,-89.79754849999999,ChIJpRDMlY2df4gRQqHmUo_lzmc,OK,234249,471570211212009
3326.048,35.2051043,-89.79754849999999,ChIJpRDMlY2df4gRQqHmUo_lzmc,OK,181017,471570211212058
3326.048,35.2051043,-89.79754849999999,ChIJpRDMlY2df4gRQqHmUo_lzmc,OK,181017,471570211212058
3791.017,35.2072684,-89.7827147,ChIJKdJ2xvqdf4gRKLRUePlbOOs,OK,238439,471570211212058
3457.349,35.2045576,-89.81176689999999,ChIJ8ROix4Kdf4gR4Su-1OwAUMo,OK,238662,471570211212071
3457.349,35.2045576,-89.81176689999999,ChIJ8ROix4Kdf4gR4Su-1OwAUMo,OK,238662,471570211212071
4683.746,35.2051043,-89.79754849999999,ChIJpRDMlY2df4gRQqHmUo_lzmc,OK,271420,471570211212071
3546.311,35.2051043,-89.79754849999999,ChIJpRDMlY2df4gRQqHmUo_lzmc,OK,200506,471570211422013
3546.311,35.2051043,-89.79754849999999,ChIJpRDMlY2df4gRQqHmUo_lzmc,OK,200506,471570211422013
4011.281,35.2072684,-89.7827147,ChIJKdJ2xvqdf4gRKLRUePlbOOs,OK,257928,471570211422013
852.471,35.1835367,-89.8717722,ChIJv1U5XuiCf4gRMlXiIrwnbJo,OK,79658,471570206103004
852.471,35.1835367,-89.8717722,ChIJv1U5XuiCf4gRMlXiIrwnbJo,OK,79658,471570206103004
1699.988,35.1927931,-89.86922029999999,ChIJAQAAAMCCf4gRZL0qi0KLjtw,OK,121431,471570206103004
3388.213,35.2051043,-89.79754849999999,ChIJpRDMlY2df4gRQqHmUo_lzmc,OK,189123,471570211422016
3388.213,35.2051043,-89.79754849999999,ChIJpRDMlY2df4gRQqHmUo_lzmc,OK,189123,471570211422016
3853.183,35.2072684,-89.7827147,ChIJKdJ2xvqdf4gRKLRUePlbOOs,OK,246545,471570211422016
1433.443,35.1913738,-89.8964247,ChIJwQffFF2Cf4gRzaR3rfvt3f4,OK,107149,471570206101007
1433.443,35.1913738,-89.8964247,ChIJwQffFF2Cf4gRzaR3rfvt3f4,OK,107149,471570206101007
1716.839,35.192778,-89.895242,ChIJ2ehTh2eCf4gR95JHzr6OIMA,OK,121445,471570206101007
3406.751,35.2045576,-89.81176689999999,ChIJ8ROix4Kdf4gR4Su-1OwAUMo,OK,235722,471570211212041
3406.751,35.2045576,-89.81176689999999,ChIJ8ROix4Kdf4gR4Su-1OwAUMo,OK,235722,471570211212041
4633.148,35.2051043,-89.79754849999999,ChIJpRDMlY2df4gRQqHmUo_lzmc,OK,268480,471570211212041
1957.829,35.1546312,-89.79260459999999,ChIJ8UeuSEecf4gRniit7ubZLtM,OK,153260,471570211261030
1957.829,35.1546312,-89.79260459999999,ChIJ8UeuSEecf4gRniit7ubZLtM,OK,153260,471570211261030
2337.717,35.14868459999999,-89.7948203,ChIJ4w9Lr2qcf4gRHdzl9FciAFM,OK,172760,471570211261030
3192.124,35.2051043,-89.79754849999999,ChIJpRDMlY2df4gRQqHmUo_lzmc,OK,213066,471570211422011
3192.124,35.2051043,-89.79754849999999,ChIJpRDMlY2df4gRQqHmUo_lzmc,OK,213066,471570211422011
3657.094,35.2072684,-89.7827147,ChIJKdJ2xvqdf4gRKLRUePlbOOs,OK,270488,471570211422011
3665.954,35.2051043,-89.79754849999999,ChIJpRDMlY2df4gRQqHmUo_lzmc,OK,209120,471570211422014
3665.954,35.2051043,-89.79754849999999,ChIJpRDMlY2df4gRQqHmUo_lzmc,OK,209120,471570211422014
4130.924,35.2072684,-89.7827147,ChIJKdJ2xvqdf4gRKLRUePlbOOs,OK,266542,471570211422014
3448.395,35.2044739,-89.76342459999999,ChIJ3XsJxyKef4gRTeWb3lonWsU,OK,266525,471570211422008
5094.84,35.2072684,-89.7827147,ChIJKdJ2xvqdf4gRKLRUePlbOOs,OK,378120,471570211422008
5094.84,35.2072684,-89.7827147,ChIJKdJ2xvqdf4gRKLRUePlbOOs,OK,378120,471570211422008
5440.194,35.1439641,-90.0517892,ChIJL-0zBZR-1YcRj7p5p1WY4-g,OK,404125,471570001001029
5440.194,35.1439641,-90.0517892,ChIJL-0zBZR-1YcRj7p5p1WY4-g,OK,404125,471570001001029
5649.11,35.1450994,-90.0538646,ChIJne6_s5V-1YcRn_LPaqiwhrk,OK,409579,471570001001029
3392.847,35.1546312,-89.79260459999999,ChIJ8UeuSEecf4gRniit7ubZLtM,OK,204723,471570211213014
3392.847,35.1546312,-89.79260459999999,ChIJ8UeuSEecf4gRniit7ubZLtM,OK,204723,471570211213014
3456.496,35.2051043,-89.79754849999999,ChIJpRDMlY2df4gRQqHmUo_lzmc,OK,209843,471570211213014
4845.209,35.1439641,-90.0517892,ChIJL-0zBZR-1YcRj7p5p1WY4-g,OK,351853,471570001002019
4845.209,35.1439641,-90.0517892,ChIJL-0zBZR-1YcRj7p5p1WY4-g,OK,351853,471570001002019
5054.125,35.1450994,-90.0538646,ChIJne6_s5V-1YcRn_LPaqiwhrk,OK,357307,471570001002019
4051.3,35.1738374,-89.98954379999999,ChIJ_S0BIGOAf4gRU3Ph4W65cOQ,OK,228350,471570004001006
4051.3,35.1738374,-89.98954379999999,ChIJ_S0BIGOAf4gRU3Ph4W65cOQ,OK,228350,471570004001006
4538.347,35.1490317,-90.0140679,ChIJw3q9_xV-1YcRqrte6yBn1CI,OK,229204,471570004001006
2694.181,35.17410499999999,-89.97575479999999,ChIJmfYTGFmAf4gRHGKCaD0qCtI,OK,203870,471570111002005
2694.181,35.17410499999999,-89.97575479999999,ChIJmfYTGFmAf4gRHGKCaD0qCtI,OK,203870,471570111002005
3130.927,35.167095,-89.950496,ChIJecYfJgmBf4gRJh-YY67U6V8,OK,250075,471570111002005
3244.582,35.2045576,-89.81176689999999,ChIJ8ROix4Kdf4gR4Su-1OwAUMo,OK,194793,471570211212040
3244.582,35.2045576,-89.81176689999999,ChIJ8ROix4Kdf4gR4Su-1OwAUMo,OK,194793,471570211212040
4470.978,35.2051043,-89.79754849999999,ChIJpRDMlY2df4gRQqHmUo_lzmc,OK,227551,471570211212040
5077.349,35.1439641,-90.0517892,ChIJL-0zBZR-1YcRj7p5p1WY4-g,OK,369498,471570001001041
5077.349,35.1439641,-90.0517892,ChIJL-0zBZR-1YcRj7p5p1WY4-g,OK,369498,471570001001041
5286.266,35.1450994,-90.0538646,ChIJne6_s5V-1YcRn_LPaqiwhrk,OK,374952,471570001001041
3983.898,35.2044739,-89.76342459999999,ChIJ3XsJxyKef4gRTeWb3lonWsU,OK,297305,471570211422023
1578.135,35.1507888,-89.977317,ChIJdVWrOuqAf4gR-V7s1E3qo7g,OK,105249,471570015001010
1578.135,35.1507888,-89.977317,ChIJdVWrOuqAf4gR-V7s1E3qo7g,OK,105249,471570015001010
1793.591,35.1497164,-89.95515999999999,ChIJcQb6ehiBf4gR-uA54eRPNq8,OK,119570,471570015001010
1253.612,35.1507888,-89.977317,ChIJdVWrOuqAf4gR-V7s1E3qo7g,OK,84277,471570015001011
1253.612,35.1507888,-89.977317,ChIJdVWrOuqAf4gR-V7s1E3qo7g,OK,84277,471570015001011
1719.106,35.1497164,-89.95515999999999,ChIJcQb6ehiBf4gR-uA54eRPNq8,OK,116601,471570015001011
1272.383,35.1507888,-89.977317,ChIJdVWrOuqAf4gR-V7s1E3qo7g,OK,91904,471570015001019
1272.383,35.1507888,-89.977317,ChIJdVWrOuqAf4gR-V7s1E3qo7g,OK,91904,471570015001019
1961.841,35.1497164,-89.95515999999999,ChIJcQb6ehiBf4gR-uA54eRPNq8,OK,140353,471570015001019
646.015,35.1497164,-89.95515999999999,ChIJcQb6ehiBf4gR-uA54eRPNq8,OK,53795,471570014001021
646.015,35.1497164,-89.95515999999999,ChIJcQb6ehiBf4gR-uA54eRPNq8,OK,53795,471570014001021
1122.915,35.14981359999999,-89.94918609999999,ChIJVdGBGRaBf4gRsi89Rzqn8W4,OK,80178,471570014001021
1544.249,35.1507888,-89.977317,ChIJdVWrOuqAf4gR-V7s1E3qo7g,OK,113153,471570014001012
1544.249,35.1507888,-89.977317,ChIJdVWrOuqAf4gR-V7s1E3qo7g,OK,113153,471570014001012
1434.246,35.1497164,-89.95515999999999,ChIJcQb6ehiBf4gR-uA54eRPNq8,OK,125875,471570014001012
1337.807,35.1507888,-89.977317,ChIJdVWrOuqAf4gR-V7s1E3qo7g,OK,80262,471570028002006
1337.807,35.1507888,-89.977317,ChIJdVWrOuqAf4gR-V7s1E3qo7g,OK,80262,471570028002006
1250.169,35.1497164,-89.95515999999999,ChIJcQb6ehiBf4gR-uA54eRPNq8,OK,85651,471570028002006
1174.044,35.1507888,-89.977317,ChIJdVWrOuqAf4gR-V7s1E3qo7g,OK,79303,471570014001036
1174.044,35.1507888,-89.977317,ChIJdVWrOuqAf4gR-V7s1E3qo7g,OK,79303,471570014001036
1211.639,35.1497164,-89.95515999999999,ChIJcQb6ehiBf4gR-uA54eRPNq8,OK,83786,471570014001036
1101.754,35.1507888,-89.977317,ChIJdVWrOuqAf4gR-V7s1E3qo7g,OK,66102,471570027001018
1101.754,35.1507888,-89.977317,ChIJdVWrOuqAf4gR-V7s1E3qo7g,OK,66102,471570027001018
2169.214,35.1497164,-89.95515999999999,ChIJcQb6ehiBf4gR-uA54eRPNq8,OK,132594,471570027001018
1134.332,35.1507888,-89.977317,ChIJdVWrOuqAf4gR-V7s1E3qo7g,OK,74537,471570014001037
1134.332,35.1507888,-89.977317,ChIJdVWrOuqAf4gR-V7s1E3qo7g,OK,74537,471570014001037
1171.927,35.1497164,-89.95515999999999,ChIJcQb6ehiBf4gR-uA54eRPNq8,OK,79020,471570014001037
1475.924,35.1507888,-89.977317,ChIJdVWrOuqAf4gR-V7s1E3qo7g,OK,96531,471570028002008
1475.924,35.1507888,-89.977317,ChIJdVWrOuqAf4gR-V7s1E3qo7g,OK,96531,471570028002008
1416.801,35.1497164,-89.95515999999999,ChIJcQb6ehiBf4gR-uA54eRPNq8,OK,97860,471570028002008
1089.799,35.1497164,-89.95515999999999,ChIJcQb6ehiBf4gR-uA54eRPNq8,OK,74220,471570014001038
1089.799,35.1497164,-89.95515999999999,ChIJcQb6ehiBf4gR-uA54eRPNq8,OK,74220,471570014001038
1220.686,35.1507888,-89.977317,ChIJdVWrOuqAf4gR-V7s1E3qo7g,OK,79845,471570014001038
1412.422,35.1507888,-89.977317,ChIJdVWrOuqAf4gR-V7s1E3qo7g,OK,91790,471570028002019
1412.422,35.1507888,-89.977317,ChIJdVWrOuqAf4gR-V7s1E3qo7g,OK,91790,471570028002019
1591.667,35.1497164,-89.95515999999999,ChIJcQb6ehiBf4gR-uA54eRPNq8,OK,104772,471570028002019
1215.65,35.1507888,-89.977317,ChIJdVWrOuqAf4gR-V7s1E3qo7g,OK,72935,471570027001019
1215.65,35.1507888,-89.977317,ChIJdVWrOuqAf4gR-V7s1E3qo7g,OK,72935,471570027001019
2283.109,35.1497164,-89.95515999999999,ChIJcQb6ehiBf4gR-uA54eRPNq8,OK,139427,471570027001019
1115.584,35.1507888,-89.977317,ChIJdVWrOuqAf4gR-V7s1E3qo7g,OK,72287,471570028002005
1115.584,35.1507888,-89.977317,ChIJdVWrOuqAf4gR-V7s1E3qo7g,OK,72287,471570028002005
1153.179,35.1497164,-89.95515999999999,ChIJcQb6ehiBf4gR-uA54eRPNq8,OK,76770,471570028002005
1188.781,35.108097,-89.941227,ChIJwxJT-r6Gf4gRhLDuFpyb128,OK,83054,471570079001001
1188.781,35.108097,-89.941227,ChIJwxJT-r6Gf4gRhLDuFpyb128,OK,83054,471570079001001
1891.163,35.1079763,-89.9333841,ChIJqZoM4qKGf4gREaZMyPG1GBQ,OK,122944,471570079001001
1606.564,35.108097,-89.941227,ChIJwxJT-r6Gf4gRhLDuFpyb128,OK,124796,471570079001006
1606.564,35.108097,-89.941227,ChIJwxJT-r6Gf4gRhLDuFpyb128,OK,124796,471570079001006
2210.266,35.1161637,-89.9446263,ChIJ-ZiED8iGf4gR32IlfgDBKWY,OK,164832,471570079001006
2326.136,35.108097,-89.941227,ChIJwxJT-r6Gf4gRhLDuFpyb128,OK,151867,471570079001018
2326.136,35.108097,-89.941227,ChIJwxJT-r6Gf4gRhLDuFpyb128,OK,151867,471570079001018
2546.648,35.086634,-89.96355199999999,ChIJW0XU3AGHf4gRINnmxvx9m5A,OK,162285,471570079001018
2219.167,35.108097,-89.941227,ChIJwxJT-r6Gf4gRhLDuFpyb128,OK,145488,471570079001008
2219.167,35.108097,-89.941227,ChIJwxJT-r6Gf4gRhLDuFpyb128,OK,145488,471570079001008
2918.631,35.0904795,-89.96597299999999,ChIJHfaNmAOHf4gR1d8V2K9rfSU,OK,182304,471570079001008
1662.617,35.108097,-89.941227,ChIJwxJT-r6Gf4gRhLDuFpyb128,OK,131523,471570079001017
1662.617,35.108097,-89.941227,ChIJwxJT-r6Gf4gRhLDuFpyb128,OK,131523,471570079001017
2266.319,35.1161637,-89.9446263,ChIJ-ZiED8iGf4gR32IlfgDBKWY,OK,171559,471570079001017
1478.18,35.108097,-89.941227,ChIJwxJT-r6Gf4gRhLDuFpyb128,OK,117781,471570079001010
1478.18,35.108097,-89.941227,ChIJwxJT-r6Gf4gRhLDuFpyb128,OK,117781,471570079001010
2180.562,35.1079763,-89.9333841,ChIJqZoM4qKGf4gREaZMyPG1GBQ,OK,157671,471570079001010
1746.098,35.108097,-89.941227,ChIJwxJT-r6Gf4gRhLDuFpyb128,OK,135973,471570079001009
1746.098,35.108097,-89.941227,ChIJwxJT-r6Gf4gRhLDuFpyb128,OK,135973,471570079001009
2349.801,35.1161637,-89.9446263,ChIJ-ZiED8iGf4gR32IlfgDBKWY,OK,176009,471570079001009
1697.273,35.09464699999999,-89.9708677,ChIJx5uAuBqHf4gRze5MKc5WJFI,OK,138423,471570079005010
1996.834,35.086634,-89.96355199999999,ChIJW0XU3AGHf4gRINnmxvx9m5A,OK,155047,471570079005010
1996.834,35.086634,-89.96355199999999,ChIJW0XU3AGHf4gRINnmxvx9m5A,OK,155047,471570079005010
2245.05,35.086634,-89.96355199999999,ChIJW0XU3AGHf4gRINnmxvx9m5A,OK,153690,471570079005001
2508.811,35.0904795,-89.96597299999999,ChIJHfaNmAOHf4gR1d8V2K9rfSU,OK,167178,471570079005001
1077.993,35.1161637,-89.9446263,ChIJ-ZiED8iGf4gR32IlfgDBKWY,OK,70745,471570073001018
1077.993,35.1161637,-89.9446263,ChIJ-ZiED8iGf4gR32IlfgDBKWY,OK,70745,471570073001018
2374.504,35.108097,-89.941227,ChIJwxJT-r6Gf4gRhLDuFpyb128,OK,144711,471570073001018
3445.752,35.0326981,-90.07589809999999,ChIJ9S1ljalk1YcRvuG-_hbpimA,OK,211776,471570224101012
3445.752,35.0326981,-90.07589809999999,ChIJ9S1ljalk1YcRvuG-_hbpimA,OK,211776,471570224101012
3825.337,35.02753099999999,-90.082077,ChIJK66rdetk1YcRwwxI9gDREks,OK,232087,471570224101012
1842.508,35.00495799999999,-90.0276544,ChIJuXbrrfFi1YcR97C4vX-T9Zk,OK,120017,471570227001001
1842.508,35.00495799999999,-90.0276544,ChIJuXbrrfFi1YcR97C4vX-T9Zk,OK,120017,471570227001001
3458.728,34.99227370000001,-90.0232297,ChIJY7HkKF9i1YcRjKJ-3GH9XsM,OK,200043,471570227001001
3144.961,35.0326981,-90.07589809999999,ChIJ9S1ljalk1YcRvuG-_hbpimA,OK,208493,471570227005016
3144.961,35.0326981,-90.07589809999999,ChIJ9S1ljalk1YcRvuG-_hbpimA,OK,208493,471570227005016
3524.545,35.02753099999999,-90.082077,ChIJK66rdetk1YcRwwxI9gDREks,OK,228804,471570227005016
3323.264,34.999309,-90.118577,ChIJ9TRIjgZl1YcR3fm2jM14AHY,OK,234005,471570224104012
3323.264,34.999309,-90.118577,ChIJ9TRIjgZl1YcR3fm2jM14AHY,OK,234005,471570224104012
3922.944,35.02753099999999,-90.082077,ChIJK66rdetk1YcRwwxI9gDREks,OK,266818,471570224104012
3976.846,35.0326981,-90.07589809999999,ChIJ9S1ljalk1YcRvuG-_hbpimA,OK,253825,471570227005009
3976.846,35.0326981,-90.07589809999999,ChIJ9S1ljalk1YcRvuG-_hbpimA,OK,253825,471570227005009
4120.696,35.00495799999999,-90.0276544,ChIJuXbrrfFi1YcR97C4vX-T9Zk,OK,272840,471570227005009
4128.434,35.02753099999999,-90.082077,ChIJK66rdetk1YcRwwxI9gDREks,OK,274961,471570224103011
4128.434,35.02753099999999,-90.082077,ChIJK66rdetk1YcRwwxI9gDREks,OK,274961,471570224103011
4462.504,35.0326981,-90.07589809999999,ChIJ9S1ljalk1YcRvuG-_hbpimA,OK,277304,471570224103011
4274.193,35.0326981,-90.07589809999999,ChIJ9S1ljalk1YcRvuG-_hbpimA,OK,268167,471570224103012
4274.193,35.0326981,-90.07589809999999,ChIJ9S1ljalk1YcRvuG-_hbpimA,OK,268167,471570224103012
4119.369,35.02753099999999,-90.082077,ChIJK66rdetk1YcRwwxI9gDREks,OK,273873,471570224103012
3604.758,35.0326981,-90.07589809999999,ChIJ9S1ljalk1YcRvuG-_hbpimA,OK,221554,471570227005011
3604.758,35.0326981,-90.07589809999999,ChIJ9S1ljalk1YcRvuG-_hbpimA,OK,221554,471570227005011
3984.343,35.02753099999999,-90.082077,ChIJK66rdetk1YcRwwxI9gDREks,OK,241865,471570227005011
3254.289,35.00495799999999,-90.0276544,ChIJuXbrrfFi1YcR97C4vX-T9Zk,OK,266165,471570227001005
3254.289,35.00495799999999,-90.0276544,ChIJuXbrrfFi1YcR97C4vX-T9Zk,OK,266165,471570227001005
4870.509,34.99227370000001,-90.0232297,ChIJY7HkKF9i1YcRjKJ-3GH9XsM,OK,346191,471570227001005
3665.16,35.0326981,-90.07589809999999,ChIJ9S1ljalk1YcRvuG-_hbpimA,OK,237068,471570227005002
3665.16,35.0326981,-90.07589809999999,ChIJ9S1ljalk1YcRvuG-_hbpimA,OK,237068,471570227005002
4044.745,35.02753099999999,-90.082077,ChIJK66rdetk1YcRwwxI9gDREks,OK,257379,471570227005002
2133.489,35.0461089,-89.7947008,ChIJaZI6O3Oaf4gRqa_eh0DNj_s,OK,136429,471570213423034
2133.489,35.0461089,-89.7947008,ChIJaZI6O3Oaf4gRqa_eh0DNj_s,OK,136429,471570213423034
2251.494,35.045091,-89.795412,ChIJVelsQnOaf4gRECqTW7fq-dY,OK,142964,471570213423034
3775.306,35.0326981,-90.07589809999999,ChIJ9S1ljalk1YcRvuG-_hbpimA,OK,250285,471570227005012
3775.306,35.0326981,-90.07589809999999,ChIJ9S1ljalk1YcRvuG-_hbpimA,OK,250285,471570227005012
4154.891,35.02753099999999,-90.082077,ChIJK66rdetk1YcRwwxI9gDREks,OK,270596,471570227005012
3314.935,35.0225458,-90.0257415,ChIJnc94gMRi1YcRKYztFRuX2Yw,OK,204334,471570227003008
3663.642,35.0326981,-90.07589809999999,ChIJ9S1ljalk1YcRvuG-_hbpimA,OK,224312,471570227003008
3663.642,35.0326981,-90.07589809999999,ChIJ9S1ljalk1YcRvuG-_hbpimA,OK,224312,471570227003008
3759.485,35.00495799999999,-90.0276544,ChIJuXbrrfFi1YcR97C4vX-T9Zk,OK,248694,471570227005008
4415.566,35.0326981,-90.07589809999999,ChIJ9S1ljalk1YcRvuG-_hbpimA,OK,287273,471570227005008
4415.566,35.0326981,-90.07589809999999,ChIJ9S1ljalk1YcRvuG-_hbpimA,OK,287273,471570227005008
3881.187,35.0225458,-90.0257415,ChIJnc94gMRi1YcRKYztFRuX2Yw,OK,250536,471570227004011
3896.505,35.00495799999999,-90.0276544,ChIJuXbrrfFi1YcR97C4vX-T9Zk,OK,265097,471570227004011
3896.505,35.00495799999999,-90.0276544,ChIJuXbrrfFi1YcR97C4vX-T9Zk,OK,265097,471570227004011
4047.329,35.0326981,-90.07589809999999,ChIJ9S1ljalk1YcRvuG-_hbpimA,OK,261949,471570227003012
4047.329,35.0326981,-90.07589809999999,ChIJ9S1ljalk1YcRvuG-_hbpimA,OK,261949,471570227003012
4426.914,35.02753099999999,-90.082077,ChIJK66rdetk1YcRwwxI9gDREks,OK,282260,471570227003012
3281.285,35.0225458,-90.0257415,ChIJnc94gMRi1YcRKYztFRuX2Yw,OK,233160,471570227003013
3281.285,35.0225458,-90.0257415,ChIJnc94gMRi1YcRKYztFRuX2Yw,OK,233160,471570227003013
4099.1,35.0326981,-90.07589809999999,ChIJ9S1ljalk1YcRvuG-_hbpimA,OK,268161,471570227003013
3762.49,35.00495799999999,-90.0276544,ChIJuXbrrfFi1YcR97C4vX-T9Zk,OK,266879,471570227005007
4330.277,35.0326981,-90.07589809999999,ChIJ9S1ljalk1YcRvuG-_hbpimA,OK,282560,471570227005007
4330.277,35.0326981,-90.07589809999999,ChIJ9S1ljalk1YcRvuG-_hbpimA,OK,282560,471570227005007
3492.595,35.00495799999999,-90.0276544,ChIJuXbrrfFi1YcR97C4vX-T9Zk,OK,227666,471570227004014
3492.595,35.00495799999999,-90.0276544,ChIJuXbrrfFi1YcR97C4vX-T9Zk,OK,227666,471570227004014
4285.88,35.0326981,-90.07589809999999,ChIJ9S1ljalk1YcRvuG-_hbpimA,OK,266194,471570227004014
3589.988,35.00495799999999,-90.0276544,ChIJuXbrrfFi1YcR97C4vX-T9Zk,OK,246179,471570227004013
3589.988,35.00495799999999,-90.0276544,ChIJuXbrrfFi1YcR97C4vX-T9Zk,OK,246179,471570227004013
4318.998,35.0225458,-90.0257415,ChIJnc94gMRi1YcRKYztFRuX2Yw,OK,285208,471570227004013
3256.182,35.00495799999999,-90.0276544,ChIJuXbrrfFi1YcR97C4vX-T9Zk,OK,227715,471570227005010
3256.182,35.00495799999999,-90.0276544,ChIJuXbrrfFi1YcR97C4vX-T9Zk,OK,227715,471570227005010
4912.224,35.0326981,-90.07589809999999,ChIJ9S1ljalk1YcRvuG-_hbpimA,OK,334527,471570227005010
3951.621,35.0614623,-89.8536277,ChIJ4TWJkTWFf4gRbkNZYfkF9Jw,OK,252011,471570213312003
3951.621,35.0614623,-89.8536277,ChIJ4TWJkTWFf4gRbkNZYfkF9Jw,OK,252011,471570213312003
4525.296,35.050596,-89.869556,ChIJQ4vLA2iFf4gRyyCo3ihKH44,OK,279080,471570213312003
1427.211,35.1157645,-90.022279,ChIJwZqBNMN91YcRRpdDvj5Pcr8,OK,100647,471570046001056
1427.211,35.1157645,-90.022279,ChIJwZqBNMN91YcRRpdDvj5Pcr8,OK,100647,471570046001056
2148.331,35.1087458,-90.0211918,ChIJe6w2EsF91YcRquzVZc8M0-I,OK,142037,471570046001056
2395.425,35.0614623,-89.8536277,ChIJ4TWJkTWFf4gRbkNZYfkF9Jw,OK,146648,471570213311023
2395.425,35.0614623,-89.8536277,ChIJ4TWJkTWFf4gRbkNZYfkF9Jw,OK,146648,471570213311023
2480.197,35.0512763,-89.8427476,ChIJ7VPJ3q-af4gRdxERIyaZ0gk,OK,152836,471570213311023
4639.713,35.0614623,-89.8536277,ChIJ4TWJkTWFf4gRbkNZYfkF9Jw,OK,307372,471570213202018
4639.713,35.0614623,-89.8536277,ChIJ4TWJkTWFf4gRbkNZYfkF9Jw,OK,307372,471570213202018
5808.418,35.0501932,-89.8529489,ChIJJ3DCd1KFf4gRBb2DFEnzV7w,OK,366839,471570213202018
4116.492,35.0614623,-89.8536277,ChIJ4TWJkTWFf4gRbkNZYfkF9Jw,OK,281121,471570213311008
4116.492,35.0614623,-89.8536277,ChIJ4TWJkTWFf4gRbkNZYfkF9Jw,OK,281121,471570213311008
4966.798,35.0493493,-89.855357,ChIJH2Nw4lGFf4gRq0vxk4n5iAE,OK,329615,471570213311008
4215.546,35.0614623,-89.8536277,ChIJ4TWJkTWFf4gRbkNZYfkF9Jw,OK,267329,471570213311004
4215.546,35.0614623,-89.8536277,ChIJ4TWJkTWFf4gRbkNZYfkF9Jw,OK,267329,471570213311004
5384.25,35.0501932,-89.8529489,ChIJJ3DCd1KFf4gRBb2DFEnzV7w,OK,326796,471570213311004
3675.83,35.0614623,-89.8536277,ChIJ4TWJkTWFf4gRbkNZYfkF9Jw,OK,228243,471570213311006
3675.83,35.0614623,-89.8536277,ChIJ4TWJkTWFf4gRbkNZYfkF9Jw,OK,228243,471570213311006
4526.135,35.0493493,-89.855357,ChIJH2Nw4lGFf4gRq0vxk4n5iAE,OK,276737,471570213311006
4050.155,35.0614623,-89.8536277,ChIJ4TWJkTWFf4gRbkNZYfkF9Jw,OK,241992,471570213202021
4050.155,35.0614623,-89.8536277,ChIJ4TWJkTWFf4gRbkNZYfkF9Jw,OK,241992,471570213202021
4134.927,35.0512763,-89.8427476,ChIJ7VPJ3q-af4gRdxERIyaZ0gk,OK,248180,471570213202021
2398.71,35.0614623,-89.8536277,ChIJ4TWJkTWFf4gRbkNZYfkF9Jw,OK,160568,471570217102001
2398.71,35.0614623,-89.8536277,ChIJ4TWJkTWFf4gRbkNZYfkF9Jw,OK,160568,471570217102001
2564.214,35.050596,-89.869556,ChIJQ4vLA2iFf4gRyyCo3ihKH44,OK,161309,471570217102001
2436.577,35.0614623,-89.8536277,ChIJ4TWJkTWFf4gRbkNZYfkF9Jw,OK,146832,471570217101012
2436.577,35.0614623,-89.8536277,ChIJ4TWJkTWFf4gRbkNZYfkF9Jw,OK,146832,471570217101012
3010.252,35.050596,-89.869556,ChIJQ4vLA2iFf4gRyyCo3ihKH44,OK,173901,471570217101012
796.321,35.062945,-89.90568519999999,ChIJjxj9mL-Ff4gRoOEx9OzDyxs,OK,75903,471570107101021
796.321,35.062945,-89.90568519999999,ChIJjxj9mL-Ff4gRoOEx9OzDyxs,OK,75903,471570107101021
782.683,35.063996,-89.90690699999999,ChIJn51vcb-Ff4gRvoXU4r8swrw,OK,90053,471570107101021
751.705,35.062945,-89.90568519999999,ChIJjxj9mL-Ff4gRoOEx9OzDyxs,OK,70549,471570107101026
751.705,35.062945,-89.90568519999999,ChIJjxj9mL-Ff4gRoOEx9OzDyxs,OK,70549,471570107101026
738.067,35.063996,-89.90690699999999,ChIJn51vcb-Ff4gRvoXU4r8swrw,OK,84699,471570107101026
1343.538,35.062945,-89.90568519999999,ChIJjxj9mL-Ff4gRoOEx9OzDyxs,OK,90431,471570108103003
1343.538,35.062945,-89.90568519999999,ChIJjxj9mL-Ff4gRoOEx9OzDyxs,OK,90431,471570108103003
1143.93,35.0632829,-89.88727279999999,ChIJvVoQ4QqFf4gRItXZGUDZ-Hc,OK,97771,471570108103003
743.386,35.0854368,-89.89541919999999,ChIJf5cc-VKEf4gRF-lYLgijYQQ,OK,43058,471570213313013
743.386,35.0854368,-89.89541919999999,ChIJf5cc-VKEf4gRF-lYLgijYQQ,OK,43058,471570213313013
2934.259,35.0612606,-89.88628629999999,ChIJAQ_I1gqFf4gRFrt5yQeAEps,OK,168666,471570213313013
1163.607,35.062945,-89.90568519999999,ChIJjxj9mL-Ff4gRoOEx9OzDyxs,OK,87996,471570107101019
1163.607,35.062945,-89.90568519999999,ChIJjxj9mL-Ff4gRoOEx9OzDyxs,OK,87996,471570107101019
1149.969,35.063996,-89.90690699999999,ChIJn51vcb-Ff4gRvoXU4r8swrw,OK,102146,471570107101019
1608.531,35.0614623,-89.8536277,ChIJ4TWJkTWFf4gRbkNZYfkF9Jw,OK,128293,471570217253007
1608.531,35.0614623,-89.8536277,ChIJ4TWJkTWFf4gRbkNZYfkF9Jw,OK,128293,471570217253007
2458.836,35.0493493,-89.855357,ChIJH2Nw4lGFf4gRq0vxk4n5iAE,OK,176787,471570217253007
3654.134,35.0614623,-89.8536277,ChIJ4TWJkTWFf4gRbkNZYfkF9Jw,OK,237126,471570213312008
3654.134,35.0614623,-89.8536277,ChIJ4TWJkTWFf4gRbkNZYfkF9Jw,OK,237126,471570213312008
4227.809,35.050596,-89.869556,ChIJQ4vLA2iFf4gRyyCo3ihKH44,OK,264195,471570213312008
3765.981,35.0614623,-89.8536277,ChIJ4TWJkTWFf4gRbkNZYfkF9Jw,OK,250547,471570213312006
3765.981,35.0614623,-89.8536277,ChIJ4TWJkTWFf4gRbkNZYfkF9Jw,OK,250547,471570213312006
4339.656,35.050596,-89.869556,ChIJQ4vLA2iFf4gRyyCo3ihKH44,OK,277616,471570213312006
1033.946,35.062945,-89.90568519999999,ChIJjxj9mL-Ff4gRoOEx9OzDyxs,OK,72437,471570107101020
1033.946,35.062945,-89.90568519999999,ChIJjxj9mL-Ff4gRoOEx9OzDyxs,OK,72437,471570107101020
1020.308,35.063996,-89.90690699999999,ChIJn51vcb-Ff4gRvoXU4r8swrw,OK,86587,471570107101020
4334.301,35.0614623,-89.8536277,ChIJ4TWJkTWFf4gRbkNZYfkF9Jw,OK,276638,471570213311002
4334.301,35.0614623,-89.8536277,ChIJ4TWJkTWFf4gRbkNZYfkF9Jw,OK,276638,471570213311002
4419.073,35.0512763,-89.8427476,ChIJ7VPJ3q-af4gRdxERIyaZ0gk,OK,282826,471570213311002
1811.672,35.04577219999999,-89.82821469999999,ChIJL-jEaJmaf4gREtYdkYi2nAs,OK,117086,471570213341022
1811.672,35.04577219999999,-89.82821469999999,ChIJL-jEaJmaf4gREtYdkYi2nAs,OK,117086,471570213341022
2081.944,35.0493563,-89.83813929999999,ChIJjRQNzqSaf4gRxmNqB0YAYGM,OK,127167,471570213341022
1497.19,35.062945,-89.90568519999999,ChIJjxj9mL-Ff4gRoOEx9OzDyxs,OK,89739,471570107103010
1497.19,35.062945,-89.90568519999999,ChIJjxj9mL-Ff4gRoOEx9OzDyxs,OK,89739,471570107103010
1459.606,35.063996,-89.90690699999999,ChIJn51vcb-Ff4gRvoXU4r8swrw,OK,99579,471570107103010
918.843,35.062945,-89.90568519999999,ChIJjxj9mL-Ff4gRoOEx9OzDyxs,OK,77275,471570107101027
918.843,35.062945,-89.90568519999999,ChIJjxj9mL-Ff4gRoOEx9OzDyxs,OK,77275,471570107101027
1066.277,35.1546312,-89.79260459999999,ChIJ8UeuSEecf4gRniit7ubZLtM,OK,101352,471570211353011
1066.277,35.1546312,-89.79260459999999,ChIJ8UeuSEecf4gRniit7ubZLtM,OK,101352,471570211353011
2234.419,35.14868459999999,-89.7948203,ChIJ4w9Lr2qcf4gRHdzl9FciAFM,OK,147623,471570211353011
3010.879,35.0493563,-89.83813929999999,ChIJjRQNzqSaf4gRxmNqB0YAYGM,OK,191628,471570213342012
3010.879,35.0493563,-89.83813929999999,ChIJjRQNzqSaf4gRxmNqB0YAYGM,OK,191628,471570213342012
3332.644,35.049031,-89.841437,ChIJt6vl46-af4gRvoN8Yvkmx9A,OK,214470,471570213342012
1685.72,35.1439641,-90.0517892,ChIJL-0zBZR-1YcRj7p5p1WY4-g,OK,107823,471570039001010
1685.72,35.1439641,-90.0517892,ChIJL-0zBZR-1YcRj7p5p1WY4-g,OK,107823,471570039001010
1716.411,35.1435177,-90.0539328,ChIJ8VFg1pV-1YcRR9G8p0pZx6U,OK,108102,471570039001010
2060.191,35.0220022,-89.82947999999999,ChIJxT9DeWuQf4gRf6HLF5uJHd0,OK,126703,471570217541003
2060.191,35.0220022,-89.82947999999999,ChIJxT9DeWuQf4gRf6HLF5uJHd0,OK,126703,471570217541003
2602.281,35.0078094,-89.83044679999999,ChIJpwHMo0eQf4gRIqmNFjWLuW4,OK,155681,471570217541003
3232.466,35.0477573,-89.86637909999999,ChIJ5_0L5VyFf4gR4HBEwl6nmRE,OK,258684,471570217412009
2953.576,35.0493493,-89.855357,ChIJH2Nw4lGFf4gRq0vxk4n5iAE,OK,271468,471570217412009
2953.576,35.0493493,-89.855357,ChIJH2Nw4lGFf4gRq0vxk4n5iAE,OK,271468,471570217412009
1653.787,35.2045576,-89.81176689999999,ChIJ8ROix4Kdf4gR4Su-1OwAUMo,OK,117307,471570211131021
1653.787,35.2045576,-89.81176689999999,ChIJ8ROix4Kdf4gR4Su-1OwAUMo,OK,117307,471570211131021
2710.296,35.2051043,-89.79754849999999,ChIJpRDMlY2df4gRQqHmUo_lzmc,OK,174726,471570211131021
3654.134,35.02100869999999,-89.8995317,ChIJ-f6gz22Pf4gR-rWEeLgd-68,OK,215482,471570226001090
3654.134,35.02100869999999,-89.8995317,ChIJ-f6gz22Pf4gR-rWEeLgd-68,OK,215482,471570226001090
3665.298,35.0477573,-89.86637909999999,ChIJ5_0L5VyFf4gR4HBEwl6nmRE,OK,216098,471570226001090
2650.956,35.0220022,-89.82947999999999,ChIJxT9DeWuQf4gRf6HLF5uJHd0,OK,197592,471570217541005
2650.956,35.0220022,-89.82947999999999,ChIJxT9DeWuQf4gRf6HLF5uJHd0,OK,197592,471570217541005
2755.692,35.0078094,-89.83044679999999,ChIJpwHMo0eQf4gRIqmNFjWLuW4,OK,211870,471570217541005
1534.396,35.051879,-89.95322299999999,ChIJtbdkhjqGf4gRndtG1KtFnTA,OK,126359,471570110101014
1534.396,35.051879,-89.95322299999999,ChIJtbdkhjqGf4gRndtG1KtFnTA,OK,126359,471570110101014
3444.169,35.0374859,-89.93716700000002,ChIJESgedaeIf4gRXlLu5ht4wNo,OK,263460,471570110101014
1068.293,35.2044739,-89.76342459999999,ChIJ3XsJxyKef4gRTeWb3lonWsU,OK,79483,471570211414008
1068.293,35.2044739,-89.76342459999999,ChIJ3XsJxyKef4gRTeWb3lonWsU,OK,79483,471570211414008
2758.708,35.2074362,-89.7805166,ChIJ62ATRfudf4gRPIrPAXGVsiQ,OK,210969,471570211414008
3329.513,35.1546312,-89.79260459999999,ChIJ8UeuSEecf4gRniit7ubZLtM,OK,253088,471570211352003
3329.513,35.1546312,-89.79260459999999,ChIJ8UeuSEecf4gRniit7ubZLtM,OK,253088,471570211352003
3709.401,35.14868459999999,-89.7948203,ChIJ4w9Lr2qcf4gRHdzl9FciAFM,OK,272588,471570211352003
5876.98,35.14868459999999,-89.7948203,ChIJ4w9Lr2qcf4gRHdzl9FciAFM,OK,409653,471570211392007
5876.98,35.14868459999999,-89.7948203,ChIJ4w9Lr2qcf4gRHdzl9FciAFM,OK,409653,471570211392007
6643.142,35.1546312,-89.79260459999999,ChIJ8UeuSEecf4gRniit7ubZLtM,OK,430352,471570211392007
2743.454,35.1546312,-89.79260459999999,ChIJ8UeuSEecf4gRniit7ubZLtM,OK,161143,471570211381019
2743.454,35.1546312,-89.79260459999999,ChIJ8UeuSEecf4gRniit7ubZLtM,OK,161143,471570211381019
3690.915,35.14868459999999,-89.7948203,ChIJ4w9Lr2qcf4gRHdzl9FciAFM,OK,214695,471570211381019
2603.536,35.1490317,-90.0140679,ChIJw3q9_xV-1YcRqrte6yBn1CI,OK,159288,471570019002021
2603.536,35.1490317,-90.0140679,ChIJw3q9_xV-1YcRqrte6yBn1CI,OK,159288,471570019002021
2919.023,35.1444038,-90.0168571,ChIJufYEjhR-1YcREff46W6Lons,OK,201829,471570019002021
1424.73,35.021381,-90.020287,ChIJnVfwxMBi1YcR65EtGsZDcOY,OK,106337,471570221124008
1424.73,35.021381,-90.020287,ChIJnVfwxMBi1YcR65EtGsZDcOY,OK,106337,471570221124008
1425.069,35.021384,-90.019407,ChIJk8DCu8Bi1YcRUnUQCgCMr-E,OK,106362,471570221124008
2838.517,35.167095,-89.950496,ChIJecYfJgmBf4gRJh-YY67U6V8,OK,181695,471570205124024
2753.916,35.183951,-89.93106899999999,ChIJWQ0EIo-Bf4gR6cuqlCcQuNw,OK,225731,471570205124024
2753.916,35.183951,-89.93106899999999,ChIJWQ0EIo-Bf4gR6cuqlCcQuNw,OK,225731,471570205124024
1716.469,35.062945,-89.90568519999999,ChIJjxj9mL-Ff4gRoOEx9OzDyxs,OK,120001,471570107101007
1716.469,35.062945,-89.90568519999999,ChIJjxj9mL-Ff4gRoOEx9OzDyxs,OK,120001,471570107101007
1702.831,35.063996,-89.90690699999999,ChIJn51vcb-Ff4gRvoXU4r8swrw,OK,134151,471570107101007
2226.981,35.222344,-89.97682999999999,ChIJ987Br45_f4gRjwrvnFN8t7k,OK,151101,471570102101001
2226.981,35.222344,-89.97682999999999,ChIJ987Br45_f4gRjwrvnFN8t7k,OK,151101,471570102101001
2228.834,35.2227028,-89.97692290000001,ChIJ987Br45_f4gRMoYIhCny13Q,OK,163293,471570102101001
14146.725,34.999309,-90.118577,ChIJ9TRIjgZl1YcR3fm2jM14AHY,OK,1123661,471579803001046
689.854,34.993343,-90.00823899999999,ChIJk-nxFn1i1YcRBckohHLWoho,OK,41389,471570221305000
689.854,34.993343,-90.00823899999999,ChIJk-nxFn1i1YcRBckohHLWoho,OK,41389,471570221305000
855.539,35.0068452,-90.00681259999999,ChIJz3G0Jpti1YcRMCYWHOflqrA,OK,51330,471570221305000
2665.578,35.16339899999999,-89.855841,ChIJA_xfkC6Df4gRAjVZwLz1jqA,OK,174557,471570211224007
2665.578,35.16339899999999,-89.855841,ChIJA_xfkC6Df4gRAjVZwLz1jqA,OK,174557,471570211224007
2740.734,35.1623785,-89.8566175,ChIJXQHWWS6Df4gRqhH5EQ9H1j0,OK,183522,471570211224007
415.838,35.13774119999999,-89.99713,ChIJtwtohKiAf4gRFxkNLUf9PgA,OK,37082,471570032001008
415.838,35.13774119999999,-89.99713,ChIJtwtohKiAf4gRFxkNLUf9PgA,OK,37082,471570032001008
722.9,35.13779299999999,-89.99118349999999,ChIJUQlZ-K-Af4gRkRKK62-ap5w,OK,62904,471570032001008
466.482,35.125222,-90.048147,ChIJ9cKdtid81YcRKs9h6RjzQzw,OK,34789,471570116001000
466.482,35.125222,-90.048147,ChIJ9cKdtid81YcRKs9h6RjzQzw,OK,34789,471570116001000
468.296,35.1251709,-90.0481695,ChIJybIJtCd81YcR9Otxws-5qCM,OK,34889,471570116001000
556.019,35.098685,-90.05664899999999,ChIJ31qwBkJ81YcRk2V5pdmdhrM,OK,45830,471570055001028
556.019,35.098685,-90.05664899999999,ChIJ31qwBkJ81YcRk2V5pdmdhrM,OK,45830,471570055001028
945.012,35.095133,-90.05542799999999,ChIJATnUo0J81YcRpbAuNwXeqRw,OK,67374,471570055001028
640.55,35.098685,-90.05664899999999,ChIJ31qwBkJ81YcRk2V5pdmdhrM,OK,55974,471570055001013
640.55,35.098685,-90.05664899999999,ChIJ31qwBkJ81YcRk2V5pdmdhrM,OK,55974,471570055001013
1029.542,35.095133,-90.05542799999999,ChIJATnUo0J81YcRpbAuNwXeqRw,OK,77518,471570055001013
884.987,35.098685,-90.05664899999999,ChIJ31qwBkJ81YcRk2V5pdmdhrM,OK,49013,471570055001003
884.987,35.098685,-90.05664899999999,ChIJ31qwBkJ81YcRk2V5pdmdhrM,OK,49013,471570055001003
1273.979,35.095133,-90.05542799999999,ChIJATnUo0J81YcRpbAuNwXeqRw,OK,70557,471570055001003
1076.38,35.098685,-90.05664899999999,ChIJ31qwBkJ81YcRk2V5pdmdhrM,OK,60280,471570055001001
1076.38,35.098685,-90.05664899999999,ChIJ31qwBkJ81YcRk2V5pdmdhrM,OK,60280,471570055001001
1465.373,35.095133,-90.05542799999999,ChIJATnUo0J81YcRpbAuNwXeqRw,OK,81824,471570055001001
757.022,35.098685,-90.05664899999999,ChIJ31qwBkJ81YcRk2V5pdmdhrM,OK,52842,471570055001005
757.022,35.098685,-90.05664899999999,ChIJ31qwBkJ81YcRk2V5pdmdhrM,OK,52842,471570055001005
1146.014,35.095133,-90.05542799999999,ChIJATnUo0J81YcRpbAuNwXeqRw,OK,74386,471570055001005
525.979,35.098685,-90.05664899999999,ChIJ31qwBkJ81YcRk2V5pdmdhrM,OK,42225,471570055001025
525.979,35.098685,-90.05664899999999,ChIJ31qwBkJ81YcRk2V5pdmdhrM,OK,42225,471570055001025
914.971,35.095133,-90.05542799999999,ChIJATnUo0J81YcRpbAuNwXeqRw,OK,63769,471570055001025
458.07,35.098685,-90.05664899999999,ChIJ31qwBkJ81YcRk2V5pdmdhrM,OK,25369,471570055001026
458.07,35.098685,-90.05664899999999,ChIJ31qwBkJ81YcRk2V5pdmdhrM,OK,25369,471570055001026
847.063,35.095133,-90.05542799999999,ChIJATnUo0J81YcRpbAuNwXeqRw,OK,46913,471570055001026
635.416,35.098685,-90.05664899999999,ChIJ31qwBkJ81YcRk2V5pdmdhrM,OK,55357,471570055001012
635.416,35.098685,-90.05664899999999,ChIJ31qwBkJ81YcRk2V5pdmdhrM,OK,55357,471570055001012
1024.409,35.095133,-90.05542799999999,ChIJATnUo0J81YcRpbAuNwXeqRw,OK,76901,471570055001012
964.182,35.1060329,-90.039159,ChIJ231bcjV81YcRQ1quDeYAd6M,OK,77283,471570057001007
964.182,35.1060329,-90.039159,ChIJ231bcjV81YcRQ1quDeYAd6M,OK,77283,471570057001007
1774.909,35.098685,-90.05664899999999,ChIJ31qwBkJ81YcRk2V5pdmdhrM,OK,111147,471570057001007
795.62,35.093591,-90.056624,ChIJgyVl92d81YcRhuRHHckl8Y4,OK,52159,471570055003000
795.62,35.093591,-90.056624,ChIJgyVl92d81YcRhuRHHckl8Y4,OK,52159,471570055003000
975.457,35.095133,-90.05542799999999,ChIJATnUo0J81YcRpbAuNwXeqRw,OK,62119,471570055003000
421.701,35.093591,-90.056624,ChIJgyVl92d81YcRhuRHHckl8Y4,OK,36144,471570055002010
421.701,35.093591,-90.056624,ChIJgyVl92d81YcRhuRHHckl8Y4,OK,36144,471570055002010
601.538,35.095133,-90.05542799999999,ChIJATnUo0J81YcRpbAuNwXeqRw,OK,46104,471570055002010
1260.632,35.098685,-90.05664899999999,ChIJ31qwBkJ81YcRk2V5pdmdhrM,OK,71044,471570058002020
1260.632,35.098685,-90.05664899999999,ChIJ31qwBkJ81YcRk2V5pdmdhrM,OK,71044,471570058002020
1330.156,35.1060329,-90.039159,ChIJ231bcjV81YcRQ1quDeYAd6M,OK,87810,471570058002020
1028.384,35.098685,-90.05664899999999,ChIJ31qwBkJ81YcRk2V5pdmdhrM,OK,72518,471570055001000
1028.384,35.098685,-90.05664899999999,ChIJ31qwBkJ81YcRk2V5pdmdhrM,OK,72518,471570055001000
1417.377,35.095133,-90.05542799999999,ChIJATnUo0J81YcRpbAuNwXeqRw,OK,94062,471570055001000
1356.212,35.098685,-90.05664899999999,ChIJ31qwBkJ81YcRk2V5pdmdhrM,OK,86149,471570057001014
1356.212,35.098685,-90.05664899999999,ChIJ31qwBkJ81YcRk2V5pdmdhrM,OK,86149,471570057001014
1745.204,35.095133,-90.05542799999999,ChIJATnUo0J81YcRpbAuNwXeqRw,OK,107693,471570057001014
1437.664,35.098685,-90.05664899999999,ChIJ31qwBkJ81YcRk2V5pdmdhrM,OK,87920,471570058002011
1437.664,35.098685,-90.05664899999999,ChIJ31qwBkJ81YcRk2V5pdmdhrM,OK,87920,471570058002011
1383.945,35.1060329,-90.039159,ChIJ231bcjV81YcRQ1quDeYAd6M,OK,97291,471570058002011
1678.237,35.098685,-90.05664899999999,ChIJ31qwBkJ81YcRk2V5pdmdhrM,OK,100162,471570057001033
1678.237,35.098685,-90.05664899999999,ChIJ31qwBkJ81YcRk2V5pdmdhrM,OK,100162,471570057001033
1589.535,35.1060329,-90.039159,ChIJ231bcjV81YcRQ1quDeYAd6M,OK,107435,471570057001033
1545.718,35.098685,-90.05664899999999,ChIJ31qwBkJ81YcRk2V5pdmdhrM,OK,108889,471570057001034
1545.718,35.098685,-90.05664899999999,ChIJ31qwBkJ81YcRk2V5pdmdhrM,OK,108889,471570057001034
1597.858,35.095133,-90.05542799999999,ChIJATnUo0J81YcRpbAuNwXeqRw,OK,122072,471570057001034
909.649,35.098685,-90.05664899999999,ChIJ31qwBkJ81YcRk2V5pdmdhrM,OK,71155,471570055001006
909.649,35.098685,-90.05664899999999,ChIJ31qwBkJ81YcRk2V5pdmdhrM,OK,71155,471570055001006
1298.642,35.095133,-90.05542799999999,ChIJATnUo0J81YcRpbAuNwXeqRw,OK,92699,471570055001006
779.067,35.098685,-90.05664899999999,ChIJ31qwBkJ81YcRk2V5pdmdhrM,OK,55486,471570055001007
779.067,35.098685,-90.05664899999999,ChIJ31qwBkJ81YcRk2V5pdmdhrM,OK,55486,471570055001007
1168.06,35.095133,-90.05542799999999,ChIJATnUo0J81YcRpbAuNwXeqRw,OK,77030,471570055001007
1297.953,35.095133,-90.05542799999999,ChIJATnUo0J81YcRpbAuNwXeqRw,OK,91558,471570057001036
1297.953,35.095133,-90.05542799999999,ChIJATnUo0J81YcRpbAuNwXeqRw,OK,91558,471570057001036
1459.356,35.098685,-90.05664899999999,ChIJ31qwBkJ81YcRk2V5pdmdhrM,OK,100497,471570057001036
1231.139,35.095133,-90.05542799999999,ChIJATnUo0J81YcRpbAuNwXeqRw,OK,89066,471570057001057
1231.139,35.095133,-90.05542799999999,ChIJATnUo0J81YcRpbAuNwXeqRw,OK,89066,471570057001057
1392.542,35.098685,-90.05664899999999,ChIJ31qwBkJ81YcRk2V5pdmdhrM,OK,98005,471570057001057
1149.788,35.1060329,-90.039159,ChIJ231bcjV81YcRQ1quDeYAd6M,OK,87451,471570057001009
1149.788,35.1060329,-90.039159,ChIJ231bcjV81YcRQ1quDeYAd6M,OK,87451,471570057001009
1561.374,35.098685,-90.05664899999999,ChIJ31qwBkJ81YcRk2V5pdmdhrM,OK,98703,471570057001009
1499.073,35.1060329,-90.039159,ChIJ231bcjV81YcRQ1quDeYAd6M,OK,143666,471570057002013
1499.073,35.1060329,-90.039159,ChIJ231bcjV81YcRQ1quDeYAd6M,OK,143666,471570057002013
1851.39,35.1087458,-90.0211918,ChIJe6w2EsF91YcRquzVZc8M0-I,OK,144911,471570057002013
1757.708,35.1087458,-90.0211918,ChIJe6w2EsF91YcRquzVZc8M0-I,OK,133670,471570057002014
1757.708,35.1087458,-90.0211918,ChIJe6w2EsF91YcRquzVZc8M0-I,OK,133670,471570057002014
1758.349,35.10874099999999,-90.021185,ChIJrVbiDcF91YcRG9TBOTpHc3I,OK,133747,471570057002014
2979.318,35.1087458,-90.0211918,ChIJe6w2EsF91YcRquzVZc8M0-I,OK,148650,471570078102054
2979.318,35.1087458,-90.0211918,ChIJe6w2EsF91YcRquzVZc8M0-I,OK,148650,471570078102054
2979.96,35.10874099999999,-90.021185,ChIJrVbiDcF91YcRG9TBOTpHc3I,OK,148727,471570078102054
2286.022,35.1087458,-90.0211918,ChIJe6w2EsF91YcRquzVZc8M0-I,OK,197066,471570075001009
2286.663,35.10874099999999,-90.021185,ChIJrVbiDcF91YcRG9TBOTpHc3I,OK,197143,471570075001009
2286.663,35.10874099999999,-90.021185,ChIJrVbiDcF91YcRG9TBOTpHc3I,OK,197143,471570075001009
3389.103,35.1087458,-90.0211918,ChIJe6w2EsF91YcRquzVZc8M0-I,OK,167089,471570078102057
3389.103,35.1087458,-90.0211918,ChIJe6w2EsF91YcRquzVZc8M0-I,OK,167089,471570078102057
3389.745,35.10874099999999,-90.021185,ChIJrVbiDcF91YcRG9TBOTpHc3I,OK,167166,471570078102057
852.512,35.1087458,-90.0211918,ChIJe6w2EsF91YcRquzVZc8M0-I,OK,48944,471570060001032
852.512,35.1087458,-90.0211918,ChIJe6w2EsF91YcRquzVZc8M0-I,OK,48944,471570060001032
853.153,35.10874099999999,-90.021185,ChIJrVbiDcF91YcRG9TBOTpHc3I,OK,49021,471570060001032
2963.314,35.1439641,-90.0517892,ChIJL-0zBZR-1YcRj7p5p1WY4-g,OK,217963,471570001003009
2963.314,35.1439641,-90.0517892,ChIJL-0zBZR-1YcRj7p5p1WY4-g,OK,217963,471570001003009
3172.23,35.1450994,-90.0538646,ChIJne6_s5V-1YcRn_LPaqiwhrk,OK,223417,471570001003009
3015.597,35.1439641,-90.0517892,ChIJL-0zBZR-1YcRj7p5p1WY4-g,OK,223613,471570001003019
3015.597,35.1439641,-90.0517892,ChIJL-0zBZR-1YcRj7p5p1WY4-g,OK,223613,471570001003019
3224.513,35.1450994,-90.0538646,ChIJne6_s5V-1YcRn_LPaqiwhrk,OK,229067,471570001003019
3208.737,35.1439641,-90.0517892,ChIJL-0zBZR-1YcRj7p5p1WY4-g,OK,243295,471570001003042
3208.737,35.1439641,-90.0517892,ChIJL-0zBZR-1YcRj7p5p1WY4-g,OK,243295,471570001003042
3417.654,35.1450994,-90.0538646,ChIJne6_s5V-1YcRn_LPaqiwhrk,OK,248749,471570001003042
1331.58,35.1087458,-90.0211918,ChIJe6w2EsF91YcRquzVZc8M0-I,OK,94031,471570060001029
1331.58,35.1087458,-90.0211918,ChIJe6w2EsF91YcRquzVZc8M0-I,OK,94031,471570060001029
1332.221,35.10874099999999,-90.021185,ChIJrVbiDcF91YcRG9TBOTpHc3I,OK,94108,471570060001029
3273.04,35.1439641,-90.0517892,ChIJL-0zBZR-1YcRj7p5p1WY4-g,OK,251010,471570001003053
3273.04,35.1439641,-90.0517892,ChIJL-0zBZR-1YcRj7p5p1WY4-g,OK,251010,471570001003053
3481.956,35.1450994,-90.0538646,ChIJne6_s5V-1YcRn_LPaqiwhrk,OK,256464,471570001003053
2361.302,35.1087458,-90.0211918,ChIJe6w2EsF91YcRquzVZc8M0-I,OK,206098,471570075001001
2361.302,35.1087458,-90.0211918,ChIJe6w2EsF91YcRquzVZc8M0-I,OK,206098,471570075001001
2361.943,35.10874099999999,-90.021185,ChIJrVbiDcF91YcRG9TBOTpHc3I,OK,206175,471570075001001
1198.64,35.1157645,-90.022279,ChIJwZqBNMN91YcRRpdDvj5Pcr8,OK,90015,471570062001015
1198.64,35.1157645,-90.022279,ChIJwZqBNMN91YcRRpdDvj5Pcr8,OK,90015,471570062001015
1919.76,35.1087458,-90.0211918,ChIJe6w2EsF91YcRquzVZc8M0-I,OK,131405,471570062001015
132.484,35.1157645,-90.022279,ChIJwZqBNMN91YcRRpdDvj5Pcr8,OK,7615,471570115001005
132.484,35.1157645,-90.022279,ChIJwZqBNMN91YcRRpdDvj5Pcr8,OK,7615,471570115001005
709.087,35.1087458,-90.0211918,ChIJe6w2EsF91YcRquzVZc8M0-I,OK,41001,471570115001005
472.462,35.1157645,-90.022279,ChIJwZqBNMN91YcRRpdDvj5Pcr8,OK,46743,471570115001001
472.462,35.1157645,-90.022279,ChIJwZqBNMN91YcRRpdDvj5Pcr8,OK,46743,471570115001001
1193.582,35.1087458,-90.0211918,ChIJe6w2EsF91YcRquzVZc8M0-I,OK,88133,471570115001001
947.89,35.0515568,-89.90630259999999,ChIJrU8jyZKFf4gRubg1AIyELWY,OK,67382,471570226001011
947.89,35.0515568,-89.90630259999999,ChIJrU8jyZKFf4gRubg1AIyELWY,OK,67382,471570226001011
1552.523,35.0515544,-89.92255089999999,ChIJG_UFGuOFf4gRyHNDzwp5is0,OK,93978,471570226001011
468.492,35.1157645,-90.022279,ChIJwZqBNMN91YcRRpdDvj5Pcr8,OK,28107,471570115001007
468.492,35.1157645,-90.022279,ChIJwZqBNMN91YcRRpdDvj5Pcr8,OK,28107,471570115001007
1189.612,35.1087458,-90.0211918,ChIJe6w2EsF91YcRquzVZc8M0-I,OK,69497,471570115001007
788.364,35.1087458,-90.0211918,ChIJe6w2EsF91YcRquzVZc8M0-I,OK,56870,471570115001014
788.364,35.1087458,-90.0211918,ChIJe6w2EsF91YcRquzVZc8M0-I,OK,56870,471570115001014
789.005,35.10874099999999,-90.021185,ChIJrVbiDcF91YcRG9TBOTpHc3I,OK,56947,471570115001014
104.669,35.10874099999999,-90.021185,ChIJrVbiDcF91YcRG9TBOTpHc3I,OK,12560,471570060001006
104.669,35.10874099999999,-90.021185,ChIJrVbiDcF91YcRG9TBOTpHc3I,OK,12560,471570060001006
105.31,35.1087458,-90.0211918,ChIJe6w2EsF91YcRquzVZc8M0-I,OK,12637,471570060001006
463.928,35.1157645,-90.022279,ChIJwZqBNMN91YcRRpdDvj5Pcr8,OK,28954,471570115001008
463.928,35.1157645,-90.022279,ChIJwZqBNMN91YcRRpdDvj5Pcr8,OK,28954,471570115001008
1026.09,35.1087458,-90.0211918,ChIJe6w2EsF91YcRquzVZc8M0-I,OK,68276,471570115001008
606.455,35.1157645,-90.022279,ChIJwZqBNMN91YcRRpdDvj5Pcr8,OK,44157,471570115001009
606.455,35.1157645,-90.022279,ChIJwZqBNMN91YcRRpdDvj5Pcr8,OK,44157,471570115001009
1108.505,35.1087458,-90.0211918,ChIJe6w2EsF91YcRquzVZc8M0-I,OK,82994,471570115001009
651.989,35.1087458,-90.0211918,ChIJe6w2EsF91YcRquzVZc8M0-I,OK,43796,471570115001016
651.989,35.1087458,-90.0211918,ChIJe6w2EsF91YcRquzVZc8M0-I,OK,43796,471570115001016
652.63,35.10874099999999,-90.021185,ChIJrVbiDcF91YcRG9TBOTpHc3I,OK,43873,471570115001016
3292.762,35.1439641,-90.0517892,ChIJL-0zBZR-1YcRj7p5p1WY4-g,OK,254233,471570001003010
3292.762,35.1439641,-90.0517892,ChIJL-0zBZR-1YcRj7p5p1WY4-g,OK,254233,471570001003010
3501.679,35.1450994,-90.0538646,ChIJne6_s5V-1YcRn_LPaqiwhrk,OK,259687,471570001003010
1882.771,35.0515544,-89.92255089999999,ChIJG_UFGuOFf4gRyHNDzwp5is0,OK,99335,471570226001108
1882.771,35.0515544,-89.92255089999999,ChIJG_UFGuOFf4gRyHNDzwp5is0,OK,99335,471570226001108
3314.304,35.0515568,-89.90630259999999,ChIJrU8jyZKFf4gRubg1AIyELWY,OK,185505,471570226001108
1432.825,35.04677619999999,-89.8859339,ChIJycTJ_niFf4gR5esliSzp17E,OK,153124,471570217311016
1432.825,35.04677619999999,-89.8859339,ChIJycTJ_niFf4gR5esliSzp17E,OK,153124,471570217311016
2351.328,35.0508681,-89.88111619999999,ChIJ68PUi3CFf4gRLPYGzNKUdto,OK,208137,471570217311016
2948.85,35.02379430000001,-89.96377079999999,ChIJDVntamKIf4gRlF5S6rdAlgc,OK,272293,471579801001060
2948.85,35.02379430000001,-89.96377079999999,ChIJDVntamKIf4gRlF5S6rdAlgc,OK,272293,471579801001060
4417.052,35.051879,-89.95322299999999,ChIJtbdkhjqGf4gRndtG1KtFnTA,OK,355844,471579801001060
1105.356,35.04677619999999,-89.8859339,ChIJycTJ_niFf4gR5esliSzp17E,OK,80800,471570217311018
1105.356,35.04677619999999,-89.8859339,ChIJycTJ_niFf4gR5esliSzp17E,OK,80800,471570217311018
2023.858,35.0508681,-89.88111619999999,ChIJ68PUi3CFf4gRLPYGzNKUdto,OK,135813,471570217311018
198.205,35.0344414,-89.8319559,ChIJfcC9SguQf4gR_xf02Tpo1-w,OK,10976,471570217463013
198.205,35.0344414,-89.8319559,ChIJfcC9SguQf4gR_xf02Tpo1-w,OK,10976,471570217463013
1541.624,35.0220022,-89.82947999999999,ChIJxT9DeWuQf4gRf6HLF5uJHd0,OK,85376,471570217463013
1528.227,35.0477573,-89.86637909999999,ChIJ5_0L5VyFf4gR4HBEwl6nmRE,OK,85081,471570217311035
1528.227,35.0477573,-89.86637909999999,ChIJ5_0L5VyFf4gR4HBEwl6nmRE,OK,85081,471570217311035
2099.065,35.050596,-89.869556,ChIJQ4vLA2iFf4gRyyCo3ihKH44,OK,123810,471570217311035
1501.949,35.0374859,-89.93716700000002,ChIJESgedaeIf4gRXlLu5ht4wNo,OK,82874,471570226001044
1501.949,35.0374859,-89.93716700000002,ChIJESgedaeIf4gRXlLu5ht4wNo,OK,82874,471570226001044
2105.126,35.0515544,-89.92255089999999,ChIJG_UFGuOFf4gRyHNDzwp5is0,OK,117345,471570226001044
1405.924,35.0374859,-89.93716700000002,ChIJESgedaeIf4gRXlLu5ht4wNo,OK,77557,471570226001043
1405.924,35.0374859,-89.93716700000002,ChIJESgedaeIf4gRXlLu5ht4wNo,OK,77557,471570226001043
2171.975,35.0515544,-89.92255089999999,ChIJG_UFGuOFf4gRyHNDzwp5is0,OK,120182,471570226001043
1181.133,35.0374859,-89.93716700000002,ChIJESgedaeIf4gRXlLu5ht4wNo,OK,65107,471570226001041
1181.133,35.0374859,-89.93716700000002,ChIJESgedaeIf4gRXlLu5ht4wNo,OK,65107,471570226001041
2450.019,35.0515544,-89.92255089999999,ChIJG_UFGuOFf4gRyHNDzwp5is0,OK,135581,471570226001041
987.291,35.0374859,-89.93716700000002,ChIJESgedaeIf4gRXlLu5ht4wNo,OK,54372,471570226001119
987.291,35.0374859,-89.93716700000002,ChIJESgedaeIf4gRXlLu5ht4wNo,OK,54372,471570226001119
2702.256,35.0515544,-89.92255089999999,ChIJG_UFGuOFf4gRyHNDzwp5is0,OK,149240,471570226001119
426.827,35.0374859,-89.93716700000002,ChIJESgedaeIf4gRXlLu5ht4wNo,OK,39985,471570226001122
426.827,35.0374859,-89.93716700000002,ChIJESgedaeIf4gRXlLu5ht4wNo,OK,39985,471570226001122
2207.694,35.02099699999999,-89.93544,ChIJW6hY3LmIf4gRWjIeu9tMgvU,OK,139115,471570226001122
785.961,35.0374859,-89.93716700000002,ChIJESgedaeIf4gRXlLu5ht4wNo,OK,43221,471570226001039
785.961,35.0374859,-89.93716700000002,ChIJESgedaeIf4gRXlLu5ht4wNo,OK,43221,471570226001039
2566.828,35.02099699999999,-89.93544,ChIJW6hY3LmIf4gRWjIeu9tMgvU,OK,142351,471570226001039
566.679,35.0374859,-89.93716700000002,ChIJESgedaeIf4gRXlLu5ht4wNo,OK,31077,471570226001127
566.679,35.0374859,-89.93716700000002,ChIJESgedaeIf4gRXlLu5ht4wNo,OK,31077,471570226001127
2347.546,35.02099699999999,-89.93544,ChIJW6hY3LmIf4gRWjIeu9tMgvU,OK,130207,471570226001127
561.166,35.0374859,-89.93716700000002,ChIJESgedaeIf4gRXlLu5ht4wNo,OK,33067,471570110201009
561.166,35.0374859,-89.93716700000002,ChIJESgedaeIf4gRXlLu5ht4wNo,OK,33067,471570110201009
2489.493,35.02099699999999,-89.93544,ChIJW6hY3LmIf4gRWjIeu9tMgvU,OK,140173,471570110201009
353.045,35.0374859,-89.93716700000002,ChIJESgedaeIf4gRXlLu5ht4wNo,OK,20580,471570110201019
353.045,35.0374859,-89.93716700000002,ChIJESgedaeIf4gRXlLu5ht4wNo,OK,20580,471570110201019
2281.372,35.02099699999999,-89.93544,ChIJW6hY3LmIf4gRWjIeu9tMgvU,OK,127686,471570110201019
95.263,35.0374859,-89.93716700000002,ChIJESgedaeIf4gRXlLu5ht4wNo,OK,5114,471570110201018
95.263,35.0374859,-89.93716700000002,ChIJESgedaeIf4gRXlLu5ht4wNo,OK,5114,471570110201018
2023.59,35.02099699999999,-89.93544,ChIJW6hY3LmIf4gRWjIeu9tMgvU,OK,112220,471570110201018
435.706,35.0374859,-89.93716700000002,ChIJESgedaeIf4gRXlLu5ht4wNo,OK,23824,471570226001126
435.706,35.0374859,-89.93716700000002,ChIJESgedaeIf4gRXlLu5ht4wNo,OK,23824,471570226001126
2216.573,35.02099699999999,-89.93544,ChIJW6hY3LmIf4gRWjIeu9tMgvU,OK,122954,471570226001126
152.386,35.0374859,-89.93716700000002,ChIJESgedaeIf4gRXlLu5ht4wNo,OK,8133,471570226001121
152.386,35.0374859,-89.93716700000002,ChIJESgedaeIf4gRXlLu5ht4wNo,OK,8133,471570226001121
1950.995,35.02099699999999,-89.93544,ChIJW6hY3LmIf4gRWjIeu9tMgvU,OK,108046,471570226001121
2026.589,35.04677619999999,-89.8859339,ChIJycTJ_niFf4gR5esliSzp17E,OK,133827,471570226002025
2026.589,35.04677619999999,-89.8859339,ChIJycTJ_niFf4gR5esliSzp17E,OK,133827,471570226002025
2945.092,35.0508681,-89.88111619999999,ChIJ68PUi3CFf4gRLPYGzNKUdto,OK,188840,471570226002025
265.071,35.0374859,-89.93716700000002,ChIJESgedaeIf4gRXlLu5ht4wNo,OK,14374,471570226001125
265.071,35.0374859,-89.93716700000002,ChIJESgedaeIf4gRXlLu5ht4wNo,OK,14374,471570226001125
2045.939,35.02099699999999,-89.93544,ChIJW6hY3LmIf4gRWjIeu9tMgvU,OK,113504,471570226001125
3219.113,35.02138900000001,-89.996898,ChIJz3MQkR6If4gRIBgmNH-BQcg,OK,298053,471579801001063
3219.113,35.02138900000001,-89.996898,ChIJz3MQkR6If4gRIBgmNH-BQcg,OK,298053,471579801001063
3822.938,35.02379430000001,-89.96377079999999,ChIJDVntamKIf4gRlF5S6rdAlgc,OK,332979,471579801001063
3142.742,35.02138900000001,-89.996898,ChIJz3MQkR6If4gRIBgmNH-BQcg,OK,288889,471579801001068
3142.742,35.02138900000001,-89.996898,ChIJz3MQkR6If4gRIBgmNH-BQcg,OK,288889,471579801001068
1174.733,35.16339899999999,-89.855841,ChIJA_xfkC6Df4gRAjVZwLz1jqA,OK,68052,471570211113040
1174.733,35.16339899999999,-89.855841,ChIJA_xfkC6Df4gRAjVZwLz1jqA,OK,68052,471570211113040
1248.116,35.1623785,-89.8566175,ChIJXQHWWS6Df4gRqhH5EQ9H1j0,OK,76911,471570211113040
1759.966,35.16339899999999,-89.855841,ChIJA_xfkC6Df4gRAjVZwLz1jqA,OK,189803,471570212002000
1759.966,35.16339899999999,-89.855841,ChIJA_xfkC6Df4gRAjVZwLz1jqA,OK,189803,471570212002000
1833.35,35.1623785,-89.8566175,ChIJXQHWWS6Df4gRqhH5EQ9H1j0,OK,198662,471570212002000
3429.806,35.0326981,-90.07589809999999,ChIJ9S1ljalk1YcRvuG-_hbpimA,OK,223303,471570222103012
3429.806,35.0326981,-90.07589809999999,ChIJ9S1ljalk1YcRvuG-_hbpimA,OK,223303,471570222103012
4166.633,35.02753099999999,-90.082077,ChIJK66rdetk1YcRwwxI9gDREks,OK,265050,471570222103012
2929.851,35.02753099999999,-90.082077,ChIJK66rdetk1YcRwwxI9gDREks,OK,226617,471570222101011
2929.851,35.02753099999999,-90.082077,ChIJK66rdetk1YcRwwxI9gDREks,OK,226617,471570222101011
3730.923,35.0326981,-90.07589809999999,ChIJ9S1ljalk1YcRvuG-_hbpimA,OK,270983,471570222101011
2698.409,35.0326981,-90.07589809999999,ChIJ9S1ljalk1YcRvuG-_hbpimA,OK,189595,471570223105007
2698.409,35.0326981,-90.07589809999999,ChIJ9S1ljalk1YcRvuG-_hbpimA,OK,189595,471570223105007
2873.304,35.02753099999999,-90.082077,ChIJK66rdetk1YcRwwxI9gDREks,OK,231764,471570223105007
1071.919,35.0326981,-90.07589809999999,ChIJ9S1ljalk1YcRvuG-_hbpimA,OK,114808,471570223302018
1071.919,35.0326981,-90.07589809999999,ChIJ9S1ljalk1YcRvuG-_hbpimA,OK,114808,471570223302018
1180.958,35.02753099999999,-90.082077,ChIJK66rdetk1YcRwwxI9gDREks,OK,121409,471570223302018
1726.398,35.02753099999999,-90.082077,ChIJK66rdetk1YcRwwxI9gDREks,OK,115377,471570223301014
1726.398,35.02753099999999,-90.082077,ChIJK66rdetk1YcRwwxI9gDREks,OK,115377,471570223301014
2527.47,35.0326981,-90.07589809999999,ChIJ9S1ljalk1YcRvuG-_hbpimA,OK,159743,471570223301014
574.149,35.02753099999999,-90.082077,ChIJK66rdetk1YcRwwxI9gDREks,OK,60675,471570223301008
574.149,35.02753099999999,-90.082077,ChIJK66rdetk1YcRwwxI9gDREks,OK,60675,471570223301008
1375.221,35.0326981,-90.07589809999999,ChIJ9S1ljalk1YcRvuG-_hbpimA,OK,105041,471570223301008
2152.378,35.0543926,-90.0597009,ChIJT5TzUbl81YcRiPqNjkbj9CA,OK,144241,471570222204012
2733.734,35.06128,-90.05978399999999,ChIJm06f8ZV81YcRTjzAsJPcBKY,OK,176438,471570222204012
2733.734,35.06128,-90.05978399999999,ChIJm06f8ZV81YcRTjzAsJPcBKY,OK,176438,471570222204012
1857.327,35.0543926,-90.0597009,ChIJT5TzUbl81YcRiPqNjkbj9CA,OK,115274,471570222204011
2438.683,35.06128,-90.05978399999999,ChIJm06f8ZV81YcRTjzAsJPcBKY,OK,147471,471570222204011
2438.683,35.06128,-90.05978399999999,ChIJm06f8ZV81YcRTjzAsJPcBKY,OK,147471,471570222204011
2293.88,35.0543926,-90.0597009,ChIJT5TzUbl81YcRiPqNjkbj9CA,OK,150087,471570222203014
2875.235,35.06128,-90.05978399999999,ChIJm06f8ZV81YcRTjzAsJPcBKY,OK,182284,471570222203014
2875.235,35.06128,-90.05978399999999,ChIJm06f8ZV81YcRTjzAsJPcBKY,OK,182284,471570222203014
1092.989,35.06128,-90.05978399999999,ChIJm06f8ZV81YcRTjzAsJPcBKY,OK,117811,471570222201007
1092.989,35.06128,-90.05978399999999,ChIJm06f8ZV81YcRTjzAsJPcBKY,OK,117811,471570222201007
995.69,35.061362,-90.05986399999999,ChIJL_Gh8ZV81YcRDlMHRKqR_IA,OK,119482,471570222201007
564.09,35.06128,-90.05978399999999,ChIJm06f8ZV81YcRTjzAsJPcBKY,OK,42488,471570222201011
564.09,35.06128,-90.05978399999999,ChIJm06f8ZV81YcRTjzAsJPcBKY,OK,42488,471570222201011
563.912,35.061362,-90.05986399999999,ChIJL_Gh8ZV81YcRDlMHRKqR_IA,OK,45354,471570222201011
1236.729,35.1507888,-89.977317,ChIJdVWrOuqAf4gR-V7s1E3qo7g,OK,70151,471570009003032
1236.729,35.1507888,-89.977317,ChIJdVWrOuqAf4gR-V7s1E3qo7g,OK,70151,471570009003032
2264.487,35.17410499999999,-89.97575479999999,ChIJmfYTGFmAf4gRHGKCaD0qCtI,OK,133704,471570009003032
1369.017,35.17410499999999,-89.97575479999999,ChIJmfYTGFmAf4gRHGKCaD0qCtI,OK,91667,471570009003007
1369.017,35.17410499999999,-89.97575479999999,ChIJmfYTGFmAf4gRHGKCaD0qCtI,OK,91667,471570009003007
1613.434,35.1507888,-89.977317,ChIJdVWrOuqAf4gR-V7s1E3qo7g,OK,106337,471570009003007
1599.037,35.1507888,-89.977317,ChIJdVWrOuqAf4gR-V7s1E3qo7g,OK,120312,471570009001025
1599.037,35.1507888,-89.977317,ChIJdVWrOuqAf4gR-V7s1E3qo7g,OK,120312,471570009001025
1719.037,35.17410499999999,-89.97575479999999,ChIJmfYTGFmAf4gRHGKCaD0qCtI,OK,150334,471570009001025
755.404,35.1507888,-89.977317,ChIJdVWrOuqAf4gR-V7s1E3qo7g,OK,59363,471570016001007
755.404,35.1507888,-89.977317,ChIJdVWrOuqAf4gR-V7s1E3qo7g,OK,59363,471570016001007
2619.787,35.13418100000001,-89.98599,ChIJnf1_yraAf4gR9pQmD7CXhgg,OK,158232,471570016001007
128.213,35.1507888,-89.977317,ChIJdVWrOuqAf4gR-V7s1E3qo7g,OK,13941,471570015001028
128.213,35.1507888,-89.977317,ChIJdVWrOuqAf4gR-V7s1E3qo7g,OK,13941,471570015001028
2560.344,35.13418100000001,-89.98599,ChIJnf1_yraAf4gR9pQmD7CXhgg,OK,146870,471570015001028
952.238,35.1507888,-89.977317,ChIJdVWrOuqAf4gR-V7s1E3qo7g,OK,75494,471570015001005
952.238,35.1507888,-89.977317,ChIJdVWrOuqAf4gR-V7s1E3qo7g,OK,75494,471570015001005
2245.316,35.17410499999999,-89.97575479999999,ChIJmfYTGFmAf4gRHGKCaD0qCtI,OK,149507,471570015001005
826.842,35.1507888,-89.977317,ChIJdVWrOuqAf4gR-V7s1E3qo7g,OK,72908,471570015001017
826.842,35.1507888,-89.977317,ChIJdVWrOuqAf4gR-V7s1E3qo7g,OK,72908,471570015001017
2040.121,35.1497164,-89.95515999999999,ChIJcQb6ehiBf4gR-uA54eRPNq8,OK,147929,471570015001017
1878.239,35.17410499999999,-89.97575479999999,ChIJmfYTGFmAf4gRHGKCaD0qCtI,OK,169437,471570009001013
1878.239,35.17410499999999,-89.97575479999999,ChIJmfYTGFmAf4gRHGKCaD0qCtI,OK,169437,471570009001013
2037.354,35.1507888,-89.977317,ChIJdVWrOuqAf4gR-V7s1E3qo7g,OK,172908,471570009001013
541.125,35.167095,-89.950496,ChIJecYfJgmBf4gRJh-YY67U6V8,OK,30962,471570111001060
541.125,35.167095,-89.950496,ChIJecYfJgmBf4gRJh-YY67U6V8,OK,30962,471570111001060
2051.633,35.1497164,-89.95515999999999,ChIJcQb6ehiBf4gR-uA54eRPNq8,OK,141058,471570111001060
1788.44,35.093591,-90.056624,ChIJgyVl92d81YcRhuRHHckl8Y4,OK,107013,471570055003034
1788.44,35.093591,-90.056624,ChIJgyVl92d81YcRhuRHHckl8Y4,OK,107013,471570055003034
1968.276,35.095133,-90.05542799999999,ChIJATnUo0J81YcRpbAuNwXeqRw,OK,116973,471570055003034
1352.572,35.093591,-90.056624,ChIJgyVl92d81YcRhuRHHckl8Y4,OK,90703,471570055003030
1352.572,35.093591,-90.056624,ChIJgyVl92d81YcRhuRHHckl8Y4,OK,90703,471570055003030
1532.409,35.095133,-90.05542799999999,ChIJATnUo0J81YcRpbAuNwXeqRw,OK,100663,471570055003030
1352.863,35.093591,-90.056624,ChIJgyVl92d81YcRhuRHHckl8Y4,OK,90738,471570055003033
1352.863,35.093591,-90.056624,ChIJgyVl92d81YcRhuRHHckl8Y4,OK,90738,471570055003033
1532.7,35.095133,-90.05542799999999,ChIJATnUo0J81YcRpbAuNwXeqRw,OK,100698,471570055003033
1365.414,35.093591,-90.056624,ChIJgyVl92d81YcRhuRHHckl8Y4,OK,92243,471570055003035
1365.414,35.093591,-90.056624,ChIJgyVl92d81YcRhuRHHckl8Y4,OK,92243,471570055003035
1545.251,35.095133,-90.05542799999999,ChIJATnUo0J81YcRpbAuNwXeqRw,OK,102203,471570055003035
1873.868,35.093591,-90.056624,ChIJgyVl92d81YcRhuRHHckl8Y4,OK,108982,471570055003038
1873.868,35.093591,-90.056624,ChIJgyVl92d81YcRhuRHHckl8Y4,OK,108982,471570055003038
2053.705,35.095133,-90.05542799999999,ChIJATnUo0J81YcRpbAuNwXeqRw,OK,118942,471570055003038
1999.397,35.093591,-90.056624,ChIJgyVl92d81YcRhuRHHckl8Y4,OK,126969,471570055003041
1999.397,35.093591,-90.056624,ChIJgyVl92d81YcRhuRHHckl8Y4,OK,126969,471570055003041
2179.234,35.095133,-90.05542799999999,ChIJATnUo0J81YcRpbAuNwXeqRw,OK,136929,471570055003041
3549.971,35.093591,-90.056624,ChIJgyVl92d81YcRhuRHHckl8Y4,OK,192368,471570055003042
3549.971,35.093591,-90.056624,ChIJgyVl92d81YcRhuRHHckl8Y4,OK,192368,471570055003042
3729.808,35.095133,-90.05542799999999,ChIJATnUo0J81YcRpbAuNwXeqRw,OK,202328,471570055003042
2438.222,35.06128,-90.05978399999999,ChIJm06f8ZV81YcRTjzAsJPcBKY,OK,200497,471570222202012
2438.222,35.06128,-90.05978399999999,ChIJm06f8ZV81YcRTjzAsJPcBKY,OK,200497,471570222202012
2438.043,35.061362,-90.05986399999999,ChIJL_Gh8ZV81YcRDlMHRKqR_IA,OK,203363,471570222202012
3445.405,35.06128,-90.05978399999999,ChIJm06f8ZV81YcRTjzAsJPcBKY,OK,274906,471570222202008
3445.405,35.06128,-90.05978399999999,ChIJm06f8ZV81YcRTjzAsJPcBKY,OK,274906,471570222202008
3445.226,35.061362,-90.05986399999999,ChIJL_Gh8ZV81YcRDlMHRKqR_IA,OK,277772,471570222202008
2689.939,35.02753099999999,-90.082077,ChIJK66rdetk1YcRwwxI9gDREks,OK,197828,471570222101024
2689.939,35.02753099999999,-90.082077,ChIJK66rdetk1YcRwwxI9gDREks,OK,197828,471570222101024
3491.011,35.0326981,-90.07589809999999,ChIJ9S1ljalk1YcRvuG-_hbpimA,OK,242194,471570222101024
723.547,35.06128,-90.05978399999999,ChIJm06f8ZV81YcRTjzAsJPcBKY,OK,72880,471570222205005
723.547,35.06128,-90.05978399999999,ChIJm06f8ZV81YcRTjzAsJPcBKY,OK,72880,471570222205005
812.728,35.061362,-90.05986399999999,ChIJL_Gh8ZV81YcRDlMHRKqR_IA,OK,80695,471570222205005
3543.986,35.06128,-90.05978399999999,ChIJm06f8ZV81YcRTjzAsJPcBKY,OK,286735,471570222201021
3543.986,35.06128,-90.05978399999999,ChIJm06f8ZV81YcRTjzAsJPcBKY,OK,286735,471570222201021
3543.807,35.061362,-90.05986399999999,ChIJL_Gh8ZV81YcRDlMHRKqR_IA,OK,289601,471570222201021
3401.319,35.06128,-90.05978399999999,ChIJm06f8ZV81YcRTjzAsJPcBKY,OK,269615,471570222202005
3401.319,35.06128,-90.05978399999999,ChIJm06f8ZV81YcRTjzAsJPcBKY,OK,269615,471570222202005
3401.14,35.061362,-90.05986399999999,ChIJL_Gh8ZV81YcRDlMHRKqR_IA,OK,272481,471570222202005
3579.819,35.06128,-90.05978399999999,ChIJm06f8ZV81YcRTjzAsJPcBKY,OK,291035,471570222201020
3579.819,35.06128,-90.05978399999999,ChIJm06f8ZV81YcRTjzAsJPcBKY,OK,291035,471570222201020
3579.641,35.061362,-90.05986399999999,ChIJL_Gh8ZV81YcRDlMHRKqR_IA,OK,293901,471570222201020
3576.959,35.06128,-90.05978399999999,ChIJm06f8ZV81YcRTjzAsJPcBKY,OK,290692,471570222201006
3576.959,35.06128,-90.05978399999999,ChIJm06f8ZV81YcRTjzAsJPcBKY,OK,290692,471570222201006
3576.78,35.061362,-90.05986399999999,ChIJL_Gh8ZV81YcRDlMHRKqR_IA,OK,293558,471570222201006
2215.108,35.0543926,-90.0597009,ChIJT5TzUbl81YcRiPqNjkbj9CA,OK,158986,471570222201014
1397.912,35.061362,-90.05986399999999,ChIJL_Gh8ZV81YcRDlMHRKqR_IA,OK,167744,471570222201014
1397.912,35.061362,-90.05986399999999,ChIJL_Gh8ZV81YcRDlMHRKqR_IA,OK,167744,471570222201014
3571.611,35.1546312,-89.79260459999999,ChIJ8UeuSEecf4gRniit7ubZLtM,OK,203919,471570211351024
3571.611,35.1546312,-89.79260459999999,ChIJ8UeuSEecf4gRniit7ubZLtM,OK,203919,471570211351024
3951.498,35.14868459999999,-89.7948203,ChIJ4w9Lr2qcf4gRHdzl9FciAFM,OK,223419,471570211351024
4255.133,35.061362,-90.05986399999999,ChIJL_Gh8ZV81YcRDlMHRKqR_IA,OK,254667,471570222203017
5375.762,35.0326981,-90.07589809999999,ChIJ9S1ljalk1YcRvuG-_hbpimA,OK,320771,471570222203017
5375.762,35.0326981,-90.07589809999999,ChIJ9S1ljalk1YcRvuG-_hbpimA,OK,320771,471570222203017
4711.865,35.0326981,-90.07589809999999,ChIJ9S1ljalk1YcRvuG-_hbpimA,OK,322544,471570222103013
4711.865,35.0326981,-90.07589809999999,ChIJ9S1ljalk1YcRvuG-_hbpimA,OK,322544,471570222103013
5049.228,35.0543926,-90.0597009,ChIJT5TzUbl81YcRiPqNjkbj9CA,OK,344132,471570222103013
4450.838,35.061362,-90.05986399999999,ChIJL_Gh8ZV81YcRDlMHRKqR_IA,OK,266409,471570222103000
5571.467,35.0326981,-90.07589809999999,ChIJ9S1ljalk1YcRvuG-_hbpimA,OK,332513,471570222103000
5571.467,35.0326981,-90.07589809999999,ChIJ9S1ljalk1YcRvuG-_hbpimA,OK,332513,471570222103000
2845.504,35.0326981,-90.07589809999999,ChIJ9S1ljalk1YcRvuG-_hbpimA,OK,207247,471570223105006
2845.504,35.0326981,-90.07589809999999,ChIJ9S1ljalk1YcRvuG-_hbpimA,OK,207247,471570223105006
3020.399,35.02753099999999,-90.082077,ChIJK66rdetk1YcRwwxI9gDREks,OK,249416,471570223105006
3352.165,35.0543926,-90.0597009,ChIJT5TzUbl81YcRiPqNjkbj9CA,OK,200709,471570223105001
5022.087,35.0326981,-90.07589809999999,ChIJ9S1ljalk1YcRvuG-_hbpimA,OK,299551,471570223105001
5022.087,35.0326981,-90.07589809999999,ChIJ9S1ljalk1YcRvuG-_hbpimA,OK,299551,471570223105001
4407.188,35.0614623,-89.8536277,ChIJ4TWJkTWFf4gRbkNZYfkF9Jw,OK,286609,471570213202022
4407.188,35.0614623,-89.8536277,ChIJ4TWJkTWFf4gRbkNZYfkF9Jw,OK,286609,471570213202022
4491.96,35.0512763,-89.8427476,ChIJ7VPJ3q-af4gRdxERIyaZ0gk,OK,292797,471570213202022
4080.52,35.0614623,-89.8536277,ChIJ4TWJkTWFf4gRbkNZYfkF9Jw,OK,276804,471570213311010
4080.52,35.0614623,-89.8536277,ChIJ4TWJkTWFf4gRbkNZYfkF9Jw,OK,276804,471570213311010
4930.826,35.0493493,-89.855357,ChIJH2Nw4lGFf4gRq0vxk4n5iAE,OK,325298,471570213311010
1445,35.107529,-89.9862127,ChIJ0WGfSUKHf4gRjDLrfGQwCV4,OK,82444,471570066001003
1758.996,35.109859,-89.99141100000001,ChIJs6JbpFyHf4gR9O01gG0a7fQ,OK,92494,471570066001003
1758.996,35.109859,-89.99141100000001,ChIJs6JbpFyHf4gR9O01gG0a7fQ,OK,92494,471570066001003
4252.883,35.1439641,-90.0517892,ChIJL-0zBZR-1YcRj7p5p1WY4-g,OK,314358,471570001002017
4252.883,35.1439641,-90.0517892,ChIJL-0zBZR-1YcRj7p5p1WY4-g,OK,314358,471570001002017
4461.799,35.1450994,-90.0538646,ChIJne6_s5V-1YcRn_LPaqiwhrk,OK,319812,471570001002017
3761.808,35.1546312,-89.79260459999999,ChIJ8UeuSEecf4gRniit7ubZLtM,OK,285943,471570211361007
3761.808,35.1546312,-89.79260459999999,ChIJ8UeuSEecf4gRniit7ubZLtM,OK,285943,471570211361007
4709.27,35.14868459999999,-89.7948203,ChIJ4w9Lr2qcf4gRHdzl9FciAFM,OK,339495,471570211361007
2136.121,35.1546312,-89.79260459999999,ChIJ8UeuSEecf4gRniit7ubZLtM,OK,165809,471570211362032
2136.121,35.1546312,-89.79260459999999,ChIJ8UeuSEecf4gRniit7ubZLtM,OK,165809,471570211362032
3083.582,35.14868459999999,-89.7948203,ChIJ4w9Lr2qcf4gRHdzl9FciAFM,OK,219361,471570211362032
1881.666,35.1546312,-89.79260459999999,ChIJ8UeuSEecf4gRniit7ubZLtM,OK,138440,471570211362034
1881.666,35.1546312,-89.79260459999999,ChIJ8UeuSEecf4gRniit7ubZLtM,OK,138440,471570211362034
2829.128,35.14868459999999,-89.7948203,ChIJ4w9Lr2qcf4gRHdzl9FciAFM,OK,191992,471570211362034
1780.301,35.1546312,-89.79260459999999,ChIJ8UeuSEecf4gRniit7ubZLtM,OK,117034,471570211374004
1780.301,35.1546312,-89.79260459999999,ChIJ8UeuSEecf4gRniit7ubZLtM,OK,117034,471570211374004
2727.763,35.14868459999999,-89.7948203,ChIJ4w9Lr2qcf4gRHdzl9FciAFM,OK,170586,471570211374004
4627.008,35.05113000000001,-89.815021,ChIJAdLMX4iaf4gRUenKpoiyrBc,OK,338120,471570214302003
4627.008,35.05113000000001,-89.815021,ChIJAdLMX4iaf4gRUenKpoiyrBc,OK,338120,471570214302003
4841.15,35.048632,-89.814048,ChIJqY7T64eaf4gRoqZRK7sz4Co,OK,350396,471570214302003
1051.153,35.19067459999999,-89.8489943,ChIJ364PGjWdf4gRKbsrGLq8_XQ,OK,76181,471570211111017
1051.153,35.19067459999999,-89.8489943,ChIJ364PGjWdf4gRKbsrGLq8_XQ,OK,76181,471570211111017
2419.659,35.1835367,-89.8717722,ChIJv1U5XuiCf4gRMlXiIrwnbJo,OK,168713,471570211111017
2300.401,35.1546312,-89.79260459999999,ChIJ8UeuSEecf4gRniit7ubZLtM,OK,157502,471570211362044
2300.401,35.1546312,-89.79260459999999,ChIJ8UeuSEecf4gRniit7ubZLtM,OK,157502,471570211362044
3247.863,35.14868459999999,-89.7948203,ChIJ4w9Lr2qcf4gRHdzl9FciAFM,OK,211054,471570211362044
1397.164,35.1546312,-89.79260459999999,ChIJ8UeuSEecf4gRniit7ubZLtM,OK,110033,471570211251002
1397.164,35.1546312,-89.79260459999999,ChIJ8UeuSEecf4gRniit7ubZLtM,OK,110033,471570211251002
1777.052,35.14868459999999,-89.7948203,ChIJ4w9Lr2qcf4gRHdzl9FciAFM,OK,129533,471570211251002
1719.687,35.1497164,-89.95515999999999,ChIJcQb6ehiBf4gR-uA54eRPNq8,OK,110822,471570030001008
1719.687,35.1497164,-89.95515999999999,ChIJcQb6ehiBf4gR-uA54eRPNq8,OK,110822,471570030001008
1812.088,35.14981359999999,-89.94918609999999,ChIJVdGBGRaBf4gRsi89Rzqn8W4,OK,120330,471570030001008
706.811,35.1546312,-89.79260459999999,ChIJ8UeuSEecf4gRniit7ubZLtM,OK,60106,471570211251005
706.811,35.1546312,-89.79260459999999,ChIJ8UeuSEecf4gRniit7ubZLtM,OK,60106,471570211251005
1086.698,35.14868459999999,-89.7948203,ChIJ4w9Lr2qcf4gRHdzl9FciAFM,OK,79606,471570211251005
1967.478,35.1546312,-89.79260459999999,ChIJ8UeuSEecf4gRniit7ubZLtM,OK,156797,471570211252016
1967.478,35.1546312,-89.79260459999999,ChIJ8UeuSEecf4gRniit7ubZLtM,OK,156797,471570211252016
2347.366,35.14868459999999,-89.7948203,ChIJ4w9Lr2qcf4gRHdzl9FciAFM,OK,176297,471570211252016
3654.097,35.1546312,-89.79260459999999,ChIJ8UeuSEecf4gRniit7ubZLtM,OK,219926,471570211262012
3654.097,35.1546312,-89.79260459999999,ChIJ8UeuSEecf4gRniit7ubZLtM,OK,219926,471570211262012
4033.985,35.14868459999999,-89.7948203,ChIJ4w9Lr2qcf4gRHdzl9FciAFM,OK,239426,471570211262012
3987.705,35.2045576,-89.81176689999999,ChIJ8ROix4Kdf4gR4Su-1OwAUMo,OK,282446,471570211212044
3987.705,35.2045576,-89.81176689999999,ChIJ8ROix4Kdf4gR4Su-1OwAUMo,OK,282446,471570211212044
5214.101,35.2051043,-89.79754849999999,ChIJpRDMlY2df4gRQqHmUo_lzmc,OK,315204,471570211212044
4222.216,35.1546312,-89.79260459999999,ChIJ8UeuSEecf4gRniit7ubZLtM,OK,271391,471570211212045
4222.216,35.1546312,-89.79260459999999,ChIJ8UeuSEecf4gRniit7ubZLtM,OK,271391,471570211212045
4395.272,35.2045576,-89.81176689999999,ChIJ8ROix4Kdf4gR4Su-1OwAUMo,OK,282754,471570211212045
4076.308,35.1546312,-89.79260459999999,ChIJ8UeuSEecf4gRniit7ubZLtM,OK,253884,471570211212054
4076.308,35.1546312,-89.79260459999999,ChIJ8UeuSEecf4gRniit7ubZLtM,OK,253884,471570211212054
4249.363,35.2045576,-89.81176689999999,ChIJ8ROix4Kdf4gR4Su-1OwAUMo,OK,265247,471570211212054
4150.731,35.1546312,-89.79260459999999,ChIJ8UeuSEecf4gRniit7ubZLtM,OK,262814,471570211212047
4150.731,35.1546312,-89.79260459999999,ChIJ8UeuSEecf4gRniit7ubZLtM,OK,262814,471570211212047
4323.787,35.2045576,-89.81176689999999,ChIJ8ROix4Kdf4gR4Su-1OwAUMo,OK,274177,471570211212047
4231.776,35.1546312,-89.79260459999999,ChIJ8UeuSEecf4gRniit7ubZLtM,OK,272538,471570211212048
4231.776,35.1546312,-89.79260459999999,ChIJ8UeuSEecf4gRniit7ubZLtM,OK,272538,471570211212048
4404.831,35.2045576,-89.81176689999999,ChIJ8ROix4Kdf4gR4Su-1OwAUMo,OK,283901,471570211212048
4028.977,35.1546312,-89.79260459999999,ChIJ8UeuSEecf4gRniit7ubZLtM,OK,248205,471570211212046
4028.977,35.1546312,-89.79260459999999,ChIJ8UeuSEecf4gRniit7ubZLtM,OK,248205,471570211212046
4202.033,35.2045576,-89.81176689999999,ChIJ8ROix4Kdf4gR4Su-1OwAUMo,OK,259568,471570211212046
2556.908,35.05407199999999,-90.00125899999999,ChIJIzdhk1h91YcRZT7cBcBslaM,OK,157550,471570220225022
2556.908,35.05407199999999,-90.00125899999999,ChIJIzdhk1h91YcRZT7cBcBslaM,OK,157550,471570220225022
2836.373,35.02138900000001,-89.996898,ChIJz3MQkR6If4gRIBgmNH-BQcg,OK,172108,471570220225022
1345.999,35.2045576,-89.81176689999999,ChIJ8ROix4Kdf4gR4Su-1OwAUMo,OK,76790,471570211121003
1345.999,35.2045576,-89.81176689999999,ChIJ8ROix4Kdf4gR4Su-1OwAUMo,OK,76790,471570211121003
2402.507,35.2051043,-89.79754849999999,ChIJpRDMlY2df4gRQqHmUo_lzmc,OK,134209,471570211121003
3428.236,35.2051043,-89.79754849999999,ChIJpRDMlY2df4gRQqHmUo_lzmc,OK,206451,471570211213016
3428.236,35.2051043,-89.79754849999999,ChIJpRDMlY2df4gRQqHmUo_lzmc,OK,206451,471570211213016
3800.402,35.1546312,-89.79260459999999,ChIJ8UeuSEecf4gRniit7ubZLtM,OK,223694,471570211213016
700.045,35.0461089,-89.7947008,ChIJaZI6O3Oaf4gRqa_eh0DNj_s,OK,48168,471570213423082
700.045,35.0461089,-89.7947008,ChIJaZI6O3Oaf4gRqa_eh0DNj_s,OK,48168,471570213423082
818.05,35.045091,-89.795412,ChIJVelsQnOaf4gRECqTW7fq-dY,OK,54703,471570213423082
4036.07,35.14868459999999,-89.7948203,ChIJ4w9Lr2qcf4gRHdzl9FciAFM,OK,229236,471579804001002
4036.07,35.14868459999999,-89.7948203,ChIJ4w9Lr2qcf4gRHdzl9FciAFM,OK,229236,471579804001002
4802.233,35.1546312,-89.79260459999999,ChIJ8UeuSEecf4gRniit7ubZLtM,OK,249935,471579804001002
1222.888,35.02100869999999,-89.8995317,ChIJ-f6gz22Pf4gR-rWEeLgd-68,OK,56725,471570226001138
1222.888,35.02100869999999,-89.8995317,ChIJ-f6gz22Pf4gR-rWEeLgd-68,OK,56725,471570226001138
1234.161,35.0209193,-89.8996561,ChIJxWQfy22Pf4gRlC1jxVU1A2g,OK,57350,471570226001138
1278.024,35.164068,-89.8770782,ChIJpUMbExuDf4gRyW4QpPURe54,OK,134834,471570211113041
1278.024,35.164068,-89.8770782,ChIJpUMbExuDf4gRyW4QpPURe54,OK,134834,471570211113041
1896.866,35.16339899999999,-89.855841,ChIJA_xfkC6Df4gRAjVZwLz1jqA,OK,139605,471570211113041
1316.508,35.04577219999999,-89.82821469999999,ChIJL-jEaJmaf4gREtYdkYi2nAs,OK,78134,471570213342023
1316.508,35.04577219999999,-89.82821469999999,ChIJL-jEaJmaf4gREtYdkYi2nAs,OK,78134,471570213342023
1586.781,35.0493563,-89.83813929999999,ChIJjRQNzqSaf4gRxmNqB0YAYGM,OK,88215,471570213342023
4322.366,35.1546312,-89.79260459999999,ChIJ8UeuSEecf4gRniit7ubZLtM,OK,247258,471570211422020
4322.366,35.1546312,-89.79260459999999,ChIJ8UeuSEecf4gRniit7ubZLtM,OK,247258,471570211422020
4451.01,35.2072684,-89.7827147,ChIJKdJ2xvqdf4gRKLRUePlbOOs,OK,289587,471570211422020
2825.323,35.05018,-89.89110199999999,ChIJNUozxJyFf4gRrJ8tUHk1p2Q,OK,216753,471570226002023
2825.323,35.05018,-89.89110199999999,ChIJNUozxJyFf4gRrJ8tUHk1p2Q,OK,216753,471570226002023
3686.375,35.04677619999999,-89.8859339,ChIJycTJ_niFf4gR5esliSzp17E,OK,260451,471570226002023
2633.263,35.14868459999999,-89.7948203,ChIJ4w9Lr2qcf4gRHdzl9FciAFM,OK,164509,471570211402016
2633.263,35.14868459999999,-89.7948203,ChIJ4w9Lr2qcf4gRHdzl9FciAFM,OK,164509,471570211402016
3399.425,35.1546312,-89.79260459999999,ChIJ8UeuSEecf4gRniit7ubZLtM,OK,185208,471570211402016
4042.166,35.2045576,-89.81176689999999,ChIJ8ROix4Kdf4gR4Su-1OwAUMo,OK,259409,471570211212036
4042.166,35.2045576,-89.81176689999999,ChIJ8ROix4Kdf4gR4Su-1OwAUMo,OK,259409,471570211212036
4406.878,35.1546312,-89.79260459999999,ChIJ8UeuSEecf4gRniit7ubZLtM,OK,285466,471570211212036
769.715,35.0209193,-89.8996561,ChIJxWQfy22Pf4gRlC1jxVU1A2g,OK,63303,471570226001137
769.715,35.0209193,-89.8996561,ChIJxWQfy22Pf4gRlC1jxVU1A2g,OK,63303,471570226001137
780.987,35.02100869999999,-89.8995317,ChIJ-f6gz22Pf4gR-rWEeLgd-68,OK,63927,471570226001137
3366.813,35.0477573,-89.86637909999999,ChIJ5_0L5VyFf4gR4HBEwl6nmRE,OK,199848,471570217414015
3366.813,35.0477573,-89.86637909999999,ChIJ5_0L5VyFf4gR4HBEwl6nmRE,OK,199848,471570217414015
3937.651,35.050596,-89.869556,ChIJQ4vLA2iFf4gRyyCo3ihKH44,OK,238577,471570217414015
273.303,35.04677619999999,-89.8859339,ChIJycTJ_niFf4gR5esliSzp17E,OK,26104,471570226002000
273.303,35.04677619999999,-89.8859339,ChIJycTJ_niFf4gR5esliSzp17E,OK,26104,471570226002000
1013.216,35.0531879,-89.8855975,ChIJy5TuWnaFf4gRzUE1FqfjCIk,OK,75435,471570226002000
2252.532,35.02100869999999,-89.8995317,ChIJ-f6gz22Pf4gR-rWEeLgd-68,OK,128190,471570226001083
2252.532,35.02100869999999,-89.8995317,ChIJ-f6gz22Pf4gR-rWEeLgd-68,OK,128190,471570226001083
2263.804,35.0209193,-89.8996561,ChIJxWQfy22Pf4gRlC1jxVU1A2g,OK,128815,471570226001083
631.586,35.06128,-90.05978399999999,ChIJm06f8ZV81YcRTjzAsJPcBKY,OK,48646,471570225001105
631.586,35.06128,-90.05978399999999,ChIJm06f8ZV81YcRTjzAsJPcBKY,OK,48646,471570225001105
631.407,35.061362,-90.05986399999999,ChIJL_Gh8ZV81YcRDlMHRKqR_IA,OK,51512,471570225001105
601.498,35.1546312,-89.79260459999999,ChIJ8UeuSEecf4gRniit7ubZLtM,OK,60533,471570211353042
601.498,35.1546312,-89.79260459999999,ChIJ8UeuSEecf4gRniit7ubZLtM,OK,60533,471570211353042
1155.357,35.14868459999999,-89.7948203,ChIJ4w9Lr2qcf4gRHdzl9FciAFM,OK,80091,471570211353042
3098.395,35.14868459999999,-89.7948203,ChIJ4w9Lr2qcf4gRHdzl9FciAFM,OK,218431,471579804001036
3098.395,35.14868459999999,-89.7948203,ChIJ4w9Lr2qcf4gRHdzl9FciAFM,OK,218431,471579804001036
3864.557,35.1546312,-89.79260459999999,ChIJ8UeuSEecf4gRniit7ubZLtM,OK,239130,471579804001036
411.602,35.1546312,-89.79260459999999,ChIJ8UeuSEecf4gRniit7ubZLtM,OK,45800,471570211353045
411.602,35.1546312,-89.79260459999999,ChIJ8UeuSEecf4gRniit7ubZLtM,OK,45800,471570211353045
678.753,35.14868459999999,-89.7948203,ChIJ4w9Lr2qcf4gRHdzl9FciAFM,OK,50013,471570211353045
3148.814,35.2337782,-89.9252472,ChIJra3pLkt_f4gRjZbqnHrruIM,OK,191862,471570205213000
3148.814,35.2337782,-89.9252472,ChIJra3pLkt_f4gRjZbqnHrruIM,OK,191862,471570205213000
4660.936,35.222344,-89.97682999999999,ChIJ987Br45_f4gRjwrvnFN8t7k,OK,279647,471570205213000
2237.443,35.04677619999999,-89.8859339,ChIJycTJ_niFf4gR5esliSzp17E,OK,123909,471570226001080
2983.171,35.02100869999999,-89.8995317,ChIJ-f6gz22Pf4gR-rWEeLgd-68,OK,165211,471570226001080
2983.171,35.02100869999999,-89.8995317,ChIJ-f6gz22Pf4gR-rWEeLgd-68,OK,165211,471570226001080
3227.672,35.14859919999999,-89.91828060000002,ChIJRflgf-eDf4gRHX_XNYKER-s,OK,211028,471570086002030
3677.814,35.1079763,-89.9333841,ChIJqZoM4qKGf4gREaZMyPG1GBQ,OK,235833,471570086002030
2634.52,35.14859919999999,-89.91828060000002,ChIJRflgf-eDf4gRHX_XNYKER-s,OK,189723,471570086002025
2634.52,35.14859919999999,-89.91828060000002,ChIJRflgf-eDf4gRHX_XNYKER-s,OK,189723,471570086002025
3661.087,35.14981359999999,-89.94918609999999,ChIJVdGBGRaBf4gRsi89Rzqn8W4,OK,230585,471570086002025
2135.93,35.14859919999999,-89.91828060000002,ChIJRflgf-eDf4gRHX_XNYKER-s,OK,179775,471570086002013
2135.93,35.14859919999999,-89.91828060000002,ChIJRflgf-eDf4gRHX_XNYKER-s,OK,179775,471570086002013
3463.294,35.1489345,-89.89838259999999,ChIJaTBvX72Df4gRiyFT0LQMnrQ,OK,257214,471570086002013
2796.132,35.14859919999999,-89.91828060000002,ChIJRflgf-eDf4gRHX_XNYKER-s,OK,202353,471570086002024
2796.132,35.14859919999999,-89.91828060000002,ChIJRflgf-eDf4gRHX_XNYKER-s,OK,202353,471570086002024
4166.177,35.1161637,-89.9446263,ChIJ-ZiED8iGf4gR32IlfgDBKWY,OK,284277,471570086002024
3141.582,35.02100869999999,-89.8995317,ChIJ-f6gz22Pf4gR-rWEeLgd-68,OK,233482,471570226001195
3141.582,35.02100869999999,-89.8995317,ChIJ-f6gz22Pf4gR-rWEeLgd-68,OK,233482,471570226001195
3152.855,35.0209193,-89.8996561,ChIJxWQfy22Pf4gRlC1jxVU1A2g,OK,234107,471570226001195
2930.538,35.14859919999999,-89.91828060000002,ChIJRflgf-eDf4gRHX_XNYKER-s,OK,208876,471570086002010
2930.538,35.14859919999999,-89.91828060000002,ChIJRflgf-eDf4gRHX_XNYKER-s,OK,208876,471570086002010
4242.651,35.1489345,-89.89838259999999,ChIJaTBvX72Df4gRiyFT0LQMnrQ,OK,276341,471570086002010
2955.086,35.14859919999999,-89.91828060000002,ChIJRflgf-eDf4gRHX_XNYKER-s,OK,197072,471570086002021
2955.086,35.14859919999999,-89.91828060000002,ChIJRflgf-eDf4gRHX_XNYKER-s,OK,197072,471570086002021
3888.498,35.1075089,-89.9318387,ChIJVboYU6KGf4gRHfEHUi8Izac,OK,250872,471570086002021
1176.812,35.02099699999999,-89.93544,ChIJW6hY3LmIf4gRWjIeu9tMgvU,OK,149105,471570226001157
1176.812,35.02099699999999,-89.93544,ChIJW6hY3LmIf4gRWjIeu9tMgvU,OK,149105,471570226001157
1827.57,35.015991,-89.935953,ChIJSSHzkseIf4gRnqbOP98HojY,OK,185144,471570226001157
3936.695,35.015991,-89.935953,ChIJSSHzkseIf4gRnqbOP98HojY,OK,245776,471570226001183
3936.695,35.015991,-89.935953,ChIJSSHzkseIf4gRnqbOP98HojY,OK,245776,471570226001183
4587.453,35.02099699999999,-89.93544,ChIJW6hY3LmIf4gRWjIeu9tMgvU,OK,281815,471570226001183
3618.938,35.015991,-89.935953,ChIJSSHzkseIf4gRnqbOP98HojY,OK,226029,471570226001179
3618.938,35.015991,-89.935953,ChIJSSHzkseIf4gRnqbOP98HojY,OK,226029,471570226001179
4269.695,35.02099699999999,-89.93544,ChIJW6hY3LmIf4gRWjIeu9tMgvU,OK,262068,471570226001179
1546.445,35.0209193,-89.8996561,ChIJxWQfy22Pf4gRlC1jxVU1A2g,OK,129829,471570226001165
1546.445,35.0209193,-89.8996561,ChIJxWQfy22Pf4gRlC1jxVU1A2g,OK,129829,471570226001165
1557.718,35.02100869999999,-89.8995317,ChIJ-f6gz22Pf4gR-rWEeLgd-68,OK,130453,471570226001165
1098.531,35.220637,-89.892425,ChIJiZ78r4Z4f4gRyy0DWRWI7n0,OK,83139,471570205411001
1098.531,35.220637,-89.892425,ChIJiZ78r4Z4f4gRyy0DWRWI7n0,OK,83139,471570205411001
1254.096,35.2060393,-89.89459389999999,ChIJN_fdM1CCf4gRqHZ_YUZgoJo,OK,90943,471570205411001
930.741,35.223866,-89.90499,ChIJJRXCRJh4f4gRcTFbl9qZzNM,OK,106326,471570205411002
930.741,35.223866,-89.90499,ChIJJRXCRJh4f4gRcTFbl9qZzNM,OK,106326,471570205411002
1563.216,35.220637,-89.892425,ChIJiZ78r4Z4f4gRyy0DWRWI7n0,OK,123570,471570205411002
373.585,35.1450994,-90.0538646,ChIJne6_s5V-1YcRn_LPaqiwhrk,OK,40089,471570042001043
373.585,35.1450994,-90.0538646,ChIJne6_s5V-1YcRn_LPaqiwhrk,OK,40089,471570042001043
278.599,35.1439641,-90.0517892,ChIJL-0zBZR-1YcRj7p5p1WY4-g,OK,45143,471570042001043
1153.714,35.223866,-89.90499,ChIJJRXCRJh4f4gRcTFbl9qZzNM,OK,133083,471570205411003
1153.714,35.223866,-89.90499,ChIJJRXCRJh4f4gRcTFbl9qZzNM,OK,133083,471570205411003
1786.189,35.220637,-89.892425,ChIJiZ78r4Z4f4gRyy0DWRWI7n0,OK,150327,471570205411003
1764.065,35.2060393,-89.89459389999999,ChIJN_fdM1CCf4gRqHZ_YUZgoJo,OK,148566,471570205412014
1764.065,35.2060393,-89.89459389999999,ChIJN_fdM1CCf4gRqHZ_YUZgoJo,OK,148566,471570205412014
1847.805,35.20808669999999,-89.89363879999999,ChIJa1RCwHuCf4gRSSG3nO4uWeI,OK,164818,471570205412014
645.138,35.220637,-89.892425,ChIJiZ78r4Z4f4gRyy0DWRWI7n0,OK,51926,471570206514004
645.138,35.220637,-89.892425,ChIJiZ78r4Z4f4gRyy0DWRWI7n0,OK,51926,471570206514004
1708.75,35.2060393,-89.89459389999999,ChIJN_fdM1CCf4gRqHZ_YUZgoJo,OK,110016,471570206514004
560.192,35.220637,-89.892425,ChIJiZ78r4Z4f4gRyy0DWRWI7n0,OK,60159,471570206443027
560.192,35.220637,-89.892425,ChIJiZ78r4Z4f4gRyy0DWRWI7n0,OK,60159,471570206443027
1882.836,35.223866,-89.90499,ChIJJRXCRJh4f4gRcTFbl9qZzNM,OK,160218,471570206443027
1402.891,35.2060393,-89.89459389999999,ChIJN_fdM1CCf4gRqHZ_YUZgoJo,OK,116317,471570205412017
1402.891,35.2060393,-89.89459389999999,ChIJN_fdM1CCf4gRqHZ_YUZgoJo,OK,116317,471570205412017
1486.631,35.20808669999999,-89.89363879999999,ChIJa1RCwHuCf4gRSSG3nO4uWeI,OK,132569,471570205412017
3355.452,35.02100869999999,-89.8995317,ChIJ-f6gz22Pf4gR-rWEeLgd-68,OK,203645,471570226001206
3355.452,35.02100869999999,-89.8995317,ChIJ-f6gz22Pf4gR-rWEeLgd-68,OK,203645,471570226001206
3366.725,35.0209193,-89.8996561,ChIJxWQfy22Pf4gRlC1jxVU1A2g,OK,204270,471570226001206
385.774,35.220637,-89.892425,ChIJiZ78r4Z4f4gRyy0DWRWI7n0,OK,39229,471570206514002
385.774,35.220637,-89.892425,ChIJiZ78r4Z4f4gRyy0DWRWI7n0,OK,39229,471570206514002
1502.5,35.20808669999999,-89.89363879999999,ChIJa1RCwHuCf4gRSSG3nO4uWeI,OK,106708,471570206514002
642.85,35.220637,-89.892425,ChIJiZ78r4Z4f4gRyy0DWRWI7n0,OK,51650,471570206514003
642.85,35.220637,-89.892425,ChIJiZ78r4Z4f4gRyy0DWRWI7n0,OK,51650,471570206514003
1706.462,35.2060393,-89.89459389999999,ChIJN_fdM1CCf4gRqHZ_YUZgoJo,OK,109740,471570206514003
258.359,35.220637,-89.892425,ChIJiZ78r4Z4f4gRyy0DWRWI7n0,OK,15501,471570206514001
258.359,35.220637,-89.892425,ChIJiZ78r4Z4f4gRyy0DWRWI7n0,OK,15501,471570206514001
5782.827,35.14868459999999,-89.7948203,ChIJ4w9Lr2qcf4gRHdzl9FciAFM,OK,340440,471570211381035
5782.827,35.14868459999999,-89.7948203,ChIJ4w9Lr2qcf4gRHdzl9FciAFM,OK,340440,471570211381035
6548.99,35.1546312,-89.79260459999999,ChIJ8UeuSEecf4gRniit7ubZLtM,OK,361139,471570211381035
2547.371,35.14859919999999,-89.91828060000002,ChIJRflgf-eDf4gRHX_XNYKER-s,OK,179265,471570029003002
2547.371,35.14859919999999,-89.91828060000002,ChIJRflgf-eDf4gRHX_XNYKER-s,OK,179265,471570029003002
3573.937,35.14981359999999,-89.94918609999999,ChIJVdGBGRaBf4gRsi89Rzqn8W4,OK,220127,471570029003002
2547.371,35.14859919999999,-89.91828060000002,ChIJRflgf-eDf4gRHX_XNYKER-s,OK,179265,471570029003004
2547.371,35.14859919999999,-89.91828060000002,ChIJRflgf-eDf4gRHX_XNYKER-s,OK,179265,471570029003004
3573.937,35.14981359999999,-89.94918609999999,ChIJVdGBGRaBf4gRsi89Rzqn8W4,OK,220127,471570029003004
1950.802,35.1444038,-90.0168571,ChIJufYEjhR-1YcREff46W6Lons,OK,124729,471570038001007
1950.802,35.1444038,-90.0168571,ChIJufYEjhR-1YcREff46W6Lons,OK,124729,471570038001007
2212.704,35.1490317,-90.0140679,ChIJw3q9_xV-1YcRqrte6yBn1CI,OK,154363,471570038001007
709.033,35.142439,-90.006118,ChIJeUPo2Rt-1YcRdoG2a54M-d0,OK,55897,471570036001002
709.033,35.142439,-90.006118,ChIJeUPo2Rt-1YcRdoG2a54M-d0,OK,55897,471570036001002
559.787,35.139426,-90.00714049999999,ChIJC-6kIBt-1YcRA1cskDtjsVc,OK,67172,471570036001002
1195.747,35.13418100000001,-89.98599,ChIJnf1_yraAf4gR9pQmD7CXhgg,OK,67571,471570027002023
1195.747,35.13418100000001,-89.98599,ChIJnf1_yraAf4gR9pQmD7CXhgg,OK,67571,471570027002023
1338.373,35.13779299999999,-89.99118349999999,ChIJUQlZ-K-Af4gRkRKK62-ap5w,OK,88165,471570027002023
1117.119,35.1444038,-90.0168571,ChIJufYEjhR-1YcREff46W6Lons,OK,101792,471570038001021
1117.119,35.1444038,-90.0168571,ChIJufYEjhR-1YcREff46W6Lons,OK,101792,471570038001021
1753.745,35.1490317,-90.0140679,ChIJw3q9_xV-1YcRqrte6yBn1CI,OK,127131,471570038001021
1008.882,35.1439641,-90.0517892,ChIJL-0zBZR-1YcRj7p5p1WY4-g,OK,59830,471570114002022
1008.882,35.1439641,-90.0517892,ChIJL-0zBZR-1YcRj7p5p1WY4-g,OK,59830,471570114002022
1039.572,35.1435177,-90.0539328,ChIJ8VFg1pV-1YcRR9G8p0pZx6U,OK,60109,471570114002022
1128.196,35.1439641,-90.0517892,ChIJL-0zBZR-1YcRj7p5p1WY4-g,OK,64972,471570114002021
1128.196,35.1439641,-90.0517892,ChIJL-0zBZR-1YcRj7p5p1WY4-g,OK,64972,471570114002021
1158.887,35.1435177,-90.0539328,ChIJ8VFg1pV-1YcRR9G8p0pZx6U,OK,65251,471570114002021
916.989,35.1439641,-90.0517892,ChIJL-0zBZR-1YcRj7p5p1WY4-g,OK,52943,471570114003009
916.989,35.1439641,-90.0517892,ChIJL-0zBZR-1YcRj7p5p1WY4-g,OK,52943,471570114003009
947.679,35.1435177,-90.0539328,ChIJ8VFg1pV-1YcRR9G8p0pZx6U,OK,53222,471570114003009
642.989,35.1444038,-90.0168571,ChIJufYEjhR-1YcREff46W6Lons,OK,48219,471570036001012
642.989,35.1444038,-90.0168571,ChIJufYEjhR-1YcREff46W6Lons,OK,48219,471570036001012
884.693,35.13763670000001,-90.00757159999999,ChIJl69WLQV-1YcRU3z7Tt2MyhY,OK,77829,471570036001012
1873.003,35.148225,-89.89748700000001,ChIJC8t095eDf4gRGuXK3FleZyg,OK,125993,471570092004006
1873.003,35.148225,-89.89748700000001,ChIJC8t095eDf4gRGuXK3FleZyg,OK,125993,471570092004006
1953.548,35.1489345,-89.89838259999999,ChIJaTBvX72Df4gRiyFT0LQMnrQ,OK,130825,471570092004006
489.326,35.139426,-90.00714049999999,ChIJC-6kIBt-1YcRA1cskDtjsVc,OK,58716,471570036001007
489.326,35.139426,-90.00714049999999,ChIJC-6kIBt-1YcRA1cskDtjsVc,OK,58716,471570036001007
681.402,35.13763670000001,-90.00757159999999,ChIJl69WLQV-1YcRU3z7Tt2MyhY,OK,63612,471570036001007
2290.263,35.148225,-89.89748700000001,ChIJC8t095eDf4gRGuXK3FleZyg,OK,160141,471570092004008
2290.263,35.148225,-89.89748700000001,ChIJC8t095eDf4gRGuXK3FleZyg,OK,160141,471570092004008
2370.809,35.1489345,-89.89838259999999,ChIJaTBvX72Df4gRiyFT0LQMnrQ,OK,164973,471570092004008
1292.374,35.13418100000001,-89.98599,ChIJnf1_yraAf4gR9pQmD7CXhgg,OK,83888,471570027002024
1292.374,35.13418100000001,-89.98599,ChIJnf1_yraAf4gR9pQmD7CXhgg,OK,83888,471570027002024
1604.064,35.1507888,-89.977317,ChIJdVWrOuqAf4gR-V7s1E3qo7g,OK,105513,471570027002024
1361.075,35.14868459999999,-89.7948203,ChIJ4w9Lr2qcf4gRHdzl9FciAFM,OK,97887,471570211372012
1361.075,35.14868459999999,-89.7948203,ChIJ4w9Lr2qcf4gRHdzl9FciAFM,OK,97887,471570211372012
2127.237,35.1546312,-89.79260459999999,ChIJ8UeuSEecf4gRniit7ubZLtM,OK,118586,471570211372012
1397.166,35.14868459999999,-89.7948203,ChIJ4w9Lr2qcf4gRHdzl9FciAFM,OK,102217,471570211372020
1397.166,35.14868459999999,-89.7948203,ChIJ4w9Lr2qcf4gRHdzl9FciAFM,OK,102217,471570211372020
2163.328,35.1546312,-89.79260459999999,ChIJ8UeuSEecf4gRniit7ubZLtM,OK,122916,471570211372020
1138.3,35.14868459999999,-89.7948203,ChIJ4w9Lr2qcf4gRHdzl9FciAFM,OK,93452,471570211372008
1138.3,35.14868459999999,-89.7948203,ChIJ4w9Lr2qcf4gRHdzl9FciAFM,OK,93452,471570211372008
1904.462,35.1546312,-89.79260459999999,ChIJ8UeuSEecf4gRniit7ubZLtM,OK,114151,471570211372008
524.223,35.13774119999999,-89.99713,ChIJtwtohKiAf4gRFxkNLUf9PgA,OK,62904,471570032002000
524.223,35.13774119999999,-89.99713,ChIJtwtohKiAf4gRFxkNLUf9PgA,OK,62904,471570032002000
917.648,35.142439,-90.006118,ChIJeUPo2Rt-1YcRdoG2a54M-d0,OK,63160,471570032002000
3827.928,35.14868459999999,-89.7948203,ChIJ4w9Lr2qcf4gRHdzl9FciAFM,OK,272289,471570211371012
3827.928,35.14868459999999,-89.7948203,ChIJ4w9Lr2qcf4gRHdzl9FciAFM,OK,272289,471570211371012
4594.09,35.1546312,-89.79260459999999,ChIJ8UeuSEecf4gRniit7ubZLtM,OK,292988,471570211371012
257.152,35.139426,-90.00714049999999,ChIJC-6kIBt-1YcRA1cskDtjsVc,OK,30856,471570034002006
257.152,35.139426,-90.00714049999999,ChIJC-6kIBt-1YcRA1cskDtjsVc,OK,30856,471570034002006
455.679,35.13763670000001,-90.00757159999999,ChIJl69WLQV-1YcRU3z7Tt2MyhY,OK,54677,471570034002006
840.11,35.1439641,-90.0517892,ChIJL-0zBZR-1YcRj7p5p1WY4-g,OK,48686,471570114002028
840.11,35.1439641,-90.0517892,ChIJL-0zBZR-1YcRj7p5p1WY4-g,OK,48686,471570114002028
870.8,35.1435177,-90.0539328,ChIJ8VFg1pV-1YcRR9G8p0pZx6U,OK,48965,471570114002028
2010.448,35.054745,-90.007971,ChIJXxyyQlt91YcRhldtWgjSnSE,OK,151122,471570225001048
2010.448,35.054745,-90.007971,ChIJXxyyQlt91YcRhldtWgjSnSE,OK,151122,471570225001048
2442.296,35.05407199999999,-90.00125899999999,ChIJIzdhk1h91YcRZT7cBcBslaM,OK,167161,471570225001048
4853.372,35.0643218,-89.9923063,ChIJb3DQuo2Hf4gRC8UI6d4pa68,OK,336942,471570078214019
4853.372,35.0643218,-89.9923063,ChIJb3DQuo2Hf4gRC8UI6d4pa68,OK,336942,471570078214019
6369.122,35.05407199999999,-90.00125899999999,ChIJIzdhk1h91YcRZT7cBcBslaM,OK,394876,471570078214019
1067.718,35.054745,-90.007971,ChIJXxyyQlt91YcRhldtWgjSnSE,OK,82649,471570220232001
1067.718,35.054745,-90.007971,ChIJXxyyQlt91YcRhldtWgjSnSE,OK,82649,471570220232001
1633.07,35.05407199999999,-90.00125899999999,ChIJIzdhk1h91YcRZT7cBcBslaM,OK,106082,471570220232001
501.933,35.06128,-90.05978399999999,ChIJm06f8ZV81YcRTjzAsJPcBKY,OK,57344,471570225001115
501.933,35.06128,-90.05978399999999,ChIJm06f8ZV81YcRTjzAsJPcBKY,OK,57344,471570225001115
501.755,35.061362,-90.05986399999999,ChIJL_Gh8ZV81YcRDlMHRKqR_IA,OK,60210,471570225001115
1103.326,35.0543926,-90.0597009,ChIJT5TzUbl81YcRiPqNjkbj9CA,OK,79233,471570225001118
1103.326,35.0543926,-90.0597009,ChIJT5TzUbl81YcRiPqNjkbj9CA,OK,79233,471570225001118
1684.681,35.06128,-90.05978399999999,ChIJm06f8ZV81YcRTjzAsJPcBKY,OK,111430,471570225001118
1300.089,35.0543926,-90.0597009,ChIJT5TzUbl81YcRiPqNjkbj9CA,OK,79450,471570225001099
1300.089,35.0543926,-90.0597009,ChIJT5TzUbl81YcRiPqNjkbj9CA,OK,79450,471570225001099
1881.444,35.06128,-90.05978399999999,ChIJm06f8ZV81YcRTjzAsJPcBKY,OK,111647,471570225001099
4508.726,35.1439641,-90.0517892,ChIJL-0zBZR-1YcRj7p5p1WY4-g,OK,318177,471570001002001
4508.726,35.1439641,-90.0517892,ChIJL-0zBZR-1YcRj7p5p1WY4-g,OK,318177,471570001002001
4717.642,35.1450994,-90.0538646,ChIJne6_s5V-1YcRn_LPaqiwhrk,OK,323631,471570001002001
1789.599,35.06128,-90.05978399999999,ChIJm06f8ZV81YcRTjzAsJPcBKY,OK,130882,471570225001097
1789.599,35.06128,-90.05978399999999,ChIJm06f8ZV81YcRTjzAsJPcBKY,OK,130882,471570225001097
1789.42,35.061362,-90.05986399999999,ChIJL_Gh8ZV81YcRDlMHRKqR_IA,OK,133748,471570225001097
1420.032,35.0543926,-90.0597009,ChIJT5TzUbl81YcRiPqNjkbj9CA,OK,97113,471570223212011
1420.032,35.0543926,-90.0597009,ChIJT5TzUbl81YcRiPqNjkbj9CA,OK,97113,471570223212011
2001.387,35.06128,-90.05978399999999,ChIJm06f8ZV81YcRTjzAsJPcBKY,OK,129310,471570223212011
1215.901,35.0543926,-90.0597009,ChIJT5TzUbl81YcRiPqNjkbj9CA,OK,92437,471570223212007
1215.901,35.0543926,-90.0597009,ChIJT5TzUbl81YcRiPqNjkbj9CA,OK,92437,471570223212007
1797.256,35.06128,-90.05978399999999,ChIJm06f8ZV81YcRTjzAsJPcBKY,OK,124634,471570223212007
1310.657,35.0543926,-90.0597009,ChIJT5TzUbl81YcRiPqNjkbj9CA,OK,103807,471570223212008
1310.657,35.0543926,-90.0597009,ChIJT5TzUbl81YcRiPqNjkbj9CA,OK,103807,471570223212008
1892.013,35.06128,-90.05978399999999,ChIJm06f8ZV81YcRTjzAsJPcBKY,OK,136004,471570223212008
1623.042,35.0543926,-90.0597009,ChIJT5TzUbl81YcRiPqNjkbj9CA,OK,126362,471570223212009
1623.042,35.0543926,-90.0597009,ChIJT5TzUbl81YcRiPqNjkbj9CA,OK,126362,471570223212009
2204.398,35.06128,-90.05978399999999,ChIJm06f8ZV81YcRTjzAsJPcBKY,OK,158559,471570223212009
2434.409,35.0333519,-90.02557630000001,ChIJK8z8Ksxi1YcRt8pxxgP2SA4,OK,175550,471570223211004
2434.409,35.0333519,-90.02557630000001,ChIJK8z8Ksxi1YcRt8pxxgP2SA4,OK,175550,471570223211004
2434.503,35.033351,-90.02556199999999,ChIJY7ePKsxi1YcRIP55gZFchMw,OK,175555,471570223211004
2219.922,35.0333519,-90.02557630000001,ChIJK8z8Ksxi1YcRt8pxxgP2SA4,OK,160706,471570225005002
2219.922,35.0333519,-90.02557630000001,ChIJK8z8Ksxi1YcRt8pxxgP2SA4,OK,160706,471570225005002
2220.016,35.033351,-90.02556199999999,ChIJY7ePKsxi1YcRIP55gZFchMw,OK,160711,471570225005002
2328.25,35.0543926,-90.0597009,ChIJT5TzUbl81YcRiPqNjkbj9CA,OK,147680,471570225001101
2328.25,35.0543926,-90.0597009,ChIJT5TzUbl81YcRiPqNjkbj9CA,OK,147680,471570225001101
2652.747,35.06128,-90.05978399999999,ChIJm06f8ZV81YcRTjzAsJPcBKY,OK,178075,471570225001101
2454.815,35.0543926,-90.0597009,ChIJT5TzUbl81YcRiPqNjkbj9CA,OK,153607,471570225002004
2454.815,35.0543926,-90.0597009,ChIJT5TzUbl81YcRiPqNjkbj9CA,OK,153607,471570225002004
3036.171,35.06128,-90.05978399999999,ChIJm06f8ZV81YcRTjzAsJPcBKY,OK,185804,471570225002004
4522.396,35.0543926,-90.0597009,ChIJT5TzUbl81YcRiPqNjkbj9CA,OK,348237,471570223211001
4522.396,35.0543926,-90.0597009,ChIJT5TzUbl81YcRiPqNjkbj9CA,OK,348237,471570223211001
5103.751,35.06128,-90.05978399999999,ChIJm06f8ZV81YcRTjzAsJPcBKY,OK,380434,471570223211001
2045.86,35.0543926,-90.0597009,ChIJT5TzUbl81YcRiPqNjkbj9CA,OK,116660,471570225001120
2045.86,35.0543926,-90.0597009,ChIJT5TzUbl81YcRiPqNjkbj9CA,OK,116660,471570225001120
2627.216,35.06128,-90.05978399999999,ChIJm06f8ZV81YcRTjzAsJPcBKY,OK,148857,471570225001120
2616.562,35.054745,-90.007971,ChIJXxyyQlt91YcRhldtWgjSnSE,OK,179747,471570225001127
2616.562,35.054745,-90.007971,ChIJXxyyQlt91YcRhldtWgjSnSE,OK,179747,471570225001127
3349.353,35.0333519,-90.02557630000001,ChIJK8z8Ksxi1YcRt8pxxgP2SA4,OK,212448,471570225001127
2963.744,35.0543926,-90.0597009,ChIJT5TzUbl81YcRiPqNjkbj9CA,OK,191659,471570225001094
2963.744,35.0543926,-90.0597009,ChIJT5TzUbl81YcRiPqNjkbj9CA,OK,191659,471570225001094
2981.405,35.06128,-90.05978399999999,ChIJm06f8ZV81YcRTjzAsJPcBKY,OK,201061,471570225001094
2425.851,35.0543926,-90.0597009,ChIJT5TzUbl81YcRiPqNjkbj9CA,OK,158682,471570225001095
2425.851,35.0543926,-90.0597009,ChIJT5TzUbl81YcRiPqNjkbj9CA,OK,158682,471570225001095
2526.128,35.06128,-90.05978399999999,ChIJm06f8ZV81YcRTjzAsJPcBKY,OK,169828,471570225001095
2345.678,35.0543926,-90.0597009,ChIJT5TzUbl81YcRiPqNjkbj9CA,OK,149061,471570225002002
3864.936,35.0333519,-90.02557630000001,ChIJK8z8Ksxi1YcRt8pxxgP2SA4,OK,233193,471570225002002
3864.936,35.0333519,-90.02557630000001,ChIJK8z8Ksxi1YcRt8pxxgP2SA4,OK,233193,471570225002002
2629.493,35.054745,-90.007971,ChIJXxyyQlt91YcRhldtWgjSnSE,OK,181299,471570225001111
2629.493,35.054745,-90.007971,ChIJXxyyQlt91YcRhldtWgjSnSE,OK,181299,471570225001111
4679.444,35.1153996,-89.89414069999999,ChIJCb4NOWWEf4gR79YlPQoocW4,OK,326088,471570213203030
4931.293,35.0854368,-89.89541919999999,ChIJf5cc-VKEf4gRF-lYLgijYQQ,OK,331834,471570213203030
4931.293,35.0854368,-89.89541919999999,ChIJf5cc-VKEf4gRF-lYLgijYQQ,OK,331834,471570213203030
2092.189,35.1087458,-90.0211918,ChIJe6w2EsF91YcRquzVZc8M0-I,OK,148793,471570078102047
2092.189,35.1087458,-90.0211918,ChIJe6w2EsF91YcRquzVZc8M0-I,OK,148793,471570078102047
2092.83,35.10874099999999,-90.021185,ChIJrVbiDcF91YcRG9TBOTpHc3I,OK,148870,471570078102047
5668.619,35.0854368,-89.89541919999999,ChIJf5cc-VKEf4gRF-lYLgijYQQ,OK,309828,471570213203003
5668.619,35.0854368,-89.89541919999999,ChIJf5cc-VKEf4gRF-lYLgijYQQ,OK,309828,471570213203003
4849.153,35.1153996,-89.89414069999999,ChIJCb4NOWWEf4gR79YlPQoocW4,OK,311482,471570213203003
2358.976,35.1087458,-90.0211918,ChIJe6w2EsF91YcRquzVZc8M0-I,OK,168001,471570078102048
2358.976,35.1087458,-90.0211918,ChIJe6w2EsF91YcRquzVZc8M0-I,OK,168001,471570078102048
2359.617,35.10874099999999,-90.021185,ChIJrVbiDcF91YcRG9TBOTpHc3I,OK,168078,471570078102048
2280.054,35.1087458,-90.0211918,ChIJe6w2EsF91YcRquzVZc8M0-I,OK,162319,471570078102071
2280.054,35.1087458,-90.0211918,ChIJe6w2EsF91YcRquzVZc8M0-I,OK,162319,471570078102071
2280.696,35.10874099999999,-90.021185,ChIJrVbiDcF91YcRG9TBOTpHc3I,OK,162396,471570078102071
5559.424,35.0854368,-89.89541919999999,ChIJf5cc-VKEf4gRF-lYLgijYQQ,OK,311866,471570213203007
5559.424,35.0854368,-89.89541919999999,ChIJf5cc-VKEf4gRF-lYLgijYQQ,OK,311866,471570213203007
4739.958,35.1153996,-89.89414069999999,ChIJCb4NOWWEf4gR79YlPQoocW4,OK,313520,471570213203007
5041.756,35.0854368,-89.89541919999999,ChIJf5cc-VKEf4gRF-lYLgijYQQ,OK,319909,471570213203009
5041.756,35.0854368,-89.89541919999999,ChIJf5cc-VKEf4gRF-lYLgijYQQ,OK,319909,471570213203009
4752.353,35.1153996,-89.89414069999999,ChIJCb4NOWWEf4gR79YlPQoocW4,OK,329406,471570213203009
280.932,35.093591,-90.056624,ChIJgyVl92d81YcRhuRHHckl8Y4,OK,15558,471570055003001
280.932,35.093591,-90.056624,ChIJgyVl92d81YcRhuRHHckl8Y4,OK,15558,471570055003001
460.769,35.095133,-90.05542799999999,ChIJATnUo0J81YcRpbAuNwXeqRw,OK,25518,471570055003001
1343.851,35.1060329,-90.039159,ChIJ231bcjV81YcRQ1quDeYAd6M,OK,161255,471570075002002
1343.851,35.1060329,-90.039159,ChIJ231bcjV81YcRQ1quDeYAd6M,OK,161255,471570075002002
2563.692,35.095133,-90.05542799999999,ChIJATnUo0J81YcRpbAuNwXeqRw,OK,239369,471570075002002
2289.059,35.1087458,-90.0211918,ChIJe6w2EsF91YcRquzVZc8M0-I,OK,162967,471570078102041
2289.059,35.1087458,-90.0211918,ChIJe6w2EsF91YcRquzVZc8M0-I,OK,162967,471570078102041
2289.7,35.10874099999999,-90.021185,ChIJrVbiDcF91YcRG9TBOTpHc3I,OK,163044,471570078102041
2254.058,35.1087458,-90.0211918,ChIJe6w2EsF91YcRquzVZc8M0-I,OK,160447,471570078102070
2254.058,35.1087458,-90.0211918,ChIJe6w2EsF91YcRquzVZc8M0-I,OK,160447,471570078102070
2254.699,35.10874099999999,-90.021185,ChIJrVbiDcF91YcRG9TBOTpHc3I,OK,160524,471570078102070
2217.105,35.1087458,-90.0211918,ChIJe6w2EsF91YcRquzVZc8M0-I,OK,157787,471570078102039
2217.105,35.1087458,-90.0211918,ChIJe6w2EsF91YcRquzVZc8M0-I,OK,157787,471570078102039
2217.746,35.10874099999999,-90.021185,ChIJrVbiDcF91YcRG9TBOTpHc3I,OK,157864,471570078102039
1664.073,35.104197,-89.98335349999999,ChIJNST6hGqHf4gR0Mml4gyjQWk,OK,139525,471570069003015
1664.073,35.104197,-89.98335349999999,ChIJNST6hGqHf4gR0Mml4gyjQWk,OK,139525,471570069003015
1418.651,35.09464699999999,-89.9708677,ChIJx5uAuBqHf4gRze5MKc5WJFI,OK,141134,471570069003015
2330.657,35.1087458,-90.0211918,ChIJe6w2EsF91YcRquzVZc8M0-I,OK,165962,471570078102036
2330.657,35.1087458,-90.0211918,ChIJe6w2EsF91YcRquzVZc8M0-I,OK,165962,471570078102036
2331.298,35.10874099999999,-90.021185,ChIJrVbiDcF91YcRG9TBOTpHc3I,OK,166039,471570078102036
1131.184,35.095133,-90.05542799999999,ChIJATnUo0J81YcRpbAuNwXeqRw,OK,92766,471570055002004
1131.184,35.095133,-90.05542799999999,ChIJATnUo0J81YcRpbAuNwXeqRw,OK,92766,471570055002004
1292.587,35.098685,-90.05664899999999,ChIJ31qwBkJ81YcRk2V5pdmdhrM,OK,101705,471570055002004
3327.566,35.0854368,-89.89541919999999,ChIJf5cc-VKEf4gRF-lYLgijYQQ,OK,205491,471570213203019
3327.566,35.0854368,-89.89541919999999,ChIJf5cc-VKEf4gRF-lYLgijYQQ,OK,205491,471570213203019
4359.324,35.1153996,-89.89414069999999,ChIJCb4NOWWEf4gR79YlPQoocW4,OK,276757,471570213203019
2401.823,35.1087458,-90.0211918,ChIJe6w2EsF91YcRquzVZc8M0-I,OK,171086,471570078102042
2401.823,35.1087458,-90.0211918,ChIJe6w2EsF91YcRquzVZc8M0-I,OK,171086,471570078102042
2402.464,35.10874099999999,-90.021185,ChIJrVbiDcF91YcRG9TBOTpHc3I,OK,171163,471570078102042
1021.87,35.095133,-90.05542799999999,ChIJATnUo0J81YcRpbAuNwXeqRw,OK,76042,471570055002005
1021.87,35.095133,-90.05542799999999,ChIJATnUo0J81YcRpbAuNwXeqRw,OK,76042,471570055002005
1183.273,35.098685,-90.05664899999999,ChIJ31qwBkJ81YcRk2V5pdmdhrM,OK,84981,471570055002005
1188.739,35.095133,-90.05542799999999,ChIJATnUo0J81YcRpbAuNwXeqRw,OK,117537,471570056003057
1188.739,35.095133,-90.05542799999999,ChIJATnUo0J81YcRpbAuNwXeqRw,OK,117537,471570056003057
1350.142,35.098685,-90.05664899999999,ChIJ31qwBkJ81YcRk2V5pdmdhrM,OK,126476,471570056003057
4871.133,35.0614623,-89.8536277,ChIJ4TWJkTWFf4gRbkNZYfkF9Jw,OK,297243,471570213201004
4871.133,35.0614623,-89.8536277,ChIJ4TWJkTWFf4gRbkNZYfkF9Jw,OK,297243,471570213201004
4955.905,35.0512763,-89.8427476,ChIJ7VPJ3q-af4gRdxERIyaZ0gk,OK,303431,471570213201004
3575.79,35.0854368,-89.89541919999999,ChIJf5cc-VKEf4gRF-lYLgijYQQ,OK,235275,471570213203015
3575.79,35.0854368,-89.89541919999999,ChIJf5cc-VKEf4gRF-lYLgijYQQ,OK,235275,471570213203015
4607.548,35.1153996,-89.89414069999999,ChIJCb4NOWWEf4gR79YlPQoocW4,OK,306541,471570213203015
3685.295,35.0854368,-89.89541919999999,ChIJf5cc-VKEf4gRF-lYLgijYQQ,OK,248415,471570213203010
3685.295,35.0854368,-89.89541919999999,ChIJf5cc-VKEf4gRF-lYLgijYQQ,OK,248415,471570213203010
4717.053,35.1153996,-89.89414069999999,ChIJCb4NOWWEf4gR79YlPQoocW4,OK,319681,471570213203010
4063.912,35.0854368,-89.89541919999999,ChIJf5cc-VKEf4gRF-lYLgijYQQ,OK,243975,471570213203024
4011.857,35.1439641,-90.0517892,ChIJL-0zBZR-1YcRj7p5p1WY4-g,OK,222773,471570002001019
4042.547,35.1435177,-90.0539328,ChIJ8VFg1pV-1YcRR9G8p0pZx6U,OK,223052,471570002001019
1170.266,35.1738374,-89.98954379999999,ChIJ_S0BIGOAf4gRU3Ph4W65cOQ,OK,130771,471570006001031
1170.266,35.1738374,-89.98954379999999,ChIJ_S0BIGOAf4gRU3Ph4W65cOQ,OK,130771,471570006001031
1895.008,35.17410499999999,-89.97575479999999,ChIJmfYTGFmAf4gRHGKCaD0qCtI,OK,175042,471570006001031
458.993,35.17410499999999,-89.97575479999999,ChIJmfYTGFmAf4gRHGKCaD0qCtI,OK,38958,471570008003005
458.993,35.17410499999999,-89.97575479999999,ChIJmfYTGFmAf4gRHGKCaD0qCtI,OK,38958,471570008003005
1079.551,35.1738374,-89.98954379999999,ChIJ_S0BIGOAf4gRU3Ph4W65cOQ,OK,75909,471570008003005
406.991,35.17410499999999,-89.97575479999999,ChIJmfYTGFmAf4gRHGKCaD0qCtI,OK,31901,471570008001012
406.991,35.17410499999999,-89.97575479999999,ChIJmfYTGFmAf4gRHGKCaD0qCtI,OK,31901,471570008001012
1645.415,35.1738374,-89.98954379999999,ChIJ_S0BIGOAf4gRU3Ph4W65cOQ,OK,106197,471570008001012
343.899,35.17410499999999,-89.97575479999999,ChIJmfYTGFmAf4gRHGKCaD0qCtI,OK,25148,471570008002010
343.899,35.17410499999999,-89.97575479999999,ChIJmfYTGFmAf4gRHGKCaD0qCtI,OK,25148,471570008002010
1153.267,35.1738374,-89.98954379999999,ChIJ_S0BIGOAf4gRU3Ph4W65cOQ,OK,73704,471570008002010
521.849,35.17410499999999,-89.97575479999999,ChIJmfYTGFmAf4gRHGKCaD0qCtI,OK,43512,471570008002007
521.849,35.17410499999999,-89.97575479999999,ChIJmfYTGFmAf4gRHGKCaD0qCtI,OK,43512,471570008002007
1485.471,35.1738374,-89.98954379999999,ChIJ_S0BIGOAf4gRU3Ph4W65cOQ,OK,107181,471570008002007
844.846,35.17410499999999,-89.97575479999999,ChIJmfYTGFmAf4gRHGKCaD0qCtI,OK,65765,471570009002007
844.846,35.17410499999999,-89.97575479999999,ChIJmfYTGFmAf4gRHGKCaD0qCtI,OK,65765,471570009002007
1653.069,35.1738374,-89.98954379999999,ChIJ_S0BIGOAf4gRU3Ph4W65cOQ,OK,139830,471570009002007
1301.238,35.17410499999999,-89.97575479999999,ChIJmfYTGFmAf4gRHGKCaD0qCtI,OK,99438,471570009002009
1301.238,35.17410499999999,-89.97575479999999,ChIJmfYTGFmAf4gRHGKCaD0qCtI,OK,99438,471570009002009
2075.809,35.1507888,-89.977317,ChIJdVWrOuqAf4gR-V7s1E3qo7g,OK,145916,471570009002009
1009.135,35.17410499999999,-89.97575479999999,ChIJmfYTGFmAf4gRHGKCaD0qCtI,OK,64387,471570009002008
1009.135,35.17410499999999,-89.97575479999999,ChIJmfYTGFmAf4gRHGKCaD0qCtI,OK,64387,471570009002008
1783.706,35.1507888,-89.977317,ChIJdVWrOuqAf4gR-V7s1E3qo7g,OK,110865,471570009002008
1680.822,35.167095,-89.950496,ChIJecYfJgmBf4gRJh-YY67U6V8,OK,133445,471570011001013
1680.822,35.167095,-89.950496,ChIJecYfJgmBf4gRJh-YY67U6V8,OK,133445,471570011001013
2286.472,35.1804299,-89.9263818,ChIJIfvtv4eBf4gRJLjVGBpAzmc,OK,161466,471570011001013
2093.208,35.1738374,-89.98954379999999,ChIJ_S0BIGOAf4gRU3Ph4W65cOQ,OK,124811,471570016002008
2093.208,35.1738374,-89.98954379999999,ChIJ_S0BIGOAf4gRU3Ph4W65cOQ,OK,124811,471570016002008
2481.449,35.1507888,-89.977317,ChIJdVWrOuqAf4gR-V7s1E3qo7g,OK,139084,471570016002008
890.229,35.1497164,-89.95515999999999,ChIJcQb6ehiBf4gR-uA54eRPNq8,OK,76694,471570014001016
890.229,35.1497164,-89.95515999999999,ChIJcQb6ehiBf4gR-uA54eRPNq8,OK,76694,471570014001016
1367.129,35.14981359999999,-89.94918609999999,ChIJVdGBGRaBf4gRsi89Rzqn8W4,OK,103077,471570014001016
350.387,35.1497164,-89.95515999999999,ChIJcQb6ehiBf4gR-uA54eRPNq8,OK,29952,471570014001033
350.387,35.1497164,-89.95515999999999,ChIJcQb6ehiBf4gR-uA54eRPNq8,OK,29952,471570014001033
827.287,35.14981359999999,-89.94918609999999,ChIJVdGBGRaBf4gRsi89Rzqn8W4,OK,56335,471570014001033
1351.609,35.14981359999999,-89.94918609999999,ChIJVdGBGRaBf4gRsi89Rzqn8W4,OK,96755,471570012003002
1351.609,35.14981359999999,-89.94918609999999,ChIJVdGBGRaBf4gRsi89Rzqn8W4,OK,96755,471570012003002
1924.405,35.167095,-89.950496,ChIJecYfJgmBf4gRJh-YY67U6V8,OK,125687,471570012003002
1257.683,35.1490317,-90.0140679,ChIJw3q9_xV-1YcRqrte6yBn1CI,OK,84778,471570026002015
1257.683,35.1490317,-90.0140679,ChIJw3q9_xV-1YcRqrte6yBn1CI,OK,84778,471570026002015
1580.222,35.142439,-90.006118,ChIJeUPo2Rt-1YcRdoG2a54M-d0,OK,133879,471570026002015
2155.611,35.14859919999999,-89.91828060000002,ChIJRflgf-eDf4gRHX_XNYKER-s,OK,135767,471570012001002
2155.611,35.14859919999999,-89.91828060000002,ChIJRflgf-eDf4gRHX_XNYKER-s,OK,135767,471570012001002
2456.504,35.1804299,-89.9263818,ChIJIfvtv4eBf4gRJLjVGBpAzmc,OK,151621,471570012001002
1201.327,35.14981359999999,-89.94918609999999,ChIJVdGBGRaBf4gRsi89Rzqn8W4,OK,89002,471570013002012
1201.327,35.14981359999999,-89.94918609999999,ChIJVdGBGRaBf4gRsi89Rzqn8W4,OK,89002,471570013002012
1398.602,35.167095,-89.950496,ChIJecYfJgmBf4gRJh-YY67U6V8,OK,95998,471570013002012
617.175,35.14981359999999,-89.94918609999999,ChIJVdGBGRaBf4gRsi89Rzqn8W4,OK,37027,471570013004007
617.175,35.14981359999999,-89.94918609999999,ChIJVdGBGRaBf4gRsi89Rzqn8W4,OK,37027,471570013004007
1168.377,35.1497164,-89.95515999999999,ChIJcQb6ehiBf4gR-uA54eRPNq8,OK,72327,471570013004007
1326.43,35.1490317,-90.0140679,ChIJw3q9_xV-1YcRqrte6yBn1CI,OK,95541,471570017002007
1326.43,35.1490317,-90.0140679,ChIJw3q9_xV-1YcRqrte6yBn1CI,OK,95541,471570017002007
2048.667,35.1444038,-90.0168571,ChIJufYEjhR-1YcREff46W6Lons,OK,142894,471570017002007
1907.044,35.1490317,-90.0140679,ChIJw3q9_xV-1YcRqrte6yBn1CI,OK,141853,471570017002002
1907.044,35.1490317,-90.0140679,ChIJw3q9_xV-1YcRqrte6yBn1CI,OK,141853,471570017002002
2773.987,35.1738374,-89.98954379999999,ChIJ_S0BIGOAf4gRU3Ph4W65cOQ,OK,186226,471570017002002
1598.041,35.1490317,-90.0140679,ChIJw3q9_xV-1YcRqrte6yBn1CI,OK,120706,471570017001024
1598.041,35.1490317,-90.0140679,ChIJw3q9_xV-1YcRqrte6yBn1CI,OK,120706,471570017001024
1969.854,35.142439,-90.006118,ChIJeUPo2Rt-1YcRdoG2a54M-d0,OK,156140,471570017001024
1791.363,35.1490317,-90.0140679,ChIJw3q9_xV-1YcRqrte6yBn1CI,OK,107421,471570017001041
1791.363,35.1490317,-90.0140679,ChIJw3q9_xV-1YcRqrte6yBn1CI,OK,107421,471570017001041
1734.095,35.142439,-90.006118,ChIJeUPo2Rt-1YcRdoG2a54M-d0,OK,127849,471570017001041
2300.997,35.1490317,-90.0140679,ChIJw3q9_xV-1YcRqrte6yBn1CI,OK,144864,471570019002019
2300.997,35.1490317,-90.0140679,ChIJw3q9_xV-1YcRqrte6yBn1CI,OK,144864,471570019002019
3023.234,35.1444038,-90.0168571,ChIJufYEjhR-1YcREff46W6Lons,OK,192217,471570019002019
531.099,35.054745,-90.007971,ChIJXxyyQlt91YcRhldtWgjSnSE,OK,39142,471570220221013
531.099,35.054745,-90.007971,ChIJXxyyQlt91YcRhldtWgjSnSE,OK,39142,471570220221013
962.947,35.05407199999999,-90.00125899999999,ChIJIzdhk1h91YcRZT7cBcBslaM,OK,55181,471570220221013
1771.512,35.0333519,-90.02557630000001,ChIJK8z8Ksxi1YcRt8pxxgP2SA4,OK,131781,471570220242006
1771.512,35.0333519,-90.02557630000001,ChIJK8z8Ksxi1YcRt8pxxgP2SA4,OK,131781,471570220242006
1771.606,35.033351,-90.02556199999999,ChIJY7ePKsxi1YcRIP55gZFchMw,OK,131786,471570220242006
1015.906,35.0333519,-90.02557630000001,ChIJK8z8Ksxi1YcRt8pxxgP2SA4,OK,69488,471570220242007
1015.906,35.0333519,-90.02557630000001,ChIJK8z8Ksxi1YcRt8pxxgP2SA4,OK,69488,471570220242007
1016,35.033351,-90.02556199999999,ChIJY7ePKsxi1YcRIP55gZFchMw,OK,69493,471570220242007
744.91,35.0225458,-90.0257415,ChIJnc94gMRi1YcRKYztFRuX2Yw,OK,57543,471570221213000
744.91,35.0225458,-90.0257415,ChIJnc94gMRi1YcRKYztFRuX2Yw,OK,57543,471570221213000
1101.439,35.021381,-90.020287,ChIJnVfwxMBi1YcR65EtGsZDcOY,OK,78029,471570221213000
2054.669,35.0333519,-90.02557630000001,ChIJK8z8Ksxi1YcRt8pxxgP2SA4,OK,154404,471570220243005
2054.763,35.033351,-90.02556199999999,ChIJY7ePKsxi1YcRIP55gZFchMw,OK,154409,471570220243005
2054.763,35.033351,-90.02556199999999,ChIJY7ePKsxi1YcRIP55gZFchMw,OK,154409,471570220243005
1548.391,35.033351,-90.02556199999999,ChIJY7ePKsxi1YcRIP55gZFchMw,OK,118197,471570221112000
1594.867,35.021384,-90.019407,ChIJk8DCu8Bi1YcRUnUQCgCMr-E,OK,128243,471570221112000
1594.867,35.021384,-90.019407,ChIJk8DCu8Bi1YcRUnUQCgCMr-E,OK,128243,471570221112000
3083.072,35.14859919999999,-89.91828060000002,ChIJRflgf-eDf4gRHX_XNYKER-s,OK,212431,471570086002012
3083.072,35.14859919999999,-89.91828060000002,ChIJRflgf-eDf4gRHX_XNYKER-s,OK,212431,471570086002012
4395.185,35.1489345,-89.89838259999999,ChIJaTBvX72Df4gRiyFT0LQMnrQ,OK,279896,471570086002012
1877.732,35.1489345,-89.89838259999999,ChIJaTBvX72Df4gRiyFT0LQMnrQ,OK,119725,471570086003019
1877.732,35.1489345,-89.89838259999999,ChIJaTBvX72Df4gRiyFT0LQMnrQ,OK,119725,471570086003019
1532.505,35.148225,-89.89748700000001,ChIJC8t095eDf4gRGuXK3FleZyg,OK,120594,471570086003019
2772.222,35.1145886,-89.90089789999999,ChIJKWmlFW6Ef4gR0YNISWQMkss,OK,226835,471570085001021
2772.222,35.1145886,-89.90089789999999,ChIJKWmlFW6Ef4gR0YNISWQMkss,OK,226835,471570085001021
3589.99,35.1153996,-89.89414069999999,ChIJCb4NOWWEf4gR79YlPQoocW4,OK,283068,471570085001021
1917.231,35.1157645,-90.022279,ChIJwZqBNMN91YcRRpdDvj5Pcr8,OK,138368,471570062001028
1917.231,35.1157645,-90.022279,ChIJwZqBNMN91YcRRpdDvj5Pcr8,OK,138368,471570062001028
2638.992,35.10874099999999,-90.021185,ChIJrVbiDcF91YcRG9TBOTpHc3I,OK,179835,471570062001028
1535.988,35.109859,-89.99141100000001,ChIJs6JbpFyHf4gR9O01gG0a7fQ,OK,106075,471570064001028
1535.988,35.109859,-89.99141100000001,ChIJs6JbpFyHf4gR9O01gG0a7fQ,OK,106075,471570064001028
2002.397,35.1087458,-90.0211918,ChIJe6w2EsF91YcRquzVZc8M0-I,OK,135056,471570064001028
1302.779,35.109859,-89.99141100000001,ChIJs6JbpFyHf4gR9O01gG0a7fQ,OK,72145,471570063002014
1302.779,35.109859,-89.99141100000001,ChIJs6JbpFyHf4gR9O01gG0a7fQ,OK,72145,471570063002014
2024.261,35.1157645,-90.022279,ChIJwZqBNMN91YcRRpdDvj5Pcr8,OK,121174,471570063002014
1668.383,35.192778,-89.895242,ChIJ2ehTh2eCf4gR95JHzr6OIMA,OK,120848,471570206101016
1668.383,35.192778,-89.895242,ChIJ2ehTh2eCf4gR95JHzr6OIMA,OK,120848,471570206101016
1528.973,35.1835367,-89.8717722,ChIJv1U5XuiCf4gRMlXiIrwnbJo,OK,122497,471570206101016
1196.543,35.1835367,-89.8717722,ChIJv1U5XuiCf4gRMlXiIrwnbJo,OK,88694,471570206101031
1196.543,35.1835367,-89.8717722,ChIJv1U5XuiCf4gRMlXiIrwnbJo,OK,88694,471570206101031
2136.752,35.192778,-89.895242,ChIJ2ehTh2eCf4gR95JHzr6OIMA,OK,135091,471570206101031
1627.24,35.164068,-89.8770782,ChIJpUMbExuDf4gRyW4QpPURe54,OK,90119,471570206102022
1627.24,35.164068,-89.8770782,ChIJpUMbExuDf4gRyW4QpPURe54,OK,90119,471570206102022
1739.586,35.1835367,-89.8717722,ChIJv1U5XuiCf4gRMlXiIrwnbJo,OK,107973,471570206102022
1301.476,35.1444038,-90.0168571,ChIJufYEjhR-1YcREff46W6Lons,OK,100505,471570024003001
1301.476,35.1444038,-90.0168571,ChIJufYEjhR-1YcREff46W6Lons,OK,100505,471570024003001
1949.161,35.1490317,-90.0140679,ChIJw3q9_xV-1YcRqrte6yBn1CI,OK,134439,471570024003001
2599.27,35.1738374,-89.98954379999999,ChIJ_S0BIGOAf4gRU3Ph4W65cOQ,OK,161887,471570004001038
2599.27,35.1738374,-89.98954379999999,ChIJ_S0BIGOAf4gRU3Ph4W65cOQ,OK,161887,471570004001038
3386.834,35.1490317,-90.0140679,ChIJw3q9_xV-1YcRqrte6yBn1CI,OK,190942,471570004001038
2424.731,35.1490317,-90.0140679,ChIJw3q9_xV-1YcRqrte6yBn1CI,OK,158608,471570112003000
2424.731,35.1490317,-90.0140679,ChIJw3q9_xV-1YcRqrte6yBn1CI,OK,158608,471570112003000
3146.968,35.1444038,-90.0168571,ChIJufYEjhR-1YcREff46W6Lons,OK,205961,471570112003000
2146.597,35.1490317,-90.0140679,ChIJw3q9_xV-1YcRqrte6yBn1CI,OK,139307,471570112001005
2146.597,35.1490317,-90.0140679,ChIJw3q9_xV-1YcRqrte6yBn1CI,OK,139307,471570112001005
2723.393,35.1738374,-89.98954379999999,ChIJ_S0BIGOAf4gRU3Ph4W65cOQ,OK,183067,471570112001005
1274.689,35.1490317,-90.0140679,ChIJw3q9_xV-1YcRqrte6yBn1CI,OK,75475,471570017002010
1274.689,35.1490317,-90.0140679,ChIJw3q9_xV-1YcRqrte6yBn1CI,OK,75475,471570017002010
1996.927,35.1444038,-90.0168571,ChIJufYEjhR-1YcREff46W6Lons,OK,122828,471570017002010
1210.272,35.1490317,-90.0140679,ChIJw3q9_xV-1YcRqrte6yBn1CI,OK,91975,471570025001017
1210.272,35.1490317,-90.0140679,ChIJw3q9_xV-1YcRqrte6yBn1CI,OK,91975,471570025001017
1932.51,35.1444038,-90.0168571,ChIJufYEjhR-1YcREff46W6Lons,OK,139328,471570025001017
1064.474,35.033351,-90.02556199999999,ChIJY7ePKsxi1YcRIP55gZFchMw,OK,75865,471570221111018
1064.474,35.033351,-90.02556199999999,ChIJY7ePKsxi1YcRIP55gZFchMw,OK,75865,471570221111018
5620.103,35.14868459999999,-89.7948203,ChIJ4w9Lr2qcf4gRHdzl9FciAFM,OK,361771,471570211392000
5620.103,35.14868459999999,-89.7948203,ChIJ4w9Lr2qcf4gRHdzl9FciAFM,OK,361771,471570211392000
6386.265,35.1546312,-89.79260459999999,ChIJ8UeuSEecf4gRniit7ubZLtM,OK,382470,471570211392000
790.996,35.16339899999999,-89.855841,ChIJA_xfkC6Df4gRAjVZwLz1jqA,OK,56567,471570211223003
790.996,35.16339899999999,-89.855841,ChIJA_xfkC6Df4gRAjVZwLz1jqA,OK,56567,471570211223003
866.151,35.1623785,-89.8566175,ChIJXQHWWS6Df4gRqhH5EQ9H1j0,OK,65532,471570211223003
1476.192,35.167095,-89.950496,ChIJecYfJgmBf4gRJh-YY67U6V8,OK,94711,471570014001001
2053.448,35.1497164,-89.95515999999999,ChIJcQb6ehiBf4gR-uA54eRPNq8,OK,153494,471570014001001
2053.448,35.1497164,-89.95515999999999,ChIJcQb6ehiBf4gR-uA54eRPNq8,OK,153494,471570014001001
3939.635,35.21475480000001,-90.00354540000001,ChIJF6XvX_9_1YcRD4jlF4jzevw,OK,254160,471570101204003
3939.635,35.21475480000001,-90.00354540000001,ChIJF6XvX_9_1YcRD4jlF4jzevw,OK,254160,471570101204003
4338.124,35.218332,-90.00299799999999,ChIJfRCGEgGA1YcRsZsWP_dycDI,OK,278069,471570101204003
2445.357,35.21475480000001,-90.00354540000001,ChIJF6XvX_9_1YcRD4jlF4jzevw,OK,151670,471570101104007
2445.357,35.21475480000001,-90.00354540000001,ChIJF6XvX_9_1YcRD4jlF4jzevw,OK,151670,471570101104007
2843.846,35.218332,-90.00299799999999,ChIJfRCGEgGA1YcRsZsWP_dycDI,OK,175579,471570101104007
744.623,35.2044739,-89.76342459999999,ChIJ3XsJxyKef4gRTeWb3lonWsU,OK,60880,471570211414006
744.623,35.2044739,-89.76342459999999,ChIJ3XsJxyKef4gRTeWb3lonWsU,OK,60880,471570211414006
2555.929,35.2074362,-89.7805166,ChIJ62ATRfudf4gRPIrPAXGVsiQ,OK,199061,471570211414006
2473.484,35.19067459999999,-89.8489943,ChIJ364PGjWdf4gRKbsrGLq8_XQ,OK,143917,471570211123030
2473.484,35.19067459999999,-89.8489943,ChIJ364PGjWdf4gRKbsrGLq8_XQ,OK,143917,471570211123030
2840.548,35.2045576,-89.81176689999999,ChIJ8ROix4Kdf4gR4Su-1OwAUMo,OK,184440,471570211123030
1075.858,35.183951,-89.93106899999999,ChIJWQ0EIo-Bf4gR6cuqlCcQuNw,OK,129411,471570089003014
1075.858,35.183951,-89.93106899999999,ChIJWQ0EIo-Bf4gR6cuqlCcQuNw,OK,129411,471570089003014
1076.096,35.1839382,-89.93104869999999,ChIJrQx5Io-Bf4gRSwDAaGIf4WE,OK,129454,471570089003014
947.828,35.183951,-89.93106899999999,ChIJWQ0EIo-Bf4gR6cuqlCcQuNw,OK,92655,471570089003011
947.828,35.183951,-89.93106899999999,ChIJWQ0EIo-Bf4gR6cuqlCcQuNw,OK,92655,471570089003011
948.066,35.1839382,-89.93104869999999,ChIJrQx5Io-Bf4gRSwDAaGIf4WE,OK,92698,471570089003011
3070.365,35.2051043,-89.79754849999999,ChIJpRDMlY2df4gRQqHmUo_lzmc,OK,189152,471570211421074
3535.335,35.2072684,-89.7827147,ChIJKdJ2xvqdf4gRKLRUePlbOOs,OK,246574,471570211421074
3535.335,35.2072684,-89.7827147,ChIJKdJ2xvqdf4gRKLRUePlbOOs,OK,246574,471570211421074
2399.265,35.183951,-89.93106899999999,ChIJWQ0EIo-Bf4gR6cuqlCcQuNw,OK,222117,471570011001004
2399.265,35.183951,-89.93106899999999,ChIJWQ0EIo-Bf4gR6cuqlCcQuNw,OK,222117,471570011001004
2399.504,35.1839382,-89.93104869999999,ChIJrQx5Io-Bf4gRSwDAaGIf4WE,OK,222160,471570011001004
2102.234,35.1490317,-90.0140679,ChIJw3q9_xV-1YcRqrte6yBn1CI,OK,136851,471570007003011
2102.234,35.1490317,-90.0140679,ChIJw3q9_xV-1YcRqrte6yBn1CI,OK,136851,471570007003011
2678.147,35.1738374,-89.98954379999999,ChIJ_S0BIGOAf4gRU3Ph4W65cOQ,OK,177638,471570007003011
1243.338,35.1738374,-89.98954379999999,ChIJ_S0BIGOAf4gRU3Ph4W65cOQ,OK,101030,471570007001019
1243.338,35.1738374,-89.98954379999999,ChIJ_S0BIGOAf4gRU3Ph4W65cOQ,OK,101030,471570007001019
2589.946,35.17410499999999,-89.97575479999999,ChIJmfYTGFmAf4gRHGKCaD0qCtI,OK,181816,471570007001019
992.138,35.167095,-89.950496,ChIJecYfJgmBf4gRJh-YY67U6V8,OK,71323,471570013001006
992.138,35.167095,-89.950496,ChIJecYfJgmBf4gRJh-YY67U6V8,OK,71323,471570013001006
1644.446,35.14981359999999,-89.94918609999999,ChIJVdGBGRaBf4gRsi89Rzqn8W4,OK,107391,471570013001006
1680.456,35.1738374,-89.98954379999999,ChIJ_S0BIGOAf4gRU3Ph4W65cOQ,OK,127235,471570016002003
1680.456,35.1738374,-89.98954379999999,ChIJ_S0BIGOAf4gRU3Ph4W65cOQ,OK,127235,471570016002003
2583.366,35.1507888,-89.977317,ChIJdVWrOuqAf4gR-V7s1E3qo7g,OK,155238,471570016002003
874.76,35.14859919999999,-89.91828060000002,ChIJRflgf-eDf4gRHX_XNYKER-s,OK,71784,471570087004010
874.76,35.14859919999999,-89.91828060000002,ChIJRflgf-eDf4gRHX_XNYKER-s,OK,71784,471570087004010
2202.124,35.1489345,-89.89838259999999,ChIJaTBvX72Df4gRiyFT0LQMnrQ,OK,149223,471570087004010
1443.554,35.1497164,-89.95515999999999,ChIJcQb6ehiBf4gR-uA54eRPNq8,OK,89918,471570028002013
1443.554,35.1497164,-89.95515999999999,ChIJcQb6ehiBf4gR-uA54eRPNq8,OK,89918,471570028002013
1810.16,35.1507888,-89.977317,ChIJdVWrOuqAf4gR-V7s1E3qo7g,OK,108604,471570028002013
1459.579,35.1497164,-89.95515999999999,ChIJcQb6ehiBf4gR-uA54eRPNq8,OK,90880,471570028002014
1459.579,35.1497164,-89.95515999999999,ChIJcQb6ehiBf4gR-uA54eRPNq8,OK,90880,471570028002014
1826.184,35.1507888,-89.977317,ChIJdVWrOuqAf4gR-V7s1E3qo7g,OK,109566,471570028002014
1196.61,35.1497164,-89.95515999999999,ChIJcQb6ehiBf4gR-uA54eRPNq8,OK,74019,471570028002016
1196.61,35.1497164,-89.95515999999999,ChIJcQb6ehiBf4gR-uA54eRPNq8,OK,74019,471570028002016
1547.039,35.14981359999999,-89.94918609999999,ChIJVdGBGRaBf4gRsi89Rzqn8W4,OK,92818,471570028002016
1295.538,35.1497164,-89.95515999999999,ChIJcQb6ehiBf4gR-uA54eRPNq8,OK,81038,471570028002015
1295.538,35.1497164,-89.95515999999999,ChIJcQb6ehiBf4gR-uA54eRPNq8,OK,81038,471570028002015
1662.144,35.1507888,-89.977317,ChIJdVWrOuqAf4gR-V7s1E3qo7g,OK,99724,471570028002015
6545.795,35.14868459999999,-89.7948203,ChIJ4w9Lr2qcf4gRHdzl9FciAFM,OK,624834,471579804001023
12687.764,35.16339899999999,-89.855841,ChIJA_xfkC6Df4gRAjVZwLz1jqA,OK,972068,471579804001023
12687.764,35.16339899999999,-89.855841,ChIJA_xfkC6Df4gRAjVZwLz1jqA,OK,972068,471579804001023
2722.5,35.14868459999999,-89.7948203,ChIJ4w9Lr2qcf4gRHdzl9FciAFM,OK,183912,471570211402013
2722.5,35.14868459999999,-89.7948203,ChIJ4w9Lr2qcf4gRHdzl9FciAFM,OK,183912,471570211402013
3488.662,35.1546312,-89.79260459999999,ChIJ8UeuSEecf4gRniit7ubZLtM,OK,204611,471570211402013
1142.965,35.1060329,-90.039159,ChIJ231bcjV81YcRQ1quDeYAd6M,OK,83232,471570058002013
1142.965,35.1060329,-90.039159,ChIJ231bcjV81YcRQ1quDeYAd6M,OK,83232,471570058002013
1669.55,35.098685,-90.05664899999999,ChIJ31qwBkJ81YcRk2V5pdmdhrM,OK,102229,471570058002013
992.682,35.1060329,-90.039159,ChIJ231bcjV81YcRQ1quDeYAd6M,OK,76910,471570058002016
992.682,35.1060329,-90.039159,ChIJ231bcjV81YcRQ1quDeYAd6M,OK,76910,471570058002016
1909.655,35.098685,-90.05664899999999,ChIJ31qwBkJ81YcRk2V5pdmdhrM,OK,119329,471570058002016
818.666,35.095133,-90.05542799999999,ChIJATnUo0J81YcRpbAuNwXeqRw,OK,57051,471570056001010
818.666,35.095133,-90.05542799999999,ChIJATnUo0J81YcRpbAuNwXeqRw,OK,57051,471570056001010
980.069,35.098685,-90.05664899999999,ChIJ31qwBkJ81YcRk2V5pdmdhrM,OK,65990,471570056001010
699.069,35.095133,-90.05542799999999,ChIJATnUo0J81YcRpbAuNwXeqRw,OK,48441,471570056003006
699.069,35.095133,-90.05542799999999,ChIJATnUo0J81YcRpbAuNwXeqRw,OK,48441,471570056003006
860.472,35.098685,-90.05664899999999,ChIJ31qwBkJ81YcRk2V5pdmdhrM,OK,57380,471570056003006
1078.211,35.095133,-90.05542799999999,ChIJATnUo0J81YcRpbAuNwXeqRw,OK,88942,471570056001009
1078.211,35.095133,-90.05542799999999,ChIJATnUo0J81YcRpbAuNwXeqRw,OK,88942,471570056001009
1239.614,35.098685,-90.05664899999999,ChIJ31qwBkJ81YcRk2V5pdmdhrM,OK,97881,471570056001009
900.878,35.095133,-90.05542799999999,ChIJATnUo0J81YcRpbAuNwXeqRw,OK,67662,471570056001011
900.878,35.095133,-90.05542799999999,ChIJATnUo0J81YcRpbAuNwXeqRw,OK,67662,471570056001011
1062.281,35.098685,-90.05664899999999,ChIJ31qwBkJ81YcRk2V5pdmdhrM,OK,76601,471570056001011
1219.499,35.095133,-90.05542799999999,ChIJATnUo0J81YcRpbAuNwXeqRw,OK,121227,471570056003002
1219.499,35.095133,-90.05542799999999,ChIJATnUo0J81YcRpbAuNwXeqRw,OK,121227,471570056003002
1380.902,35.098685,-90.05664899999999,ChIJ31qwBkJ81YcRk2V5pdmdhrM,OK,130166,471570056003002
1385.446,35.095133,-90.05542799999999,ChIJATnUo0J81YcRpbAuNwXeqRw,OK,107583,471570056001008
1385.446,35.095133,-90.05542799999999,ChIJATnUo0J81YcRpbAuNwXeqRw,OK,107583,471570056001008
1546.849,35.098685,-90.05664899999999,ChIJ31qwBkJ81YcRk2V5pdmdhrM,OK,116522,471570056001008
1356.029,35.1060329,-90.039159,ChIJ231bcjV81YcRQ1quDeYAd6M,OK,116688,471570057001040
1356.029,35.1060329,-90.039159,ChIJ231bcjV81YcRQ1quDeYAd6M,OK,116688,471570057001040
1734.075,35.095133,-90.05542799999999,ChIJATnUo0J81YcRpbAuNwXeqRw,OK,149417,471570057001040
1157.282,35.095133,-90.05542799999999,ChIJATnUo0J81YcRpbAuNwXeqRw,OK,113761,471570056001012
1157.282,35.095133,-90.05542799999999,ChIJATnUo0J81YcRpbAuNwXeqRw,OK,113761,471570056001012
1318.685,35.098685,-90.05664899999999,ChIJ31qwBkJ81YcRk2V5pdmdhrM,OK,122700,471570056001012
1077.196,35.095133,-90.05542799999999,ChIJATnUo0J81YcRpbAuNwXeqRw,OK,104152,471570056001026
1077.196,35.095133,-90.05542799999999,ChIJATnUo0J81YcRpbAuNwXeqRw,OK,104152,471570056001026
1238.599,35.098685,-90.05664899999999,ChIJ31qwBkJ81YcRk2V5pdmdhrM,OK,113091,471570056001026
1550.88,35.1060329,-90.039159,ChIJ231bcjV81YcRQ1quDeYAd6M,OK,125909,471570056001013
1550.88,35.1060329,-90.039159,ChIJ231bcjV81YcRQ1quDeYAd6M,OK,125909,471570056001013
1534.987,35.095133,-90.05542799999999,ChIJATnUo0J81YcRpbAuNwXeqRw,OK,159084,471570056001013
846.602,35.095133,-90.05542799999999,ChIJATnUo0J81YcRpbAuNwXeqRw,OK,76481,471570056001025
846.602,35.095133,-90.05542799999999,ChIJATnUo0J81YcRpbAuNwXeqRw,OK,76481,471570056001025
1008.005,35.098685,-90.05664899999999,ChIJ31qwBkJ81YcRk2V5pdmdhrM,OK,85420,471570056001025
830.895,35.095133,-90.05542799999999,ChIJATnUo0J81YcRpbAuNwXeqRw,OK,74596,471570056001024
830.895,35.095133,-90.05542799999999,ChIJATnUo0J81YcRpbAuNwXeqRw,OK,74596,471570056001024
992.298,35.098685,-90.05664899999999,ChIJ31qwBkJ81YcRk2V5pdmdhrM,OK,83535,471570056001024
1093.633,35.1060329,-90.039159,ChIJ231bcjV81YcRQ1quDeYAd6M,OK,91864,471570059003013
1093.633,35.1060329,-90.039159,ChIJ231bcjV81YcRQ1quDeYAd6M,OK,91864,471570059003013
2507.054,35.1251709,-90.0481695,ChIJybIJtCd81YcR9Otxws-5qCM,OK,188015,471570059003013
1021.826,35.095133,-90.05542799999999,ChIJATnUo0J81YcRpbAuNwXeqRw,OK,97507,471570056001022
1021.826,35.095133,-90.05542799999999,ChIJATnUo0J81YcRpbAuNwXeqRw,OK,97507,471570056001022
1183.229,35.098685,-90.05664899999999,ChIJ31qwBkJ81YcRk2V5pdmdhrM,OK,106446,471570056001022
614.427,35.125222,-90.048147,ChIJ9cKdtid81YcRKs9h6RjzQzw,OK,66676,471570116001016
614.427,35.125222,-90.048147,ChIJ9cKdtid81YcRKs9h6RjzQzw,OK,66676,471570116001016
616.241,35.1251709,-90.0481695,ChIJybIJtCd81YcR9Otxws-5qCM,OK,66776,471570116001016
692.609,35.125222,-90.048147,ChIJ9cKdtid81YcRKs9h6RjzQzw,OK,76057,471570116001024
692.609,35.125222,-90.048147,ChIJ9cKdtid81YcRKs9h6RjzQzw,OK,76057,471570116001024
694.423,35.1251709,-90.0481695,ChIJybIJtCd81YcR9Otxws-5qCM,OK,76157,471570116001024
767.695,35.125222,-90.048147,ChIJ9cKdtid81YcRKs9h6RjzQzw,OK,70933,471570116001017
767.695,35.125222,-90.048147,ChIJ9cKdtid81YcRKs9h6RjzQzw,OK,70933,471570116001017
769.51,35.1251709,-90.0481695,ChIJybIJtCd81YcR9Otxws-5qCM,OK,71033,471570116001017
1086.237,35.125222,-90.048147,ChIJ9cKdtid81YcRKs9h6RjzQzw,OK,68927,471570116001014
1086.237,35.125222,-90.048147,ChIJ9cKdtid81YcRKs9h6RjzQzw,OK,68927,471570116001014
1088.051,35.1251709,-90.0481695,ChIJybIJtCd81YcR9Otxws-5qCM,OK,69027,471570116001014
844.017,35.125222,-90.048147,ChIJ9cKdtid81YcRKs9h6RjzQzw,OK,80091,471570116001018
844.017,35.125222,-90.048147,ChIJ9cKdtid81YcRKs9h6RjzQzw,OK,80091,471570116001018
845.831,35.1251709,-90.0481695,ChIJybIJtCd81YcR9Otxws-5qCM,OK,80191,471570116001018
845.015,35.125222,-90.048147,ChIJ9cKdtid81YcRKs9h6RjzQzw,OK,80211,471570116001023
845.015,35.125222,-90.048147,ChIJ9cKdtid81YcRKs9h6RjzQzw,OK,80211,471570116001023
846.829,35.1251709,-90.0481695,ChIJybIJtCd81YcR9Otxws-5qCM,OK,80311,471570116001023
852.327,35.125222,-90.048147,ChIJ9cKdtid81YcRKs9h6RjzQzw,OK,81088,471570116001022
2194.858,35.1087458,-90.0211918,ChIJe6w2EsF91YcRquzVZc8M0-I,OK,136356,471570065002024
2194.858,35.1087458,-90.0211918,ChIJe6w2EsF91YcRquzVZc8M0-I,OK,136356,471570065002024
2195.499,35.10874099999999,-90.021185,ChIJrVbiDcF91YcRG9TBOTpHc3I,OK,136433,471570065002024
2108.783,35.1087458,-90.0211918,ChIJe6w2EsF91YcRquzVZc8M0-I,OK,128113,471570078102005
2108.783,35.1087458,-90.0211918,ChIJe6w2EsF91YcRquzVZc8M0-I,OK,128113,471570078102005
2109.425,35.10874099999999,-90.021185,ChIJrVbiDcF91YcRG9TBOTpHc3I,OK,128190,471570078102005
2027.4,35.109859,-89.99141100000001,ChIJs6JbpFyHf4gR9O01gG0a7fQ,OK,148591,471570078102000
2027.4,35.109859,-89.99141100000001,ChIJs6JbpFyHf4gR9O01gG0a7fQ,OK,148591,471570078102000
2210.114,35.104197,-89.98335349999999,ChIJNST6hGqHf4gR0Mml4gyjQWk,OK,150483,471570078102000
2227.316,35.1087458,-90.0211918,ChIJe6w2EsF91YcRquzVZc8M0-I,OK,131052,471570078102002
2227.957,35.10874099999999,-90.021185,ChIJrVbiDcF91YcRG9TBOTpHc3I,OK,131129,471570078102002
2227.957,35.10874099999999,-90.021185,ChIJrVbiDcF91YcRG9TBOTpHc3I,OK,131129,471570078102002
4265.791,35.0543926,-90.0597009,ChIJT5TzUbl81YcRiPqNjkbj9CA,OK,313979,471570222102007
5832.144,35.0326981,-90.07589809999999,ChIJ9S1ljalk1YcRvuG-_hbpimA,OK,400244,471570222102007
5832.144,35.0326981,-90.07589809999999,ChIJ9S1ljalk1YcRvuG-_hbpimA,OK,400244,471570222102007
729.338,35.109859,-89.99141100000001,ChIJs6JbpFyHf4gR9O01gG0a7fQ,OK,50144,471570065001004
729.338,35.109859,-89.99141100000001,ChIJs6JbpFyHf4gR9O01gG0a7fQ,OK,50144,471570065001004
1531.398,35.107529,-89.9862127,ChIJ0WGfSUKHf4gRjDLrfGQwCV4,OK,101025,471570065001004
1255.313,35.109859,-89.99141100000001,ChIJs6JbpFyHf4gR9O01gG0a7fQ,OK,92668,471570065001011
1255.313,35.109859,-89.99141100000001,ChIJs6JbpFyHf4gR9O01gG0a7fQ,OK,92668,471570065001011
2080.971,35.104197,-89.98335349999999,ChIJNST6hGqHf4gR0Mml4gyjQWk,OK,140848,471570065001011
1694.446,35.109859,-89.99141100000001,ChIJs6JbpFyHf4gR9O01gG0a7fQ,OK,116905,471570078103000
1694.446,35.109859,-89.99141100000001,ChIJs6JbpFyHf4gR9O01gG0a7fQ,OK,116905,471570078103000
1877.16,35.104197,-89.98335349999999,ChIJNST6hGqHf4gR0Mml4gyjQWk,OK,118797,471570078103000
2173.394,35.109859,-89.99141100000001,ChIJs6JbpFyHf4gR9O01gG0a7fQ,OK,166110,471570078102065
2173.394,35.109859,-89.99141100000001,ChIJs6JbpFyHf4gR9O01gG0a7fQ,OK,166110,471570078102065
2356.108,35.104197,-89.98335349999999,ChIJNST6hGqHf4gR0Mml4gyjQWk,OK,168002,471570078102065
1855.67,35.109859,-89.99141100000001,ChIJs6JbpFyHf4gR9O01gG0a7fQ,OK,136251,471570078103001
1855.67,35.109859,-89.99141100000001,ChIJs6JbpFyHf4gR9O01gG0a7fQ,OK,136251,471570078103001
2038.384,35.104197,-89.98335349999999,ChIJNST6hGqHf4gR0Mml4gyjQWk,OK,138143,471570078103001
2054.978,35.223866,-89.90499,ChIJJRXCRJh4f4gRcTFbl9qZzNM,OK,221760,471570205323019
2054.978,35.223866,-89.90499,ChIJJRXCRJh4f4gRcTFbl9qZzNM,OK,221760,471570205323019
3529.831,35.220637,-89.892425,ChIJiZ78r4Z4f4gRyy0DWRWI7n0,OK,257371,471570205323019
1934.416,35.109859,-89.99141100000001,ChIJs6JbpFyHf4gR9O01gG0a7fQ,OK,148556,471570078103003
2117.13,35.104197,-89.98335349999999,ChIJNST6hGqHf4gR0Mml4gyjQWk,OK,150448,471570078103003
2117.13,35.104197,-89.98335349999999,ChIJNST6hGqHf4gR0Mml4gyjQWk,OK,150448,471570078103003
2227.6,35.109859,-89.99141100000001,ChIJs6JbpFyHf4gR9O01gG0a7fQ,OK,172616,471570078102066
2227.6,35.109859,-89.99141100000001,ChIJs6JbpFyHf4gR9O01gG0a7fQ,OK,172616,471570078102066
2410.314,35.104197,-89.98335349999999,ChIJNST6hGqHf4gR0Mml4gyjQWk,OK,174508,471570078102066
1328.34,35.109859,-89.99141100000001,ChIJs6JbpFyHf4gR9O01gG0a7fQ,OK,93771,471570065001019
1328.34,35.109859,-89.99141100000001,ChIJs6JbpFyHf4gR9O01gG0a7fQ,OK,93771,471570065001019
1834.792,35.104197,-89.98335349999999,ChIJNST6hGqHf4gR0Mml4gyjQWk,OK,118969,471570065001019
1921.774,35.109859,-89.99141100000001,ChIJs6JbpFyHf4gR9O01gG0a7fQ,OK,142266,471570078103008
1921.774,35.109859,-89.99141100000001,ChIJs6JbpFyHf4gR9O01gG0a7fQ,OK,142266,471570078103008
2104.488,35.104197,-89.98335349999999,ChIJNST6hGqHf4gR0Mml4gyjQWk,OK,144158,471570078103008
1984.67,35.109859,-89.99141100000001,ChIJs6JbpFyHf4gR9O01gG0a7fQ,OK,149813,471570078103011
1984.67,35.109859,-89.99141100000001,ChIJs6JbpFyHf4gR9O01gG0a7fQ,OK,149813,471570078103011
2167.384,35.104197,-89.98335349999999,ChIJNST6hGqHf4gR0Mml4gyjQWk,OK,151705,471570078103011
1558.385,35.109859,-89.99141100000001,ChIJs6JbpFyHf4gR9O01gG0a7fQ,OK,106171,471570078103002
1558.385,35.109859,-89.99141100000001,ChIJs6JbpFyHf4gR9O01gG0a7fQ,OK,106171,471570078103002
1741.1,35.104197,-89.98335349999999,ChIJNST6hGqHf4gR0Mml4gyjQWk,OK,108063,471570078103002
2218.029,35.109859,-89.99141100000001,ChIJs6JbpFyHf4gR9O01gG0a7fQ,OK,161633,471570078103012
2218.029,35.109859,-89.99141100000001,ChIJs6JbpFyHf4gR9O01gG0a7fQ,OK,161633,471570078103012
2400.743,35.104197,-89.98335349999999,ChIJNST6hGqHf4gR0Mml4gyjQWk,OK,163525,471570078103012
1314.421,35.109859,-89.99141100000001,ChIJs6JbpFyHf4gR9O01gG0a7fQ,OK,82306,471570063001012
1314.421,35.109859,-89.99141100000001,ChIJs6JbpFyHf4gR9O01gG0a7fQ,OK,82306,471570063001012
2048.747,35.13418100000001,-89.98599,ChIJnf1_yraAf4gR9pQmD7CXhgg,OK,131824,471570063001012
1191.562,35.109859,-89.99141100000001,ChIJs6JbpFyHf4gR9O01gG0a7fQ,OK,75089,471570063001016
1191.562,35.109859,-89.99141100000001,ChIJs6JbpFyHf4gR9O01gG0a7fQ,OK,75089,471570063001016
1993.622,35.107529,-89.9862127,ChIJ0WGfSUKHf4gRjDLrfGQwCV4,OK,125970,471570063001016
1074.999,35.109859,-89.99141100000001,ChIJs6JbpFyHf4gR9O01gG0a7fQ,OK,67940,471570063003000
1074.999,35.109859,-89.99141100000001,ChIJs6JbpFyHf4gR9O01gG0a7fQ,OK,67940,471570063003000
1877.058,35.107529,-89.9862127,ChIJ0WGfSUKHf4gRjDLrfGQwCV4,OK,118821,471570063003000
992.71,35.109859,-89.99141100000001,ChIJs6JbpFyHf4gR9O01gG0a7fQ,OK,57035,471570066001011
992.71,35.109859,-89.99141100000001,ChIJs6JbpFyHf4gR9O01gG0a7fQ,OK,57035,471570066001011
1794.77,35.107529,-89.9862127,ChIJ0WGfSUKHf4gRjDLrfGQwCV4,OK,107916,471570066001011
4380.813,35.0543926,-90.0597009,ChIJT5TzUbl81YcRiPqNjkbj9CA,OK,327781,471570222102018
5874.061,35.0326981,-90.07589809999999,ChIJ9S1ljalk1YcRvuG-_hbpimA,OK,405274,471570222102018
5874.061,35.0326981,-90.07589809999999,ChIJ9S1ljalk1YcRvuG-_hbpimA,OK,405274,471570222102018
3802.443,35.0543926,-90.0597009,ChIJT5TzUbl81YcRiPqNjkbj9CA,OK,237366,471570222103001
4893.188,35.0326981,-90.07589809999999,ChIJ9S1ljalk1YcRvuG-_hbpimA,OK,301458,471570222103001
4893.188,35.0326981,-90.07589809999999,ChIJ9S1ljalk1YcRvuG-_hbpimA,OK,301458,471570222103001
951.428,35.06591589999999,-89.94154240000002,ChIJTUcfL2qGf4gRH4x-pmmajWw,OK,86092,471570105001008
951.428,35.06591589999999,-89.94154240000002,ChIJTUcfL2qGf4gRH4x-pmmajWw,OK,86092,471570105001008
2034.586,35.05905920000001,-89.9340455,ChIJM89Mbw2Gf4gRFqf4fPnKU7k,OK,129823,471570105001008
1824.256,35.095133,-90.05542799999999,ChIJATnUo0J81YcRpbAuNwXeqRw,OK,153523,471570053003033
1824.256,35.095133,-90.05542799999999,ChIJATnUo0J81YcRpbAuNwXeqRw,OK,153523,471570053003033
1985.659,35.098685,-90.05664899999999,ChIJ31qwBkJ81YcRk2V5pdmdhrM,OK,162462,471570053003033
2449.91,35.093591,-90.056624,ChIJgyVl92d81YcRhuRHHckl8Y4,OK,153978,471570053003017
2449.91,35.093591,-90.056624,ChIJgyVl92d81YcRhuRHHckl8Y4,OK,153978,471570053003017
2629.747,35.095133,-90.05542799999999,ChIJATnUo0J81YcRpbAuNwXeqRw,OK,163938,471570053003017
2236.589,35.093591,-90.056624,ChIJgyVl92d81YcRhuRHHckl8Y4,OK,158204,471570053003042
2236.589,35.093591,-90.056624,ChIJgyVl92d81YcRhuRHHckl8Y4,OK,158204,471570053003042
2416.425,35.095133,-90.05542799999999,ChIJATnUo0J81YcRpbAuNwXeqRw,OK,168164,471570053003042
3506.285,35.0543926,-90.0597009,ChIJT5TzUbl81YcRiPqNjkbj9CA,OK,268257,471570222203005
4087.64,35.06128,-90.05978399999999,ChIJm06f8ZV81YcRTjzAsJPcBKY,OK,300454,471570222203005
4087.64,35.06128,-90.05978399999999,ChIJm06f8ZV81YcRTjzAsJPcBKY,OK,300454,471570222203005
4302.733,35.0326981,-90.07589809999999,ChIJ9S1ljalk1YcRvuG-_hbpimA,OK,303244,471570222101009
5039.56,35.02753099999999,-90.082077,ChIJK66rdetk1YcRwwxI9gDREks,OK,344991,471570222101009
5039.56,35.02753099999999,-90.082077,ChIJK66rdetk1YcRwwxI9gDREks,OK,344991,471570222101009
2474.494,35.0326981,-90.07589809999999,ChIJ9S1ljalk1YcRvuG-_hbpimA,OK,162725,471570223105016
2474.494,35.0326981,-90.07589809999999,ChIJ9S1ljalk1YcRvuG-_hbpimA,OK,162725,471570223105016
2649.389,35.02753099999999,-90.082077,ChIJK66rdetk1YcRwwxI9gDREks,OK,204894,471570223105016
5912.81,35.1153996,-89.89414069999999,ChIJCb4NOWWEf4gR79YlPQoocW4,OK,441822,471570213112008
7684.444,35.16339899999999,-89.855841,ChIJA_xfkC6Df4gRAjVZwLz1jqA,OK,495603,471570213112008
7684.444,35.16339899999999,-89.855841,ChIJA_xfkC6Df4gRAjVZwLz1jqA,OK,495603,471570213112008
2667.952,35.0220022,-89.82947999999999,ChIJxT9DeWuQf4gRf6HLF5uJHd0,OK,182015,471570217471013
2667.952,35.0220022,-89.82947999999999,ChIJxT9DeWuQf4gRf6HLF5uJHd0,OK,182015,471570217471013
3210.042,35.0078094,-89.83044679999999,ChIJpwHMo0eQf4gRIqmNFjWLuW4,OK,210993,471570217471013
2297.716,35.0461089,-89.7947008,ChIJaZI6O3Oaf4gRqa_eh0DNj_s,OK,136431,471570213423056
2297.716,35.0461089,-89.7947008,ChIJaZI6O3Oaf4gRqa_eh0DNj_s,OK,136431,471570213423056
2415.721,35.045091,-89.795412,ChIJVelsQnOaf4gRECqTW7fq-dY,OK,142966,471570213423056
2682.991,35.05113000000001,-89.815021,ChIJAdLMX4iaf4gRUenKpoiyrBc,OK,226801,471570217443007
2856.912,35.048632,-89.814048,ChIJqY7T64eaf4gRoqZRK7sz4Co,OK,239221,471570217443007
2856.912,35.048632,-89.814048,ChIJqY7T64eaf4gRoqZRK7sz4Co,OK,239221,471570217443007
1232.288,35.0344414,-89.8319559,ChIJfcC9SguQf4gR_xf02Tpo1-w,OK,131133,471570217443010
1232.288,35.0344414,-89.8319559,ChIJfcC9SguQf4gR_xf02Tpo1-w,OK,131133,471570217443010
2714.481,35.04577219999999,-89.82821469999999,ChIJL-jEaJmaf4gREtYdkYi2nAs,OK,187796,471570217443010
2991.512,35.0220022,-89.82947999999999,ChIJxT9DeWuQf4gRf6HLF5uJHd0,OK,182415,471570217471012
2991.512,35.0220022,-89.82947999999999,ChIJxT9DeWuQf4gRf6HLF5uJHd0,OK,182415,471570217471012
3117.963,35.0344414,-89.8319559,ChIJfcC9SguQf4gR_xf02Tpo1-w,OK,195223,471570217471012
2155.446,35.0220022,-89.82947999999999,ChIJxT9DeWuQf4gRf6HLF5uJHd0,OK,138133,471570217541008
2155.446,35.0220022,-89.82947999999999,ChIJxT9DeWuQf4gRf6HLF5uJHd0,OK,138133,471570217541008
2697.536,35.0078094,-89.83044679999999,ChIJpwHMo0eQf4gRIqmNFjWLuW4,OK,167111,471570217541008
2389.167,35.1444038,-90.0168571,ChIJufYEjhR-1YcREff46W6Lons,OK,169523,471570113001090
2389.167,35.1444038,-90.0168571,ChIJufYEjhR-1YcREff46W6Lons,OK,169523,471570113001090
3199.947,35.1490317,-90.0140679,ChIJw3q9_xV-1YcRqrte6yBn1CI,OK,185204,471570113001090
3440.832,35.1546312,-89.79260459999999,ChIJ8UeuSEecf4gRniit7ubZLtM,OK,212026,471570211213022
3440.832,35.1546312,-89.79260459999999,ChIJ8UeuSEecf4gRniit7ubZLtM,OK,212026,471570211213022
3820.719,35.14868459999999,-89.7948203,ChIJ4w9Lr2qcf4gRHdzl9FciAFM,OK,231526,471570211213022
4617.012,35.14868459999999,-89.7948203,ChIJ4w9Lr2qcf4gRHdzl9FciAFM,OK,321303,471570211401035
4617.012,35.14868459999999,-89.7948203,ChIJ4w9Lr2qcf4gRHdzl9FciAFM,OK,321303,471570211401035
5383.174,35.1546312,-89.79260459999999,ChIJ8UeuSEecf4gRniit7ubZLtM,OK,342002,471570211401035
1842.077,35.1546312,-89.79260459999999,ChIJ8UeuSEecf4gRniit7ubZLtM,OK,144842,471570211252023
1842.077,35.1546312,-89.79260459999999,ChIJ8UeuSEecf4gRniit7ubZLtM,OK,144842,471570211252023
2221.965,35.14868459999999,-89.7948203,ChIJ4w9Lr2qcf4gRHdzl9FciAFM,OK,164342,471570211252023
3298.009,35.1546312,-89.79260459999999,ChIJ8UeuSEecf4gRniit7ubZLtM,OK,232370,471570211361009
3298.009,35.1546312,-89.79260459999999,ChIJ8UeuSEecf4gRniit7ubZLtM,OK,232370,471570211361009
4245.471,35.14868459999999,-89.7948203,ChIJ4w9Lr2qcf4gRHdzl9FciAFM,OK,285922,471570211361009
1102.62,35.1546312,-89.79260459999999,ChIJ8UeuSEecf4gRniit7ubZLtM,OK,87364,471570211353046
1102.62,35.1546312,-89.79260459999999,ChIJ8UeuSEecf4gRniit7ubZLtM,OK,87364,471570211353046
2270.761,35.14868459999999,-89.7948203,ChIJ4w9Lr2qcf4gRHdzl9FciAFM,OK,133635,471570211353046
2127.435,35.1490317,-90.0140679,ChIJw3q9_xV-1YcRqrte6yBn1CI,OK,132813,471570112003015
2127.435,35.1490317,-90.0140679,ChIJw3q9_xV-1YcRqrte6yBn1CI,OK,132813,471570112003015
2849.673,35.1444038,-90.0168571,ChIJufYEjhR-1YcREff46W6Lons,OK,180166,471570112003015
1738.799,35.1490317,-90.0140679,ChIJw3q9_xV-1YcRqrte6yBn1CI,OK,126042,471570112002006
1738.799,35.1490317,-90.0140679,ChIJw3q9_xV-1YcRqrte6yBn1CI,OK,126042,471570112002006
2461.037,35.1444038,-90.0168571,ChIJufYEjhR-1YcREff46W6Lons,OK,173395,471570112002006
2410.537,35.1490317,-90.0140679,ChIJw3q9_xV-1YcRqrte6yBn1CI,OK,158009,471570019001010
2410.537,35.1490317,-90.0140679,ChIJw3q9_xV-1YcRqrte6yBn1CI,OK,158009,471570019001010
3132.775,35.1444038,-90.0168571,ChIJufYEjhR-1YcREff46W6Lons,OK,205362,471570019001010
2542.557,35.1439641,-90.0517892,ChIJL-0zBZR-1YcRj7p5p1WY4-g,OK,209910,471570021001011
2542.557,35.1439641,-90.0517892,ChIJL-0zBZR-1YcRj7p5p1WY4-g,OK,209910,471570021001011
2751.473,35.1450994,-90.0538646,ChIJne6_s5V-1YcRn_LPaqiwhrk,OK,215364,471570021001011
2296.134,35.1439641,-90.0517892,ChIJL-0zBZR-1YcRj7p5p1WY4-g,OK,194932,471570021001014
2296.134,35.1439641,-90.0517892,ChIJL-0zBZR-1YcRj7p5p1WY4-g,OK,194932,471570021001014
2505.051,35.1450994,-90.0538646,ChIJne6_s5V-1YcRn_LPaqiwhrk,OK,200386,471570021001014
2170.565,35.1439641,-90.0517892,ChIJL-0zBZR-1YcRj7p5p1WY4-g,OK,186996,471570021001030
2170.565,35.1439641,-90.0517892,ChIJL-0zBZR-1YcRj7p5p1WY4-g,OK,186996,471570021001030
2379.481,35.1450994,-90.0538646,ChIJne6_s5V-1YcRn_LPaqiwhrk,OK,192450,471570021001030
2874.387,35.1439641,-90.0517892,ChIJL-0zBZR-1YcRj7p5p1WY4-g,OK,213858,471570021001024
2874.387,35.1439641,-90.0517892,ChIJL-0zBZR-1YcRj7p5p1WY4-g,OK,213858,471570021001024
3083.303,35.1450994,-90.0538646,ChIJne6_s5V-1YcRn_LPaqiwhrk,OK,219312,471570021001024
1826.835,35.1439641,-90.0517892,ChIJL-0zBZR-1YcRj7p5p1WY4-g,OK,138474,471570021001080
1826.835,35.1439641,-90.0517892,ChIJL-0zBZR-1YcRj7p5p1WY4-g,OK,138474,471570021001080
2035.752,35.1450994,-90.0538646,ChIJne6_s5V-1YcRn_LPaqiwhrk,OK,143928,471570021001080
2254.245,35.1439641,-90.0517892,ChIJL-0zBZR-1YcRj7p5p1WY4-g,OK,182644,471570021001052
2254.245,35.1439641,-90.0517892,ChIJL-0zBZR-1YcRj7p5p1WY4-g,OK,182644,471570021001052
2463.161,35.1450994,-90.0538646,ChIJne6_s5V-1YcRn_LPaqiwhrk,OK,188098,471570021001052
1774.751,35.1444038,-90.0168571,ChIJufYEjhR-1YcREff46W6Lons,OK,121591,471570024002004
1774.751,35.1444038,-90.0168571,ChIJufYEjhR-1YcREff46W6Lons,OK,121591,471570024002004
2422.435,35.1490317,-90.0140679,ChIJw3q9_xV-1YcRqrte6yBn1CI,OK,155525,471570024002004
2107.431,35.1444038,-90.0168571,ChIJufYEjhR-1YcREff46W6Lons,OK,143583,471570024001027
2107.431,35.1444038,-90.0168571,ChIJufYEjhR-1YcREff46W6Lons,OK,143583,471570024001027
2642.78,35.1490317,-90.0140679,ChIJw3q9_xV-1YcRqrte6yBn1CI,OK,162298,471570024001027
2431.278,35.1490317,-90.0140679,ChIJw3q9_xV-1YcRqrte6yBn1CI,OK,137532,471570024001013
2431.278,35.1490317,-90.0140679,ChIJw3q9_xV-1YcRqrte6yBn1CI,OK,137532,471570024001013
3153.516,35.1444038,-90.0168571,ChIJufYEjhR-1YcREff46W6Lons,OK,184885,471570024001013
1128.437,35.142439,-90.006118,ChIJeUPo2Rt-1YcRdoG2a54M-d0,OK,86903,471570026002024
1128.437,35.142439,-90.006118,ChIJeUPo2Rt-1YcRdoG2a54M-d0,OK,86903,471570026002024
1865.188,35.13774119999999,-89.99713,ChIJtwtohKiAf4gRFxkNLUf9PgA,OK,133752,471570026002024
500.609,35.142439,-90.006118,ChIJeUPo2Rt-1YcRdoG2a54M-d0,OK,40067,471570026001015
500.609,35.142439,-90.006118,ChIJeUPo2Rt-1YcRdoG2a54M-d0,OK,40067,471570026001015
980.6,35.139426,-90.00714049999999,ChIJC-6kIBt-1YcRA1cskDtjsVc,OK,88777,471570026001015
808.645,35.1507888,-89.977317,ChIJdVWrOuqAf4gR-V7s1E3qo7g,OK,54829,471570027001005
808.645,35.1507888,-89.977317,ChIJdVWrOuqAf4gR-V7s1E3qo7g,OK,54829,471570027001005
2903.006,35.13418100000001,-89.98599,ChIJnf1_yraAf4gR9pQmD7CXhgg,OK,169922,471570027001005
1806.864,35.13418100000001,-89.98599,ChIJnf1_yraAf4gR9pQmD7CXhgg,OK,118276,471570027001034
1806.864,35.13418100000001,-89.98599,ChIJnf1_yraAf4gR9pQmD7CXhgg,OK,118276,471570027001034
1779.157,35.1507888,-89.977317,ChIJdVWrOuqAf4gR-V7s1E3qo7g,OK,119189,471570027001034
1983.41,35.1161637,-89.9446263,ChIJ-ZiED8iGf4gR32IlfgDBKWY,OK,125063,471570029005007
1983.41,35.1161637,-89.9446263,ChIJ-ZiED8iGf4gR32IlfgDBKWY,OK,125063,471570029005007
2528.137,35.14981359999999,-89.94918609999999,ChIJVdGBGRaBf4gRsi89Rzqn8W4,OK,151672,471570029005007
2232.653,35.1161637,-89.9446263,ChIJ-ZiED8iGf4gR32IlfgDBKWY,OK,149096,471570030003005
2232.653,35.1161637,-89.9446263,ChIJ-ZiED8iGf4gR32IlfgDBKWY,OK,149096,471570030003005
2485.138,35.14981359999999,-89.94918609999999,ChIJVdGBGRaBf4gRsi89Rzqn8W4,OK,159321,471570030003005
1257.283,35.1497164,-89.95515999999999,ChIJcQb6ehiBf4gR-uA54eRPNq8,OK,86764,471570028002021
1257.283,35.1497164,-89.95515999999999,ChIJcQb6ehiBf4gR-uA54eRPNq8,OK,86764,471570028002021
1607.711,35.14981359999999,-89.94918609999999,ChIJVdGBGRaBf4gRsi89Rzqn8W4,OK,105563,471570028002021
1671.082,35.1507888,-89.977317,ChIJdVWrOuqAf4gR-V7s1E3qo7g,OK,108110,471570028002026
1671.082,35.1507888,-89.977317,ChIJdVWrOuqAf4gR-V7s1E3qo7g,OK,108110,471570028002026
1520.291,35.1497164,-89.95515999999999,ChIJcQb6ehiBf4gR-uA54eRPNq8,OK,110279,471570028002026
1344.898,35.1497164,-89.95515999999999,ChIJcQb6ehiBf4gR-uA54eRPNq8,OK,97277,471570028002022
1344.898,35.1497164,-89.95515999999999,ChIJcQb6ehiBf4gR-uA54eRPNq8,OK,97277,471570028002022
1695.327,35.14981359999999,-89.94918609999999,ChIJVdGBGRaBf4gRsi89Rzqn8W4,OK,116076,471570028002022
1173.498,35.14981359999999,-89.94918609999999,ChIJVdGBGRaBf4gRsi89Rzqn8W4,OK,90104,471570028001025
1173.498,35.14981359999999,-89.94918609999999,ChIJVdGBGRaBf4gRsi89Rzqn8W4,OK,90104,471570028001025
825.277,35.1497164,-89.95515999999999,ChIJcQb6ehiBf4gR-uA54eRPNq8,OK,94607,471570028001025
1139.591,35.14981359999999,-89.94918609999999,ChIJVdGBGRaBf4gRsi89Rzqn8W4,OK,78098,471570029002014
1139.591,35.14981359999999,-89.94918609999999,ChIJVdGBGRaBf4gRsi89Rzqn8W4,OK,78098,471570029002014
337.143,35.0841884,-89.97146650000001,ChIJX1vb4AeHf4gRloPQ2o5nDXA,OK,27329,471570081101007
337.143,35.0841884,-89.97146650000001,ChIJX1vb4AeHf4gRloPQ2o5nDXA,OK,27329,471570081101007
1439.863,35.0904795,-89.96597299999999,ChIJHfaNmAOHf4gR1d8V2K9rfSU,OK,90936,471570081101007
585.322,35.0841884,-89.97146650000001,ChIJX1vb4AeHf4gRloPQ2o5nDXA,OK,48719,471570081101011
585.322,35.0841884,-89.97146650000001,ChIJX1vb4AeHf4gRloPQ2o5nDXA,OK,48719,471570081101011
1688.042,35.0904795,-89.96597299999999,ChIJHfaNmAOHf4gR1d8V2K9rfSU,OK,112326,471570081101011
769.77,35.0841884,-89.97146650000001,ChIJX1vb4AeHf4gRloPQ2o5nDXA,OK,61718,471570081102004
769.77,35.0841884,-89.97146650000001,ChIJX1vb4AeHf4gRloPQ2o5nDXA,OK,61718,471570081102004
1872.49,35.0904795,-89.96597299999999,ChIJHfaNmAOHf4gR1d8V2K9rfSU,OK,125325,471570081102004
1072.777,35.0841884,-89.97146650000001,ChIJX1vb4AeHf4gRloPQ2o5nDXA,OK,80302,471570081102015
1072.777,35.0841884,-89.97146650000001,ChIJX1vb4AeHf4gRloPQ2o5nDXA,OK,80302,471570081102015
2341.338,35.0904795,-89.96597299999999,ChIJHfaNmAOHf4gR1d8V2K9rfSU,OK,153859,471570081102015
376.63,35.09464699999999,-89.9708677,ChIJx5uAuBqHf4gRze5MKc5WJFI,OK,35402,471570069001010
376.63,35.09464699999999,-89.9708677,ChIJx5uAuBqHf4gRze5MKc5WJFI,OK,35402,471570069001010
939.952,35.0904795,-89.96597299999999,ChIJHfaNmAOHf4gR1d8V2K9rfSU,OK,65514,471570069001010
447.509,35.054745,-90.007971,ChIJXxyyQlt91YcRhldtWgjSnSE,OK,35766,471570220223006
447.509,35.054745,-90.007971,ChIJXxyyQlt91YcRhldtWgjSnSE,OK,35766,471570220223006
879.358,35.05407199999999,-90.00125899999999,ChIJIzdhk1h91YcRZT7cBcBslaM,OK,51805,471570220223006
433.752,35.09464699999999,-89.9708677,ChIJx5uAuBqHf4gRze5MKc5WJFI,OK,32350,471570081203000
433.752,35.09464699999999,-89.9708677,ChIJx5uAuBqHf4gRze5MKc5WJFI,OK,32350,471570081203000
448.119,35.0904795,-89.96597299999999,ChIJHfaNmAOHf4gR1d8V2K9rfSU,OK,32792,471570081203000
795.679,35.09464699999999,-89.9708677,ChIJx5uAuBqHf4gRze5MKc5WJFI,OK,79247,471570069001015
795.679,35.09464699999999,-89.9708677,ChIJx5uAuBqHf4gRze5MKc5WJFI,OK,79247,471570069001015
1097.887,35.0904795,-89.96597299999999,ChIJHfaNmAOHf4gR1d8V2K9rfSU,OK,97028,471570069001015
597.003,35.09464699999999,-89.9708677,ChIJx5uAuBqHf4gRze5MKc5WJFI,OK,48703,471570069001014
597.003,35.09464699999999,-89.9708677,ChIJx5uAuBqHf4gRze5MKc5WJFI,OK,48703,471570069001014
769.334,35.0904795,-89.96597299999999,ChIJHfaNmAOHf4gR1d8V2K9rfSU,OK,57602,471570069001014
596.579,35.09464699999999,-89.9708677,ChIJx5uAuBqHf4gRze5MKc5WJFI,OK,48652,471570069001017
596.579,35.09464699999999,-89.9708677,ChIJx5uAuBqHf4gRze5MKc5WJFI,OK,48652,471570069001017
768.91,35.0904795,-89.96597299999999,ChIJHfaNmAOHf4gR1d8V2K9rfSU,OK,57551,471570069001017
407.856,35.09464699999999,-89.9708677,ChIJx5uAuBqHf4gRze5MKc5WJFI,OK,25252,471570081203003
407.856,35.09464699999999,-89.9708677,ChIJx5uAuBqHf4gRze5MKc5WJFI,OK,25252,471570081203003
555.074,35.0904795,-89.96597299999999,ChIJHfaNmAOHf4gR1d8V2K9rfSU,OK,32644,471570081203003
770.318,35.0904795,-89.96597299999999,ChIJHfaNmAOHf4gR1d8V2K9rfSU,OK,58927,471570081101000
808.859,35.09464699999999,-89.9708677,ChIJx5uAuBqHf4gRze5MKc5WJFI,OK,62680,471570081101000
808.859,35.09464699999999,-89.9708677,ChIJx5uAuBqHf4gRze5MKc5WJFI,OK,62680,471570081101000
814.478,35.0904795,-89.96597299999999,ChIJHfaNmAOHf4gR1d8V2K9rfSU,OK,64226,471570081101002
853.019,35.09464699999999,-89.9708677,ChIJx5uAuBqHf4gRze5MKc5WJFI,OK,67979,471570081101002
853.019,35.09464699999999,-89.9708677,ChIJx5uAuBqHf4gRze5MKc5WJFI,OK,67979,471570081101002
742.336,35.0841884,-89.97146650000001,ChIJX1vb4AeHf4gRloPQ2o5nDXA,OK,56971,471570081103000
742.336,35.0841884,-89.97146650000001,ChIJX1vb4AeHf4gRloPQ2o5nDXA,OK,56971,471570081103000
2010.896,35.0904795,-89.96597299999999,ChIJHfaNmAOHf4gR1d8V2K9rfSU,OK,130528,471570081103000
297.264,35.0841884,-89.97146650000001,ChIJX1vb4AeHf4gRloPQ2o5nDXA,OK,35670,471570081204000
297.264,35.0841884,-89.97146650000001,ChIJX1vb4AeHf4gRloPQ2o5nDXA,OK,35670,471570081204000
1628.973,35.0904795,-89.96597299999999,ChIJHfaNmAOHf4gR1d8V2K9rfSU,OK,116804,471570081204000
933.102,35.0841884,-89.97146650000001,ChIJX1vb4AeHf4gRloPQ2o5nDXA,OK,81380,471570081102014
933.102,35.0841884,-89.97146650000001,ChIJX1vb4AeHf4gRloPQ2o5nDXA,OK,81380,471570081102014
2035.823,35.0904795,-89.96597299999999,ChIJHfaNmAOHf4gR1d8V2K9rfSU,OK,144987,471570081102014
602.463,35.0841884,-89.97146650000001,ChIJX1vb4AeHf4gRloPQ2o5nDXA,OK,50501,471570081102002
602.463,35.0841884,-89.97146650000001,ChIJX1vb4AeHf4gRloPQ2o5nDXA,OK,50501,471570081102002
1705.183,35.0904795,-89.96597299999999,ChIJHfaNmAOHf4gR1d8V2K9rfSU,OK,114108,471570081102002
502.417,35.0841884,-89.97146650000001,ChIJX1vb4AeHf4gRloPQ2o5nDXA,OK,36692,471570081102001
502.417,35.0841884,-89.97146650000001,ChIJX1vb4AeHf4gRloPQ2o5nDXA,OK,36692,471570081102001
1605.138,35.0904795,-89.96597299999999,ChIJHfaNmAOHf4gR1d8V2K9rfSU,OK,100299,471570081102001
748.235,35.0841884,-89.97146650000001,ChIJX1vb4AeHf4gRloPQ2o5nDXA,OK,47945,471570081102009
748.235,35.0841884,-89.97146650000001,ChIJX1vb4AeHf4gRloPQ2o5nDXA,OK,47945,471570081102009
1830.413,35.0904795,-89.96597299999999,ChIJHfaNmAOHf4gR1d8V2K9rfSU,OK,116518,471570081102009
116.279,35.0841884,-89.97146650000001,ChIJX1vb4AeHf4gRloPQ2o5nDXA,OK,13952,471570081102011
116.279,35.0841884,-89.97146650000001,ChIJX1vb4AeHf4gRloPQ2o5nDXA,OK,13952,471570081102011
1384.839,35.0904795,-89.96597299999999,ChIJHfaNmAOHf4gR1d8V2K9rfSU,OK,87509,471570081102011
208.501,35.0841884,-89.97146650000001,ChIJX1vb4AeHf4gRloPQ2o5nDXA,OK,15531,471570081102000
208.501,35.0841884,-89.97146650000001,ChIJX1vb4AeHf4gRloPQ2o5nDXA,OK,15531,471570081102000
1311.222,35.0904795,-89.96597299999999,ChIJHfaNmAOHf4gR1d8V2K9rfSU,OK,79138,471570081102000
1104.522,35.0841884,-89.97146650000001,ChIJX1vb4AeHf4gRloPQ2o5nDXA,OK,68159,471570081102018
1104.522,35.0841884,-89.97146650000001,ChIJX1vb4AeHf4gRloPQ2o5nDXA,OK,68159,471570081102018
3593.691,35.00495799999999,-90.0276544,ChIJuXbrrfFi1YcR97C4vX-T9Zk,OK,246624,471570227004015
3593.691,35.00495799999999,-90.0276544,ChIJuXbrrfFi1YcR97C4vX-T9Zk,OK,246624,471570227004015
4039.413,35.0225458,-90.0257415,ChIJnc94gMRi1YcRKYztFRuX2Yw,OK,265316,471570227004015
2297.449,35.00495799999999,-90.0276544,ChIJuXbrrfFi1YcR97C4vX-T9Zk,OK,155430,471570227001000
2297.449,35.00495799999999,-90.0276544,ChIJuXbrrfFi1YcR97C4vX-T9Zk,OK,155430,471570227001000
3913.669,34.99227370000001,-90.0232297,ChIJY7HkKF9i1YcRjKJ-3GH9XsM,OK,235456,471570227001000
3329.543,35.00495799999999,-90.0276544,ChIJuXbrrfFi1YcR97C4vX-T9Zk,OK,228175,471570227004012
3329.543,35.00495799999999,-90.0276544,ChIJuXbrrfFi1YcR97C4vX-T9Zk,OK,228175,471570227004012
4610.575,35.0225458,-90.0257415,ChIJnc94gMRi1YcRKYztFRuX2Yw,OK,306948,471570227004012
3448.268,35.0225458,-90.0257415,ChIJnc94gMRi1YcRKYztFRuX2Yw,OK,261197,471570227004002
3448.268,35.0225458,-90.0257415,ChIJnc94gMRi1YcRKYztFRuX2Yw,OK,261197,471570227004002
3473.233,35.00495799999999,-90.0276544,ChIJuXbrrfFi1YcR97C4vX-T9Zk,OK,278405,471570227004002
3239.65,35.0225458,-90.0257415,ChIJnc94gMRi1YcRKYztFRuX2Yw,OK,236164,471570227004004
3239.65,35.0225458,-90.0257415,ChIJnc94gMRi1YcRKYztFRuX2Yw,OK,236164,471570227004004
3440.045,35.00495799999999,-90.0276544,ChIJuXbrrfFi1YcR97C4vX-T9Zk,OK,278460,471570227004004
2700.966,35.0225458,-90.0257415,ChIJnc94gMRi1YcRKYztFRuX2Yw,OK,190323,471570227003016
2700.966,35.0225458,-90.0257415,ChIJnc94gMRi1YcRKYztFRuX2Yw,OK,190323,471570227003016
3201.698,35.00495799999999,-90.0276544,ChIJuXbrrfFi1YcR97C4vX-T9Zk,OK,249859,471570227003016
2931.851,35.0225458,-90.0257415,ChIJnc94gMRi1YcRKYztFRuX2Yw,OK,212456,471570227004000
2931.851,35.0225458,-90.0257415,ChIJnc94gMRi1YcRKYztFRuX2Yw,OK,212456,471570227004000
2799.953,35.00495799999999,-90.0276544,ChIJuXbrrfFi1YcR97C4vX-T9Zk,OK,220250,471570227004000
2599.529,35.0225458,-90.0257415,ChIJnc94gMRi1YcRKYztFRuX2Yw,OK,189563,471570227003018
2599.529,35.0225458,-90.0257415,ChIJnc94gMRi1YcRKYztFRuX2Yw,OK,189563,471570227003018
3106.134,35.00495799999999,-90.0276544,ChIJuXbrrfFi1YcR97C4vX-T9Zk,OK,238391,471570227003018
2603.417,35.0225458,-90.0257415,ChIJnc94gMRi1YcRKYztFRuX2Yw,OK,190030,471570227003023
2603.417,35.0225458,-90.0257415,ChIJnc94gMRi1YcRKYztFRuX2Yw,OK,190030,471570227003023
3110.022,35.00495799999999,-90.0276544,ChIJuXbrrfFi1YcR97C4vX-T9Zk,OK,238858,471570227003023
2525.527,35.00495799999999,-90.0276544,ChIJuXbrrfFi1YcR97C4vX-T9Zk,OK,177823,471570227002006
2525.527,35.00495799999999,-90.0276544,ChIJuXbrrfFi1YcR97C4vX-T9Zk,OK,177823,471570227002006
2752.603,35.0225458,-90.0257415,ChIJnc94gMRi1YcRKYztFRuX2Yw,OK,181842,471570227002006
2412.087,35.00495799999999,-90.0276544,ChIJuXbrrfFi1YcR97C4vX-T9Zk,OK,167275,471570227004017
2412.087,35.00495799999999,-90.0276544,ChIJuXbrrfFi1YcR97C4vX-T9Zk,OK,167275,471570227004017
4028.307,34.99227370000001,-90.0232297,ChIJY7HkKF9i1YcRjKJ-3GH9XsM,OK,247301,471570227004017
2718.548,35.00495799999999,-90.0276544,ChIJuXbrrfFi1YcR97C4vX-T9Zk,OK,204050,471570227004003
2718.548,35.00495799999999,-90.0276544,ChIJuXbrrfFi1YcR97C4vX-T9Zk,OK,204050,471570227004003
4334.768,34.99227370000001,-90.0232297,ChIJY7HkKF9i1YcRjKJ-3GH9XsM,OK,284076,471570227004003
2388.772,35.00495799999999,-90.0276544,ChIJuXbrrfFi1YcR97C4vX-T9Zk,OK,164478,471570227004005
2388.772,35.00495799999999,-90.0276544,ChIJuXbrrfFi1YcR97C4vX-T9Zk,OK,164478,471570227004005
4004.992,34.99227370000001,-90.0232297,ChIJY7HkKF9i1YcRjKJ-3GH9XsM,OK,244504,471570227004005
2767.403,35.00495799999999,-90.0276544,ChIJuXbrrfFi1YcR97C4vX-T9Zk,OK,199183,471570227004006
2767.403,35.00495799999999,-90.0276544,ChIJuXbrrfFi1YcR97C4vX-T9Zk,OK,199183,471570227004006
4383.623,34.99227370000001,-90.0232297,ChIJY7HkKF9i1YcRjKJ-3GH9XsM,OK,279209,471570227004006
1250.243,35.00495799999999,-90.0276544,ChIJuXbrrfFi1YcR97C4vX-T9Zk,OK,97855,471570227002012
1250.243,35.00495799999999,-90.0276544,ChIJuXbrrfFi1YcR97C4vX-T9Zk,OK,97855,471570227002012
2866.463,34.99227370000001,-90.0232297,ChIJY7HkKF9i1YcRjKJ-3GH9XsM,OK,177881,471570227002012
2645.287,35.00495799999999,-90.0276544,ChIJuXbrrfFi1YcR97C4vX-T9Zk,OK,201689,471570227004016
2645.287,35.00495799999999,-90.0276544,ChIJuXbrrfFi1YcR97C4vX-T9Zk,OK,201689,471570227004016
3268.007,35.0225458,-90.0257415,ChIJnc94gMRi1YcRKYztFRuX2Yw,OK,234194,471570227004016
2475.998,35.0225458,-90.0257415,ChIJnc94gMRi1YcRKYztFRuX2Yw,OK,166018,471570227002003
2475.998,35.0225458,-90.0257415,ChIJnc94gMRi1YcRKYztFRuX2Yw,OK,166018,471570227002003
2972.482,35.00495799999999,-90.0276544,ChIJuXbrrfFi1YcR97C4vX-T9Zk,OK,214091,471570227002003
2142.484,35.0225458,-90.0257415,ChIJnc94gMRi1YcRKYztFRuX2Yw,OK,170394,471570227002002
2142.484,35.0225458,-90.0257415,ChIJnc94gMRi1YcRKYztFRuX2Yw,OK,170394,471570227002002
2499.012,35.021381,-90.020287,ChIJnVfwxMBi1YcR65EtGsZDcOY,OK,190880,471570227002002
2503.871,35.00495799999999,-90.0276544,ChIJuXbrrfFi1YcR97C4vX-T9Zk,OK,184720,471570227002008
2503.871,35.00495799999999,-90.0276544,ChIJuXbrrfFi1YcR97C4vX-T9Zk,OK,184720,471570227002008
3126.591,35.0225458,-90.0257415,ChIJnc94gMRi1YcRKYztFRuX2Yw,OK,217225,471570227002008
2479.368,35.00495799999999,-90.0276544,ChIJuXbrrfFi1YcR97C4vX-T9Zk,OK,188449,471570227002009
2479.368,35.00495799999999,-90.0276544,ChIJuXbrrfFi1YcR97C4vX-T9Zk,OK,188449,471570227002009
3231.74,35.0225458,-90.0257415,ChIJnc94gMRi1YcRKYztFRuX2Yw,OK,229843,471570227002009
2555.401,35.00495799999999,-90.0276544,ChIJuXbrrfFi1YcR97C4vX-T9Zk,OK,190903,471570227002007
2555.401,35.00495799999999,-90.0276544,ChIJuXbrrfFi1YcR97C4vX-T9Zk,OK,190903,471570227002007
3178.121,35.0225458,-90.0257415,ChIJnc94gMRi1YcRKYztFRuX2Yw,OK,223408,471570227002007
2315.92,35.00495799999999,-90.0276544,ChIJuXbrrfFi1YcR97C4vX-T9Zk,OK,168836,471570227002010
2315.92,35.00495799999999,-90.0276544,ChIJuXbrrfFi1YcR97C4vX-T9Zk,OK,168836,471570227002010
3932.14,34.99227370000001,-90.0232297,ChIJY7HkKF9i1YcRjKJ-3GH9XsM,OK,248862,471570227002010
1043.583,34.99227370000001,-90.0232297,ChIJY7HkKF9i1YcRjKJ-3GH9XsM,OK,80801,471570221304004
5063.164,35.2072684,-89.7827147,ChIJKdJ2xvqdf4gRKLRUePlbOOs,OK,350521,471570211422023
5063.164,35.2072684,-89.7827147,ChIJKdJ2xvqdf4gRKLRUePlbOOs,OK,350521,471570211422023
1213.934,35.1835367,-89.8717722,ChIJv1U5XuiCf4gRMlXiIrwnbJo,OK,113229,471570206103005
1213.934,35.1835367,-89.8717722,ChIJv1U5XuiCf4gRMlXiIrwnbJo,OK,113229,471570206103005
2061.451,35.1927931,-89.86922029999999,ChIJAQAAAMCCf4gRZL0qi0KLjtw,OK,155002,471570206103005
1348.262,35.1913738,-89.8964247,ChIJwQffFF2Cf4gRzaR3rfvt3f4,OK,85675,471570206101023
1348.262,35.1913738,-89.8964247,ChIJwQffFF2Cf4gRzaR3rfvt3f4,OK,85675,471570206101023
1631.658,35.192778,-89.895242,ChIJ2ehTh2eCf4gR95JHzr6OIMA,OK,99971,471570206101023
1457.036,35.1913738,-89.8964247,ChIJwQffFF2Cf4gRzaR3rfvt3f4,OK,105253,471570206101019
1457.036,35.1913738,-89.8964247,ChIJwQffFF2Cf4gRzaR3rfvt3f4,OK,105253,471570206101019
1740.432,35.192778,-89.895242,ChIJ2ehTh2eCf4gR95JHzr6OIMA,OK,119549,471570206101019
3310.097,35.1546312,-89.79260459999999,ChIJ8UeuSEecf4gRniit7ubZLtM,OK,208497,471570211351032
3310.097,35.1546312,-89.79260459999999,ChIJ8UeuSEecf4gRniit7ubZLtM,OK,208497,471570211351032
3689.985,35.14868459999999,-89.7948203,ChIJ4w9Lr2qcf4gRHdzl9FciAFM,OK,227997,471570211351032
4700.416,35.1546312,-89.79260459999999,ChIJ8UeuSEecf4gRniit7ubZLtM,OK,275184,471570211422027
4700.416,35.1546312,-89.79260459999999,ChIJ8UeuSEecf4gRniit7ubZLtM,OK,275184,471570211422027
4829.06,35.2072684,-89.7827147,ChIJKdJ2xvqdf4gRKLRUePlbOOs,OK,317513,471570211422027
2021.782,35.17410499999999,-89.97575479999999,ChIJmfYTGFmAf4gRHGKCaD0qCtI,OK,130748,471570111001006
2021.782,35.17410499999999,-89.97575479999999,ChIJmfYTGFmAf4gRHGKCaD0qCtI,OK,130748,471570111001006
3706.743,35.167095,-89.950496,ChIJecYfJgmBf4gRJh-YY67U6V8,OK,225507,471570111001006
965.173,35.17410499999999,-89.97575479999999,ChIJmfYTGFmAf4gRHGKCaD0qCtI,OK,103405,471570008001010
965.173,35.17410499999999,-89.97575479999999,ChIJmfYTGFmAf4gRHGKCaD0qCtI,OK,103405,471570008001010
2203.597,35.1738374,-89.98954379999999,ChIJ_S0BIGOAf4gRU3Ph4W65cOQ,OK,177701,471570008001010
4911.124,35.1546312,-89.79260459999999,ChIJ8UeuSEecf4gRniit7ubZLtM,OK,290185,471570211422029
5039.768,35.2072684,-89.7827147,ChIJKdJ2xvqdf4gRKLRUePlbOOs,OK,332514,471570211422029
5039.768,35.2072684,-89.7827147,ChIJKdJ2xvqdf4gRKLRUePlbOOs,OK,332514,471570211422029
2087.904,35.19067459999999,-89.8489943,ChIJ364PGjWdf4gRKbsrGLq8_XQ,OK,118548,471570211113020
2087.904,35.19067459999999,-89.8489943,ChIJ364PGjWdf4gRKbsrGLq8_XQ,OK,118548,471570211113020
3508.017,35.16339899999999,-89.855841,ChIJA_xfkC6Df4gRAjVZwLz1jqA,OK,199377,471570211113020
3629.266,35.2045576,-89.81176689999999,ChIJ8ROix4Kdf4gR4Su-1OwAUMo,OK,216676,471570211212039
3629.266,35.2045576,-89.81176689999999,ChIJ8ROix4Kdf4gR4Su-1OwAUMo,OK,216676,471570211212039
4855.662,35.2051043,-89.79754849999999,ChIJpRDMlY2df4gRQqHmUo_lzmc,OK,249434,471570211212039
2679.342,35.19067459999999,-89.8489943,ChIJ364PGjWdf4gRKbsrGLq8_XQ,OK,165795,471570211113023
2679.342,35.19067459999999,-89.8489943,ChIJ364PGjWdf4gRKbsrGLq8_XQ,OK,165795,471570211113023
2682.848,35.1835367,-89.8717722,ChIJv1U5XuiCf4gRMlXiIrwnbJo,OK,182733,471570211113023
2276.466,35.19067459999999,-89.8489943,ChIJ364PGjWdf4gRKbsrGLq8_XQ,OK,148237,471570211113017
2276.466,35.19067459999999,-89.8489943,ChIJ364PGjWdf4gRKbsrGLq8_XQ,OK,148237,471570211113017
3696.579,35.16339899999999,-89.855841,ChIJA_xfkC6Df4gRAjVZwLz1jqA,OK,229066,471570211113017
3400.958,35.2045576,-89.81176689999999,ChIJ8ROix4Kdf4gR4Su-1OwAUMo,OK,222938,471570211212052
3400.958,35.2045576,-89.81176689999999,ChIJ8ROix4Kdf4gR4Su-1OwAUMo,OK,222938,471570211212052
4627.354,35.2051043,-89.79754849999999,ChIJpRDMlY2df4gRQqHmUo_lzmc,OK,255696,471570211212052
3685.488,35.2045576,-89.81176689999999,ChIJ8ROix4Kdf4gR4Su-1OwAUMo,OK,244913,471570211212053
3685.488,35.2045576,-89.81176689999999,ChIJ8ROix4Kdf4gR4Su-1OwAUMo,OK,244913,471570211212053
4911.884,35.2051043,-89.79754849999999,ChIJpRDMlY2df4gRQqHmUo_lzmc,OK,277671,471570211212053
4407.546,35.2045576,-89.81176689999999,ChIJ8ROix4Kdf4gR4Su-1OwAUMo,OK,344106,471570211212049
4407.546,35.2045576,-89.81176689999999,ChIJ8ROix4Kdf4gR4Su-1OwAUMo,OK,344106,471570211212049
4478.443,35.2051043,-89.79754849999999,ChIJpRDMlY2df4gRQqHmUo_lzmc,OK,369776,471570211212049
5464.747,35.1439641,-90.0517892,ChIJL-0zBZR-1YcRj7p5p1WY4-g,OK,303607,471570001001056
5476.654,35.1450994,-90.0538646,ChIJne6_s5V-1YcRn_LPaqiwhrk,OK,311904,471570001001056
5476.654,35.1450994,-90.0538646,ChIJne6_s5V-1YcRn_LPaqiwhrk,OK,311904,471570001001056
1560.811,35.1913738,-89.8964247,ChIJwQffFF2Cf4gRzaR3rfvt3f4,OK,104621,471570206101022
1560.811,35.1913738,-89.8964247,ChIJwQffFF2Cf4gRzaR3rfvt3f4,OK,104621,471570206101022
1844.207,35.192778,-89.895242,ChIJ2ehTh2eCf4gR95JHzr6OIMA,OK,118917,471570206101022
2266.769,35.19067459999999,-89.8489943,ChIJ364PGjWdf4gRKbsrGLq8_XQ,OK,138887,471570211113021
2266.769,35.19067459999999,-89.8489943,ChIJ364PGjWdf4gRKbsrGLq8_XQ,OK,138887,471570211113021
3686.882,35.16339899999999,-89.855841,ChIJA_xfkC6Df4gRAjVZwLz1jqA,OK,219716,471570211113021
932.905,35.17410499999999,-89.97575479999999,ChIJmfYTGFmAf4gRHGKCaD0qCtI,OK,72616,471570008001005
932.905,35.17410499999999,-89.97575479999999,ChIJmfYTGFmAf4gRHGKCaD0qCtI,OK,72616,471570008001005
2171.329,35.1738374,-89.98954379999999,ChIJ_S0BIGOAf4gRU3Ph4W65cOQ,OK,146912,471570008001005
2119.38,35.17410499999999,-89.97575479999999,ChIJmfYTGFmAf4gRHGKCaD0qCtI,OK,148286,471570111002007
2119.38,35.17410499999999,-89.97575479999999,ChIJmfYTGFmAf4gRHGKCaD0qCtI,OK,148286,471570111002007
2806.738,35.167095,-89.950496,ChIJecYfJgmBf4gRJh-YY67U6V8,OK,200921,471570111002007
4995.64,35.1439641,-90.0517892,ChIJL-0zBZR-1YcRj7p5p1WY4-g,OK,388534,471570001001030
4995.64,35.1439641,-90.0517892,ChIJL-0zBZR-1YcRj7p5p1WY4-g,OK,388534,471570001001030
5204.556,35.1450994,-90.0538646,ChIJne6_s5V-1YcRn_LPaqiwhrk,OK,393988,471570001001030
3159.814,35.1546312,-89.79260459999999,ChIJ8UeuSEecf4gRniit7ubZLtM,OK,177838,471570211351037
2508.811,35.0904795,-89.96597299999999,ChIJHfaNmAOHf4gR1d8V2K9rfSU,OK,167178,471570079005001
1636.308,35.108097,-89.941227,ChIJwxJT-r6Gf4gRhLDuFpyb128,OK,122798,471570079001014
1636.308,35.108097,-89.941227,ChIJwxJT-r6Gf4gRhLDuFpyb128,OK,122798,471570079001014
2240.011,35.1161637,-89.9446263,ChIJ-ZiED8iGf4gR32IlfgDBKWY,OK,162834,471570079001014
927.639,35.108097,-89.941227,ChIJwxJT-r6Gf4gRhLDuFpyb128,OK,71108,471570079001000
927.639,35.108097,-89.941227,ChIJwxJT-r6Gf4gRhLDuFpyb128,OK,71108,471570079001000
1630.021,35.1079763,-89.9333841,ChIJqZoM4qKGf4gREaZMyPG1GBQ,OK,110998,471570079001000
1045.455,35.108097,-89.941227,ChIJwxJT-r6Gf4gRhLDuFpyb128,OK,85246,471570079001013
1045.455,35.108097,-89.941227,ChIJwxJT-r6Gf4gRhLDuFpyb128,OK,85246,471570079001013
1747.837,35.1079763,-89.9333841,ChIJqZoM4qKGf4gREaZMyPG1GBQ,OK,125136,471570079001013
804.456,35.108097,-89.941227,ChIJwxJT-r6Gf4gRhLDuFpyb128,OK,58117,471570080002003
804.456,35.108097,-89.941227,ChIJwxJT-r6Gf4gRhLDuFpyb128,OK,58117,471570080002003
1506.837,35.1079763,-89.9333841,ChIJqZoM4qKGf4gREaZMyPG1GBQ,OK,98007,471570080002003
809.951,35.108097,-89.941227,ChIJwxJT-r6Gf4gRhLDuFpyb128,OK,58776,471570080002004
809.951,35.108097,-89.941227,ChIJwxJT-r6Gf4gRhLDuFpyb128,OK,58776,471570080002004
1512.332,35.1079763,-89.9333841,ChIJqZoM4qKGf4gREaZMyPG1GBQ,OK,98666,471570080002004
1034.932,35.108097,-89.941227,ChIJwxJT-r6Gf4gRhLDuFpyb128,OK,64339,471570080002015
1034.932,35.108097,-89.941227,ChIJwxJT-r6Gf4gRhLDuFpyb128,OK,64339,471570080002015
1737.314,35.1079763,-89.9333841,ChIJqZoM4qKGf4gREaZMyPG1GBQ,OK,104229,471570080002015
916.049,35.1075089,-89.9318387,ChIJVboYU6KGf4gRHfEHUi8Izac,OK,109082,471570074002010
916.049,35.1075089,-89.9318387,ChIJVboYU6KGf4gRHfEHUi8Izac,OK,109082,471570074002010
1057.957,35.1079763,-89.9333841,ChIJqZoM4qKGf4gREaZMyPG1GBQ,OK,117597,471570074002010
1243.794,35.108097,-89.941227,ChIJwxJT-r6Gf4gRhLDuFpyb128,OK,90405,471570079001016
1243.794,35.108097,-89.941227,ChIJwxJT-r6Gf4gRhLDuFpyb128,OK,90405,471570079001016
1946.176,35.1079763,-89.9333841,ChIJqZoM4qKGf4gREaZMyPG1GBQ,OK,130295,471570079001016
1540.032,35.108097,-89.941227,ChIJwxJT-r6Gf4gRhLDuFpyb128,OK,111246,471570079001015
1540.032,35.108097,-89.941227,ChIJwxJT-r6Gf4gRhLDuFpyb128,OK,111246,471570079001015
2242.414,35.1079763,-89.9333841,ChIJqZoM4qKGf4gREaZMyPG1GBQ,OK,151136,471570079001015
996.179,35.108097,-89.941227,ChIJwxJT-r6Gf4gRhLDuFpyb128,OK,70321,471570080002010
996.179,35.108097,-89.941227,ChIJwxJT-r6Gf4gRhLDuFpyb128,OK,70321,471570080002010
1698.56,35.1079763,-89.9333841,ChIJqZoM4qKGf4gREaZMyPG1GBQ,OK,110211,471570080002010
557.617,35.108097,-89.941227,ChIJwxJT-r6Gf4gRhLDuFpyb128,OK,66911,471570074001015
557.617,35.108097,-89.941227,ChIJwxJT-r6Gf4gRhLDuFpyb128,OK,66911,471570074001015
1118.512,35.1079763,-89.9333841,ChIJqZoM4qKGf4gREaZMyPG1GBQ,OK,86904,471570074001015
283.776,35.108097,-89.941227,ChIJwxJT-r6Gf4gRhLDuFpyb128,OK,19276,471570080002001
283.776,35.108097,-89.941227,ChIJwxJT-r6Gf4gRhLDuFpyb128,OK,19276,471570080002001
986.158,35.1079763,-89.9333841,ChIJqZoM4qKGf4gREaZMyPG1GBQ,OK,59166,471570080002001
172.217,35.108097,-89.941227,ChIJwxJT-r6Gf4gRhLDuFpyb128,OK,12582,471570074001017
172.217,35.108097,-89.941227,ChIJwxJT-r6Gf4gRhLDuFpyb128,OK,12582,471570074001017
605.171,35.1079763,-89.9333841,ChIJqZoM4qKGf4gREaZMyPG1GBQ,OK,36308,471570074001017
1207.122,35.108097,-89.941227,ChIJwxJT-r6Gf4gRhLDuFpyb128,OK,100319,471570080002017
1207.122,35.108097,-89.941227,ChIJwxJT-r6Gf4gRhLDuFpyb128,OK,100319,471570080002017
1398.686,35.1079763,-89.9333841,ChIJqZoM4qKGf4gREaZMyPG1GBQ,OK,132554,471570080002017
1135.629,35.108097,-89.941227,ChIJwxJT-r6Gf4gRhLDuFpyb128,OK,91739,471570080002016
1135.629,35.108097,-89.941227,ChIJwxJT-r6Gf4gRhLDuFpyb128,OK,91739,471570080002016
1838.011,35.1079763,-89.9333841,ChIJqZoM4qKGf4gREaZMyPG1GBQ,OK,131629,471570080002016
1889.865,35.108097,-89.941227,ChIJwxJT-r6Gf4gRhLDuFpyb128,OK,123462,471570079005000
1889.865,35.108097,-89.941227,ChIJwxJT-r6Gf4gRhLDuFpyb128,OK,123462,471570079005000
2540.754,35.086634,-89.96355199999999,ChIJW0XU3AGHf4gRINnmxvx9m5A,OK,175809,471570079005000
1745.333,35.0971,-89.9305344,ChIJRd53mZuGf4gRp0fETcD5Y3I,OK,104714,471570080003006
1822.166,35.108097,-89.941227,ChIJwxJT-r6Gf4gRhLDuFpyb128,OK,111570,471570080003006
1822.166,35.108097,-89.941227,ChIJwxJT-r6Gf4gRhLDuFpyb128,OK,111570,471570080003006
2279.912,35.086634,-89.96355199999999,ChIJW0XU3AGHf4gRINnmxvx9m5A,OK,144508,471570079005011
2279.912,35.086634,-89.96355199999999,ChIJW0XU3AGHf4gRINnmxvx9m5A,OK,144508,471570079005011
2150.707,35.108097,-89.941227,ChIJwxJT-r6Gf4gRhLDuFpyb128,OK,154763,471570079005011
1540.44,35.0971,-89.9305344,ChIJRd53mZuGf4gRp0fETcD5Y3I,OK,108466,471570080003005
1734.371,35.0960067,-89.93138279999999,ChIJFfDYDZuGf4gR5IbqhV7MTAo,OK,122435,471570080003005
1734.371,35.0960067,-89.93138279999999,ChIJFfDYDZuGf4gR5IbqhV7MTAo,OK,122435,471570080003005
2259.669,35.108097,-89.941227,ChIJwxJT-r6Gf4gRhLDuFpyb128,OK,163229,471570080003013
2259.669,35.108097,-89.941227,ChIJwxJT-r6Gf4gRhLDuFpyb128,OK,163229,471570080003013
2179.679,35.0971,-89.9305344,ChIJRd53mZuGf4gRp0fETcD5Y3I,OK,168272,471570080003013
1013.269,35.108097,-89.941227,ChIJwxJT-r6Gf4gRhLDuFpyb128,OK,115897,471570080002018
1013.269,35.108097,-89.941227,ChIJwxJT-r6Gf4gRhLDuFpyb128,OK,115897,471570080002018
1472.146,35.1079763,-89.9333841,ChIJqZoM4qKGf4gREaZMyPG1GBQ,OK,141369,471570080002018
519.257,35.1161637,-89.9446263,ChIJ-ZiED8iGf4gR32IlfgDBKWY,OK,44051,471570073003013
519.257,35.1161637,-89.9446263,ChIJ-ZiED8iGf4gR32IlfgDBKWY,OK,44051,471570073003013
1815.768,35.108097,-89.941227,ChIJwxJT-r6Gf4gRhLDuFpyb128,OK,118017,471570073003013
544.322,35.1161637,-89.9446263,ChIJ-ZiED8iGf4gR32IlfgDBKWY,OK,65317,471570073003012
544.322,35.1161637,-89.9446263,ChIJ-ZiED8iGf4gR32IlfgDBKWY,OK,65317,471570073003012
2038.77,35.108097,-89.941227,ChIJwxJT-r6Gf4gRhLDuFpyb128,OK,144777,471570073003012
3746.566,35.02379430000001,-89.96377079999999,ChIJDVntamKIf4gRlF5S6rdAlgc,OK,323815,471579801001068
1676.89,35.0477573,-89.86637909999999,ChIJ5_0L5VyFf4gR4HBEwl6nmRE,OK,159404,471570217311022
1676.89,35.0477573,-89.86637909999999,ChIJ5_0L5VyFf4gR4HBEwl6nmRE,OK,159404,471570217311022
2247.727,35.050596,-89.869556,ChIJQ4vLA2iFf4gRyyCo3ihKH44,OK,198133,471570217311022
2840.71,35.054745,-90.007971,ChIJXxyyQlt91YcRhldtWgjSnSE,OK,179816,471570221122004
3251.011,35.02138900000001,-89.996898,ChIJz3MQkR6If4gRIBgmNH-BQcg,OK,186728,471570221122004
3251.011,35.02138900000001,-89.996898,ChIJz3MQkR6If4gRIBgmNH-BQcg,OK,186728,471570221122004
1416.548,35.0490562,-89.84441600000001,ChIJCUulJK6af4gR7vOP_qSrYdM,OK,85342,471570217324014
1416.548,35.0490562,-89.84441600000001,ChIJCUulJK6af4gR7vOP_qSrYdM,OK,85342,471570217324014
1720.171,35.049031,-89.841437,ChIJt6vl46-af4gRvoN8Yvkmx9A,OK,100632,471570217324014
1703.268,35.04677619999999,-89.8859339,ChIJycTJ_niFf4gR5esliSzp17E,OK,102868,471570226002026
1703.268,35.04677619999999,-89.8859339,ChIJycTJ_niFf4gR5esliSzp17E,OK,102868,471570226002026
2621.77,35.0508681,-89.88111619999999,ChIJ68PUi3CFf4gRLPYGzNKUdto,OK,157881,471570226002026
3114.802,35.02138900000001,-89.996898,ChIJz3MQkR6If4gRIBgmNH-BQcg,OK,289755,471579801001061
3114.802,35.02138900000001,-89.996898,ChIJz3MQkR6If4gRIBgmNH-BQcg,OK,289755,471579801001061
3718.627,35.02379430000001,-89.96377079999999,ChIJDVntamKIf4gRlF5S6rdAlgc,OK,324681,471579801001061
3005.346,35.02138900000001,-89.996898,ChIJz3MQkR6If4gRIBgmNH-BQcg,OK,272402,471579801001096
3005.346,35.02138900000001,-89.996898,ChIJz3MQkR6If4gRIBgmNH-BQcg,OK,272402,471579801001096
3609.171,35.02379430000001,-89.96377079999999,ChIJDVntamKIf4gRlF5S6rdAlgc,OK,307328,471579801001096
1870.283,35.04677619999999,-89.8859339,ChIJycTJ_niFf4gR5esliSzp17E,OK,127338,471570217311033
1870.283,35.04677619999999,-89.8859339,ChIJycTJ_niFf4gR5esliSzp17E,OK,127338,471570217311033
2788.786,35.0508681,-89.88111619999999,ChIJ68PUi3CFf4gRLPYGzNKUdto,OK,182351,471570217311033
2502.641,35.04677619999999,-89.8859339,ChIJycTJ_niFf4gR5esliSzp17E,OK,144086,471570226002027
2502.641,35.04677619999999,-89.8859339,ChIJycTJ_niFf4gR5esliSzp17E,OK,144086,471570226002027
3188.475,35.05018,-89.89110199999999,ChIJNUozxJyFf4gRrJ8tUHk1p2Q,OK,191705,471570226002027
3029.571,35.05018,-89.89110199999999,ChIJNUozxJyFf4gRrJ8tUHk1p2Q,OK,181254,471570226002033
5057.591,35.02100869999999,-89.8995317,ChIJ-f6gz22Pf4gR-rWEeLgd-68,OK,272289,471570226002033
5057.591,35.02100869999999,-89.8995317,ChIJ-f6gz22Pf4gR-rWEeLgd-68,OK,272289,471570226002033
2625.39,35.04677619999999,-89.8859339,ChIJycTJ_niFf4gR5esliSzp17E,OK,152368,471570226002032
4838.299,35.02100869999999,-89.8995317,ChIJ-f6gz22Pf4gR-rWEeLgd-68,OK,274990,471570226002032
4838.299,35.02100869999999,-89.8995317,ChIJ-f6gz22Pf4gR-rWEeLgd-68,OK,274990,471570226002032
1933.937,35.04677619999999,-89.8859339,ChIJycTJ_niFf4gR5esliSzp17E,OK,109965,471570226002028
1933.937,35.04677619999999,-89.8859339,ChIJycTJ_niFf4gR5esliSzp17E,OK,109965,471570226002028
2918.375,35.05018,-89.89110199999999,ChIJNUozxJyFf4gRrJ8tUHk1p2Q,OK,168469,471570226002028
2862.018,35.02138900000001,-89.996898,ChIJz3MQkR6If4gRIBgmNH-BQcg,OK,173870,471570221121007
2862.018,35.02138900000001,-89.996898,ChIJz3MQkR6If4gRIBgmNH-BQcg,OK,173870,471570221121007
3520.307,35.05407199999999,-90.00125899999999,ChIJIzdhk1h91YcRZT7cBcBslaM,OK,210328,471570221121007
1718.395,35.04677619999999,-89.8859339,ChIJycTJ_niFf4gR5esliSzp17E,OK,99998,471570217311034
1718.395,35.04677619999999,-89.8859339,ChIJycTJ_niFf4gR5esliSzp17E,OK,99998,471570217311034
2636.898,35.0508681,-89.88111619999999,ChIJ68PUi3CFf4gRLPYGzNKUdto,OK,155011,471570217311034
1737.568,35.04677619999999,-89.8859339,ChIJycTJ_niFf4gR5esliSzp17E,OK,167704,471570217311019
1737.568,35.04677619999999,-89.8859339,ChIJycTJ_niFf4gR5esliSzp17E,OK,167704,471570217311019
2656.07,35.0508681,-89.88111619999999,ChIJ68PUi3CFf4gRLPYGzNKUdto,OK,222717,471570217311019
1623.646,35.0490562,-89.84441600000001,ChIJCUulJK6af4gR7vOP_qSrYdM,OK,96810,471570217324017
1623.646,35.0490562,-89.84441600000001,ChIJCUulJK6af4gR7vOP_qSrYdM,OK,96810,471570217324017
1927.269,35.049031,-89.841437,ChIJt6vl46-af4gRvoN8Yvkmx9A,OK,112100,471570217324017
2284.157,35.0477573,-89.86637909999999,ChIJ5_0L5VyFf4gR4HBEwl6nmRE,OK,163465,471570217311023
2284.157,35.0477573,-89.86637909999999,ChIJ5_0L5VyFf4gR4HBEwl6nmRE,OK,163465,471570217311023
2854.995,35.050596,-89.869556,ChIJQ4vLA2iFf4gRyyCo3ihKH44,OK,202194,471570217311023
1885.166,35.04677619999999,-89.8859339,ChIJycTJ_niFf4gR5esliSzp17E,OK,106975,471570217311029
1885.166,35.04677619999999,-89.8859339,ChIJycTJ_niFf4gR5esliSzp17E,OK,106975,471570217311029
2765.855,35.0477573,-89.86637909999999,ChIJ5_0L5VyFf4gR4HBEwl6nmRE,OK,161312,471570217311029
2078.975,35.0477573,-89.86637909999999,ChIJ5_0L5VyFf4gR4HBEwl6nmRE,OK,118124,471570217311027
2078.975,35.0477573,-89.86637909999999,ChIJ5_0L5VyFf4gR4HBEwl6nmRE,OK,118124,471570217311027
2649.812,35.050596,-89.869556,ChIJQ4vLA2iFf4gRyyCo3ihKH44,OK,156853,471570217311027
1877.61,35.0477573,-89.86637909999999,ChIJ5_0L5VyFf4gR4HBEwl6nmRE,OK,106973,471570217311026
1877.61,35.0477573,-89.86637909999999,ChIJ5_0L5VyFf4gR4HBEwl6nmRE,OK,106973,471570217311026
2448.448,35.050596,-89.869556,ChIJQ4vLA2iFf4gRyyCo3ihKH44,OK,145702,471570217311026
2884.126,35.02138900000001,-89.996898,ChIJz3MQkR6If4gRIBgmNH-BQcg,OK,176523,471570221121004
2884.126,35.02138900000001,-89.996898,ChIJz3MQkR6If4gRIBgmNH-BQcg,OK,176523,471570221121004
3542.415,35.05407199999999,-90.00125899999999,ChIJIzdhk1h91YcRZT7cBcBslaM,OK,212981,471570221121004
2910.922,35.02138900000001,-89.996898,ChIJz3MQkR6If4gRIBgmNH-BQcg,OK,179738,471570221121001
2910.922,35.02138900000001,-89.996898,ChIJz3MQkR6If4gRIBgmNH-BQcg,OK,179738,471570221121001
3569.211,35.05407199999999,-90.00125899999999,ChIJIzdhk1h91YcRZT7cBcBslaM,OK,216196,471570221121001
2810.063,35.02138900000001,-89.996898,ChIJz3MQkR6If4gRIBgmNH-BQcg,OK,167635,471570221121006
881.259,35.063996,-89.90690699999999,ChIJn51vcb-Ff4gRvoXU4r8swrw,OK,87115,471570107101027
1014.328,35.062945,-89.90568519999999,ChIJjxj9mL-Ff4gRoOEx9OzDyxs,OK,88733,471570107101028
1014.328,35.062945,-89.90568519999999,ChIJjxj9mL-Ff4gRoOEx9OzDyxs,OK,88733,471570107101028
976.744,35.063996,-89.90690699999999,ChIJn51vcb-Ff4gRvoXU4r8swrw,OK,98573,471570107101028
927.072,35.062945,-89.90568519999999,ChIJjxj9mL-Ff4gRoOEx9OzDyxs,OK,91593,471570107101029
927.072,35.062945,-89.90568519999999,ChIJjxj9mL-Ff4gRoOEx9OzDyxs,OK,91593,471570107101029
913.434,35.063996,-89.90690699999999,ChIJn51vcb-Ff4gRvoXU4r8swrw,OK,105743,471570107101029
914.937,35.0515568,-89.90630259999999,ChIJrU8jyZKFf4gRubg1AIyELWY,OK,58713,471570108104004
914.937,35.0515568,-89.90630259999999,ChIJrU8jyZKFf4gRubg1AIyELWY,OK,58713,471570108104004
1100.2,35.062945,-89.90568519999999,ChIJjxj9mL-Ff4gRoOEx9OzDyxs,OK,62647,471570108104004
924.746,35.062945,-89.90568519999999,ChIJjxj9mL-Ff4gRoOEx9OzDyxs,OK,77983,471570107101031
924.746,35.062945,-89.90568519999999,ChIJjxj9mL-Ff4gRoOEx9OzDyxs,OK,77983,471570107101031
887.162,35.063996,-89.90690699999999,ChIJn51vcb-Ff4gRvoXU4r8swrw,OK,87823,471570107101031
874.854,35.0515568,-89.90630259999999,ChIJrU8jyZKFf4gRubg1AIyELWY,OK,84181,471570108104006
874.854,35.0515568,-89.90630259999999,ChIJrU8jyZKFf4gRubg1AIyELWY,OK,84181,471570108104006
1429.323,35.062945,-89.90568519999999,ChIJjxj9mL-Ff4gRoOEx9OzDyxs,OK,97839,471570108104006
1644.521,35.05018,-89.89110199999999,ChIJNUozxJyFf4gRrJ8tUHk1p2Q,OK,112232,471570108104000
1673.563,35.062945,-89.90568519999999,ChIJjxj9mL-Ff4gRoOEx9OzDyxs,OK,112569,471570108104000
1673.563,35.062945,-89.90568519999999,ChIJjxj9mL-Ff4gRoOEx9OzDyxs,OK,112569,471570108104000
987.399,35.062945,-89.90568519999999,ChIJjxj9mL-Ff4gRoOEx9OzDyxs,OK,85502,471570108103015
987.399,35.062945,-89.90568519999999,ChIJjxj9mL-Ff4gRoOEx9OzDyxs,OK,85502,471570108103015
949.815,35.063996,-89.90690699999999,ChIJn51vcb-Ff4gRvoXU4r8swrw,OK,95342,471570108103015
1449.736,35.062945,-89.90568519999999,ChIJjxj9mL-Ff4gRoOEx9OzDyxs,OK,92277,471570108103013
1449.736,35.062945,-89.90568519999999,ChIJjxj9mL-Ff4gRoOEx9OzDyxs,OK,92277,471570108103013
1412.152,35.063996,-89.90690699999999,ChIJn51vcb-Ff4gRvoXU4r8swrw,OK,102117,471570108103013
1268.147,35.062945,-89.90568519999999,ChIJjxj9mL-Ff4gRoOEx9OzDyxs,OK,85887,471570108103016
1268.147,35.062945,-89.90568519999999,ChIJjxj9mL-Ff4gRoOEx9OzDyxs,OK,85887,471570108103016
1230.563,35.063996,-89.90690699999999,ChIJn51vcb-Ff4gRvoXU4r8swrw,OK,95727,471570108103016
1044.066,35.0632829,-89.88727279999999,ChIJvVoQ4QqFf4gRItXZGUDZ-Hc,OK,92856,471570107103017
1044.066,35.0632829,-89.88727279999999,ChIJvVoQ4QqFf4gRItXZGUDZ-Hc,OK,92856,471570107103017
1479.296,35.062945,-89.90568519999999,ChIJjxj9mL-Ff4gRoOEx9OzDyxs,OK,99652,471570107103017
1486.299,35.0612606,-89.88628629999999,ChIJAQ_I1gqFf4gRFrt5yQeAEps,OK,127017,471570107103009
1486.299,35.0612606,-89.88628629999999,ChIJAQ_I1gqFf4gRFrt5yQeAEps,OK,127017,471570107103009
1384.349,35.0632829,-89.88727279999999,ChIJvVoQ4QqFf4gRItXZGUDZ-Hc,OK,137485,471570107103009
1322.091,35.0612606,-89.88628629999999,ChIJAQ_I1gqFf4gRFrt5yQeAEps,OK,103516,471570108103009
1696.417,35.05018,-89.89110199999999,ChIJNUozxJyFf4gRrJ8tUHk1p2Q,OK,111893,471570108103009
1696.417,35.05018,-89.89110199999999,ChIJNUozxJyFf4gRrJ8tUHk1p2Q,OK,111893,471570108103009
1344.207,35.0612606,-89.88628629999999,ChIJAQ_I1gqFf4gRFrt5yQeAEps,OK,106171,471570107103015
1344.207,35.0612606,-89.88628629999999,ChIJAQ_I1gqFf4gRFrt5yQeAEps,OK,106171,471570107103015
1579.564,35.062945,-89.90568519999999,ChIJjxj9mL-Ff4gRoOEx9OzDyxs,OK,115356,471570107103015
1242.36,35.0612606,-89.88628629999999,ChIJAQ_I1gqFf4gRFrt5yQeAEps,OK,97744,471570107103013
1242.36,35.0612606,-89.88628629999999,ChIJAQ_I1gqFf4gRFrt5yQeAEps,OK,97744,471570107103013
1140.411,35.0632829,-89.88727279999999,ChIJvVoQ4QqFf4gRItXZGUDZ-Hc,OK,108212,471570107103013
1286.94,35.0612606,-89.88628629999999,ChIJAQ_I1gqFf4gRFrt5yQeAEps,OK,103094,471570107103008
1286.94,35.0612606,-89.88628629999999,ChIJAQ_I1gqFf4gRFrt5yQeAEps,OK,103094,471570107103008
1184.99,35.0632829,-89.88727279999999,ChIJvVoQ4QqFf4gRItXZGUDZ-Hc,OK,113562,471570107103008
996.537,35.0612606,-89.88628629999999,ChIJAQ_I1gqFf4gRFrt5yQeAEps,OK,74460,471570108103012
996.537,35.0612606,-89.88628629999999,ChIJAQ_I1gqFf4gRFrt5yQeAEps,OK,74460,471570108103012
894.587,35.0632829,-89.88727279999999,ChIJvVoQ4QqFf4gRItXZGUDZ-Hc,OK,84928,471570108103012
959.031,35.0612606,-89.88628629999999,ChIJAQ_I1gqFf4gRFrt5yQeAEps,OK,75186,471570108103001
959.031,35.0612606,-89.88628629999999,ChIJAQ_I1gqFf4gRFrt5yQeAEps,OK,75186,471570108103001
857.081,35.0632829,-89.88727279999999,ChIJvVoQ4QqFf4gRItXZGUDZ-Hc,OK,85654,471570108103001
1193.801,35.0612606,-89.88628629999999,ChIJAQ_I1gqFf4gRFrt5yQeAEps,OK,81054,471570108103002
1193.801,35.0612606,-89.88628629999999,ChIJAQ_I1gqFf4gRFrt5yQeAEps,OK,81054,471570108103002
1291.459,35.062945,-89.90568519999999,ChIJjxj9mL-Ff4gRoOEx9OzDyxs,OK,84182,471570108103002
1059.076,35.0612606,-89.88628629999999,ChIJAQ_I1gqFf4gRFrt5yQeAEps,OK,76671,471570108103011
1059.076,35.0612606,-89.88628629999999,ChIJAQ_I1gqFf4gRFrt5yQeAEps,OK,76671,471570108103011
957.127,35.0632829,-89.88727279999999,ChIJvVoQ4QqFf4gRItXZGUDZ-Hc,OK,87139,471570108103011
937.563,35.0515568,-89.90630259999999,ChIJrU8jyZKFf4gRubg1AIyELWY,OK,89202,471570108104007
937.563,35.0515568,-89.90630259999999,ChIJrU8jyZKFf4gRubg1AIyELWY,OK,89202,471570108104007
1500.063,35.062945,-89.90568519999999,ChIJjxj9mL-Ff4gRoOEx9OzDyxs,OK,101950,471570108104007
875.743,35.05018,-89.89110199999999,ChIJNUozxJyFf4gRrJ8tUHk1p2Q,OK,62258,471570108102006
875.743,35.05018,-89.89110199999999,ChIJNUozxJyFf4gRrJ8tUHk1p2Q,OK,62258,471570108102006
867.864,35.0515568,-89.90630259999999,ChIJrU8jyZKFf4gRubg1AIyELWY,OK,64724,471570108102006
1359.195,35.0515568,-89.90630259999999,ChIJrU8jyZKFf4gRubg1AIyELWY,OK,103343,471570108104009
1327.345,35.2044739,-89.76342459999999,ChIJ3XsJxyKef4gRTeWb3lonWsU,OK,106313,471570211421034
1327.345,35.2044739,-89.76342459999999,ChIJ3XsJxyKef4gRTeWb3lonWsU,OK,106313,471570211421034
3017.76,35.2074362,-89.7805166,ChIJ62ATRfudf4gRPIrPAXGVsiQ,OK,237799,471570211421034
5307.37,35.0854368,-89.89541919999999,ChIJf5cc-VKEf4gRF-lYLgijYQQ,OK,276764,471570213204012
5307.37,35.0854368,-89.89541919999999,ChIJf5cc-VKEf4gRF-lYLgijYQQ,OK,276764,471570213204012
4487.905,35.1153996,-89.89414069999999,ChIJCb4NOWWEf4gR79YlPQoocW4,OK,278418,471570213204012
4039.552,35.21475480000001,-90.00354540000001,ChIJF6XvX_9_1YcRD4jlF4jzevw,OK,300589,471570004001000
4039.552,35.21475480000001,-90.00354540000001,ChIJF6XvX_9_1YcRD4jlF4jzevw,OK,300589,471570004001000
4438.041,35.218332,-90.00299799999999,ChIJfRCGEgGA1YcRsZsWP_dycDI,OK,324498,471570004001000
4055.882,35.21475480000001,-90.00354540000001,ChIJF6XvX_9_1YcRD4jlF4jzevw,OK,304508,471570101205027
4055.882,35.21475480000001,-90.00354540000001,ChIJF6XvX_9_1YcRD4jlF4jzevw,OK,304508,471570101205027
4454.371,35.218332,-90.00299799999999,ChIJfRCGEgGA1YcRsZsWP_dycDI,OK,328417,471570101205027
3320.317,35.1546312,-89.79260459999999,ChIJ8UeuSEecf4gRniit7ubZLtM,OK,211510,471570211351035
3320.317,35.1546312,-89.79260459999999,ChIJ8UeuSEecf4gRniit7ubZLtM,OK,211510,471570211351035
3700.205,35.14868459999999,-89.7948203,ChIJ4w9Lr2qcf4gRHdzl9FciAFM,OK,231010,471570211351035
2485.315,35.1546312,-89.79260459999999,ChIJ8UeuSEecf4gRniit7ubZLtM,OK,184642,471570211261013
2485.315,35.1546312,-89.79260459999999,ChIJ8UeuSEecf4gRniit7ubZLtM,OK,184642,471570211261013
2865.203,35.14868459999999,-89.7948203,ChIJ4w9Lr2qcf4gRHdzl9FciAFM,OK,204142,471570211261013
3533.952,35.1439641,-90.0517892,ChIJL-0zBZR-1YcRj7p5p1WY4-g,OK,265371,471570001003062
3533.952,35.1439641,-90.0517892,ChIJL-0zBZR-1YcRj7p5p1WY4-g,OK,265371,471570001003062
3742.868,35.1450994,-90.0538646,ChIJne6_s5V-1YcRn_LPaqiwhrk,OK,270825,471570001003062
3312.028,35.1439641,-90.0517892,ChIJL-0zBZR-1YcRj7p5p1WY4-g,OK,260731,471570001003055
3312.028,35.1439641,-90.0517892,ChIJL-0zBZR-1YcRj7p5p1WY4-g,OK,260731,471570001003055
3520.945,35.1450994,-90.0538646,ChIJne6_s5V-1YcRn_LPaqiwhrk,OK,266185,471570001003055
3335.935,35.1439641,-90.0517892,ChIJL-0zBZR-1YcRj7p5p1WY4-g,OK,262110,471570001003008
3335.935,35.1439641,-90.0517892,ChIJL-0zBZR-1YcRj7p5p1WY4-g,OK,262110,471570001003008
3544.851,35.1450994,-90.0538646,ChIJne6_s5V-1YcRn_LPaqiwhrk,OK,267564,471570001003008
1270.805,35.095133,-90.05542799999999,ChIJATnUo0J81YcRpbAuNwXeqRw,OK,127384,471570056001019
1270.805,35.095133,-90.05542799999999,ChIJATnUo0J81YcRpbAuNwXeqRw,OK,127384,471570056001019
1432.208,35.098685,-90.05664899999999,ChIJ31qwBkJ81YcRk2V5pdmdhrM,OK,136323,471570056001019
943.534,35.0745932,-89.9204618,ChIJPX58KNGFf4gRLgBWAHPwusk,OK,104719,471570106101004
943.534,35.0745932,-89.9204618,ChIJPX58KNGFf4gRLgBWAHPwusk,OK,104719,471570106101004
2046.409,35.062945,-89.90568519999999,ChIJjxj9mL-Ff4gRoOEx9OzDyxs,OK,148164,471570106101004
822.327,35.2044739,-89.76342459999999,ChIJ3XsJxyKef4gRTeWb3lonWsU,OK,60819,471570211414011
822.327,35.2044739,-89.76342459999999,ChIJ3XsJxyKef4gRTeWb3lonWsU,OK,60819,471570211414011
2494.016,35.2064292,-89.73436359999999,ChIJP6qgZdGff4gRQoIww3TX5kM,OK,131919,471570211414011
3436.302,35.1546312,-89.79260459999999,ChIJ8UeuSEecf4gRniit7ubZLtM,OK,184485,471570211212069
3971.822,35.2051043,-89.79754849999999,ChIJpRDMlY2df4gRQqHmUo_lzmc,OK,214226,471570211212069
3971.822,35.2051043,-89.79754849999999,ChIJpRDMlY2df4gRQqHmUo_lzmc,OK,214226,471570211212069
1931.07,35.1087458,-90.0211918,ChIJe6w2EsF91YcRquzVZc8M0-I,OK,110389,471570062003011
1931.07,35.1087458,-90.0211918,ChIJe6w2EsF91YcRquzVZc8M0-I,OK,110389,471570062003011
1931.711,35.10874099999999,-90.021185,ChIJrVbiDcF91YcRG9TBOTpHc3I,OK,110466,471570062003011
329.792,35.167095,-89.950496,ChIJecYfJgmBf4gRJh-YY67U6V8,OK,36622,471570111001036
329.792,35.167095,-89.950496,ChIJecYfJgmBf4gRJh-YY67U6V8,OK,36622,471570111001036
2820.938,35.14981359999999,-89.94918609999999,ChIJVdGBGRaBf4gRsi89Rzqn8W4,OK,185599,471570111001036
2060.604,35.1490317,-90.0140679,ChIJw3q9_xV-1YcRqrte6yBn1CI,OK,123393,471570017001009
2060.604,35.1490317,-90.0140679,ChIJw3q9_xV-1YcRqrte6yBn1CI,OK,123393,471570017001009
2529.292,35.1738374,-89.98954379999999,ChIJ_S0BIGOAf4gRU3Ph4W65cOQ,OK,153357,471570017001009
2254.731,35.1490317,-90.0140679,ChIJw3q9_xV-1YcRqrte6yBn1CI,OK,132447,471570017001003
2254.731,35.1490317,-90.0140679,ChIJw3q9_xV-1YcRqrte6yBn1CI,OK,132447,471570017001003
2195.315,35.1738374,-89.98954379999999,ChIJ_S0BIGOAf4gRU3Ph4W65cOQ,OK,138677,471570017001003
713.524,35.14868459999999,-89.7948203,ChIJ4w9Lr2qcf4gRHdzl9FciAFM,OK,69758,471570211373011
713.524,35.14868459999999,-89.7948203,ChIJ4w9Lr2qcf4gRHdzl9FciAFM,OK,69758,471570211373011
2164.092,35.1546312,-89.79260459999999,ChIJ8UeuSEecf4gRniit7ubZLtM,OK,125297,471570211373011
3804.31,35.218332,-90.00299799999999,ChIJfRCGEgGA1YcRsZsWP_dycDI,OK,217687,471570099021002
3804.31,35.218332,-90.00299799999999,ChIJfRCGEgGA1YcRsZsWP_dycDI,OK,217687,471570099021002
3364.789,35.21475480000001,-90.00354540000001,ChIJF6XvX_9_1YcRD4jlF4jzevw,OK,226454,471570099021002
3974.851,35.218332,-90.00299799999999,ChIJfRCGEgGA1YcRsZsWP_dycDI,OK,226458,471570101204007
3974.851,35.218332,-90.00299799999999,ChIJfRCGEgGA1YcRsZsWP_dycDI,OK,226458,471570101204007
3535.33,35.21475480000001,-90.00354540000001,ChIJF6XvX_9_1YcRD4jlF4jzevw,OK,235225,471570101204007
3164.331,35.2051043,-89.79754849999999,ChIJpRDMlY2df4gRQqHmUo_lzmc,OK,195916,471570211421027
3629.3,35.2072684,-89.7827147,ChIJKdJ2xvqdf4gRKLRUePlbOOs,OK,253338,471570211421027
3629.3,35.2072684,-89.7827147,ChIJKdJ2xvqdf4gRKLRUePlbOOs,OK,253338,471570211421027
8118.638,35.2064292,-89.73436359999999,ChIJP6qgZdGff4gRQoIww3TX5kM,OK,365329,471570208202087
8118.638,35.2064292,-89.73436359999999,ChIJP6qgZdGff4gRQoIww3TX5kM,OK,365329,471570208202087
10780.542,35.2044739,-89.76342459999999,ChIJ3XsJxyKef4gRTeWb3lonWsU,OK,493507,471570208202087
287.737,35.1087458,-90.0211918,ChIJe6w2EsF91YcRquzVZc8M0-I,OK,17666,471570115001025
287.737,35.1087458,-90.0211918,ChIJe6w2EsF91YcRquzVZc8M0-I,OK,17666,471570115001025
288.378,35.10874099999999,-90.021185,ChIJrVbiDcF91YcRG9TBOTpHc3I,OK,17743,471570115001025
579.752,35.1087458,-90.0211918,ChIJe6w2EsF91YcRquzVZc8M0-I,OK,38511,471570115001022
579.752,35.1087458,-90.0211918,ChIJe6w2EsF91YcRquzVZc8M0-I,OK,38511,471570115001022
580.393,35.10874099999999,-90.021185,ChIJrVbiDcF91YcRG9TBOTpHc3I,OK,38588,471570115001022
841.29,35.1087458,-90.0211918,ChIJe6w2EsF91YcRquzVZc8M0-I,OK,63221,471570115001017
841.29,35.1087458,-90.0211918,ChIJe6w2EsF91YcRquzVZc8M0-I,OK,63221,471570115001017
841.931,35.10874099999999,-90.021185,ChIJrVbiDcF91YcRG9TBOTpHc3I,OK,63298,471570115001017
773.751,35.1087458,-90.0211918,ChIJe6w2EsF91YcRquzVZc8M0-I,OK,58406,471570115001023
773.751,35.1087458,-90.0211918,ChIJe6w2EsF91YcRquzVZc8M0-I,OK,58406,471570115001023
774.392,35.10874099999999,-90.021185,ChIJrVbiDcF91YcRG9TBOTpHc3I,OK,58483,471570115001023
1919.801,35.1157645,-90.022279,ChIJwZqBNMN91YcRRpdDvj5Pcr8,OK,151844,471570062001005
1919.801,35.1157645,-90.022279,ChIJwZqBNMN91YcRRpdDvj5Pcr8,OK,151844,471570062001005
3282.347,35.13763670000001,-90.00757159999999,ChIJl69WLQV-1YcRU3z7Tt2MyhY,OK,203447,471570062001005
1075.1,35.1157645,-90.022279,ChIJwZqBNMN91YcRRpdDvj5Pcr8,OK,64499,471570062001021
1075.1,35.1157645,-90.022279,ChIJwZqBNMN91YcRRpdDvj5Pcr8,OK,64499,471570062001021
1796.22,35.1087458,-90.0211918,ChIJe6w2EsF91YcRquzVZc8M0-I,OK,105889,471570062001021
669.736,35.1157645,-90.022279,ChIJwZqBNMN91YcRRpdDvj5Pcr8,OK,43473,471570062001019
669.736,35.1157645,-90.022279,ChIJwZqBNMN91YcRRpdDvj5Pcr8,OK,43473,471570062001019
1390.856,35.1087458,-90.0211918,ChIJe6w2EsF91YcRquzVZc8M0-I,OK,84863,471570062001019
1342.086,35.1157645,-90.022279,ChIJwZqBNMN91YcRRpdDvj5Pcr8,OK,95000,471570062001023
1342.086,35.1157645,-90.022279,ChIJwZqBNMN91YcRRpdDvj5Pcr8,OK,95000,471570062001023
2063.206,35.1087458,-90.0211918,ChIJe6w2EsF91YcRquzVZc8M0-I,OK,136390,471570062001023
1237.477,35.1157645,-90.022279,ChIJwZqBNMN91YcRRpdDvj5Pcr8,OK,89503,471570062001020
1237.477,35.1157645,-90.022279,ChIJwZqBNMN91YcRRpdDvj5Pcr8,OK,89503,471570062001020
1958.597,35.1087458,-90.0211918,ChIJe6w2EsF91YcRquzVZc8M0-I,OK,130893,471570062001020
1354.881,35.1157645,-90.022279,ChIJwZqBNMN91YcRRpdDvj5Pcr8,OK,86520,471570062001030
1354.881,35.1157645,-90.022279,ChIJwZqBNMN91YcRRpdDvj5Pcr8,OK,86520,471570062001030
2076.001,35.1087458,-90.0211918,ChIJe6w2EsF91YcRquzVZc8M0-I,OK,127910,471570062001030
370.629,35.1087458,-90.0211918,ChIJe6w2EsF91YcRquzVZc8M0-I,OK,22256,471570060001023
370.629,35.1087458,-90.0211918,ChIJe6w2EsF91YcRquzVZc8M0-I,OK,22256,471570060001023
371.27,35.10874099999999,-90.021185,ChIJrVbiDcF91YcRG9TBOTpHc3I,OK,22333,471570060001023
1293.775,35.1157645,-90.022279,ChIJwZqBNMN91YcRRpdDvj5Pcr8,OK,77619,471570062001034
1293.775,35.1157645,-90.022279,ChIJwZqBNMN91YcRRpdDvj5Pcr8,OK,77619,471570062001034
2014.895,35.1087458,-90.0211918,ChIJe6w2EsF91YcRquzVZc8M0-I,OK,119009,471570062001034
1520.021,35.1157645,-90.022279,ChIJwZqBNMN91YcRRpdDvj5Pcr8,OK,106336,471570062001031
1520.021,35.1157645,-90.022279,ChIJwZqBNMN91YcRRpdDvj5Pcr8,OK,106336,471570062001031
2241.141,35.1087458,-90.0211918,ChIJe6w2EsF91YcRquzVZc8M0-I,OK,147726,471570062001031
1171.441,35.1087458,-90.0211918,ChIJe6w2EsF91YcRquzVZc8M0-I,OK,66604,471570115001027
1171.441,35.1087458,-90.0211918,ChIJe6w2EsF91YcRquzVZc8M0-I,OK,66604,471570115001027
1172.082,35.10874099999999,-90.021185,ChIJrVbiDcF91YcRG9TBOTpHc3I,OK,66681,471570115001027
3177.499,35.1439641,-90.0517892,ChIJL-0zBZR-1YcRj7p5p1WY4-g,OK,239546,471570001003031
3177.499,35.1439641,-90.0517892,ChIJL-0zBZR-1YcRj7p5p1WY4-g,OK,239546,471570001003031
3386.416,35.1450994,-90.0538646,ChIJne6_s5V-1YcRn_LPaqiwhrk,OK,245000,471570001003031
3237.893,35.1439641,-90.0517892,ChIJL-0zBZR-1YcRj7p5p1WY4-g,OK,246793,471570001003054
3237.893,35.1439641,-90.0517892,ChIJL-0zBZR-1YcRj7p5p1WY4-g,OK,246793,471570001003054
3446.81,35.1450994,-90.0538646,ChIJne6_s5V-1YcRn_LPaqiwhrk,OK,252247,471570001003054
1079.011,35.1157645,-90.022279,ChIJwZqBNMN91YcRRpdDvj5Pcr8,OK,73417,471570062002001
1079.011,35.1157645,-90.022279,ChIJwZqBNMN91YcRRpdDvj5Pcr8,OK,73417,471570062002001
1800.131,35.1087458,-90.0211918,ChIJe6w2EsF91YcRquzVZc8M0-I,OK,114807,471570062002001
1284.835,35.1157645,-90.022279,ChIJwZqBNMN91YcRRpdDvj5Pcr8,OK,98115,471570062002003
1284.835,35.1157645,-90.022279,ChIJwZqBNMN91YcRRpdDvj5Pcr8,OK,98115,471570062002003
1732.208,35.1087458,-90.0211918,ChIJe6w2EsF91YcRquzVZc8M0-I,OK,134883,471570062002003
1537.922,35.109859,-89.99141100000001,ChIJs6JbpFyHf4gR9O01gG0a7fQ,OK,106307,471570064001022
1537.922,35.109859,-89.99141100000001,ChIJs6JbpFyHf4gR9O01gG0a7fQ,OK,106307,471570064001022
2000.462,35.1087458,-90.0211918,ChIJe6w2EsF91YcRquzVZc8M0-I,OK,134824,471570064001022
1538.845,35.1157645,-90.022279,ChIJwZqBNMN91YcRRpdDvj5Pcr8,OK,128596,471570062003003
1845.704,35.1087458,-90.0211918,ChIJe6w2EsF91YcRquzVZc8M0-I,OK,148503,471570062003003
1845.704,35.1087458,-90.0211918,ChIJe6w2EsF91YcRquzVZc8M0-I,OK,148503,471570062003003
1689.382,35.1087458,-90.0211918,ChIJe6w2EsF91YcRquzVZc8M0-I,OK,129745,471570062003006
1689.382,35.1087458,-90.0211918,ChIJe6w2EsF91YcRquzVZc8M0-I,OK,129745,471570062003006
1690.023,35.10874099999999,-90.021185,ChIJrVbiDcF91YcRG9TBOTpHc3I,OK,129822,471570062003006
1499.549,35.109859,-89.99141100000001,ChIJs6JbpFyHf4gR9O01gG0a7fQ,OK,138781,471570062003004
1499.549,35.109859,-89.99141100000001,ChIJs6JbpFyHf4gR9O01gG0a7fQ,OK,138781,471570062003004
2224.014,35.1087458,-90.0211918,ChIJe6w2EsF91YcRquzVZc8M0-I,OK,161650,471570062003004
1616.613,35.1157645,-90.022279,ChIJwZqBNMN91YcRRpdDvj5Pcr8,OK,104914,471570062003000
1616.613,35.1157645,-90.022279,ChIJwZqBNMN91YcRRpdDvj5Pcr8,OK,104914,471570062003000
1858.597,35.109859,-89.99141100000001,ChIJs6JbpFyHf4gR9O01gG0a7fQ,OK,113685,471570062003000
4506.892,35.093591,-90.056624,ChIJgyVl92d81YcRhuRHHckl8Y4,OK,227203,471570053003000
4506.892,35.093591,-90.056624,ChIJgyVl92d81YcRhuRHHckl8Y4,OK,227203,471570053003000
4686.729,35.095133,-90.05542799999999,ChIJATnUo0J81YcRpbAuNwXeqRw,OK,237163,471570053003000
1356.64,35.1738374,-89.98954379999999,ChIJ_S0BIGOAf4gRU3Ph4W65cOQ,OK,134337,471570006001032
1356.64,35.1738374,-89.98954379999999,ChIJ_S0BIGOAf4gRU3Ph4W65cOQ,OK,134337,471570006001032
1584.221,35.17410499999999,-89.97575479999999,ChIJmfYTGFmAf4gRHGKCaD0qCtI,OK,144499,471570006001032
1925.55,35.1804299,-89.9263818,ChIJIfvtv4eBf4gRJLjVGBpAzmc,OK,150370,471570091001003
1925.55,35.1804299,-89.9263818,ChIJIfvtv4eBf4gRJLjVGBpAzmc,OK,150370,471570091001003
2881.664,35.183951,-89.93106899999999,ChIJWQ0EIo-Bf4gR6cuqlCcQuNw,OK,229459,471570091001003
849.414,35.107529,-89.9862127,ChIJ0WGfSUKHf4gRjDLrfGQwCV4,OK,64250,471570067002030
849.414,35.107529,-89.9862127,ChIJ0WGfSUKHf4gRjDLrfGQwCV4,OK,64250,471570067002030
782.171,35.109859,-89.99141100000001,ChIJs6JbpFyHf4gR9O01gG0a7fQ,OK,79618,471570067002030
2338.423,35.02379430000001,-89.96377079999999,ChIJDVntamKIf4gRlF5S6rdAlgc,OK,199042,471579801001079
2338.423,35.02379430000001,-89.96377079999999,ChIJDVntamKIf4gRlF5S6rdAlgc,OK,199042,471579801001079
3806.625,35.051879,-89.95322299999999,ChIJtbdkhjqGf4gRndtG1KtFnTA,OK,282593,471579801001079
872.678,35.192778,-89.895242,ChIJ2ehTh2eCf4gR95JHzr6OIMA,OK,68840,471570206101000
872.678,35.192778,-89.895242,ChIJ2ehTh2eCf4gR95JHzr6OIMA,OK,68840,471570206101000
1057.19,35.1942326,-89.8965709,ChIJD7pM72eCf4gRg19OPcAuyDw,OK,79910,471570206101000
556.338,35.05018,-89.89110199999999,ChIJNUozxJyFf4gRrJ8tUHk1p2Q,OK,46554,471570108102000
556.338,35.05018,-89.89110199999999,ChIJNUozxJyFf4gRrJ8tUHk1p2Q,OK,46554,471570108102000
1316.274,35.0531879,-89.8855975,ChIJy5TuWnaFf4gRzUE1FqfjCIk,OK,93003,471570108102000
1251.586,35.051879,-89.95322299999999,ChIJtbdkhjqGf4gRndtG1KtFnTA,OK,99618,471570110101006
1251.586,35.051879,-89.95322299999999,ChIJtbdkhjqGf4gRndtG1KtFnTA,OK,99618,471570110101006
3918.996,35.06591589999999,-89.94154240000002,ChIJTUcfL2qGf4gRH4x-pmmajWw,OK,269433,471570110101006
1838.535,35.0344414,-89.8319559,ChIJfcC9SguQf4gR_xf02Tpo1-w,OK,183376,471570217441016
1838.535,35.0344414,-89.8319559,ChIJfcC9SguQf4gR_xf02Tpo1-w,OK,183376,471570217441016
2405.989,35.04577219999999,-89.82821469999999,ChIJL-jEaJmaf4gREtYdkYi2nAs,OK,185134,471570217441016
849.367,35.0344414,-89.8319559,ChIJfcC9SguQf4gR_xf02Tpo1-w,OK,72698,471570217461004
849.367,35.0344414,-89.8319559,ChIJfcC9SguQf4gR_xf02Tpo1-w,OK,72698,471570217461004
2192.786,35.0220022,-89.82947999999999,ChIJxT9DeWuQf4gRf6HLF5uJHd0,OK,147098,471570217461004
894.587,35.0344414,-89.8319559,ChIJfcC9SguQf4gR_xf02Tpo1-w,OK,82050,471570217461005
894.587,35.0344414,-89.8319559,ChIJfcC9SguQf4gR_xf02Tpo1-w,OK,82050,471570217461005
1114.263,35.0220022,-89.82947999999999,ChIJxT9DeWuQf4gRf6HLF5uJHd0,OK,84350,471570217461005
4753.602,35.1546312,-89.79260459999999,ChIJ8UeuSEecf4gRniit7ubZLtM,OK,340128,471570211381003
4753.602,35.1546312,-89.79260459999999,ChIJ8UeuSEecf4gRniit7ubZLtM,OK,340128,471570211381003
5701.063,35.14868459999999,-89.7948203,ChIJ4w9Lr2qcf4gRHdzl9FciAFM,OK,393680,471570211381003
2061.237,35.1444038,-90.0168571,ChIJufYEjhR-1YcREff46W6Lons,OK,139787,471570024001033
2061.237,35.1444038,-90.0168571,ChIJufYEjhR-1YcREff46W6Lons,OK,139787,471570024001033
2669.43,35.1490317,-90.0140679,ChIJw3q9_xV-1YcRqrte6yBn1CI,OK,163746,471570024001033
2684.621,35.1490317,-90.0140679,ChIJw3q9_xV-1YcRqrte6yBn1CI,OK,148932,471570024001022
2684.621,35.1490317,-90.0140679,ChIJw3q9_xV-1YcRqrte6yBn1CI,OK,148932,471570024001022
3406.859,35.1444038,-90.0168571,ChIJufYEjhR-1YcREff46W6Lons,OK,196285,471570024001022
1562.476,35.1546312,-89.79260459999999,ChIJ8UeuSEecf4gRniit7ubZLtM,OK,122004,471570211252018
1562.476,35.1546312,-89.79260459999999,ChIJ8UeuSEecf4gRniit7ubZLtM,OK,122004,471570211252018
1942.364,35.14868459999999,-89.7948203,ChIJ4w9Lr2qcf4gRHdzl9FciAFM,OK,141504,471570211252018
7848.784,35.098685,-90.05664899999999,ChIJ31qwBkJ81YcRk2V5pdmdhrM,OK,674838,471579802001040
7848.784,35.098685,-90.05664899999999,ChIJ31qwBkJ81YcRk2V5pdmdhrM,OK,674838,471579802001040
8237.776,35.095133,-90.05542799999999,ChIJATnUo0J81YcRpbAuNwXeqRw,OK,696382,471579802001040
288.319,35.107529,-89.9862127,ChIJ0WGfSUKHf4gRjDLrfGQwCV4,OK,25547,471570068002007
288.319,35.107529,-89.9862127,ChIJ0WGfSUKHf4gRjDLrfGQwCV4,OK,25547,471570068002007
449.217,35.104197,-89.98335349999999,ChIJNST6hGqHf4gR0Mml4gyjQWk,OK,29594,471570068002007
1646.682,35.0344414,-89.8319559,ChIJfcC9SguQf4gR_xf02Tpo1-w,OK,160845,471570217443009
3107.49,35.048632,-89.814048,ChIJqY7T64eaf4gRoqZRK7sz4Co,OK,223224,471570217443009
3107.49,35.048632,-89.814048,ChIJqY7T64eaf4gRoqZRK7sz4Co,OK,223224,471570217443009
2196.753,35.0220022,-89.82947999999999,ChIJxT9DeWuQf4gRf6HLF5uJHd0,OK,133857,471570217471018
2196.753,35.0220022,-89.82947999999999,ChIJxT9DeWuQf4gRf6HLF5uJHd0,OK,133857,471570217471018
2738.843,35.0078094,-89.83044679999999,ChIJpwHMo0eQf4gRIqmNFjWLuW4,OK,162835,471570217471018
2162.619,35.1546312,-89.79260459999999,ChIJ8UeuSEecf4gRniit7ubZLtM,OK,182646,471570211252027
2162.619,35.1546312,-89.79260459999999,ChIJ8UeuSEecf4gRniit7ubZLtM,OK,182646,471570211252027
2542.507,35.14868459999999,-89.7948203,ChIJ4w9Lr2qcf4gRHdzl9FciAFM,OK,202146,471570211252027
5107.004,35.14868459999999,-89.7948203,ChIJ4w9Lr2qcf4gRHdzl9FciAFM,OK,326475,471570211392004
5107.004,35.14868459999999,-89.7948203,ChIJ4w9Lr2qcf4gRHdzl9FciAFM,OK,326475,471570211392004
5873.166,35.1546312,-89.79260459999999,ChIJ8UeuSEecf4gRniit7ubZLtM,OK,347174,471570211392004
2749.942,35.104197,-89.98335349999999,ChIJNST6hGqHf4gR0Mml4gyjQWk,OK,188468,471570078101025
2749.942,35.104197,-89.98335349999999,ChIJNST6hGqHf4gR0Mml4gyjQWk,OK,188468,471570078101025
2278.595,35.0841884,-89.97146650000001,ChIJX1vb4AeHf4gRloPQ2o5nDXA,OK,189073,471570078101025
1180.797,35.02753099999999,-90.082077,ChIJK66rdetk1YcRwwxI9gDREks,OK,133468,471570223303006
2745.927,35.0326981,-90.07589809999999,ChIJ9S1ljalk1YcRvuG-_hbpimA,OK,195295,471570223105008
2745.927,35.0326981,-90.07589809999999,ChIJ9S1ljalk1YcRvuG-_hbpimA,OK,195295,471570223105008
2920.823,35.02753099999999,-90.082077,ChIJK66rdetk1YcRwwxI9gDREks,OK,237464,471570223105008
4647.167,35.0326981,-90.07589809999999,ChIJ9S1ljalk1YcRvuG-_hbpimA,OK,314780,471570222103009
4647.167,35.0326981,-90.07589809999999,ChIJ9S1ljalk1YcRvuG-_hbpimA,OK,314780,471570222103009
5033.043,35.0543926,-90.0597009,ChIJT5TzUbl81YcRiPqNjkbj9CA,OK,332802,471570222103009
3514.008,35.0326981,-90.07589809999999,ChIJ9S1ljalk1YcRvuG-_hbpimA,OK,283245,471570223103003
3514.008,35.0326981,-90.07589809999999,ChIJ9S1ljalk1YcRvuG-_hbpimA,OK,283245,471570223103003
3901.387,35.0543926,-90.0597009,ChIJT5TzUbl81YcRiPqNjkbj9CA,OK,308158,471570223103003
4021.135,35.0543926,-90.0597009,ChIJT5TzUbl81YcRiPqNjkbj9CA,OK,250402,471570222103005
4671.67,35.0326981,-90.07589809999999,ChIJ9S1ljalk1YcRvuG-_hbpimA,OK,288084,471570222103005
4671.67,35.0326981,-90.07589809999999,ChIJ9S1ljalk1YcRvuG-_hbpimA,OK,288084,471570222103005
3427.073,35.0543926,-90.0597009,ChIJT5TzUbl81YcRiPqNjkbj9CA,OK,255581,471570222203001
4008.429,35.06128,-90.05978399999999,ChIJm06f8ZV81YcRTjzAsJPcBKY,OK,287778,471570222203001
4008.429,35.06128,-90.05978399999999,ChIJm06f8ZV81YcRTjzAsJPcBKY,OK,287778,471570222203001
3307.12,35.0543926,-90.0597009,ChIJT5TzUbl81YcRiPqNjkbj9CA,OK,244358,471570222203007
3888.475,35.06128,-90.05978399999999,ChIJm06f8ZV81YcRTjzAsJPcBKY,OK,276555,471570222203007
3888.475,35.06128,-90.05978399999999,ChIJm06f8ZV81YcRTjzAsJPcBKY,OK,276555,471570222203007
2111.156,35.0543926,-90.0597009,ChIJT5TzUbl81YcRiPqNjkbj9CA,OK,151499,471570223102003
2111.156,35.0543926,-90.0597009,ChIJT5TzUbl81YcRiPqNjkbj9CA,OK,151499,471570223102003
2781.693,35.061362,-90.05986399999999,ChIJL_Gh8ZV81YcRDlMHRKqR_IA,OK,191511,471570223102003
3632.996,35.0326981,-90.07589809999999,ChIJ9S1ljalk1YcRvuG-_hbpimA,OK,254520,471570223105005
3632.996,35.0326981,-90.07589809999999,ChIJ9S1ljalk1YcRvuG-_hbpimA,OK,254520,471570223105005
4020.375,35.0543926,-90.0597009,ChIJT5TzUbl81YcRiPqNjkbj9CA,OK,279433,471570223105005
3083.547,35.0543926,-90.0597009,ChIJT5TzUbl81YcRiPqNjkbj9CA,OK,203670,471570222202022
1953.832,35.061362,-90.05986399999999,ChIJL_Gh8ZV81YcRDlMHRKqR_IA,OK,234454,471570222202022
1953.832,35.061362,-90.05986399999999,ChIJL_Gh8ZV81YcRDlMHRKqR_IA,OK,234454,471570222202022
3624.461,35.0543926,-90.0597009,ChIJT5TzUbl81YcRiPqNjkbj9CA,OK,279266,471570222203002
4205.817,35.06128,-90.05978399999999,ChIJm06f8ZV81YcRTjzAsJPcBKY,OK,311463,471570222203002
4205.817,35.06128,-90.05978399999999,ChIJm06f8ZV81YcRTjzAsJPcBKY,OK,311463,471570222203002
3524.592,35.06128,-90.05978399999999,ChIJm06f8ZV81YcRTjzAsJPcBKY,OK,285247,471570222202019
3524.592,35.06128,-90.05978399999999,ChIJm06f8ZV81YcRTjzAsJPcBKY,OK,285247,471570222202019
4189.63,35.0543926,-90.0597009,ChIJT5TzUbl81YcRiPqNjkbj9CA,OK,285392,471570222202019
3341.841,35.06128,-90.05978399999999,ChIJm06f8ZV81YcRTjzAsJPcBKY,OK,268755,471570222202016
3341.841,35.06128,-90.05978399999999,ChIJm06f8ZV81YcRTjzAsJPcBKY,OK,268755,471570222202016
4006.879,35.0543926,-90.0597009,ChIJT5TzUbl81YcRiPqNjkbj9CA,OK,268900,471570222202016
3206.467,35.06128,-90.05978399999999,ChIJm06f8ZV81YcRTjzAsJPcBKY,OK,252511,471570222202017
3206.467,35.06128,-90.05978399999999,ChIJm06f8ZV81YcRTjzAsJPcBKY,OK,252511,471570222202017
3871.504,35.0543926,-90.0597009,ChIJT5TzUbl81YcRiPqNjkbj9CA,OK,252656,471570222202017
3332.305,35.0543926,-90.0597009,ChIJT5TzUbl81YcRiPqNjkbj9CA,OK,238683,471570222202014
3012.108,35.06128,-90.05978399999999,ChIJm06f8ZV81YcRTjzAsJPcBKY,OK,245354,471570222202014
3012.108,35.06128,-90.05978399999999,ChIJm06f8ZV81YcRTjzAsJPcBKY,OK,245354,471570222202014
3322.405,35.0543926,-90.0597009,ChIJT5TzUbl81YcRiPqNjkbj9CA,OK,237495,471570222202015
3022.009,35.06128,-90.05978399999999,ChIJm06f8ZV81YcRTjzAsJPcBKY,OK,246542,471570222202015
3022.009,35.06128,-90.05978399999999,ChIJm06f8ZV81YcRTjzAsJPcBKY,OK,246542,471570222202015
3287.369,35.06128,-90.05978399999999,ChIJm06f8ZV81YcRTjzAsJPcBKY,OK,204424,471570222203012
3376.55,35.061362,-90.05986399999999,ChIJL_Gh8ZV81YcRDlMHRKqR_IA,OK,212239,471570222203012
3376.55,35.061362,-90.05986399999999,ChIJL_Gh8ZV81YcRDlMHRKqR_IA,OK,212239,471570222203012
3084.154,35.0543926,-90.0597009,ChIJT5TzUbl81YcRiPqNjkbj9CA,OK,217603,471570222203011
3665.51,35.06128,-90.05978399999999,ChIJm06f8ZV81YcRTjzAsJPcBKY,OK,249800,471570222203011
3665.51,35.06128,-90.05978399999999,ChIJm06f8ZV81YcRTjzAsJPcBKY,OK,249800,471570222203011
2766.119,35.0543926,-90.0597009,ChIJT5TzUbl81YcRiPqNjkbj9CA,OK,181728,471570222204009
3347.475,35.06128,-90.05978399999999,ChIJm06f8ZV81YcRTjzAsJPcBKY,OK,213925,471570222204009
3347.475,35.06128,-90.05978399999999,ChIJm06f8ZV81YcRTjzAsJPcBKY,OK,213925,471570222204009
3161.008,35.0543926,-90.0597009,ChIJT5TzUbl81YcRiPqNjkbj9CA,OK,223653,471570222203000
3742.364,35.06128,-90.05978399999999,ChIJm06f8ZV81YcRTjzAsJPcBKY,OK,255850,471570222203000
3742.364,35.06128,-90.05978399999999,ChIJm06f8ZV81YcRTjzAsJPcBKY,OK,255850,471570222203000
2935.072,35.0543926,-90.0597009,ChIJT5TzUbl81YcRiPqNjkbj9CA,OK,207273,471570222203009
3516.427,35.06128,-90.05978399999999,ChIJm06f8ZV81YcRTjzAsJPcBKY,OK,239470,471570222203009
3516.427,35.06128,-90.05978399999999,ChIJm06f8ZV81YcRTjzAsJPcBKY,OK,239470,471570222203009
2767.133,35.0543926,-90.0597009,ChIJT5TzUbl81YcRiPqNjkbj9CA,OK,181850,471570222204008
3348.488,35.06128,-90.05978399999999,ChIJm06f8ZV81YcRTjzAsJPcBKY,OK,214047,471570222204008
3348.488,35.06128,-90.05978399999999,ChIJm06f8ZV81YcRTjzAsJPcBKY,OK,214047,471570222204008
2882.824,35.0543926,-90.0597009,ChIJT5TzUbl81YcRiPqNjkbj9CA,OK,190272,471570222204007
3464.18,35.06128,-90.05978399999999,ChIJm06f8ZV81YcRTjzAsJPcBKY,OK,222469,471570222204007
3464.18,35.06128,-90.05978399999999,ChIJm06f8ZV81YcRTjzAsJPcBKY,OK,222469,471570222204007
2976.222,35.0543926,-90.0597009,ChIJT5TzUbl81YcRiPqNjkbj9CA,OK,212211,471570222203010
1001.675,35.1439641,-90.0517892,ChIJL-0zBZR-1YcRj7p5p1WY4-g,OK,58465,471570114002029
1001.675,35.1439641,-90.0517892,ChIJL-0zBZR-1YcRj7p5p1WY4-g,OK,58465,471570114002029
1032.366,35.1435177,-90.0539328,ChIJ8VFg1pV-1YcRR9G8p0pZx6U,OK,58744,471570114002029
2491.69,35.14859919999999,-89.91828060000002,ChIJRflgf-eDf4gRHX_XNYKER-s,OK,172584,471570086001025
2491.69,35.14859919999999,-89.91828060000002,ChIJRflgf-eDf4gRHX_XNYKER-s,OK,172584,471570086001025
3518.257,35.14981359999999,-89.94918609999999,ChIJVdGBGRaBf4gRsi89Rzqn8W4,OK,213446,471570086001025
159.651,35.139426,-90.00714049999999,ChIJC-6kIBt-1YcRA1cskDtjsVc,OK,19157,471570034002007
159.651,35.139426,-90.00714049999999,ChIJC-6kIBt-1YcRA1cskDtjsVc,OK,19157,471570034002007
358.178,35.13763670000001,-90.00757159999999,ChIJl69WLQV-1YcRU3z7Tt2MyhY,OK,42978,471570034002007
933.474,35.13418100000001,-89.98599,ChIJnf1_yraAf4gR9pQmD7CXhgg,OK,75041,471570031002009
933.474,35.13418100000001,-89.98599,ChIJnf1_yraAf4gR9pQmD7CXhgg,OK,75041,471570031002009
1285.198,35.13779299999999,-89.99118349999999,ChIJUQlZ-K-Af4gRkRKK62-ap5w,OK,110745,471570031002009
642.571,35.1444038,-90.0168571,ChIJufYEjhR-1YcREff46W6Lons,OK,48169,471570036002021
642.571,35.1444038,-90.0168571,ChIJufYEjhR-1YcREff46W6Lons,OK,48169,471570036002021
885.112,35.13763670000001,-90.00757159999999,ChIJl69WLQV-1YcRU3z7Tt2MyhY,OK,77879,471570036002021
2282.022,35.1444038,-90.0168571,ChIJufYEjhR-1YcREff46W6Lons,OK,147061,471570038001010
2282.022,35.1444038,-90.0168571,ChIJufYEjhR-1YcREff46W6Lons,OK,147061,471570038001010
2412.859,35.1439641,-90.0517892,ChIJL-0zBZR-1YcRj7p5p1WY4-g,OK,151757,471570038001010
497.987,35.139426,-90.00714049999999,ChIJC-6kIBt-1YcRA1cskDtjsVc,OK,59755,471570036002022
497.987,35.139426,-90.00714049999999,ChIJC-6kIBt-1YcRA1cskDtjsVc,OK,59755,471570036002022
690.063,35.13763670000001,-90.00757159999999,ChIJl69WLQV-1YcRU3z7Tt2MyhY,OK,64651,471570036002022
599.12,35.1439641,-90.0517892,ChIJL-0zBZR-1YcRj7p5p1WY4-g,OK,45013,471570042002033
599.12,35.1439641,-90.0517892,ChIJL-0zBZR-1YcRj7p5p1WY4-g,OK,45013,471570042002033
629.811,35.1435177,-90.0539328,ChIJ8VFg1pV-1YcRR9G8p0pZx6U,OK,45292,471570042002033
954.543,35.13418100000001,-89.98599,ChIJnf1_yraAf4gR9pQmD7CXhgg,OK,77570,471570031002011
954.543,35.13418100000001,-89.98599,ChIJnf1_yraAf4gR9pQmD7CXhgg,OK,77570,471570031002011
1306.267,35.13779299999999,-89.99118349999999,ChIJUQlZ-K-Af4gRkRKK62-ap5w,OK,113274,471570031002011
195.484,35.139426,-90.00714049999999,ChIJC-6kIBt-1YcRA1cskDtjsVc,OK,23456,471570034002008
195.484,35.139426,-90.00714049999999,ChIJC-6kIBt-1YcRA1cskDtjsVc,OK,23456,471570034002008
394.011,35.13763670000001,-90.00757159999999,ChIJl69WLQV-1YcRU3z7Tt2MyhY,OK,47277,471570034002008
2521.229,35.14859919999999,-89.91828060000002,ChIJRflgf-eDf4gRHX_XNYKER-s,OK,176129,471570029003000
2521.229,35.14859919999999,-89.91828060000002,ChIJRflgf-eDf4gRHX_XNYKER-s,OK,176129,471570029003000
3547.795,35.14981359999999,-89.94918609999999,ChIJVdGBGRaBf4gRsi89Rzqn8W4,OK,216991,471570029003000
831.053,35.1439641,-90.0517892,ChIJL-0zBZR-1YcRj7p5p1WY4-g,OK,60726,471570114001003
831.053,35.1439641,-90.0517892,ChIJL-0zBZR-1YcRj7p5p1WY4-g,OK,60726,471570114001003
861.744,35.1435177,-90.0539328,ChIJ8VFg1pV-1YcRR9G8p0pZx6U,OK,61005,471570114001003
980.402,35.1439641,-90.0517892,ChIJL-0zBZR-1YcRj7p5p1WY4-g,OK,57371,471570114002030
980.402,35.1439641,-90.0517892,ChIJL-0zBZR-1YcRj7p5p1WY4-g,OK,57371,471570114002030
1011.093,35.1435177,-90.0539328,ChIJ8VFg1pV-1YcRR9G8p0pZx6U,OK,57650,471570114002030
1150.608,35.1439641,-90.0517892,ChIJL-0zBZR-1YcRj7p5p1WY4-g,OK,68062,471570114003012
1150.608,35.1439641,-90.0517892,ChIJL-0zBZR-1YcRj7p5p1WY4-g,OK,68062,471570114003012
1181.299,35.1435177,-90.0539328,ChIJ8VFg1pV-1YcRR9G8p0pZx6U,OK,68341,471570114003012
1364.207,35.1444038,-90.0168571,ChIJufYEjhR-1YcREff46W6Lons,OK,106058,471570036002014
1364.207,35.1444038,-90.0168571,ChIJufYEjhR-1YcREff46W6Lons,OK,106058,471570036002014
1715.78,35.13763670000001,-90.00757159999999,ChIJl69WLQV-1YcRU3z7Tt2MyhY,OK,117307,471570036002014
1203.058,35.13418100000001,-89.98599,ChIJnf1_yraAf4gR9pQmD7CXhgg,OK,68275,471570031002014
1203.058,35.13418100000001,-89.98599,ChIJnf1_yraAf4gR9pQmD7CXhgg,OK,68275,471570031002014
1268.959,35.13779299999999,-89.99118349999999,ChIJUQlZ-K-Af4gRkRKK62-ap5w,OK,84267,471570031002014
2136.048,35.2060393,-89.89459389999999,ChIJN_fdM1CCf4gRqHZ_YUZgoJo,OK,120300,471570206514001
832.203,35.220637,-89.892425,ChIJiZ78r4Z4f4gRyy0DWRWI7n0,OK,62887,471570206514017
832.203,35.220637,-89.892425,ChIJiZ78r4Z4f4gRyy0DWRWI7n0,OK,62887,471570206514017
1260.683,35.2060393,-89.89459389999999,ChIJN_fdM1CCf4gRqHZ_YUZgoJo,OK,85587,471570206514017
1003.991,35.2060393,-89.89459389999999,ChIJN_fdM1CCf4gRqHZ_YUZgoJo,OK,81734,471570205411008
828.489,35.20808669999999,-89.89363879999999,ChIJa1RCwHuCf4gRSSG3nO4uWeI,OK,82117,471570205411008
828.489,35.20808669999999,-89.89363879999999,ChIJa1RCwHuCf4gRSSG3nO4uWeI,OK,82117,471570205411008
1131.035,35.2060393,-89.89459389999999,ChIJN_fdM1CCf4gRqHZ_YUZgoJo,OK,96979,471570205411011
1131.035,35.2060393,-89.89459389999999,ChIJN_fdM1CCf4gRqHZ_YUZgoJo,OK,96979,471570205411011
955.532,35.20808669999999,-89.89363879999999,ChIJa1RCwHuCf4gRSSG3nO4uWeI,OK,97362,471570205411011
1099.384,35.2060393,-89.89459389999999,ChIJN_fdM1CCf4gRqHZ_YUZgoJo,OK,80541,471570206515008
923.882,35.20808669999999,-89.89363879999999,ChIJa1RCwHuCf4gRSSG3nO4uWeI,OK,80924,471570206515008
923.882,35.20808669999999,-89.89363879999999,ChIJa1RCwHuCf4gRSSG3nO4uWeI,OK,80924,471570206515008
1426.873,35.2060393,-89.89459389999999,ChIJN_fdM1CCf4gRqHZ_YUZgoJo,OK,108104,471570205422010
1426.873,35.2060393,-89.89459389999999,ChIJN_fdM1CCf4gRqHZ_YUZgoJo,OK,108104,471570205422010
1510.613,35.20808669999999,-89.89363879999999,ChIJa1RCwHuCf4gRSSG3nO4uWeI,OK,124356,471570205422010
646.973,35.2060393,-89.89459389999999,ChIJN_fdM1CCf4gRqHZ_YUZgoJo,OK,60296,471570206211002
646.973,35.2060393,-89.89459389999999,ChIJN_fdM1CCf4gRqHZ_YUZgoJo,OK,60296,471570206211002
730.713,35.20808669999999,-89.89363879999999,ChIJa1RCwHuCf4gRSSG3nO4uWeI,OK,76548,471570206211002
1417.382,35.2060393,-89.89459389999999,ChIJN_fdM1CCf4gRqHZ_YUZgoJo,OK,106965,471570205412020
1417.382,35.2060393,-89.89459389999999,ChIJN_fdM1CCf4gRqHZ_YUZgoJo,OK,106965,471570205412020
1501.122,35.20808669999999,-89.89363879999999,ChIJa1RCwHuCf4gRSSG3nO4uWeI,OK,123217,471570205412020
1299.341,35.2060393,-89.89459389999999,ChIJN_fdM1CCf4gRqHZ_YUZgoJo,OK,103892,471570205412018
1299.341,35.2060393,-89.89459389999999,ChIJN_fdM1CCf4gRqHZ_YUZgoJo,OK,103892,471570205412018
1383.081,35.20808669999999,-89.89363879999999,ChIJa1RCwHuCf4gRSSG3nO4uWeI,OK,120144,471570205412018
1084.035,35.2060393,-89.89459389999999,ChIJN_fdM1CCf4gRqHZ_YUZgoJo,OK,78057,471570205412024
1084.035,35.2060393,-89.89459389999999,ChIJN_fdM1CCf4gRqHZ_YUZgoJo,OK,78057,471570205412024
1167.775,35.20808669999999,-89.89363879999999,ChIJa1RCwHuCf4gRSSG3nO4uWeI,OK,94309,471570205412024
1154.358,35.192778,-89.895242,ChIJ2ehTh2eCf4gR95JHzr6OIMA,OK,106880,471570206211017
1214.408,35.1942326,-89.8965709,ChIJD7pM72eCf4gRg19OPcAuyDw,OK,110483,471570206211017
1214.408,35.1942326,-89.8965709,ChIJD7pM72eCf4gRg19OPcAuyDw,OK,110483,471570206211017
875.365,35.2060393,-89.89459389999999,ChIJN_fdM1CCf4gRqHZ_YUZgoJo,OK,87702,471570206211010
875.365,35.2060393,-89.89459389999999,ChIJN_fdM1CCf4gRqHZ_YUZgoJo,OK,87702,471570206211010
959.106,35.20808669999999,-89.89363879999999,ChIJa1RCwHuCf4gRSSG3nO4uWeI,OK,103954,471570206211010
1103.724,35.2060393,-89.89459389999999,ChIJN_fdM1CCf4gRqHZ_YUZgoJo,OK,115104,471570206211003
1103.724,35.2060393,-89.89459389999999,ChIJN_fdM1CCf4gRqHZ_YUZgoJo,OK,115104,471570206211003
1187.464,35.20808669999999,-89.89363879999999,ChIJa1RCwHuCf4gRSSG3nO4uWeI,OK,131356,471570206211003
1063.945,35.192778,-89.895242,ChIJ2ehTh2eCf4gR95JHzr6OIMA,OK,108728,471570206212029
1063.945,35.192778,-89.895242,ChIJ2ehTh2eCf4gR95JHzr6OIMA,OK,108728,471570206212029
1230.467,35.1942326,-89.8965709,ChIJD7pM72eCf4gRg19OPcAuyDw,OK,112411,471570206212029
541.279,35.220637,-89.892425,ChIJiZ78r4Z4f4gRyy0DWRWI7n0,OK,34084,471570206443030
541.279,35.220637,-89.892425,ChIJiZ78r4Z4f4gRyy0DWRWI7n0,OK,34084,471570206443030
1863.923,35.223866,-89.90499,ChIJJRXCRJh4f4gRcTFbl9qZzNM,OK,134143,471570206443030
1317.544,35.1507888,-89.977317,ChIJdVWrOuqAf4gR-V7s1E3qo7g,OK,88780,471570014001028
1317.544,35.1507888,-89.977317,ChIJdVWrOuqAf4gR-V7s1E3qo7g,OK,88780,471570014001028
1355.139,35.1497164,-89.95515999999999,ChIJcQb6ehiBf4gR-uA54eRPNq8,OK,93263,471570014001028
980.097,35.1507888,-89.977317,ChIJdVWrOuqAf4gR-V7s1E3qo7g,OK,58802,471570014001035
980.097,35.1507888,-89.977317,ChIJdVWrOuqAf4gR-V7s1E3qo7g,OK,58802,471570014001035
1110.075,35.1497164,-89.95515999999999,ChIJcQb6ehiBf4gR-uA54eRPNq8,OK,68827,471570014001035
2433.325,35.086634,-89.96355199999999,ChIJW0XU3AGHf4gRINnmxvx9m5A,OK,155045,471570079001019
2424.74,35.108097,-89.941227,ChIJwxJT-r6Gf4gRhLDuFpyb128,OK,157341,471570079001019
2424.74,35.108097,-89.941227,ChIJwxJT-r6Gf4gRhLDuFpyb128,OK,157341,471570079001019
1657.534,35.09464699999999,-89.9708677,ChIJx5uAuBqHf4gRze5MKc5WJFI,OK,108330,471570079005012
1957.095,35.086634,-89.96355199999999,ChIJW0XU3AGHf4gRINnmxvx9m5A,OK,124954,471570079005012
1957.095,35.086634,-89.96355199999999,ChIJW0XU3AGHf4gRINnmxvx9m5A,OK,124954,471570079005012
218.566,35.108097,-89.941227,ChIJwxJT-r6Gf4gRhLDuFpyb128,OK,26227,471570074001014
218.566,35.108097,-89.941227,ChIJwxJT-r6Gf4gRhLDuFpyb128,OK,26227,471570074001014
731.693,35.1079763,-89.9333841,ChIJqZoM4qKGf4gREaZMyPG1GBQ,OK,53741,471570074001014
1871.123,35.0960067,-89.93138279999999,ChIJFfDYDZuGf4gR5IbqhV7MTAo,OK,114594,471570080003003
1890.307,35.108097,-89.941227,ChIJwxJT-r6Gf4gRhLDuFpyb128,OK,115658,471570080003003
1890.307,35.108097,-89.941227,ChIJwxJT-r6Gf4gRhLDuFpyb128,OK,115658,471570080003003
545.501,35.1161637,-89.9446263,ChIJ-ZiED8iGf4gR32IlfgDBKWY,OK,65458,471570073003011
545.501,35.1161637,-89.9446263,ChIJ-ZiED8iGf4gR32IlfgDBKWY,OK,65458,471570073003011
2039.95,35.108097,-89.941227,ChIJwxJT-r6Gf4gRhLDuFpyb128,OK,144918,471570073003011
645.002,35.1161637,-89.9446263,ChIJ-ZiED8iGf4gR32IlfgDBKWY,OK,67257,471570074001005
645.002,35.1161637,-89.9446263,ChIJ-ZiED8iGf4gR32IlfgDBKWY,OK,67257,471570074001005
1225.393,35.108097,-89.941227,ChIJwxJT-r6Gf4gRhLDuFpyb128,OK,100477,471570074001005
713.962,35.108097,-89.941227,ChIJwxJT-r6Gf4gRhLDuFpyb128,OK,57066,471570074002031
713.962,35.108097,-89.941227,ChIJwxJT-r6Gf4gRhLDuFpyb128,OK,57066,471570074002031
570.229,35.1079763,-89.9333841,ChIJqZoM4qKGf4gREaZMyPG1GBQ,OK,58199,471570074002031
627.02,35.1079763,-89.9333841,ChIJqZoM4qKGf4gREaZMyPG1GBQ,OK,62677,471570080001006
627.02,35.1079763,-89.9333841,ChIJqZoM4qKGf4gREaZMyPG1GBQ,OK,62677,471570080001006
768.928,35.1075089,-89.9318387,ChIJVboYU6KGf4gRHfEHUi8Izac,OK,71191,471570080001006
1691.807,35.0971,-89.9305344,ChIJRd53mZuGf4gRp0fETcD5Y3I,OK,126628,471570080003010
1885.739,35.0960067,-89.93138279999999,ChIJFfDYDZuGf4gR5IbqhV7MTAo,OK,140597,471570080003010
1885.739,35.0960067,-89.93138279999999,ChIJFfDYDZuGf4gR5IbqhV7MTAo,OK,140597,471570080003010
444.166,35.1079763,-89.9333841,ChIJqZoM4qKGf4gREaZMyPG1GBQ,OK,40735,471570080001003
444.166,35.1079763,-89.9333841,ChIJqZoM4qKGf4gREaZMyPG1GBQ,OK,40735,471570080001003
576.02,35.108097,-89.941227,ChIJwxJT-r6Gf4gRhLDuFpyb128,OK,45164,471570080001003
260.664,35.1079763,-89.9333841,ChIJqZoM4qKGf4gREaZMyPG1GBQ,OK,26255,471570080001001
260.664,35.1079763,-89.9333841,ChIJqZoM4qKGf4gREaZMyPG1GBQ,OK,26255,471570080001001
402.571,35.1075089,-89.9318387,ChIJVboYU6KGf4gRHfEHUi8Izac,OK,34769,471570080001001
658.217,35.0971,-89.9305344,ChIJRd53mZuGf4gRp0fETcD5Y3I,OK,43628,471570080004002
658.217,35.0971,-89.9305344,ChIJRd53mZuGf4gRp0fETcD5Y3I,OK,43628,471570080004002
852.148,35.0960067,-89.93138279999999,ChIJFfDYDZuGf4gR5IbqhV7MTAo,OK,57597,471570080004002
1978.191,35.09464699999999,-89.9708677,ChIJx5uAuBqHf4gRze5MKc5WJFI,OK,139861,471570081202013
1583.161,35.086634,-89.96355199999999,ChIJW0XU3AGHf4gRINnmxvx9m5A,OK,149567,471570081202013
1583.161,35.086634,-89.96355199999999,ChIJW0XU3AGHf4gRINnmxvx9m5A,OK,149567,471570081202013
1943.815,35.0854368,-89.89541919999999,ChIJf5cc-VKEf4gRF-lYLgijYQQ,OK,126692,471570094001026
2001.044,35.1145886,-89.90089789999999,ChIJKWmlFW6Ef4gR0YNISWQMkss,OK,132319,471570094001026
2001.044,35.1145886,-89.90089789999999,ChIJKWmlFW6Ef4gR0YNISWQMkss,OK,132319,471570094001026
1761.753,35.0854368,-89.89541919999999,ChIJf5cc-VKEf4gRF-lYLgijYQQ,OK,124485,471570095001014
1761.753,35.0854368,-89.89541919999999,ChIJf5cc-VKEf4gRF-lYLgijYQQ,OK,124485,471570095001014
2461.089,35.1145886,-89.90089789999999,ChIJKWmlFW6Ef4gR0YNISWQMkss,OK,165991,471570095001014
1919.941,35.1145886,-89.90089789999999,ChIJKWmlFW6Ef4gR0YNISWQMkss,OK,139413,471570095001005
1919.941,35.1145886,-89.90089789999999,ChIJKWmlFW6Ef4gR0YNISWQMkss,OK,139413,471570095001005
1889.975,35.1153996,-89.89414069999999,ChIJCb4NOWWEf4gR79YlPQoocW4,OK,144786,471570095001005
1564.234,35.1153996,-89.89414069999999,ChIJCb4NOWWEf4gR79YlPQoocW4,OK,135299,471570096004003
1564.234,35.1153996,-89.89414069999999,ChIJCb4NOWWEf4gR79YlPQoocW4,OK,135299,471570096004003
2143.01,35.1145886,-89.90089789999999,ChIJKWmlFW6Ef4gR0YNISWQMkss,OK,162852,471570096004003
2042.547,35.0854368,-89.89541919999999,ChIJf5cc-VKEf4gRF-lYLgijYQQ,OK,129746,471570095002006
2042.547,35.0854368,-89.89541919999999,ChIJf5cc-VKEf4gRF-lYLgijYQQ,OK,129746,471570095002006
2368.532,35.1145886,-89.90089789999999,ChIJKWmlFW6Ef4gR0YNISWQMkss,OK,156129,471570095002006
2455.149,35.1145886,-89.90089789999999,ChIJKWmlFW6Ef4gR0YNISWQMkss,OK,163804,471570095002009
2425.183,35.1153996,-89.89414069999999,ChIJCb4NOWWEf4gR79YlPQoocW4,OK,169177,471570095002009
2425.183,35.1153996,-89.89414069999999,ChIJCb4NOWWEf4gR79YlPQoocW4,OK,169177,471570095002009
1245.532,35.0854368,-89.89541919999999,ChIJf5cc-VKEf4gRF-lYLgijYQQ,OK,80567,471570094002013
1245.532,35.0854368,-89.89541919999999,ChIJf5cc-VKEf4gRF-lYLgijYQQ,OK,80567,471570094002013
3590.835,35.0745932,-89.9204618,ChIJPX58KNGFf4gRLgBWAHPwusk,OK,215024,471570094002013
1432.688,35.0854368,-89.89541919999999,ChIJf5cc-VKEf4gRF-lYLgijYQQ,OK,95641,471570094002012
1432.688,35.0854368,-89.89541919999999,ChIJf5cc-VKEf4gRF-lYLgijYQQ,OK,95641,471570094002012
4063.912,35.0854368,-89.89541919999999,ChIJf5cc-VKEf4gRF-lYLgijYQQ,OK,243975,471570213203024
4246.483,35.0614623,-89.8536277,ChIJ4TWJkTWFf4gRbkNZYfkF9Jw,OK,255975,471570213203024
3443.296,35.0854368,-89.89541919999999,ChIJf5cc-VKEf4gRF-lYLgijYQQ,OK,219378,471570213203016
3443.296,35.0854368,-89.89541919999999,ChIJf5cc-VKEf4gRF-lYLgijYQQ,OK,219378,471570213203016
4475.054,35.1153996,-89.89414069999999,ChIJCb4NOWWEf4gR79YlPQoocW4,OK,290644,471570213203016
2424.743,35.1087458,-90.0211918,ChIJe6w2EsF91YcRquzVZc8M0-I,OK,172736,471570078102050
2424.743,35.1087458,-90.0211918,ChIJe6w2EsF91YcRquzVZc8M0-I,OK,172736,471570078102050
2425.384,35.10874099999999,-90.021185,ChIJrVbiDcF91YcRG9TBOTpHc3I,OK,172813,471570078102050
1214.946,35.095133,-90.05542799999999,ChIJATnUo0J81YcRpbAuNwXeqRw,OK,120681,471570056003004
1214.946,35.095133,-90.05542799999999,ChIJATnUo0J81YcRpbAuNwXeqRw,OK,120681,471570056003004
1376.349,35.098685,-90.05664899999999,ChIJ31qwBkJ81YcRk2V5pdmdhrM,OK,129620,471570056003004
82.974,35.095133,-90.05542799999999,ChIJATnUo0J81YcRpbAuNwXeqRw,OK,4595,471570055002000
82.974,35.095133,-90.05542799999999,ChIJATnUo0J81YcRpbAuNwXeqRw,OK,4595,471570055002000
96.863,35.093591,-90.056624,ChIJgyVl92d81YcRhuRHHckl8Y4,OK,5364,471570055002000
993.981,35.095133,-90.05542799999999,ChIJATnUo0J81YcRpbAuNwXeqRw,OK,69672,471570055002007
993.981,35.095133,-90.05542799999999,ChIJATnUo0J81YcRpbAuNwXeqRw,OK,69672,471570055002007
1155.384,35.098685,-90.05664899999999,ChIJ31qwBkJ81YcRk2V5pdmdhrM,OK,78611,471570055002007
621.866,35.093591,-90.056624,ChIJgyVl92d81YcRhuRHHckl8Y4,OK,67094,471570055002006
621.866,35.093591,-90.056624,ChIJgyVl92d81YcRhuRHHckl8Y4,OK,67094,471570055002006
801.703,35.095133,-90.05542799999999,ChIJATnUo0J81YcRpbAuNwXeqRw,OK,77054,471570055002006
2611.902,35.1087458,-90.0211918,ChIJe6w2EsF91YcRquzVZc8M0-I,OK,203206,471570078102020
2611.902,35.1087458,-90.0211918,ChIJe6w2EsF91YcRquzVZc8M0-I,OK,203206,471570078102020
2612.544,35.10874099999999,-90.021185,ChIJrVbiDcF91YcRG9TBOTpHc3I,OK,203283,471570078102020
1028.03,35.095133,-90.05542799999999,ChIJATnUo0J81YcRpbAuNwXeqRw,OK,98251,471570056003000
1028.03,35.095133,-90.05542799999999,ChIJATnUo0J81YcRpbAuNwXeqRw,OK,98251,471570056003000
1189.433,35.098685,-90.05664899999999,ChIJ31qwBkJ81YcRk2V5pdmdhrM,OK,107190,471570056003000
172.983,35.093591,-90.056624,ChIJgyVl92d81YcRhuRHHckl8Y4,OK,9580,471570055002011
172.983,35.093591,-90.056624,ChIJgyVl92d81YcRhuRHHckl8Y4,OK,9580,471570055002011
352.82,35.095133,-90.05542799999999,ChIJATnUo0J81YcRpbAuNwXeqRw,OK,19540,471570055002011
4905.503,35.0614623,-89.8536277,ChIJ4TWJkTWFf4gRbkNZYfkF9Jw,OK,324974,471570213201005
4905.503,35.0614623,-89.8536277,ChIJ4TWJkTWFf4gRbkNZYfkF9Jw,OK,324974,471570213201005
4990.274,35.0512763,-89.8427476,ChIJ7VPJ3q-af4gRdxERIyaZ0gk,OK,331162,471570213201005
3204.979,35.104197,-89.98335349999999,ChIJNST6hGqHf4gR0Mml4gyjQWk,OK,184031,471570078101013
3317.977,35.107529,-89.9862127,ChIJ0WGfSUKHf4gRjDLrfGQwCV4,OK,195152,471570078101013
3317.977,35.107529,-89.9862127,ChIJ0WGfSUKHf4gRjDLrfGQwCV4,OK,195152,471570078101013
3571.73,35.1087458,-90.0211918,ChIJe6w2EsF91YcRquzVZc8M0-I,OK,231319,471570078101019
3572.371,35.10874099999999,-90.021185,ChIJrVbiDcF91YcRG9TBOTpHc3I,OK,231396,471570078101019
3572.371,35.10874099999999,-90.021185,ChIJrVbiDcF91YcRG9TBOTpHc3I,OK,231396,471570078101019
3588.391,35.0854368,-89.89541919999999,ChIJf5cc-VKEf4gRF-lYLgijYQQ,OK,267494,471570213313006
3588.391,35.0854368,-89.89541919999999,ChIJf5cc-VKEf4gRF-lYLgijYQQ,OK,267494,471570213313006
6460.739,35.0612606,-89.88628629999999,ChIJAQ_I1gqFf4gRFrt5yQeAEps,OK,457591,471570213313006
2268.845,35.104197,-89.98335349999999,ChIJNST6hGqHf4gR0Mml4gyjQWk,OK,142778,471570078101010
2268.845,35.104197,-89.98335349999999,ChIJNST6hGqHf4gR0Mml4gyjQWk,OK,142778,471570078101010
2381.843,35.107529,-89.9862127,ChIJ0WGfSUKHf4gRjDLrfGQwCV4,OK,153899,471570078101010
3468.567,35.093591,-90.056624,ChIJgyVl92d81YcRhuRHHckl8Y4,OK,269002,471570053003009
3468.567,35.093591,-90.056624,ChIJgyVl92d81YcRhuRHHckl8Y4,OK,269002,471570053003009
3648.403,35.095133,-90.05542799999999,ChIJATnUo0J81YcRpbAuNwXeqRw,OK,278962,471570053003009
505.114,35.093591,-90.056624,ChIJgyVl92d81YcRhuRHHckl8Y4,OK,27973,471570055003004
505.114,35.093591,-90.056624,ChIJgyVl92d81YcRhuRHHckl8Y4,OK,27973,471570055003004
684.951,35.095133,-90.05542799999999,ChIJATnUo0J81YcRpbAuNwXeqRw,OK,37933,471570055003004
3727.335,35.1087458,-90.0211918,ChIJe6w2EsF91YcRquzVZc8M0-I,OK,268996,471570078101017
3727.335,35.1087458,-90.0211918,ChIJe6w2EsF91YcRquzVZc8M0-I,OK,268996,471570078101017
3727.976,35.10874099999999,-90.021185,ChIJrVbiDcF91YcRG9TBOTpHc3I,OK,269073,471570078101017
3730.524,35.1087458,-90.0211918,ChIJe6w2EsF91YcRquzVZc8M0-I,OK,269571,471570078101016
3730.524,35.1087458,-90.0211918,ChIJe6w2EsF91YcRquzVZc8M0-I,OK,269571,471570078101016
3731.166,35.10874099999999,-90.021185,ChIJrVbiDcF91YcRG9TBOTpHc3I,OK,269648,471570078101016
3516.409,35.1087458,-90.0211918,ChIJe6w2EsF91YcRquzVZc8M0-I,OK,273650,471570078101018
3516.409,35.1087458,-90.0211918,ChIJe6w2EsF91YcRquzVZc8M0-I,OK,273650,471570078101018
3517.05,35.10874099999999,-90.021185,ChIJrVbiDcF91YcRG9TBOTpHc3I,OK,273727,471570078101018
2783.22,35.104197,-89.98335349999999,ChIJNST6hGqHf4gR0Mml4gyjQWk,OK,204502,471570078101011
2783.22,35.104197,-89.98335349999999,ChIJNST6hGqHf4gR0Mml4gyjQWk,OK,204502,471570078101011
2896.218,35.107529,-89.9862127,ChIJ0WGfSUKHf4gRjDLrfGQwCV4,OK,215623,471570078101011
613.849,35.093591,-90.056624,ChIJgyVl92d81YcRhuRHHckl8Y4,OK,33995,471570055003005
613.849,35.093591,-90.056624,ChIJgyVl92d81YcRhuRHHckl8Y4,OK,33995,471570055003005
793.686,35.095133,-90.05542799999999,ChIJATnUo0J81YcRpbAuNwXeqRw,OK,43955,471570055003005
6302.723,35.0854368,-89.89541919999999,ChIJf5cc-VKEf4gRF-lYLgijYQQ,OK,312190,471570095004000
6302.723,35.0854368,-89.89541919999999,ChIJf5cc-VKEf4gRF-lYLgijYQQ,OK,312190,471570095004000
1948.163,35.1546312,-89.79260459999999,ChIJ8UeuSEecf4gRniit7ubZLtM,OK,152100,471570211261029
1948.163,35.1546312,-89.79260459999999,ChIJ8UeuSEecf4gRniit7ubZLtM,OK,152100,471570211261029
2328.051,35.14868459999999,-89.7948203,ChIJ4w9Lr2qcf4gRHdzl9FciAFM,OK,171600,471570211261029
4550.487,35.1546312,-89.79260459999999,ChIJ8UeuSEecf4gRniit7ubZLtM,OK,372168,471579804001001
4550.487,35.1546312,-89.79260459999999,ChIJ8UeuSEecf4gRniit7ubZLtM,OK,372168,471579804001001
4930.375,35.14868459999999,-89.7948203,ChIJ4w9Lr2qcf4gRHdzl9FciAFM,OK,391668,471579804001001
1984.503,35.16339899999999,-89.855841,ChIJA_xfkC6Df4gRAjVZwLz1jqA,OK,144588,471579804001007
1984.503,35.16339899999999,-89.855841,ChIJA_xfkC6Df4gRAjVZwLz1jqA,OK,144588,471579804001007
2059.658,35.1623785,-89.8566175,ChIJXQHWWS6Df4gRqhH5EQ9H1j0,OK,153553,471579804001007
1623.44,35.12545849999999,-89.97454169999999,ChIJoyT3HjOHf4gRS6EdHckmff8,OK,111104,471570066002032
1623.44,35.12545849999999,-89.97454169999999,ChIJoyT3HjOHf4gRS6EdHckmff8,OK,111104,471570066002032
1668.04,35.107529,-89.9862127,ChIJ0WGfSUKHf4gRjDLrfGQwCV4,OK,111758,471570066002032
1943.664,35.14868459999999,-89.7948203,ChIJ4w9Lr2qcf4gRHdzl9FciAFM,OK,149260,471570211251045
1943.664,35.14868459999999,-89.7948203,ChIJ4w9Lr2qcf4gRHdzl9FciAFM,OK,149260,471570211251045
2709.827,35.1546312,-89.79260459999999,ChIJ8UeuSEecf4gRniit7ubZLtM,OK,169959,471570211251045
1953.694,35.14868459999999,-89.7948203,ChIJ4w9Lr2qcf4gRHdzl9FciAFM,OK,150463,471570211251048
1953.694,35.14868459999999,-89.7948203,ChIJ4w9Lr2qcf4gRHdzl9FciAFM,OK,150463,471570211251048
2719.856,35.1546312,-89.79260459999999,ChIJ8UeuSEecf4gRniit7ubZLtM,OK,171162,471570211251048
1817.4,35.14868459999999,-89.7948203,ChIJ4w9Lr2qcf4gRHdzl9FciAFM,OK,141728,471570211251046
1817.4,35.14868459999999,-89.7948203,ChIJ4w9Lr2qcf4gRHdzl9FciAFM,OK,141728,471570211251046
2583.563,35.1546312,-89.79260459999999,ChIJ8UeuSEecf4gRniit7ubZLtM,OK,162427,471570211251046
1615.891,35.14868459999999,-89.7948203,ChIJ4w9Lr2qcf4gRHdzl9FciAFM,OK,125834,471570211374052
1615.891,35.14868459999999,-89.7948203,ChIJ4w9Lr2qcf4gRHdzl9FciAFM,OK,125834,471570211374052
2038.137,35.1546312,-89.79260459999999,ChIJ8UeuSEecf4gRniit7ubZLtM,OK,142300,471570211374052
2812.454,35.14868459999999,-89.7948203,ChIJ4w9Lr2qcf4gRHdzl9FciAFM,OK,210776,471570211374037
2812.454,35.14868459999999,-89.7948203,ChIJ4w9Lr2qcf4gRHdzl9FciAFM,OK,210776,471570211374037
2855.51,35.1546312,-89.79260459999999,ChIJ8UeuSEecf4gRniit7ubZLtM,OK,212557,471570211374037
5113.96,35.1546312,-89.79260459999999,ChIJ8UeuSEecf4gRniit7ubZLtM,OK,383369,471570211381007
5113.96,35.1546312,-89.79260459999999,ChIJ8UeuSEecf4gRniit7ubZLtM,OK,383369,471570211381007
6061.422,35.14868459999999,-89.7948203,ChIJ4w9Lr2qcf4gRHdzl9FciAFM,OK,436921,471570211381007
2028.301,35.16339899999999,-89.855841,ChIJA_xfkC6Df4gRAjVZwLz1jqA,OK,166147,471570212002002
2028.301,35.16339899999999,-89.855841,ChIJA_xfkC6Df4gRAjVZwLz1jqA,OK,166147,471570212002002
2103.457,35.1623785,-89.8566175,ChIJXQHWWS6Df4gRqhH5EQ9H1j0,OK,175112,471570212002002
1978.292,35.16339899999999,-89.855841,ChIJA_xfkC6Df4gRAjVZwLz1jqA,OK,160144,471570212002006
1978.292,35.16339899999999,-89.855841,ChIJA_xfkC6Df4gRAjVZwLz1jqA,OK,160144,471570212002006
2053.448,35.1623785,-89.8566175,ChIJXQHWWS6Df4gRqhH5EQ9H1j0,OK,169109,471570212002006
1909.669,35.16339899999999,-89.855841,ChIJA_xfkC6Df4gRAjVZwLz1jqA,OK,151911,471570212002003
1909.669,35.16339899999999,-89.855841,ChIJA_xfkC6Df4gRAjVZwLz1jqA,OK,151911,471570212002003
1984.825,35.1623785,-89.8566175,ChIJXQHWWS6Df4gRqhH5EQ9H1j0,OK,160876,471570212002003
1875.367,35.16339899999999,-89.855841,ChIJA_xfkC6Df4gRAjVZwLz1jqA,OK,147794,471570212002005
1875.367,35.16339899999999,-89.855841,ChIJA_xfkC6Df4gRAjVZwLz1jqA,OK,147794,471570212002005
1950.522,35.1623785,-89.8566175,ChIJXQHWWS6Df4gRqhH5EQ9H1j0,OK,156759,471570212002005
4096.711,35.16339899999999,-89.855841,ChIJA_xfkC6Df4gRAjVZwLz1jqA,OK,331881,471579804001014
4096.711,35.16339899999999,-89.855841,ChIJA_xfkC6Df4gRAjVZwLz1jqA,OK,331881,471579804001014
4171.867,35.1623785,-89.8566175,ChIJXQHWWS6Df4gRqhH5EQ9H1j0,OK,340846,471579804001014
1789.205,35.1546312,-89.79260459999999,ChIJ8UeuSEecf4gRniit7ubZLtM,OK,108295,471570211362068
1789.205,35.1546312,-89.79260459999999,ChIJ8UeuSEecf4gRniit7ubZLtM,OK,108295,471570211362068
2736.667,35.14868459999999,-89.7948203,ChIJ4w9Lr2qcf4gRHdzl9FciAFM,OK,161847,471570211362068
4388.365,35.1439641,-90.0517892,ChIJL-0zBZR-1YcRj7p5p1WY4-g,OK,318601,471570001002028
4388.365,35.1439641,-90.0517892,ChIJL-0zBZR-1YcRj7p5p1WY4-g,OK,318601,471570001002028
4597.281,35.1450994,-90.0538646,ChIJne6_s5V-1YcRn_LPaqiwhrk,OK,324055,471570001002028
4440.749,35.1439641,-90.0517892,ChIJL-0zBZR-1YcRj7p5p1WY4-g,OK,318307,471570001002011
4440.749,35.1439641,-90.0517892,ChIJL-0zBZR-1YcRj7p5p1WY4-g,OK,318307,471570001002011
4649.666,35.1450994,-90.0538646,ChIJne6_s5V-1YcRn_LPaqiwhrk,OK,323761,471570001002011
3846.697,35.1439641,-90.0517892,ChIJL-0zBZR-1YcRj7p5p1WY4-g,OK,302898,471570001003001
3846.697,35.1439641,-90.0517892,ChIJL-0zBZR-1YcRj7p5p1WY4-g,OK,302898,471570001003001
4055.613,35.1450994,-90.0538646,ChIJne6_s5V-1YcRn_LPaqiwhrk,OK,308352,471570001003001
3378.799,35.1738374,-89.98954379999999,ChIJ_S0BIGOAf4gRU3Ph4W65cOQ,OK,222371,471570004001037
3378.799,35.1738374,-89.98954379999999,ChIJ_S0BIGOAf4gRU3Ph4W65cOQ,OK,222371,471570004001037
3922.053,35.1490317,-90.0140679,ChIJw3q9_xV-1YcRqrte6yBn1CI,OK,236768,471570004001037
3423.07,35.1738374,-89.98954379999999,ChIJ_S0BIGOAf4gRU3Ph4W65cOQ,OK,227682,471570004001033
3423.07,35.1738374,-89.98954379999999,ChIJ_S0BIGOAf4gRU3Ph4W65cOQ,OK,227682,471570004001033
3966.324,35.1490317,-90.0140679,ChIJw3q9_xV-1YcRqrte6yBn1CI,OK,242079,471570004001033
3362.284,35.0333519,-90.02557630000001,ChIJK8z8Ksxi1YcRt8pxxgP2SA4,OK,214000,471570225001111
2640.673,35.054745,-90.007971,ChIJXxyyQlt91YcRhldtWgjSnSE,OK,182640,471570225001112
2640.673,35.054745,-90.007971,ChIJXxyyQlt91YcRhldtWgjSnSE,OK,182640,471570225001112
3373.465,35.0333519,-90.02557630000001,ChIJK8z8Ksxi1YcRt8pxxgP2SA4,OK,215341,471570225001112
2397.294,35.0543926,-90.0597009,ChIJT5TzUbl81YcRiPqNjkbj9CA,OK,146705,471570225002003
2397.294,35.0543926,-90.0597009,ChIJT5TzUbl81YcRiPqNjkbj9CA,OK,146705,471570225002003
2978.649,35.06128,-90.05978399999999,ChIJm06f8ZV81YcRTjzAsJPcBKY,OK,178902,471570225002003
2806.189,35.0333519,-90.02557630000001,ChIJK8z8Ksxi1YcRt8pxxgP2SA4,OK,181952,471570225005004
2806.189,35.0333519,-90.02557630000001,ChIJK8z8Ksxi1YcRt8pxxgP2SA4,OK,181952,471570225005004
2806.283,35.033351,-90.02556199999999,ChIJY7ePKsxi1YcRIP55gZFchMw,OK,181957,471570225005004
2919.523,35.0333519,-90.02557630000001,ChIJK8z8Ksxi1YcRt8pxxgP2SA4,OK,220783,471570225002009
2919.523,35.0333519,-90.02557630000001,ChIJK8z8Ksxi1YcRt8pxxgP2SA4,OK,220783,471570225002009
2919.617,35.033351,-90.02556199999999,ChIJY7ePKsxi1YcRIP55gZFchMw,OK,220788,471570225002009
3280.708,35.0326981,-90.07589809999999,ChIJ9S1ljalk1YcRvuG-_hbpimA,OK,228986,471570223224015
3280.708,35.0326981,-90.07589809999999,ChIJ9S1ljalk1YcRvuG-_hbpimA,OK,228986,471570223224015
3995.992,35.02753099999999,-90.082077,ChIJK66rdetk1YcRwwxI9gDREks,OK,262958,471570223224015
2306.138,35.0543926,-90.0597009,ChIJT5TzUbl81YcRiPqNjkbj9CA,OK,160713,471570223213026
2306.138,35.0543926,-90.0597009,ChIJT5TzUbl81YcRiPqNjkbj9CA,OK,160713,471570223213026
2623.814,35.0326981,-90.07589809999999,ChIJ9S1ljalk1YcRvuG-_hbpimA,OK,171943,471570223213026
2595.436,35.0333519,-90.02557630000001,ChIJK8z8Ksxi1YcRt8pxxgP2SA4,OK,199932,471570225002007
2595.436,35.0333519,-90.02557630000001,ChIJK8z8Ksxi1YcRt8pxxgP2SA4,OK,199932,471570225002007
2595.53,35.033351,-90.02556199999999,ChIJY7ePKsxi1YcRIP55gZFchMw,OK,199937,471570225002007
2457.022,35.0333519,-90.02557630000001,ChIJK8z8Ksxi1YcRt8pxxgP2SA4,OK,183323,471570225002008
2457.022,35.0333519,-90.02557630000001,ChIJK8z8Ksxi1YcRt8pxxgP2SA4,OK,183323,471570225002008
2457.116,35.033351,-90.02556199999999,ChIJY7ePKsxi1YcRIP55gZFchMw,OK,183328,471570225002008
2565.158,35.0333519,-90.02557630000001,ChIJK8z8Ksxi1YcRt8pxxgP2SA4,OK,201438,471570225002010
2565.158,35.0333519,-90.02557630000001,ChIJK8z8Ksxi1YcRt8pxxgP2SA4,OK,201438,471570225002010
2565.253,35.033351,-90.02556199999999,ChIJY7ePKsxi1YcRIP55gZFchMw,OK,201443,471570225002010
2315.783,35.0543926,-90.0597009,ChIJT5TzUbl81YcRiPqNjkbj9CA,OK,161870,471570223213007
2315.783,35.0543926,-90.0597009,ChIJT5TzUbl81YcRiPqNjkbj9CA,OK,161870,471570223213007
2633.459,35.0326981,-90.07589809999999,ChIJ9S1ljalk1YcRvuG-_hbpimA,OK,173100,471570223213007
2264.081,35.0326981,-90.07589809999999,ChIJ9S1ljalk1YcRvuG-_hbpimA,OK,147404,471570223222003
2264.081,35.0326981,-90.07589809999999,ChIJ9S1ljalk1YcRvuG-_hbpimA,OK,147404,471570223222003
2939.465,35.0543926,-90.0597009,ChIJT5TzUbl81YcRiPqNjkbj9CA,OK,207670,471570223222003
2508.51,35.0326981,-90.07589809999999,ChIJ9S1ljalk1YcRvuG-_hbpimA,OK,164020,471570223213027
2508.51,35.0326981,-90.07589809999999,ChIJ9S1ljalk1YcRvuG-_hbpimA,OK,164020,471570223213027
2437.236,35.0543926,-90.0597009,ChIJT5TzUbl81YcRiPqNjkbj9CA,OK,170530,471570223213027
2151.995,35.0326981,-90.07589809999999,ChIJ9S1ljalk1YcRvuG-_hbpimA,OK,127349,471570223222002
2151.995,35.0326981,-90.07589809999999,ChIJ9S1ljalk1YcRvuG-_hbpimA,OK,127349,471570223222002
2827.38,35.0543926,-90.0597009,ChIJT5TzUbl81YcRiPqNjkbj9CA,OK,187615,471570223222002
2381.818,35.0326981,-90.07589809999999,ChIJ9S1ljalk1YcRvuG-_hbpimA,OK,160640,471570223213021
2381.818,35.0326981,-90.07589809999999,ChIJ9S1ljalk1YcRvuG-_hbpimA,OK,160640,471570223213021
2803.111,35.0543926,-90.0597009,ChIJT5TzUbl81YcRiPqNjkbj9CA,OK,202612,471570223213021
2370.447,35.0326981,-90.07589809999999,ChIJ9S1ljalk1YcRvuG-_hbpimA,OK,155027,471570223222008
2370.447,35.0326981,-90.07589809999999,ChIJ9S1ljalk1YcRvuG-_hbpimA,OK,155027,471570223222008
3045.831,35.0543926,-90.0597009,ChIJT5TzUbl81YcRiPqNjkbj9CA,OK,215293,471570223222008
2330.933,35.0326981,-90.07589809999999,ChIJ9S1ljalk1YcRvuG-_hbpimA,OK,142592,471570223222009
2330.933,35.0326981,-90.07589809999999,ChIJ9S1ljalk1YcRvuG-_hbpimA,OK,142592,471570223222009
3132.006,35.02753099999999,-90.082077,ChIJK66rdetk1YcRwwxI9gDREks,OK,186958,471570223222009
2682.856,35.0543926,-90.0597009,ChIJT5TzUbl81YcRiPqNjkbj9CA,OK,205918,471570223213024
2682.856,35.0543926,-90.0597009,ChIJT5TzUbl81YcRiPqNjkbj9CA,OK,205918,471570223213024
3442.408,35.06128,-90.05978399999999,ChIJm06f8ZV81YcRTjzAsJPcBKY,OK,247983,471570223213024
2599.3,35.0543926,-90.0597009,ChIJT5TzUbl81YcRiPqNjkbj9CA,OK,195892,471570223213025
2599.3,35.0543926,-90.0597009,ChIJT5TzUbl81YcRiPqNjkbj9CA,OK,195892,471570223213025
3358.853,35.06128,-90.05978399999999,ChIJm06f8ZV81YcRTjzAsJPcBKY,OK,237957,471570223213025
2426.629,35.0333519,-90.02557630000001,ChIJK8z8Ksxi1YcRt8pxxgP2SA4,OK,163872,471570223211013
2426.629,35.0333519,-90.02557630000001,ChIJK8z8Ksxi1YcRt8pxxgP2SA4,OK,163872,471570223211013
2426.724,35.033351,-90.02556199999999,ChIJY7ePKsxi1YcRIP55gZFchMw,OK,163877,471570223211013
2909.419,35.0326981,-90.07589809999999,ChIJ9S1ljalk1YcRvuG-_hbpimA,OK,182716,471570223213022
2909.419,35.0326981,-90.07589809999999,ChIJ9S1ljalk1YcRvuG-_hbpimA,OK,182716,471570223213022
2857.951,35.0543926,-90.0597009,ChIJT5TzUbl81YcRiPqNjkbj9CA,OK,215195,471570223213022
2510.288,35.0333519,-90.02557630000001,ChIJK8z8Ksxi1YcRt8pxxgP2SA4,OK,173911,471570223211012
3009.047,35.03203000000001,-90.025994,ChIJr7k5Z85i1YcR_daVhG2vNFM,OK,217587,471570223211012
3009.047,35.03203000000001,-90.025994,ChIJr7k5Z85i1YcR_daVhG2vNFM,OK,217587,471570223211012
2627.742,35.0333519,-90.02557630000001,ChIJK8z8Ksxi1YcRt8pxxgP2SA4,OK,188004,471570223211011
3126.501,35.03203000000001,-90.025994,ChIJr7k5Z85i1YcR_daVhG2vNFM,OK,231680,471570223211011
3126.501,35.03203000000001,-90.025994,ChIJr7k5Z85i1YcR_daVhG2vNFM,OK,231680,471570223211011
1064.568,35.0333519,-90.02557630000001,ChIJK8z8Ksxi1YcRt8pxxgP2SA4,OK,75870,471570221111018
1959.124,35.02138900000001,-89.996898,ChIJz3MQkR6If4gRIBgmNH-BQcg,OK,127471,471570221124012
2156.252,35.021381,-90.020287,ChIJnVfwxMBi1YcR65EtGsZDcOY,OK,139131,471570221124012
2156.252,35.021381,-90.020287,ChIJnVfwxMBi1YcR65EtGsZDcOY,OK,139131,471570221124012
547.868,35.218332,-90.00299799999999,ChIJfRCGEgGA1YcRsZsWP_dycDI,OK,47124,471570101105000
547.868,35.218332,-90.00299799999999,ChIJfRCGEgGA1YcRsZsWP_dycDI,OK,47124,471570101105000
583.218,35.21475480000001,-90.00354540000001,ChIJF6XvX_9_1YcRD4jlF4jzevw,OK,52619,471570101105000
618.048,35.218332,-90.00299799999999,ChIJfRCGEgGA1YcRsZsWP_dycDI,OK,46122,471570101201003
618.048,35.218332,-90.00299799999999,ChIJfRCGEgGA1YcRsZsWP_dycDI,OK,46122,471570101201003
757.442,35.2166323,-89.9945206,ChIJ4fSgw_h_f4gRx0hAJfGjdzA,OK,54486,471570101201003
1504.252,35.21475480000001,-90.00354540000001,ChIJF6XvX_9_1YcRD4jlF4jzevw,OK,102736,471570101202013
1504.252,35.21475480000001,-90.00354540000001,ChIJF6XvX_9_1YcRD4jlF4jzevw,OK,102736,471570101202013
1902.741,35.218332,-90.00299799999999,ChIJfRCGEgGA1YcRsZsWP_dycDI,OK,126645,471570101202013
335.376,35.2178517,-89.9902989,ChIJT7y6Nvh_f4gR6Khps0fYRPg,OK,40244,471570102104015
335.376,35.2178517,-89.9902989,ChIJT7y6Nvh_f4gR6Khps0fYRPg,OK,40244,471570102104015
371.72,35.217526,-89.98935,ChIJKdhOoPd_f4gRbD5w-Ol3ovU,OK,44605,471570102104015
899.236,35.217526,-89.98935,ChIJKdhOoPd_f4gRbD5w-Ol3ovU,OK,107906,471570102203007
899.236,35.217526,-89.98935,ChIJKdhOoPd_f4gRbD5w-Ol3ovU,OK,107906,471570102203007
935.581,35.2178517,-89.9902989,ChIJT7y6Nvh_f4gR6Khps0fYRPg,OK,112267,471570102203007
2509.763,35.1087458,-90.0211918,ChIJe6w2EsF91YcRquzVZc8M0-I,OK,169365,471570078102021
2509.763,35.1087458,-90.0211918,ChIJe6w2EsF91YcRquzVZc8M0-I,OK,169365,471570078102021
2510.404,35.10874099999999,-90.021185,ChIJrVbiDcF91YcRG9TBOTpHc3I,OK,169442,471570078102021
1744.279,35.109859,-89.99141100000001,ChIJs6JbpFyHf4gR9O01gG0a7fQ,OK,127819,471570078103009
1744.279,35.109859,-89.99141100000001,ChIJs6JbpFyHf4gR9O01gG0a7fQ,OK,127819,471570078103009
1926.993,35.104197,-89.98335349999999,ChIJNST6hGqHf4gR0Mml4gyjQWk,OK,129711,471570078103009
434.759,35.109859,-89.99141100000001,ChIJs6JbpFyHf4gR9O01gG0a7fQ,OK,37930,471570066001036
434.759,35.109859,-89.99141100000001,ChIJs6JbpFyHf4gR9O01gG0a7fQ,OK,37930,471570066001036
796.047,35.107529,-89.9862127,ChIJ0WGfSUKHf4gRjDLrfGQwCV4,OK,64399,471570066001036
1552.416,35.12545849999999,-89.97454169999999,ChIJoyT3HjOHf4gRS6EdHckmff8,OK,87465,471570066002051
1552.416,35.12545849999999,-89.97454169999999,ChIJoyT3HjOHf4gRS6EdHckmff8,OK,87465,471570066002051
1572.368,35.107529,-89.9862127,ChIJ0WGfSUKHf4gRjDLrfGQwCV4,OK,90219,471570066002051
334.605,35.107529,-89.9862127,ChIJ0WGfSUKHf4gRjDLrfGQwCV4,OK,29550,471570067002028
334.605,35.107529,-89.9862127,ChIJ0WGfSUKHf4gRjDLrfGQwCV4,OK,29550,471570067002028
647.691,35.109859,-89.99141100000001,ChIJs6JbpFyHf4gR9O01gG0a7fQ,OK,42959,471570067002028
2128.587,35.109859,-89.99141100000001,ChIJs6JbpFyHf4gR9O01gG0a7fQ,OK,171856,471570078103005
2311.301,35.104197,-89.98335349999999,ChIJNST6hGqHf4gR0Mml4gyjQWk,OK,173748,471570078103005
2311.301,35.104197,-89.98335349999999,ChIJNST6hGqHf4gR0Mml4gyjQWk,OK,173748,471570078103005
1104.929,35.1489345,-89.89838259999999,ChIJaTBvX72Df4gRiyFT0LQMnrQ,OK,130268,471570098001026
1104.929,35.1489345,-89.89838259999999,ChIJaTBvX72Df4gRiyFT0LQMnrQ,OK,130268,471570098001026
1108.196,35.148225,-89.89748700000001,ChIJC8t095eDf4gRGuXK3FleZyg,OK,130464,471570098001026
1054.395,35.1489345,-89.89838259999999,ChIJaTBvX72Df4gRiyFT0LQMnrQ,OK,106389,471570098002010
1054.395,35.1489345,-89.89838259999999,ChIJaTBvX72Df4gRiyFT0LQMnrQ,OK,106389,471570098002010
936.796,35.148225,-89.89748700000001,ChIJC8t095eDf4gRGuXK3FleZyg,OK,109897,471570098002010
279.292,35.1503395,-89.89321,ChIJRaSiF6KDf4gRNIqqt1VnH58,OK,33514,471570098002007
279.292,35.1503395,-89.89321,ChIJRaSiF6KDf4gRNIqqt1VnH58,OK,33514,471570098002007
851.855,35.1489345,-89.89838259999999,ChIJaTBvX72Df4gRiyFT0LQMnrQ,OK,70088,471570098002007
7593.164,35.1503395,-89.89321,ChIJRaSiF6KDf4gRNIqqt1VnH58,OK,421771,471570092003045
7593.164,35.1503395,-89.89321,ChIJRaSiF6KDf4gRNIqqt1VnH58,OK,421771,471570092003045
7603.008,35.156962,-89.88851749999999,ChIJaVmJmQmDf4gR3ZGZP7kcoeo,OK,431246,471570092003045
421.252,35.1490317,-90.0140679,ChIJw3q9_xV-1YcRqrte6yBn1CI,OK,42841,471570025002028
421.252,35.1490317,-90.0140679,ChIJw3q9_xV-1YcRqrte6yBn1CI,OK,42841,471570025002028
422.934,35.1444038,-90.0168571,ChIJufYEjhR-1YcREff46W6Lons,OK,50085,471570025002028
47.708,35.1490317,-90.0140679,ChIJw3q9_xV-1YcRqrte6yBn1CI,OK,2862,471570025002015
47.708,35.1490317,-90.0140679,ChIJw3q9_xV-1YcRqrte6yBn1CI,OK,2862,471570025002015
674.531,35.1444038,-90.0168571,ChIJufYEjhR-1YcREff46W6Lons,OK,44490,471570025002015
772.457,35.1490317,-90.0140679,ChIJw3q9_xV-1YcRqrte6yBn1CI,OK,69908,471570026001007
772.457,35.1490317,-90.0140679,ChIJw3q9_xV-1YcRqrte6yBn1CI,OK,69908,471570026001007
833.614,35.142439,-90.006118,ChIJeUPo2Rt-1YcRdoG2a54M-d0,OK,70847,471570026001007
2079.982,35.125222,-90.048147,ChIJ9cKdtid81YcRKs9h6RjzQzw,OK,120955,471570046001011
2079.982,35.125222,-90.048147,ChIJ9cKdtid81YcRKs9h6RjzQzw,OK,120955,471570046001011
2081.797,35.1251709,-90.0481695,ChIJybIJtCd81YcR9Otxws-5qCM,OK,121055,471570046001011
1753.908,35.1444038,-90.0168571,ChIJufYEjhR-1YcREff46W6Lons,OK,105355,471570037001004
1753.908,35.1444038,-90.0168571,ChIJufYEjhR-1YcREff46W6Lons,OK,105355,471570037001004
1785.474,35.13763670000001,-90.00757159999999,ChIJl69WLQV-1YcRU3z7Tt2MyhY,OK,110864,471570037001004
1633.996,35.1444038,-90.0168571,ChIJufYEjhR-1YcREff46W6Lons,OK,111373,471570037001020
1633.996,35.1444038,-90.0168571,ChIJufYEjhR-1YcREff46W6Lons,OK,111373,471570037001020
1665.562,35.13763670000001,-90.00757159999999,ChIJl69WLQV-1YcRU3z7Tt2MyhY,OK,116882,471570037001020
2209.291,35.0643218,-89.9923063,ChIJb3DQuo2Hf4gRC8UI6d4pa68,OK,147835,471579801001037
4230.581,35.0841884,-89.97146650000001,ChIJX1vb4AeHf4gRloPQ2o5nDXA,OK,229263,471579801001037
4230.581,35.0841884,-89.97146650000001,ChIJX1vb4AeHf4gRloPQ2o5nDXA,OK,229263,471579801001037
1514.265,35.051879,-89.95322299999999,ChIJtbdkhjqGf4gRndtG1KtFnTA,OK,107161,471570110201014
1514.265,35.051879,-89.95322299999999,ChIJtbdkhjqGf4gRndtG1KtFnTA,OK,107161,471570110201014
2769.823,35.0374859,-89.93716700000002,ChIJESgedaeIf4gRXlLu5ht4wNo,OK,182539,471570110201014
1450.875,35.051879,-89.95322299999999,ChIJtbdkhjqGf4gRndtG1KtFnTA,OK,117620,471570110202001
1450.875,35.051879,-89.95322299999999,ChIJtbdkhjqGf4gRndtG1KtFnTA,OK,117620,471570110202001
2993.923,35.05905920000001,-89.9340455,ChIJM89Mbw2Gf4gRFqf4fPnKU7k,OK,220786,471570110202001
869.905,35.051879,-89.95322299999999,ChIJtbdkhjqGf4gRndtG1KtFnTA,OK,65397,471570110203007
869.905,35.051879,-89.95322299999999,ChIJtbdkhjqGf4gRndtG1KtFnTA,OK,65397,471570110203007
3310.695,35.0374859,-89.93716700000002,ChIJESgedaeIf4gRXlLu5ht4wNo,OK,211885,471570110203007
429.89,35.051879,-89.95322299999999,ChIJtbdkhjqGf4gRndtG1KtFnTA,OK,42087,471570110203005
429.89,35.051879,-89.95322299999999,ChIJtbdkhjqGf4gRndtG1KtFnTA,OK,42087,471570110203005
3097.3,35.06591589999999,-89.94154240000002,ChIJTUcfL2qGf4gRH4x-pmmajWw,OK,211902,471570110203005
803.217,35.051879,-89.95322299999999,ChIJtbdkhjqGf4gRndtG1KtFnTA,OK,67189,471570110203008
803.217,35.051879,-89.95322299999999,ChIJtbdkhjqGf4gRndtG1KtFnTA,OK,67189,471570110203008
2489.634,35.05905920000001,-89.9340455,ChIJM89Mbw2Gf4gRFqf4fPnKU7k,OK,160275,471570110203008
1377.618,35.02379430000001,-89.96377079999999,ChIJDVntamKIf4gRlF5S6rdAlgc,OK,77778,471570219001013
1377.618,35.02379430000001,-89.96377079999999,ChIJDVntamKIf4gRlF5S6rdAlgc,OK,77778,471570219001013
1527.045,35.02099699999999,-89.93544,ChIJW6hY3LmIf4gRWjIeu9tMgvU,OK,84567,471570219001013
2166.351,35.051879,-89.95322299999999,ChIJtbdkhjqGf4gRndtG1KtFnTA,OK,185407,471570110201012
2166.351,35.051879,-89.95322299999999,ChIJtbdkhjqGf4gRndtG1KtFnTA,OK,185407,471570110201012
2235.89,35.0374859,-89.93716700000002,ChIJESgedaeIf4gRXlLu5ht4wNo,OK,195487,471570110201012
312.699,35.06591589999999,-89.94154240000002,ChIJTUcfL2qGf4gRH4x-pmmajWw,OK,29541,471570105001016
312.699,35.06591589999999,-89.94154240000002,ChIJTUcfL2qGf4gRH4x-pmmajWw,OK,29541,471570105001016
1163.077,35.05905920000001,-89.9340455,ChIJM89Mbw2Gf4gRFqf4fPnKU7k,OK,61301,471570105001016
242.51,35.06591589999999,-89.94154240000002,ChIJTUcfL2qGf4gRH4x-pmmajWw,OK,29100,471570105001012
242.51,35.06591589999999,-89.94154240000002,ChIJTUcfL2qGf4gRH4x-pmmajWw,OK,29100,471570105001012
1515.279,35.05905920000001,-89.9340455,ChIJM89Mbw2Gf4gRFqf4fPnKU7k,OK,87304,471570105001012
897.213,35.051879,-89.95322299999999,ChIJtbdkhjqGf4gRndtG1KtFnTA,OK,78469,471570110202003
897.213,35.051879,-89.95322299999999,ChIJtbdkhjqGf4gRndtG1KtFnTA,OK,78469,471570110202003
2583.63,35.05905920000001,-89.9340455,ChIJM89Mbw2Gf4gRFqf4fPnKU7k,OK,171555,471570110202003
752.081,35.05905920000001,-89.9340455,ChIJM89Mbw2Gf4gRFqf4fPnKU7k,OK,74680,471570105001015
752.081,35.05905920000001,-89.9340455,ChIJM89Mbw2Gf4gRFqf4fPnKU7k,OK,74680,471570105001015
1112.473,35.06591589999999,-89.94154240000002,ChIJTUcfL2qGf4gRH4x-pmmajWw,OK,104549,471570105001015
397.455,35.06591589999999,-89.94154240000002,ChIJTUcfL2qGf4gRH4x-pmmajWw,OK,47693,471570105001010
397.455,35.06591589999999,-89.94154240000002,ChIJTUcfL2qGf4gRH4x-pmmajWw,OK,47693,471570105001010
1747.109,35.05905920000001,-89.9340455,ChIJM89Mbw2Gf4gRFqf4fPnKU7k,OK,123402,471570105001010
131.442,35.06591589999999,-89.94154240000002,ChIJTUcfL2qGf4gRH4x-pmmajWw,OK,15772,471570105001017
131.442,35.06591589999999,-89.94154240000002,ChIJTUcfL2qGf4gRH4x-pmmajWw,OK,15772,471570105001017
1196.209,35.05905920000001,-89.9340455,ChIJM89Mbw2Gf4gRFqf4fPnKU7k,OK,66816,471570105001017
633.079,35.05905920000001,-89.9340455,ChIJM89Mbw2Gf4gRFqf4fPnKU7k,OK,45580,471570105001030
633.079,35.05905920000001,-89.9340455,ChIJM89Mbw2Gf4gRFqf4fPnKU7k,OK,45580,471570105001030
830.37,35.06591589999999,-89.94154240000002,ChIJTUcfL2qGf4gRH4x-pmmajWw,OK,61127,471570105001030
1472.465,35.05905920000001,-89.9340455,ChIJM89Mbw2Gf4gRFqf4fPnKU7k,OK,95435,471570106102010
1472.465,35.05905920000001,-89.9340455,ChIJM89Mbw2Gf4gRFqf4fPnKU7k,OK,95435,471570106102010
1724.848,35.0757114,-89.9271675,ChIJ-d7FIHmGf4gR6Aa1VQWm0ps,OK,99820,471570106102010
625.882,35.05905920000001,-89.9340455,ChIJM89Mbw2Gf4gRFqf4fPnKU7k,OK,49781,471570105001033
625.882,35.05905920000001,-89.9340455,ChIJM89Mbw2Gf4gRFqf4fPnKU7k,OK,49781,471570105001033
1802.367,35.0515544,-89.92255089999999,ChIJG_UFGuOFf4gRyHNDzwp5is0,OK,96198,471570105001033
1378.161,35.05905920000001,-89.9340455,ChIJM89Mbw2Gf4gRFqf4fPnKU7k,OK,97092,471570106103005
1378.161,35.05905920000001,-89.9340455,ChIJM89Mbw2Gf4gRFqf4fPnKU7k,OK,97092,471570106103005
1427.895,35.06591589999999,-89.94154240000002,ChIJTUcfL2qGf4gRH4x-pmmajWw,OK,102016,471570106103005
456.24,35.05905920000001,-89.9340455,ChIJM89Mbw2Gf4gRFqf4fPnKU7k,OK,42232,471570105001034
456.24,35.05905920000001,-89.9340455,ChIJM89Mbw2Gf4gRFqf4fPnKU7k,OK,42232,471570105001034
1598.415,35.0515544,-89.92255089999999,ChIJG_UFGuOFf4gRyHNDzwp5is0,OK,84533,471570105001034
1749.341,35.051879,-89.95322299999999,ChIJtbdkhjqGf4gRndtG1KtFnTA,OK,116818,471570110201004
1749.341,35.051879,-89.95322299999999,ChIJtbdkhjqGf4gRndtG1KtFnTA,OK,116818,471570110201004
1716.292,35.0374859,-89.93716700000002,ChIJESgedaeIf4gRXlLu5ht4wNo,OK,120947,471570110201004
827.777,35.05905920000001,-89.9340455,ChIJM89Mbw2Gf4gRFqf4fPnKU7k,OK,61338,471570105001036
827.777,35.05905920000001,-89.9340455,ChIJM89Mbw2Gf4gRFqf4fPnKU7k,OK,61338,471570105001036
1813.197,35.06591589999999,-89.94154240000002,ChIJTUcfL2qGf4gRH4x-pmmajWw,OK,113433,471570105001036
1121.665,35.05905920000001,-89.9340455,ChIJM89Mbw2Gf4gRFqf4fPnKU7k,OK,76452,471570105002003
1121.665,35.05905920000001,-89.9340455,ChIJM89Mbw2Gf4gRFqf4fPnKU7k,OK,76452,471570105002003
852.327,35.125222,-90.048147,ChIJ9cKdtid81YcRKs9h6RjzQzw,OK,81088,471570116001022
854.141,35.1251709,-90.0481695,ChIJybIJtCd81YcR9Otxws-5qCM,OK,81188,471570116001022
1097.482,35.125222,-90.048147,ChIJ9cKdtid81YcRKs9h6RjzQzw,OK,77500,471570116002029
1097.482,35.125222,-90.048147,ChIJ9cKdtid81YcRKs9h6RjzQzw,OK,77500,471570116002029
1099.296,35.1251709,-90.0481695,ChIJybIJtCd81YcR9Otxws-5qCM,OK,77600,471570116002029
1146.856,35.125222,-90.048147,ChIJ9cKdtid81YcRKs9h6RjzQzw,OK,79859,471570116001019
1146.856,35.125222,-90.048147,ChIJ9cKdtid81YcRKs9h6RjzQzw,OK,79859,471570116001019
1148.67,35.1251709,-90.0481695,ChIJybIJtCd81YcR9Otxws-5qCM,OK,79959,471570116001019
1536.461,35.125222,-90.048147,ChIJ9cKdtid81YcRKs9h6RjzQzw,OK,95957,471570116001027
1536.461,35.125222,-90.048147,ChIJ9cKdtid81YcRKs9h6RjzQzw,OK,95957,471570116001027
1538.275,35.1251709,-90.0481695,ChIJybIJtCd81YcR9Otxws-5qCM,OK,96057,471570116001027
1071.055,35.125222,-90.048147,ChIJ9cKdtid81YcRKs9h6RjzQzw,OK,99983,471570116001026
1071.055,35.125222,-90.048147,ChIJ9cKdtid81YcRKs9h6RjzQzw,OK,99983,471570116001026
1072.869,35.1251709,-90.0481695,ChIJybIJtCd81YcR9Otxws-5qCM,OK,100083,471570116001026
1141.796,35.125222,-90.048147,ChIJ9cKdtid81YcRKs9h6RjzQzw,OK,102257,471570116001035
1141.796,35.125222,-90.048147,ChIJ9cKdtid81YcRKs9h6RjzQzw,OK,102257,471570116001035
1143.611,35.1251709,-90.0481695,ChIJybIJtCd81YcR9Otxws-5qCM,OK,102357,471570116001035
1640.788,35.125222,-90.048147,ChIJ9cKdtid81YcRKs9h6RjzQzw,OK,107395,471570116001030
1642.602,35.1251709,-90.0481695,ChIJybIJtCd81YcR9Otxws-5qCM,OK,107495,471570116001030
1642.602,35.1251709,-90.0481695,ChIJybIJtCd81YcR9Otxws-5qCM,OK,107495,471570116001030
1602.527,35.1060329,-90.039159,ChIJ231bcjV81YcRQ1quDeYAd6M,OK,115603,471570116001036
1602.527,35.1060329,-90.039159,ChIJ231bcjV81YcRQ1quDeYAd6M,OK,115603,471570116001036
1439.922,35.125222,-90.048147,ChIJ9cKdtid81YcRKs9h6RjzQzw,OK,122414,471570116001036
1554.758,35.1060329,-90.039159,ChIJ231bcjV81YcRQ1quDeYAd6M,OK,121340,471570059003001
1597.811,35.125222,-90.048147,ChIJ9cKdtid81YcRKs9h6RjzQzw,OK,142957,471570059003001
1597.811,35.125222,-90.048147,ChIJ9cKdtid81YcRKs9h6RjzQzw,OK,142957,471570059003001
1429.538,35.1060329,-90.039159,ChIJ231bcjV81YcRQ1quDeYAd6M,OK,107290,471570059003012
1429.538,35.1060329,-90.039159,ChIJ231bcjV81YcRQ1quDeYAd6M,OK,107290,471570059003012
2290.932,35.1251709,-90.0481695,ChIJybIJtCd81YcR9Otxws-5qCM,OK,162082,471570059003012
992.003,35.1060329,-90.039159,ChIJ231bcjV81YcRQ1quDeYAd6M,OK,76829,471570059003028
992.003,35.1060329,-90.039159,ChIJ231bcjV81YcRQ1quDeYAd6M,OK,76829,471570059003028
1908.976,35.098685,-90.05664899999999,ChIJ31qwBkJ81YcRk2V5pdmdhrM,OK,119248,471570059003028
1098.506,35.1060329,-90.039159,ChIJ231bcjV81YcRQ1quDeYAd6M,OK,92449,471570059003018
1098.506,35.1060329,-90.039159,ChIJ231bcjV81YcRQ1quDeYAd6M,OK,92449,471570059003018
1991.17,35.125222,-90.048147,ChIJ9cKdtid81YcRKs9h6RjzQzw,OK,168681,471570059003018
985.595,35.109859,-89.99141100000001,ChIJs6JbpFyHf4gR9O01gG0a7fQ,OK,62434,471570063003005
985.595,35.109859,-89.99141100000001,ChIJs6JbpFyHf4gR9O01gG0a7fQ,OK,62434,471570063003005
1787.655,35.107529,-89.9862127,ChIJ0WGfSUKHf4gRjDLrfGQwCV4,OK,113315,471570063003005
983.636,35.109859,-89.99141100000001,ChIJs6JbpFyHf4gR9O01gG0a7fQ,OK,61955,471570063003011
983.636,35.109859,-89.99141100000001,ChIJs6JbpFyHf4gR9O01gG0a7fQ,OK,61955,471570063003011
1785.696,35.107529,-89.9862127,ChIJ0WGfSUKHf4gRjDLrfGQwCV4,OK,112836,471570063003011
894.046,35.109859,-89.99141100000001,ChIJs6JbpFyHf4gR9O01gG0a7fQ,OK,56672,471570063003012
894.046,35.109859,-89.99141100000001,ChIJs6JbpFyHf4gR9O01gG0a7fQ,OK,56672,471570063003012
1696.106,35.107529,-89.9862127,ChIJ0WGfSUKHf4gRjDLrfGQwCV4,OK,107553,471570063003012
796.481,35.109859,-89.99141100000001,ChIJs6JbpFyHf4gR9O01gG0a7fQ,OK,45262,471570066001012
796.481,35.109859,-89.99141100000001,ChIJs6JbpFyHf4gR9O01gG0a7fQ,OK,45262,471570066001012
1598.541,35.107529,-89.9862127,ChIJ0WGfSUKHf4gRjDLrfGQwCV4,OK,96143,471570066001012
1001.864,35.109859,-89.99141100000001,ChIJs6JbpFyHf4gR9O01gG0a7fQ,OK,57584,471570066001022
1001.864,35.109859,-89.99141100000001,ChIJs6JbpFyHf4gR9O01gG0a7fQ,OK,57584,471570066001022
1803.923,35.107529,-89.9862127,ChIJ0WGfSUKHf4gRjDLrfGQwCV4,OK,108465,471570066001022
372.42,35.109859,-89.99141100000001,ChIJs6JbpFyHf4gR9O01gG0a7fQ,OK,20624,471570064001033
372.42,35.109859,-89.99141100000001,ChIJs6JbpFyHf4gR9O01gG0a7fQ,OK,20624,471570064001033
1174.48,35.107529,-89.9862127,ChIJ0WGfSUKHf4gRjDLrfGQwCV4,OK,71505,471570064001033
687.311,35.109859,-89.99141100000001,ChIJs6JbpFyHf4gR9O01gG0a7fQ,OK,54337,471570064001012
687.311,35.109859,-89.99141100000001,ChIJs6JbpFyHf4gR9O01gG0a7fQ,OK,54337,471570064001012
1489.371,35.107529,-89.9862127,ChIJ0WGfSUKHf4gRjDLrfGQwCV4,OK,105218,471570064001012
490.656,35.109859,-89.99141100000001,ChIJs6JbpFyHf4gR9O01gG0a7fQ,OK,29301,471570064001032
490.656,35.109859,-89.99141100000001,ChIJs6JbpFyHf4gR9O01gG0a7fQ,OK,29301,471570064001032
1292.716,35.107529,-89.9862127,ChIJ0WGfSUKHf4gRjDLrfGQwCV4,OK,80182,471570064001032
649.203,35.109859,-89.99141100000001,ChIJs6JbpFyHf4gR9O01gG0a7fQ,OK,35953,471570064001013
649.203,35.109859,-89.99141100000001,ChIJs6JbpFyHf4gR9O01gG0a7fQ,OK,35953,471570064001013
1451.263,35.107529,-89.9862127,ChIJ0WGfSUKHf4gRjDLrfGQwCV4,OK,86834,471570064001013
238.188,35.109859,-89.99141100000001,ChIJs6JbpFyHf4gR9O01gG0a7fQ,OK,13190,471570064001040
238.188,35.109859,-89.99141100000001,ChIJs6JbpFyHf4gR9O01gG0a7fQ,OK,13190,471570064001040
1040.248,35.107529,-89.9862127,ChIJ0WGfSUKHf4gRjDLrfGQwCV4,OK,64071,471570064001040
1100.352,35.109859,-89.99141100000001,ChIJs6JbpFyHf4gR9O01gG0a7fQ,OK,68864,471570066001023
1100.352,35.109859,-89.99141100000001,ChIJs6JbpFyHf4gR9O01gG0a7fQ,OK,68864,471570066001023
1267.233,35.107529,-89.9862127,ChIJ0WGfSUKHf4gRjDLrfGQwCV4,OK,83454,471570066001023
680.422,35.109859,-89.99141100000001,ChIJs6JbpFyHf4gR9O01gG0a7fQ,OK,58051,471570066001031
680.422,35.109859,-89.99141100000001,ChIJs6JbpFyHf4gR9O01gG0a7fQ,OK,58051,471570066001031
963.517,35.107529,-89.9862127,ChIJ0WGfSUKHf4gRjDLrfGQwCV4,OK,77941,471570066001031
749.508,35.107529,-89.9862127,ChIJ0WGfSUKHf4gRjDLrfGQwCV4,OK,46369,471570066001030
749.508,35.107529,-89.9862127,ChIJ0WGfSUKHf4gRjDLrfGQwCV4,OK,46369,471570066001030
1220.635,35.109859,-89.99141100000001,ChIJs6JbpFyHf4gR9O01gG0a7fQ,OK,65121,471570066001030
273.961,35.109859,-89.99141100000001,ChIJs6JbpFyHf4gR9O01gG0a7fQ,OK,15172,471570066001033
273.961,35.109859,-89.99141100000001,ChIJs6JbpFyHf4gR9O01gG0a7fQ,OK,15172,471570066001033
1076.021,35.107529,-89.9862127,ChIJ0WGfSUKHf4gRjDLrfGQwCV4,OK,66053,471570066001033
1239.289,35.107529,-89.9862127,ChIJ0WGfSUKHf4gRjDLrfGQwCV4,OK,84533,471570067002007
1239.289,35.107529,-89.9862127,ChIJ0WGfSUKHf4gRjDLrfGQwCV4,OK,84533,471570067002007
1553.285,35.109859,-89.99141100000001,ChIJs6JbpFyHf4gR9O01gG0a7fQ,OK,94583,471570067002007
6232.877,35.1153996,-89.89414069999999,ChIJCb4NOWWEf4gR79YlPQoocW4,OK,398228,471570213111044
6940.182,35.16339899999999,-89.855841,ChIJA_xfkC6Df4gRAjVZwLz1jqA,OK,438415,471570213111044
6940.182,35.16339899999999,-89.855841,ChIJA_xfkC6Df4gRAjVZwLz1jqA,OK,438415,471570213111044
789.509,35.109859,-89.99141100000001,ChIJs6JbpFyHf4gR9O01gG0a7fQ,OK,56519,471570065001000
789.509,35.109859,-89.99141100000001,ChIJs6JbpFyHf4gR9O01gG0a7fQ,OK,56519,471570065001000
1591.569,35.107529,-89.9862127,ChIJ0WGfSUKHf4gRjDLrfGQwCV4,OK,107400,471570065001000
561.202,35.109859,-89.99141100000001,ChIJs6JbpFyHf4gR9O01gG0a7fQ,OK,56997,471570066001032
561.202,35.109859,-89.99141100000001,ChIJs6JbpFyHf4gR9O01gG0a7fQ,OK,56997,471570066001032
1128.806,35.107529,-89.9862127,ChIJ0WGfSUKHf4gRjDLrfGQwCV4,OK,97775,471570066001032
1690.793,35.1497164,-89.95515999999999,ChIJcQb6ehiBf4gR-uA54eRPNq8,OK,113398,471570029002014
1141.729,35.14981359999999,-89.94918609999999,ChIJVdGBGRaBf4gRsi89Rzqn8W4,OK,69493,471570030001000
1141.729,35.14981359999999,-89.94918609999999,ChIJVdGBGRaBf4gRsi89Rzqn8W4,OK,69493,471570030001000
1286.587,35.1497164,-89.95515999999999,ChIJcQb6ehiBf4gR-uA54eRPNq8,OK,80412,471570030001000
2815.402,35.14859919999999,-89.91828060000002,ChIJRflgf-eDf4gRHX_XNYKER-s,OK,211428,471570029004005
2815.402,35.14859919999999,-89.91828060000002,ChIJRflgf-eDf4gRHX_XNYKER-s,OK,211428,471570029004005
3634.593,35.1161637,-89.9446263,ChIJ-ZiED8iGf4gR32IlfgDBKWY,OK,249941,471570029004005
1114.369,35.13418100000001,-89.98599,ChIJnf1_yraAf4gR9pQmD7CXhgg,OK,76331,471570031003011
1114.369,35.13418100000001,-89.98599,ChIJnf1_yraAf4gR9pQmD7CXhgg,OK,76331,471570031003011
1180.648,35.13779299999999,-89.99118349999999,ChIJUQlZ-K-Af4gRkRKK62-ap5w,OK,85829,471570031003011
823.849,35.13418100000001,-89.98599,ChIJnf1_yraAf4gR9pQmD7CXhgg,OK,69600,471570031002023
823.849,35.13418100000001,-89.98599,ChIJnf1_yraAf4gR9pQmD7CXhgg,OK,69600,471570031002023
1475.667,35.12545849999999,-89.97454169999999,ChIJoyT3HjOHf4gRS6EdHckmff8,OK,102483,471570031002023
1498.005,35.13418100000001,-89.98599,ChIJnf1_yraAf4gR9pQmD7CXhgg,OK,90116,471570031002031
1498.005,35.13418100000001,-89.98599,ChIJnf1_yraAf4gR9pQmD7CXhgg,OK,90116,471570031002031
1663.223,35.12545849999999,-89.97454169999999,ChIJoyT3HjOHf4gRS6EdHckmff8,OK,97090,471570031002031
1234.213,35.13774119999999,-89.99713,ChIJtwtohKiAf4gRFxkNLUf9PgA,OK,79201,471570032003014
1234.213,35.13774119999999,-89.99713,ChIJtwtohKiAf4gRFxkNLUf9PgA,OK,79201,471570032003014
1343.302,35.13418100000001,-89.98599,ChIJnf1_yraAf4gR9pQmD7CXhgg,OK,83532,471570032003014
375.139,35.12545849999999,-89.97454169999999,ChIJoyT3HjOHf4gRS6EdHckmff8,OK,30433,471570031001018
375.139,35.12545849999999,-89.97454169999999,ChIJoyT3HjOHf4gRS6EdHckmff8,OK,30433,471570031001018
1575.04,35.13418100000001,-89.98599,ChIJnf1_yraAf4gR9pQmD7CXhgg,OK,109979,471570031001018
348.102,35.13774119999999,-89.99713,ChIJtwtohKiAf4gRFxkNLUf9PgA,OK,45914,471570032002005
348.102,35.13774119999999,-89.99713,ChIJtwtohKiAf4gRFxkNLUf9PgA,OK,45914,471570032002005
1242.557,35.142439,-90.006118,ChIJeUPo2Rt-1YcRdoG2a54M-d0,OK,97493,471570032002005
1680.292,35.13774119999999,-89.99713,ChIJtwtohKiAf4gRFxkNLUf9PgA,OK,105965,471570033002014
1680.292,35.13774119999999,-89.99713,ChIJtwtohKiAf4gRFxkNLUf9PgA,OK,105965,471570033002014
1748.622,35.13763670000001,-90.00757159999999,ChIJl69WLQV-1YcRU3z7Tt2MyhY,OK,127488,471570033002014
1117.341,35.13763670000001,-90.00757159999999,ChIJl69WLQV-1YcRU3z7Tt2MyhY,OK,81858,471570034001016
1117.341,35.13763670000001,-90.00757159999999,ChIJl69WLQV-1YcRU3z7Tt2MyhY,OK,81858,471570034001016
1328.092,35.139426,-90.00714049999999,ChIJC-6kIBt-1YcRA1cskDtjsVc,OK,99980,471570034001016
509.315,35.13763670000001,-90.00757159999999,ChIJl69WLQV-1YcRU3z7Tt2MyhY,OK,42260,471570034001007
509.315,35.13763670000001,-90.00757159999999,ChIJl69WLQV-1YcRU3z7Tt2MyhY,OK,42260,471570034001007
618.098,35.139426,-90.00714049999999,ChIJC-6kIBt-1YcRA1cskDtjsVc,OK,55313,471570034001007
1325.709,35.13763670000001,-90.00757159999999,ChIJl69WLQV-1YcRU3z7Tt2MyhY,OK,117064,471570035001002
1325.709,35.13763670000001,-90.00757159999999,ChIJl69WLQV-1YcRU3z7Tt2MyhY,OK,117064,471570035001002
1536.46,35.139426,-90.00714049999999,ChIJC-6kIBt-1YcRA1cskDtjsVc,OK,135186,471570035001002
909.713,35.1444038,-90.0168571,ChIJufYEjhR-1YcREff46W6Lons,OK,64158,471570036002036
909.713,35.1444038,-90.0168571,ChIJufYEjhR-1YcREff46W6Lons,OK,64158,471570036002036
855.18,35.13763670000001,-90.00757159999999,ChIJl69WLQV-1YcRU3z7Tt2MyhY,OK,74288,471570036002036
1597.811,35.1444038,-90.0168571,ChIJufYEjhR-1YcREff46W6Lons,OK,110692,471570036002045
1597.811,35.1444038,-90.0168571,ChIJufYEjhR-1YcREff46W6Lons,OK,110692,471570036002045
1629.377,35.13763670000001,-90.00757159999999,ChIJl69WLQV-1YcRU3z7Tt2MyhY,OK,116201,471570036002045
1025.147,35.13763670000001,-90.00757159999999,ChIJl69WLQV-1YcRU3z7Tt2MyhY,OK,81055,471570036002050
1025.147,35.13763670000001,-90.00757159999999,ChIJl69WLQV-1YcRU3z7Tt2MyhY,OK,81055,471570036002050
1245.067,35.1444038,-90.0168571,ChIJufYEjhR-1YcREff46W6Lons,OK,89474,471570036002050
861.981,35.13763670000001,-90.00757159999999,ChIJl69WLQV-1YcRU3z7Tt2MyhY,OK,79212,471570036002052
861.981,35.13763670000001,-90.00757159999999,ChIJl69WLQV-1YcRU3z7Tt2MyhY,OK,79212,471570036002052
1064.243,35.139426,-90.00714049999999,ChIJC-6kIBt-1YcRA1cskDtjsVc,OK,103482,471570036002052
588.268,35.142439,-90.006118,ChIJeUPo2Rt-1YcRdoG2a54M-d0,OK,41405,471570036001000
588.268,35.142439,-90.006118,ChIJeUPo2Rt-1YcRdoG2a54M-d0,OK,41405,471570036001000
793.173,35.139426,-90.00714049999999,ChIJC-6kIBt-1YcRA1cskDtjsVc,OK,74883,471570036001000
1653.891,35.1439641,-90.0517892,ChIJL-0zBZR-1YcRj7p5p1WY4-g,OK,98531,471570039001003
1653.891,35.1439641,-90.0517892,ChIJL-0zBZR-1YcRj7p5p1WY4-g,OK,98531,471570039001003
1684.581,35.1435177,-90.0539328,ChIJ8VFg1pV-1YcRR9G8p0pZx6U,OK,98810,471570039001003
909.635,35.1439641,-90.0517892,ChIJL-0zBZR-1YcRj7p5p1WY4-g,OK,80518,471570114002000
909.635,35.1439641,-90.0517892,ChIJL-0zBZR-1YcRj7p5p1WY4-g,OK,80518,471570114002000
1118.551,35.1450994,-90.0538646,ChIJne6_s5V-1YcRn_LPaqiwhrk,OK,85972,471570114002000
1672.033,35.125222,-90.048147,ChIJ9cKdtid81YcRKs9h6RjzQzw,OK,94413,471570046001021
1672.033,35.125222,-90.048147,ChIJ9cKdtid81YcRKs9h6RjzQzw,OK,94413,471570046001021
1673.848,35.1251709,-90.0481695,ChIJybIJtCd81YcR9Otxws-5qCM,OK,94513,471570046001021
477.255,35.1157645,-90.022279,ChIJwZqBNMN91YcRRpdDvj5Pcr8,OK,34150,471570115002009
477.255,35.1157645,-90.022279,ChIJwZqBNMN91YcRRpdDvj5Pcr8,OK,34150,471570115002009
1198.375,35.1087458,-90.0211918,ChIJe6w2EsF91YcRquzVZc8M0-I,OK,75540,471570115002009
878.337,35.125222,-90.048147,ChIJ9cKdtid81YcRKs9h6RjzQzw,OK,98344,471570050002013
1099.527,35.125222,-90.048147,ChIJ9cKdtid81YcRKs9h6RjzQzw,OK,63119,471570114001062
1099.527,35.125222,-90.048147,ChIJ9cKdtid81YcRKs9h6RjzQzw,OK,63119,471570114001062
1101.341,35.1251709,-90.0481695,ChIJybIJtCd81YcR9Otxws-5qCM,OK,63219,471570114001062
1980.973,35.13774119999999,-89.99713,ChIJtwtohKiAf4gRFxkNLUf9PgA,OK,139861,471570033002017
1980.973,35.13774119999999,-89.99713,ChIJtwtohKiAf4gRFxkNLUf9PgA,OK,139861,471570033002017
1941.4,35.13763670000001,-90.00757159999999,ChIJl69WLQV-1YcRU3z7Tt2MyhY,OK,159518,471570033002017
1892.125,35.13774119999999,-89.99713,ChIJtwtohKiAf4gRFxkNLUf9PgA,OK,129200,471570033002022
1892.125,35.13774119999999,-89.99713,ChIJtwtohKiAf4gRFxkNLUf9PgA,OK,129200,471570033002022
2254.974,35.13763670000001,-90.00757159999999,ChIJl69WLQV-1YcRU3z7Tt2MyhY,OK,155788,471570033002022
2472.896,35.1161637,-89.9446263,ChIJ-ZiED8iGf4gR32IlfgDBKWY,OK,163621,471570073001004
2472.896,35.1161637,-89.9446263,ChIJ-ZiED8iGf4gR32IlfgDBKWY,OK,163621,471570073001004
3496.543,35.1079763,-89.9333841,ChIJqZoM4qKGf4gREaZMyPG1GBQ,OK,218970,471570073001004
1933.996,35.1161637,-89.9446263,ChIJ-ZiED8iGf4gR32IlfgDBKWY,OK,132362,471570073001014
1933.996,35.1161637,-89.9446263,ChIJ-ZiED8iGf4gR32IlfgDBKWY,OK,132362,471570073001014
3039.301,35.1075089,-89.9318387,ChIJVboYU6KGf4gRHfEHUi8Izac,OK,192190,471570073001014
1389.188,35.109859,-89.99141100000001,ChIJs6JbpFyHf4gR9O01gG0a7fQ,OK,80822,471570066002036
1389.188,35.109859,-89.99141100000001,ChIJs6JbpFyHf4gR9O01gG0a7fQ,OK,80822,471570066002036
1774.999,35.13418100000001,-89.98599,ChIJnf1_yraAf4gR9pQmD7CXhgg,OK,109431,471570066002036
1443.629,35.109859,-89.99141100000001,ChIJs6JbpFyHf4gR9O01gG0a7fQ,OK,92238,471570063001013
1443.629,35.109859,-89.99141100000001,ChIJs6JbpFyHf4gR9O01gG0a7fQ,OK,92238,471570063001013
1842.601,35.13418100000001,-89.98599,ChIJnf1_yraAf4gR9pQmD7CXhgg,OK,123804,471570063001013
1671.094,35.125222,-90.048147,ChIJ9cKdtid81YcRKs9h6RjzQzw,OK,120385,471570116002025
1671.094,35.125222,-90.048147,ChIJ9cKdtid81YcRKs9h6RjzQzw,OK,120385,471570116002025
1672.908,35.1251709,-90.0481695,ChIJybIJtCd81YcR9Otxws-5qCM,OK,120485,471570116002025
1096.013,35.1161637,-89.9446263,ChIJ-ZiED8iGf4gR32IlfgDBKWY,OK,83982,471570070001006
1096.013,35.1161637,-89.9446263,ChIJ-ZiED8iGf4gR32IlfgDBKWY,OK,83982,471570070001006
1644.298,35.108097,-89.941227,ChIJwxJT-r6Gf4gRhLDuFpyb128,OK,113058,471570070001006
1821.795,35.098685,-90.05664899999999,ChIJ31qwBkJ81YcRk2V5pdmdhrM,OK,105945,471570058001009
1825.969,35.1251709,-90.0481695,ChIJybIJtCd81YcR9Otxws-5qCM,OK,106172,471570058001009
1825.969,35.1251709,-90.0481695,ChIJybIJtCd81YcR9Otxws-5qCM,OK,106172,471570058001009
1571.993,35.1251709,-90.0481695,ChIJybIJtCd81YcR9Otxws-5qCM,OK,110118,471570058001007
1571.993,35.1251709,-90.0481695,ChIJybIJtCd81YcR9Otxws-5qCM,OK,110118,471570058001007
1573.807,35.125222,-90.048147,ChIJ9cKdtid81YcRKs9h6RjzQzw,OK,110219,471570058001007
1307.928,35.1060329,-90.039159,ChIJ231bcjV81YcRQ1quDeYAd6M,OK,86479,471570059002003
1307.928,35.1060329,-90.039159,ChIJ231bcjV81YcRQ1quDeYAd6M,OK,86479,471570059002003
1600.129,35.1157645,-90.022279,ChIJwZqBNMN91YcRRpdDvj5Pcr8,OK,95999,471570059002003
909.748,35.1087458,-90.0211918,ChIJe6w2EsF91YcRquzVZc8M0-I,OK,66898,471570115001018
909.748,35.1087458,-90.0211918,ChIJe6w2EsF91YcRquzVZc8M0-I,OK,66898,471570115001018
910.39,35.10874099999999,-90.021185,ChIJrVbiDcF91YcRG9TBOTpHc3I,OK,66975,471570115001018
2171.821,35.1087458,-90.0211918,ChIJe6w2EsF91YcRquzVZc8M0-I,OK,123723,471570115001019
2171.821,35.1087458,-90.0211918,ChIJe6w2EsF91YcRquzVZc8M0-I,OK,123723,471570115001019
2172.463,35.10874099999999,-90.021185,ChIJrVbiDcF91YcRG9TBOTpHc3I,OK,123800,471570115001019
1417.48,35.109859,-89.99141100000001,ChIJs6JbpFyHf4gR9O01gG0a7fQ,OK,83385,471570064001027
1417.48,35.109859,-89.99141100000001,ChIJs6JbpFyHf4gR9O01gG0a7fQ,OK,83385,471570064001027
1757.332,35.1087458,-90.0211918,ChIJe6w2EsF91YcRquzVZc8M0-I,OK,105650,471570064001027
1020.912,35.109859,-89.99141100000001,ChIJs6JbpFyHf4gR9O01gG0a7fQ,OK,56539,471570064001026
1020.912,35.109859,-89.99141100000001,ChIJs6JbpFyHf4gR9O01gG0a7fQ,OK,56539,471570064001026
1822.972,35.107529,-89.9862127,ChIJ0WGfSUKHf4gRjDLrfGQwCV4,OK,107420,471570064001026
1571.351,35.109859,-89.99141100000001,ChIJs6JbpFyHf4gR9O01gG0a7fQ,OK,88723,471570064001025
1571.351,35.109859,-89.99141100000001,ChIJs6JbpFyHf4gR9O01gG0a7fQ,OK,88723,471570064001025
2373.411,35.107529,-89.9862127,ChIJ0WGfSUKHf4gRjDLrfGQwCV4,OK,139604,471570064001025
849.742,35.109859,-89.99141100000001,ChIJs6JbpFyHf4gR9O01gG0a7fQ,OK,52343,471570065002003
849.742,35.109859,-89.99141100000001,ChIJs6JbpFyHf4gR9O01gG0a7fQ,OK,52343,471570065002003
1651.802,35.107529,-89.9862127,ChIJ0WGfSUKHf4gRjDLrfGQwCV4,OK,103224,471570065002003
292.624,35.09464699999999,-89.9708677,ChIJx5uAuBqHf4gRze5MKc5WJFI,OK,29766,471570079004006
292.624,35.09464699999999,-89.9708677,ChIJx5uAuBqHf4gRze5MKc5WJFI,OK,29766,471570079004006
855.946,35.0904795,-89.96597299999999,ChIJHfaNmAOHf4gR1d8V2K9rfSU,OK,59878,471570079004006
5267.677,35.098685,-90.05664899999999,ChIJ31qwBkJ81YcRk2V5pdmdhrM,OK,280477,471570053003059
5656.67,35.095133,-90.05542799999999,ChIJATnUo0J81YcRpbAuNwXeqRw,OK,302021,471570053003059
5656.67,35.095133,-90.05542799999999,ChIJATnUo0J81YcRpbAuNwXeqRw,OK,302021,471570053003059
1774.863,35.0841884,-89.97146650000001,ChIJX1vb4AeHf4gRloPQ2o5nDXA,OK,128628,471570078101041
1774.863,35.0841884,-89.97146650000001,ChIJX1vb4AeHf4gRloPQ2o5nDXA,OK,128628,471570078101041
2414.447,35.104197,-89.98335349999999,ChIJNST6hGqHf4gR0Mml4gyjQWk,OK,136883,471570078101041
4979.234,35.054745,-90.007971,ChIJXxyyQlt91YcRhldtWgjSnSE,OK,270569,471570225001021
4979.234,35.054745,-90.007971,ChIJXxyyQlt91YcRhldtWgjSnSE,OK,270569,471570225001021
5411.082,35.05407199999999,-90.00125899999999,ChIJIzdhk1h91YcRZT7cBcBslaM,OK,286608,471570225001021
1430.54,35.1507888,-89.977317,ChIJdVWrOuqAf4gR-V7s1E3qo7g,OK,93754,471570009001020
1298.266,35.1546312,-89.79260459999999,ChIJ8UeuSEecf4gRniit7ubZLtM,OK,74690,471570211251015
1298.266,35.1546312,-89.79260459999999,ChIJ8UeuSEecf4gRniit7ubZLtM,OK,74690,471570211251015
1678.154,35.14868459999999,-89.7948203,ChIJ4w9Lr2qcf4gRHdzl9FciAFM,OK,94190,471570211251015
4621.184,35.2044739,-89.76342459999999,ChIJ3XsJxyKef4gRTeWb3lonWsU,OK,331689,471570211413017
4621.184,35.2044739,-89.76342459999999,ChIJ3XsJxyKef4gRTeWb3lonWsU,OK,331689,471570211413017
5825.879,35.2072684,-89.7827147,ChIJKdJ2xvqdf4gRKLRUePlbOOs,OK,388573,471570211413017
1962.687,35.1546312,-89.79260459999999,ChIJ8UeuSEecf4gRniit7ubZLtM,OK,159496,471570211252022
1962.687,35.1546312,-89.79260459999999,ChIJ8UeuSEecf4gRniit7ubZLtM,OK,159496,471570211252022
2342.575,35.14868459999999,-89.7948203,ChIJ4w9Lr2qcf4gRHdzl9FciAFM,OK,178996,471570211252022
2115.871,35.1546312,-89.79260459999999,ChIJ8UeuSEecf4gRniit7ubZLtM,OK,161801,471570211362030
2115.871,35.1546312,-89.79260459999999,ChIJ8UeuSEecf4gRniit7ubZLtM,OK,161801,471570211362030
3063.332,35.14868459999999,-89.7948203,ChIJ4w9Lr2qcf4gRHdzl9FciAFM,OK,215353,471570211362030
1915.119,35.109859,-89.99141100000001,ChIJs6JbpFyHf4gR9O01gG0a7fQ,OK,125309,471570063002005
1915.119,35.109859,-89.99141100000001,ChIJs6JbpFyHf4gR9O01gG0a7fQ,OK,125309,471570063002005
2380.957,35.13774119999999,-89.99713,ChIJtwtohKiAf4gRFxkNLUf9PgA,OK,163212,471570063002005
4941.263,35.1546312,-89.79260459999999,ChIJ8UeuSEecf4gRniit7ubZLtM,OK,296952,471570211413024
4760.378,35.2044739,-89.76342459999999,ChIJ3XsJxyKef4gRTeWb3lonWsU,OK,349713,471570211413024
4760.378,35.2044739,-89.76342459999999,ChIJ3XsJxyKef4gRTeWb3lonWsU,OK,349713,471570211413024
6437.05,35.1581502,-89.72609419999999,ChIJL6yctRGff4gRqpalt07WxQs,OK,442470,471570211381000
6437.05,35.1581502,-89.72609419999999,ChIJL6yctRGff4gRqpalt07WxQs,OK,442470,471570211381000
6622.559,35.1546312,-89.79260459999999,ChIJ8UeuSEecf4gRniit7ubZLtM,OK,479531,471570211381000
1463.717,35.1157645,-90.022279,ChIJwZqBNMN91YcRRpdDvj5Pcr8,OK,93104,471570062001033
1463.717,35.1157645,-90.022279,ChIJwZqBNMN91YcRRpdDvj5Pcr8,OK,93104,471570062001033
2184.837,35.1087458,-90.0211918,ChIJe6w2EsF91YcRquzVZc8M0-I,OK,134494,471570062001033
2016.125,35.1546312,-89.79260459999999,ChIJ8UeuSEecf4gRniit7ubZLtM,OK,121809,471570211252003
2016.125,35.1546312,-89.79260459999999,ChIJ8UeuSEecf4gRniit7ubZLtM,OK,121809,471570211252003
2396.012,35.14868459999999,-89.7948203,ChIJ4w9Lr2qcf4gRHdzl9FciAFM,OK,141309,471570211252003
3493.318,35.14868459999999,-89.7948203,ChIJ4w9Lr2qcf4gRHdzl9FciAFM,OK,211306,471570211401021
3493.318,35.14868459999999,-89.7948203,ChIJ4w9Lr2qcf4gRHdzl9FciAFM,OK,211306,471570211401021
4259.48,35.1546312,-89.79260459999999,ChIJ8UeuSEecf4gRniit7ubZLtM,OK,232005,471570211401021
5073.628,35.14868459999999,-89.7948203,ChIJ4w9Lr2qcf4gRHdzl9FciAFM,OK,376094,471570211401034
5073.628,35.14868459999999,-89.7948203,ChIJ4w9Lr2qcf4gRHdzl9FciAFM,OK,376094,471570211401034
5839.791,35.1546312,-89.79260459999999,ChIJ8UeuSEecf4gRniit7ubZLtM,OK,396793,471570211401034
4530.756,35.14868459999999,-89.7948203,ChIJ4w9Lr2qcf4gRHdzl9FciAFM,OK,310818,471570211401027
4530.756,35.14868459999999,-89.7948203,ChIJ4w9Lr2qcf4gRHdzl9FciAFM,OK,310818,471570211401027
5296.918,35.1546312,-89.79260459999999,ChIJ8UeuSEecf4gRniit7ubZLtM,OK,331517,471570211401027
5373.681,35.14868459999999,-89.7948203,ChIJ4w9Lr2qcf4gRHdzl9FciAFM,OK,342834,471570211401040
5373.681,35.14868459999999,-89.7948203,ChIJ4w9Lr2qcf4gRHdzl9FciAFM,OK,342834,471570211401040
6139.843,35.1546312,-89.79260459999999,ChIJ8UeuSEecf4gRniit7ubZLtM,OK,363533,471570211401040
2373.082,35.0904795,-89.96597299999999,ChIJHfaNmAOHf4gR1d8V2K9rfSU,OK,141716,471570081102018
1206.242,35.0841884,-89.97146650000001,ChIJX1vb4AeHf4gRloPQ2o5nDXA,OK,83622,471570081102017
1206.242,35.0841884,-89.97146650000001,ChIJX1vb4AeHf4gRloPQ2o5nDXA,OK,83622,471570081102017
2474.802,35.0904795,-89.96597299999999,ChIJHfaNmAOHf4gR1d8V2K9rfSU,OK,157179,471570081102017
1243.467,35.06591589999999,-89.94154240000002,ChIJTUcfL2qGf4gRH4x-pmmajWw,OK,94744,471579801001021
1243.467,35.06591589999999,-89.94154240000002,ChIJTUcfL2qGf4gRH4x-pmmajWw,OK,94744,471579801001021
2409.209,35.086634,-89.96355199999999,ChIJW0XU3AGHf4gRINnmxvx9m5A,OK,144618,471579801001021
710.831,35.0841884,-89.97146650000001,ChIJX1vb4AeHf4gRloPQ2o5nDXA,OK,53191,471570081103001
710.831,35.0841884,-89.97146650000001,ChIJX1vb4AeHf4gRloPQ2o5nDXA,OK,53191,471570081103001
1979.391,35.0904795,-89.96597299999999,ChIJHfaNmAOHf4gR1d8V2K9rfSU,OK,126748,471570081103001
1071.642,35.0841884,-89.97146650000001,ChIJX1vb4AeHf4gRloPQ2o5nDXA,OK,105792,471570081204007
1071.642,35.0841884,-89.97146650000001,ChIJX1vb4AeHf4gRloPQ2o5nDXA,OK,105792,471570081204007
2340.202,35.0904795,-89.96597299999999,ChIJHfaNmAOHf4gR1d8V2K9rfSU,OK,179349,471570081204007
1852.813,35.098685,-90.05664899999999,ChIJ31qwBkJ81YcRk2V5pdmdhrM,OK,113262,471570055001015
1852.813,35.098685,-90.05664899999999,ChIJ31qwBkJ81YcRk2V5pdmdhrM,OK,113262,471570055001015
2241.805,35.095133,-90.05542799999999,ChIJATnUo0J81YcRpbAuNwXeqRw,OK,134806,471570055001015
828.264,35.0841884,-89.97146650000001,ChIJX1vb4AeHf4gRloPQ2o5nDXA,OK,67282,471570081103006
828.264,35.0841884,-89.97146650000001,ChIJX1vb4AeHf4gRloPQ2o5nDXA,OK,67282,471570081103006
2096.825,35.0904795,-89.96597299999999,ChIJHfaNmAOHf4gR1d8V2K9rfSU,OK,140839,471570081103006
2326.678,35.086634,-89.96355199999999,ChIJW0XU3AGHf4gRINnmxvx9m5A,OK,160583,471579801001006
2326.678,35.086634,-89.96355199999999,ChIJW0XU3AGHf4gRINnmxvx9m5A,OK,160583,471579801001006
2801.22,35.0904795,-89.96597299999999,ChIJHfaNmAOHf4gR1d8V2K9rfSU,OK,186864,471579801001006
238.354,35.0841884,-89.97146650000001,ChIJX1vb4AeHf4gRloPQ2o5nDXA,OK,23614,471570081204001
238.354,35.0841884,-89.97146650000001,ChIJX1vb4AeHf4gRloPQ2o5nDXA,OK,23614,471570081204001
1506.914,35.0904795,-89.96597299999999,ChIJHfaNmAOHf4gR1d8V2K9rfSU,OK,97171,471570081204001
266.28,35.0841884,-89.97146650000001,ChIJX1vb4AeHf4gRloPQ2o5nDXA,OK,26966,471570081204002
266.28,35.0841884,-89.97146650000001,ChIJX1vb4AeHf4gRloPQ2o5nDXA,OK,26966,471570081204002
1534.841,35.0904795,-89.96597299999999,ChIJHfaNmAOHf4gR1d8V2K9rfSU,OK,100523,471570081204002
343.143,35.086634,-89.96355199999999,ChIJW0XU3AGHf4gRINnmxvx9m5A,OK,22403,471570081203009
343.143,35.086634,-89.96355199999999,ChIJW0XU3AGHf4gRINnmxvx9m5A,OK,22403,471570081203009
817.686,35.0904795,-89.96597299999999,ChIJHfaNmAOHf4gR1d8V2K9rfSU,OK,48684,471570081203009
592.985,35.09464699999999,-89.9708677,ChIJx5uAuBqHf4gRze5MKc5WJFI,OK,45663,471570081201003
592.985,35.09464699999999,-89.9708677,ChIJx5uAuBqHf4gRze5MKc5WJFI,OK,45663,471570081201003
1156.307,35.0904795,-89.96597299999999,ChIJHfaNmAOHf4gR1d8V2K9rfSU,OK,75775,471570081201003
495.816,35.09464699999999,-89.9708677,ChIJx5uAuBqHf4gRze5MKc5WJFI,OK,34004,471570081201004
495.816,35.09464699999999,-89.9708677,ChIJx5uAuBqHf4gRze5MKc5WJFI,OK,34004,471570081201004
1059.138,35.0904795,-89.96597299999999,ChIJHfaNmAOHf4gR1d8V2K9rfSU,OK,64116,471570081201004
1346.8,35.086634,-89.96355199999999,ChIJW0XU3AGHf4gRINnmxvx9m5A,OK,75623,471570081202029
1346.8,35.086634,-89.96355199999999,ChIJW0XU3AGHf4gRINnmxvx9m5A,OK,75623,471570081202029
1821.343,35.0904795,-89.96597299999999,ChIJHfaNmAOHf4gR1d8V2K9rfSU,OK,101904,471570081202029
2810.063,35.02138900000001,-89.996898,ChIJz3MQkR6If4gRIBgmNH-BQcg,OK,167635,471570221121006
3468.352,35.05407199999999,-90.00125899999999,ChIJIzdhk1h91YcRZT7cBcBslaM,OK,204093,471570221121006
109.122,35.0344414,-89.8319559,ChIJfcC9SguQf4gR_xf02Tpo1-w,OK,6042,471570217461008
109.122,35.0344414,-89.8319559,ChIJfcC9SguQf4gR_xf02Tpo1-w,OK,6042,471570217461008
1234.298,35.0220022,-89.82947999999999,ChIJxT9DeWuQf4gRf6HLF5uJHd0,OK,68357,471570217461008
2729.237,35.02138900000001,-89.996898,ChIJz3MQkR6If4gRIBgmNH-BQcg,OK,168354,471570221121003
2729.237,35.02138900000001,-89.996898,ChIJz3MQkR6If4gRIBgmNH-BQcg,OK,168354,471570221121003
3387.525,35.05407199999999,-90.00125899999999,ChIJIzdhk1h91YcRZT7cBcBslaM,OK,204812,471570221121003
2657.316,35.02138900000001,-89.996898,ChIJz3MQkR6If4gRIBgmNH-BQcg,OK,165808,471570221123007
2657.316,35.02138900000001,-89.996898,ChIJz3MQkR6If4gRIBgmNH-BQcg,OK,165808,471570221123007
2854.444,35.021381,-90.020287,ChIJnVfwxMBi1YcR65EtGsZDcOY,OK,177468,471570221123007
2950.414,35.02138900000001,-89.996898,ChIJz3MQkR6If4gRIBgmNH-BQcg,OK,184477,471570221121002
2950.414,35.02138900000001,-89.996898,ChIJz3MQkR6If4gRIBgmNH-BQcg,OK,184477,471570221121002
3608.702,35.05407199999999,-90.00125899999999,ChIJIzdhk1h91YcRZT7cBcBslaM,OK,220935,471570221121002
1315.187,35.0333519,-90.02557630000001,ChIJK8z8Ksxi1YcRt8pxxgP2SA4,OK,99499,471570221111008
1315.187,35.0333519,-90.02557630000001,ChIJK8z8Ksxi1YcRt8pxxgP2SA4,OK,99499,471570221111008
1315.282,35.033351,-90.02556199999999,ChIJY7ePKsxi1YcRIP55gZFchMw,OK,99504,471570221111008
562.786,35.0344414,-89.8319559,ChIJfcC9SguQf4gR_xf02Tpo1-w,OK,44986,471570217461001
562.786,35.0344414,-89.8319559,ChIJfcC9SguQf4gR_xf02Tpo1-w,OK,44986,471570217461001
1513.792,35.0220022,-89.82947999999999,ChIJxT9DeWuQf4gRf6HLF5uJHd0,OK,108109,471570217461001
2455.527,35.02100869999999,-89.8995317,ChIJ-f6gz22Pf4gR-rWEeLgd-68,OK,113259,471570226001141
2455.527,35.02100869999999,-89.8995317,ChIJ-f6gz22Pf4gR-rWEeLgd-68,OK,113259,471570226001141
2466.799,35.0209193,-89.8996561,ChIJxWQfy22Pf4gRlC1jxVU1A2g,OK,113884,471570226001141
471.161,35.033351,-90.02556199999999,ChIJY7ePKsxi1YcRIP55gZFchMw,OK,58144,471570221111011
471.161,35.033351,-90.02556199999999,ChIJY7ePKsxi1YcRIP55gZFchMw,OK,58144,471570221111011
471.256,35.0333519,-90.02557630000001,ChIJK8z8Ksxi1YcRt8pxxgP2SA4,OK,58149,471570221111011
1461.913,35.04677619999999,-89.8859339,ChIJycTJ_niFf4gR5esliSzp17E,OK,80959,471570226001082
1461.913,35.04677619999999,-89.8859339,ChIJycTJ_niFf4gR5esliSzp17E,OK,80959,471570226001082
2380.415,35.0508681,-89.88111619999999,ChIJ68PUi3CFf4gRLPYGzNKUdto,OK,135972,471570226001082
1060.396,35.0333519,-90.02557630000001,ChIJK8z8Ksxi1YcRt8pxxgP2SA4,OK,71650,471570221111007
1060.396,35.0333519,-90.02557630000001,ChIJK8z8Ksxi1YcRt8pxxgP2SA4,OK,71650,471570221111007
1060.49,35.033351,-90.02556199999999,ChIJY7ePKsxi1YcRIP55gZFchMw,OK,71655,471570221111007
1312.19,35.033351,-90.02556199999999,ChIJY7ePKsxi1YcRIP55gZFchMw,OK,97166,471570221111014
1312.19,35.033351,-90.02556199999999,ChIJY7ePKsxi1YcRIP55gZFchMw,OK,97166,471570221111014
1312.285,35.0333519,-90.02557630000001,ChIJK8z8Ksxi1YcRt8pxxgP2SA4,OK,97171,471570221111014
1961.697,35.0344414,-89.8319559,ChIJfcC9SguQf4gR_xf02Tpo1-w,OK,115492,471570217411002
1961.697,35.0344414,-89.8319559,ChIJfcC9SguQf4gR_xf02Tpo1-w,OK,115492,471570217411002
2120.741,35.0490562,-89.84441600000001,ChIJCUulJK6af4gR7vOP_qSrYdM,OK,124337,471570217411002
761.024,35.0344414,-89.8319559,ChIJfcC9SguQf4gR_xf02Tpo1-w,OK,54236,471570217461011
761.024,35.0344414,-89.8319559,ChIJfcC9SguQf4gR_xf02Tpo1-w,OK,54236,471570217461011
974.756,35.0220022,-89.82947999999999,ChIJxT9DeWuQf4gRf6HLF5uJHd0,OK,67175,471570217461011
2214.761,35.1075089,-89.9318387,ChIJVboYU6KGf4gRHfEHUi8Izac,OK,168397,471570073003001
2214.761,35.1075089,-89.9318387,ChIJVboYU6KGf4gRHfEHUi8Izac,OK,168397,471570073003001
2356.669,35.1079763,-89.9333841,ChIJqZoM4qKGf4gREaZMyPG1GBQ,OK,176912,471570073003001
492.296,35.1161637,-89.9446263,ChIJ-ZiED8iGf4gR32IlfgDBKWY,OK,48933,471570074001000
492.296,35.1161637,-89.9446263,ChIJ-ZiED8iGf4gR32IlfgDBKWY,OK,48933,471570074001000
1379.534,35.108097,-89.941227,ChIJwxJT-r6Gf4gRhLDuFpyb128,OK,104485,471570074001000
627.643,35.1161637,-89.9446263,ChIJ-ZiED8iGf4gR32IlfgDBKWY,OK,65175,471570074001003
627.643,35.1161637,-89.9446263,ChIJ-ZiED8iGf4gR32IlfgDBKWY,OK,65175,471570074001003
1497.547,35.108097,-89.941227,ChIJwxJT-r6Gf4gRhLDuFpyb128,OK,117710,471570074001003
957.362,35.108097,-89.941227,ChIJwxJT-r6Gf4gRhLDuFpyb128,OK,73823,471570074001006
957.362,35.108097,-89.941227,ChIJwxJT-r6Gf4gRhLDuFpyb128,OK,73823,471570074001006
1108.644,35.1079763,-89.9333841,ChIJqZoM4qKGf4gREaZMyPG1GBQ,OK,80649,471570074001006
506.778,35.1161637,-89.9446263,ChIJ-ZiED8iGf4gR32IlfgDBKWY,OK,50671,471570074001004
506.778,35.1161637,-89.9446263,ChIJ-ZiED8iGf4gR32IlfgDBKWY,OK,50671,471570074001004
1359.552,35.108097,-89.941227,ChIJwxJT-r6Gf4gRhLDuFpyb128,OK,116575,471570074001004
856.593,35.1161637,-89.9446263,ChIJ-ZiED8iGf4gR32IlfgDBKWY,OK,92648,471570074002001
856.593,35.1161637,-89.9446263,ChIJ-ZiED8iGf4gR32IlfgDBKWY,OK,92648,471570074002001
1617.007,35.1079763,-89.9333841,ChIJqZoM4qKGf4gREaZMyPG1GBQ,OK,121655,471570074002001
1028.848,35.1079763,-89.9333841,ChIJqZoM4qKGf4gREaZMyPG1GBQ,OK,113232,471570074002011
1028.848,35.1079763,-89.9333841,ChIJqZoM4qKGf4gREaZMyPG1GBQ,OK,113232,471570074002011
1170.756,35.1075089,-89.9318387,ChIJVboYU6KGf4gRHfEHUi8Izac,OK,121746,471570074002011
1087.788,35.1075089,-89.9318387,ChIJVboYU6KGf4gRHfEHUi8Izac,OK,121501,471570074002000
1087.788,35.1075089,-89.9318387,ChIJVboYU6KGf4gRHfEHUi8Izac,OK,121501,471570074002000
1229.695,35.1079763,-89.9333841,ChIJqZoM4qKGf4gREaZMyPG1GBQ,OK,130016,471570074002000
570.574,35.1079763,-89.9333841,ChIJqZoM4qKGf4gREaZMyPG1GBQ,OK,58240,471570074002027
570.574,35.1079763,-89.9333841,ChIJqZoM4qKGf4gREaZMyPG1GBQ,OK,58240,471570074002027
712.481,35.1075089,-89.9318387,ChIJVboYU6KGf4gRHfEHUi8Izac,OK,66754,471570074002027
920.807,35.1161637,-89.9446263,ChIJ-ZiED8iGf4gR32IlfgDBKWY,OK,106897,471570074002014
920.807,35.1161637,-89.9446263,ChIJ-ZiED8iGf4gR32IlfgDBKWY,OK,106897,471570074002014
1329.547,35.108097,-89.941227,ChIJwxJT-r6Gf4gRhLDuFpyb128,OK,114652,471570074002014
1398.216,35.108097,-89.941227,ChIJwxJT-r6Gf4gRhLDuFpyb128,OK,127013,471570074002013
1549.498,35.1079763,-89.9333841,ChIJqZoM4qKGf4gREaZMyPG1GBQ,OK,133839,471570074002013
1549.498,35.1079763,-89.9333841,ChIJqZoM4qKGf4gREaZMyPG1GBQ,OK,133839,471570074002013
966.627,35.108097,-89.941227,ChIJwxJT-r6Gf4gRhLDuFpyb128,OK,75537,471570074002015
966.627,35.108097,-89.941227,ChIJwxJT-r6Gf4gRhLDuFpyb128,OK,75537,471570074002015
1117.909,35.1079763,-89.9333841,ChIJqZoM4qKGf4gREaZMyPG1GBQ,OK,82363,471570074002015
840.709,35.108097,-89.941227,ChIJwxJT-r6Gf4gRhLDuFpyb128,OK,66291,471570074002032
840.709,35.108097,-89.941227,ChIJwxJT-r6Gf4gRhLDuFpyb128,OK,66291,471570074002032
694.045,35.1079763,-89.9333841,ChIJqZoM4qKGf4gREaZMyPG1GBQ,OK,73057,471570074002032
8493.595,35.0612606,-89.88628629999999,ChIJAQ_I1gqFf4gRFrt5yQeAEps,OK,437798,471570095004000
2963.267,35.104197,-89.98335349999999,ChIJNST6hGqHf4gR0Mml4gyjQWk,OK,214067,471570078101026
2963.267,35.104197,-89.98335349999999,ChIJNST6hGqHf4gR0Mml4gyjQWk,OK,214067,471570078101026
3076.265,35.107529,-89.9862127,ChIJ0WGfSUKHf4gRjDLrfGQwCV4,OK,225188,471570078101026
1953.824,35.0841884,-89.97146650000001,ChIJX1vb4AeHf4gRloPQ2o5nDXA,OK,150102,471570078101023
1953.824,35.0841884,-89.97146650000001,ChIJX1vb4AeHf4gRloPQ2o5nDXA,OK,150102,471570078101023
2435.16,35.104197,-89.98335349999999,ChIJNST6hGqHf4gR0Mml4gyjQWk,OK,150695,471570078101023
3801.028,35.093591,-90.056624,ChIJgyVl92d81YcRhuRHHckl8Y4,OK,281004,471570053003007
3801.028,35.093591,-90.056624,ChIJgyVl92d81YcRhuRHHckl8Y4,OK,281004,471570053003007
3980.865,35.095133,-90.05542799999999,ChIJATnUo0J81YcRpbAuNwXeqRw,OK,290964,471570053003007
6918.803,35.0854368,-89.89541919999999,ChIJf5cc-VKEf4gRF-lYLgijYQQ,OK,343444,471570095004005
6918.803,35.0854368,-89.89541919999999,ChIJf5cc-VKEf4gRF-lYLgijYQQ,OK,343444,471570095004005
9109.675,35.0612606,-89.88628629999999,ChIJAQ_I1gqFf4gRFrt5yQeAEps,OK,469052,471570095004005
2536.5,35.104197,-89.98335349999999,ChIJNST6hGqHf4gR0Mml4gyjQWk,OK,162856,471570078101039
2536.5,35.104197,-89.98335349999999,ChIJNST6hGqHf4gR0Mml4gyjQWk,OK,162856,471570078101039
2065.154,35.0841884,-89.97146650000001,ChIJX1vb4AeHf4gRloPQ2o5nDXA,OK,163461,471570078101039
1014.23,35.086634,-89.96355199999999,ChIJW0XU3AGHf4gRINnmxvx9m5A,OK,107214,471570081202023
1014.23,35.086634,-89.96355199999999,ChIJW0XU3AGHf4gRINnmxvx9m5A,OK,107214,471570081202023
1488.772,35.0904795,-89.96597299999999,ChIJHfaNmAOHf4gR1d8V2K9rfSU,OK,133495,471570081202023
4553.536,35.0614623,-89.8536277,ChIJ4TWJkTWFf4gRbkNZYfkF9Jw,OK,279317,471570213201026
4553.536,35.0614623,-89.8536277,ChIJ4TWJkTWFf4gRbkNZYfkF9Jw,OK,279317,471570213201026
4638.308,35.0512763,-89.8427476,ChIJ7VPJ3q-af4gRdxERIyaZ0gk,OK,285505,471570213201026
3533.706,35.1087458,-90.0211918,ChIJe6w2EsF91YcRquzVZc8M0-I,OK,243227,471570078101015
3533.706,35.1087458,-90.0211918,ChIJe6w2EsF91YcRquzVZc8M0-I,OK,243227,471570078101015
3534.347,35.10874099999999,-90.021185,ChIJrVbiDcF91YcRG9TBOTpHc3I,OK,243304,471570078101015
4843.201,35.0643218,-89.9923063,ChIJb3DQuo2Hf4gRC8UI6d4pa68,OK,306732,471570078101020
4843.201,35.0643218,-89.9923063,ChIJb3DQuo2Hf4gRC8UI6d4pa68,OK,306732,471570078101020
3889.223,35.104197,-89.98335349999999,ChIJNST6hGqHf4gR0Mml4gyjQWk,OK,313852,471570078101020
1043.583,34.99227370000001,-90.0232297,ChIJY7HkKF9i1YcRjKJ-3GH9XsM,OK,80801,471570221304004
1129.017,34.9915203,-90.02290859999999,ChIJR4zh2F5i1YcRnlQUjUF62Hw,OK,85533,471570221304004
961.745,35.00495799999999,-90.0276544,ChIJuXbrrfFi1YcR97C4vX-T9Zk,OK,94303,471570221213009
961.745,35.00495799999999,-90.0276544,ChIJuXbrrfFi1YcR97C4vX-T9Zk,OK,94303,471570221213009
2756.609,35.0225458,-90.0257415,ChIJnc94gMRi1YcRKYztFRuX2Yw,OK,184222,471570221213009
1377.295,35.0225458,-90.0257415,ChIJnc94gMRi1YcRKYztFRuX2Yw,OK,108029,471570221213012
1377.295,35.0225458,-90.0257415,ChIJnc94gMRi1YcRKYztFRuX2Yw,OK,108029,471570221213012
1733.824,35.021381,-90.020287,ChIJnVfwxMBi1YcR65EtGsZDcOY,OK,128515,471570221213012
1214.482,35.0225458,-90.0257415,ChIJnc94gMRi1YcRKYztFRuX2Yw,OK,73273,471570221213013
1214.482,35.0225458,-90.0257415,ChIJnc94gMRi1YcRKYztFRuX2Yw,OK,73273,471570221213013
1082.3,35.00495799999999,-90.0276544,ChIJuXbrrfFi1YcR97C4vX-T9Zk,OK,76874,471570221213013
190.335,35.00495799999999,-90.0276544,ChIJuXbrrfFi1YcR97C4vX-T9Zk,OK,27258,471570221304003
190.335,35.00495799999999,-90.0276544,ChIJuXbrrfFi1YcR97C4vX-T9Zk,OK,27258,471570221304003
1888.863,34.99227370000001,-90.0232297,ChIJY7HkKF9i1YcRjKJ-3GH9XsM,OK,117160,471570221304003
961.819,35.00495799999999,-90.0276544,ChIJuXbrrfFi1YcR97C4vX-T9Zk,OK,94312,471570221213016
961.819,35.00495799999999,-90.0276544,ChIJuXbrrfFi1YcR97C4vX-T9Zk,OK,94312,471570221213016
2756.683,35.0225458,-90.0257415,ChIJnc94gMRi1YcRKYztFRuX2Yw,OK,184231,471570221213016
1443.935,35.0225458,-90.0257415,ChIJnc94gMRi1YcRKYztFRuX2Yw,OK,120259,471570221213010
1443.935,35.0225458,-90.0257415,ChIJnc94gMRi1YcRKYztFRuX2Yw,OK,120259,471570221213010
1800.464,35.021381,-90.020287,ChIJnVfwxMBi1YcR65EtGsZDcOY,OK,140745,471570221213010
887.813,35.00495799999999,-90.0276544,ChIJuXbrrfFi1YcR97C4vX-T9Zk,OK,85431,471570221213015
887.813,35.00495799999999,-90.0276544,ChIJuXbrrfFi1YcR97C4vX-T9Zk,OK,85431,471570221213015
2682.677,35.0225458,-90.0257415,ChIJnc94gMRi1YcRKYztFRuX2Yw,OK,175350,471570221213015
669.823,35.00495799999999,-90.0276544,ChIJuXbrrfFi1YcR97C4vX-T9Zk,OK,49658,471570221213023
669.823,35.00495799999999,-90.0276544,ChIJuXbrrfFi1YcR97C4vX-T9Zk,OK,49658,471570221213023
2286.043,34.99227370000001,-90.0232297,ChIJY7HkKF9i1YcRjKJ-3GH9XsM,OK,129684,471570221213023
995.533,35.00495799999999,-90.0276544,ChIJuXbrrfFi1YcR97C4vX-T9Zk,OK,98358,471570221213017
995.533,35.00495799999999,-90.0276544,ChIJuXbrrfFi1YcR97C4vX-T9Zk,OK,98358,471570221213017
1855.773,35.0225458,-90.0257415,ChIJnc94gMRi1YcRKYztFRuX2Yw,OK,135361,471570221213017
847.874,35.00495799999999,-90.0276544,ChIJuXbrrfFi1YcR97C4vX-T9Zk,OK,81233,471570221213021
847.874,35.00495799999999,-90.0276544,ChIJuXbrrfFi1YcR97C4vX-T9Zk,OK,81233,471570221213021
1985.742,35.0225458,-90.0257415,ChIJnc94gMRi1YcRKYztFRuX2Yw,OK,133330,471570221213021
803.825,35.00495799999999,-90.0276544,ChIJuXbrrfFi1YcR97C4vX-T9Zk,OK,75948,471570221213022
803.825,35.00495799999999,-90.0276544,ChIJuXbrrfFi1YcR97C4vX-T9Zk,OK,75948,471570221213022
1941.693,35.0225458,-90.0257415,ChIJnc94gMRi1YcRKYztFRuX2Yw,OK,128045,471570221213022
1454.424,35.0068452,-90.00681259999999,ChIJz3G0Jpti1YcRMCYWHOflqrA,OK,121781,471570221212006
1454.424,35.0068452,-90.00681259999999,ChIJz3G0Jpti1YcRMCYWHOflqrA,OK,121781,471570221212006
2564.498,35.021381,-90.020287,ChIJnVfwxMBi1YcR65EtGsZDcOY,OK,183742,471570221212006
1445.487,35.0225458,-90.0257415,ChIJnc94gMRi1YcRKYztFRuX2Yw,OK,110390,471570221211005
1802.015,35.021381,-90.020287,ChIJnVfwxMBi1YcR65EtGsZDcOY,OK,130876,471570221211005
1802.015,35.021381,-90.020287,ChIJnVfwxMBi1YcR65EtGsZDcOY,OK,130876,471570221211005
1023.584,35.00495799999999,-90.0276544,ChIJuXbrrfFi1YcR97C4vX-T9Zk,OK,91329,471570221211022
1023.584,35.00495799999999,-90.0276544,ChIJuXbrrfFi1YcR97C4vX-T9Zk,OK,91329,471570221211022
1656.357,35.0068452,-90.00681259999999,ChIJz3G0Jpti1YcRMCYWHOflqrA,OK,119819,471570221211022
621.277,35.00495799999999,-90.0276544,ChIJuXbrrfFi1YcR97C4vX-T9Zk,OK,45325,471570221211019
621.277,35.00495799999999,-90.0276544,ChIJuXbrrfFi1YcR97C4vX-T9Zk,OK,45325,471570221211019
1845.825,35.021381,-90.020287,ChIJnVfwxMBi1YcR65EtGsZDcOY,OK,102963,471570221211019
1420.01,35.0225458,-90.0257415,ChIJnc94gMRi1YcRKYztFRuX2Yw,OK,107333,471570221211007
1776.539,35.021381,-90.020287,ChIJnVfwxMBi1YcR65EtGsZDcOY,OK,127819,471570221211007
1776.539,35.021381,-90.020287,ChIJnVfwxMBi1YcR65EtGsZDcOY,OK,127819,471570221211007
1133.897,35.00495799999999,-90.0276544,ChIJuXbrrfFi1YcR97C4vX-T9Zk,OK,104566,471570221211023
1133.897,35.00495799999999,-90.0276544,ChIJuXbrrfFi1YcR97C4vX-T9Zk,OK,104566,471570221211023
2399.952,35.021381,-90.020287,ChIJnVfwxMBi1YcR65EtGsZDcOY,OK,178364,471570221211023
623.372,35.00495799999999,-90.0276544,ChIJuXbrrfFi1YcR97C4vX-T9Zk,OK,45441,471570221213018
623.372,35.00495799999999,-90.0276544,ChIJuXbrrfFi1YcR97C4vX-T9Zk,OK,45441,471570221213018
1487.201,35.0225458,-90.0257415,ChIJnc94gMRi1YcRKYztFRuX2Yw,OK,82361,471570221213018
926.383,35.00495799999999,-90.0276544,ChIJuXbrrfFi1YcR97C4vX-T9Zk,OK,90654,471570221211018
926.383,35.00495799999999,-90.0276544,ChIJuXbrrfFi1YcR97C4vX-T9Zk,OK,90654,471570221211018
2078.218,35.021381,-90.020287,ChIJnVfwxMBi1YcR65EtGsZDcOY,OK,139757,471570221211018
712.321,35.00495799999999,-90.0276544,ChIJuXbrrfFi1YcR97C4vX-T9Zk,OK,64967,471570221211025
712.321,35.00495799999999,-90.0276544,ChIJuXbrrfFi1YcR97C4vX-T9Zk,OK,64967,471570221211025
2017.373,34.99227370000001,-90.0232297,ChIJY7HkKF9i1YcRjKJ-3GH9XsM,OK,126323,471570221211025
974.921,35.00495799999999,-90.0276544,ChIJuXbrrfFi1YcR97C4vX-T9Zk,OK,79067,471570221304013
974.921,35.00495799999999,-90.0276544,ChIJuXbrrfFi1YcR97C4vX-T9Zk,OK,79067,471570221304013
1395.199,34.99227370000001,-90.0232297,ChIJY7HkKF9i1YcRjKJ-3GH9XsM,OK,91425,471570221304013
1341.503,35.00495799999999,-90.0276544,ChIJuXbrrfFi1YcR97C4vX-T9Zk,OK,119046,471570221304001
1341.503,35.00495799999999,-90.0276544,ChIJuXbrrfFi1YcR97C4vX-T9Zk,OK,119046,471570221304001
1180.797,35.02753099999999,-90.082077,ChIJK66rdetk1YcRwwxI9gDREks,OK,133468,471570223303006
1981.869,35.0326981,-90.07589809999999,ChIJ9S1ljalk1YcRvuG-_hbpimA,OK,177834,471570223303006
3126.382,35.06128,-90.05978399999999,ChIJm06f8ZV81YcRTjzAsJPcBKY,OK,161694,471570078221046
3210.853,35.093591,-90.056624,ChIJgyVl92d81YcRhuRHHckl8Y4,OK,162818,471570078221046
3210.853,35.093591,-90.056624,ChIJgyVl92d81YcRhuRHHckl8Y4,OK,162818,471570078221046
1167.086,35.0543926,-90.0597009,ChIJT5TzUbl81YcRiPqNjkbj9CA,OK,82022,471570223213001
1167.086,35.0543926,-90.0597009,ChIJT5TzUbl81YcRiPqNjkbj9CA,OK,82022,471570223213001
1926.639,35.06128,-90.05978399999999,ChIJm06f8ZV81YcRTjzAsJPcBKY,OK,124087,471570223213001
1732.956,35.0225458,-90.0257415,ChIJnc94gMRi1YcRKYztFRuX2Yw,OK,122712,471570221113010
1732.956,35.0225458,-90.0257415,ChIJnc94gMRi1YcRKYztFRuX2Yw,OK,122712,471570221113010
2934.697,35.0333519,-90.02557630000001,ChIJK8z8Ksxi1YcRt8pxxgP2SA4,OK,189265,471570221113010
1470.449,35.109859,-89.99141100000001,ChIJs6JbpFyHf4gR9O01gG0a7fQ,OK,123479,471570065002011
1470.449,35.109859,-89.99141100000001,ChIJs6JbpFyHf4gR9O01gG0a7fQ,OK,123479,471570065002011
2272.509,35.107529,-89.9862127,ChIJ0WGfSUKHf4gRjDLrfGQwCV4,OK,174360,471570065002011
2443.794,35.1546312,-89.79260459999999,ChIJ8UeuSEecf4gRniit7ubZLtM,OK,205550,471570211374044
2443.794,35.1546312,-89.79260459999999,ChIJ8UeuSEecf4gRniit7ubZLtM,OK,205550,471570211374044
2226.854,35.14868459999999,-89.7948203,ChIJ4w9Lr2qcf4gRHdzl9FciAFM,OK,212601,471570211374044
616.661,35.222344,-89.97682999999999,ChIJ987Br45_f4gRjwrvnFN8t7k,OK,46663,471570102202001
616.661,35.222344,-89.97682999999999,ChIJ987Br45_f4gRjwrvnFN8t7k,OK,46663,471570102202001
1017.527,35.2227028,-89.97692290000001,ChIJ987Br45_f4gRMoYIhCny13Q,OK,82795,471570102202001
1096.763,35.1738374,-89.98954379999999,ChIJ_S0BIGOAf4gRU3Ph4W65cOQ,OK,121951,471570006001037
1096.763,35.1738374,-89.98954379999999,ChIJ_S0BIGOAf4gRU3Ph4W65cOQ,OK,121951,471570006001037
1746.23,35.17410499999999,-89.97575479999999,ChIJmfYTGFmAf4gRHGKCaD0qCtI,OK,157189,471570006001037
1945.16,35.17410499999999,-89.97575479999999,ChIJmfYTGFmAf4gRHGKCaD0qCtI,OK,128207,471570111001003
1945.16,35.17410499999999,-89.97575479999999,ChIJmfYTGFmAf4gRHGKCaD0qCtI,OK,128207,471570111001003
3183.583,35.1738374,-89.98954379999999,ChIJ_S0BIGOAf4gRU3Ph4W65cOQ,OK,202503,471570111001003
3487.348,35.1490317,-90.0140679,ChIJw3q9_xV-1YcRqrte6yBn1CI,OK,183836,471570004001012
3487.348,35.1490317,-90.0140679,ChIJw3q9_xV-1YcRqrte6yBn1CI,OK,183836,471570004001012
4209.586,35.1444038,-90.0168571,ChIJufYEjhR-1YcREff46W6Lons,OK,231189,471570004001012
1783.73,35.17410499999999,-89.97575479999999,ChIJmfYTGFmAf4gRHGKCaD0qCtI,OK,158096,471570009001016
1783.73,35.17410499999999,-89.97575479999999,ChIJmfYTGFmAf4gRHGKCaD0qCtI,OK,158096,471570009001016
2140.619,35.1507888,-89.977317,ChIJdVWrOuqAf4gR-V7s1E3qo7g,OK,185299,471570009001016
1047.761,35.1490317,-90.0140679,ChIJw3q9_xV-1YcRqrte6yBn1CI,OK,62292,471570025001041
1047.761,35.1490317,-90.0140679,ChIJw3q9_xV-1YcRqrte6yBn1CI,OK,62292,471570025001041
1769.999,35.1444038,-90.0168571,ChIJufYEjhR-1YcREff46W6Lons,OK,109645,471570025001041
5889.503,35.14868459999999,-89.7948203,ChIJ4w9Lr2qcf4gRHdzl9FciAFM,OK,361523,471570211391028
5889.503,35.14868459999999,-89.7948203,ChIJ4w9Lr2qcf4gRHdzl9FciAFM,OK,361523,471570211391028
6655.666,35.1546312,-89.79260459999999,ChIJ8UeuSEecf4gRniit7ubZLtM,OK,382222,471570211391028
5255.85,35.1439641,-90.0517892,ChIJL-0zBZR-1YcRj7p5p1WY4-g,OK,400578,471570001002010
5255.85,35.1439641,-90.0517892,ChIJL-0zBZR-1YcRj7p5p1WY4-g,OK,400578,471570001002010
5464.766,35.1450994,-90.0538646,ChIJne6_s5V-1YcRn_LPaqiwhrk,OK,406032,471570001002010
5870.035,35.0614623,-89.8536277,ChIJ4TWJkTWFf4gRbkNZYfkF9Jw,OK,366173,471570214303013
5870.035,35.0614623,-89.8536277,ChIJ4TWJkTWFf4gRbkNZYfkF9Jw,OK,366173,471570214303013
5954.807,35.0512763,-89.8427476,ChIJ7VPJ3q-af4gRdxERIyaZ0gk,OK,372361,471570214303013
2363.036,35.093591,-90.056624,ChIJgyVl92d81YcRhuRHHckl8Y4,OK,148683,471570056003026
2363.036,35.093591,-90.056624,ChIJgyVl92d81YcRhuRHHckl8Y4,OK,148683,471570056003026
2542.873,35.095133,-90.05542799999999,ChIJATnUo0J81YcRpbAuNwXeqRw,OK,158643,471570056003026
1819.151,35.109859,-89.99141100000001,ChIJs6JbpFyHf4gR9O01gG0a7fQ,OK,131584,471570062003005
1819.151,35.109859,-89.99141100000001,ChIJs6JbpFyHf4gR9O01gG0a7fQ,OK,131584,471570062003005
2159.003,35.1087458,-90.0211918,ChIJe6w2EsF91YcRquzVZc8M0-I,OK,153849,471570062003005
1505.457,35.1087458,-90.0211918,ChIJe6w2EsF91YcRquzVZc8M0-I,OK,107675,471570062003010
1505.457,35.1087458,-90.0211918,ChIJe6w2EsF91YcRquzVZc8M0-I,OK,107675,471570062003010
1506.098,35.10874099999999,-90.021185,ChIJrVbiDcF91YcRG9TBOTpHc3I,OK,107752,471570062003010
1694.756,35.109859,-89.99141100000001,ChIJs6JbpFyHf4gR9O01gG0a7fQ,OK,116657,471570062003009
1694.756,35.109859,-89.99141100000001,ChIJs6JbpFyHf4gR9O01gG0a7fQ,OK,116657,471570062003009
2034.608,35.1087458,-90.0211918,ChIJe6w2EsF91YcRquzVZc8M0-I,OK,138922,471570062003009
115.667,35.10874099999999,-90.021185,ChIJrVbiDcF91YcRG9TBOTpHc3I,OK,13880,471570060001007
115.667,35.10874099999999,-90.021185,ChIJrVbiDcF91YcRG9TBOTpHc3I,OK,13880,471570060001007
116.308,35.1087458,-90.0211918,ChIJe6w2EsF91YcRquzVZc8M0-I,OK,13956,471570060001007
410.81,35.10874099999999,-90.021185,ChIJrVbiDcF91YcRG9TBOTpHc3I,OK,49296,471570060001005
410.81,35.10874099999999,-90.021185,ChIJrVbiDcF91YcRG9TBOTpHc3I,OK,49296,471570060001005
411.451,35.1087458,-90.0211918,ChIJe6w2EsF91YcRquzVZc8M0-I,OK,49373,471570060001005
501.435,35.10874099999999,-90.021185,ChIJrVbiDcF91YcRG9TBOTpHc3I,OK,55898,471570060001008
501.435,35.10874099999999,-90.021185,ChIJrVbiDcF91YcRG9TBOTpHc3I,OK,55898,471570060001008
502.076,35.1087458,-90.0211918,ChIJe6w2EsF91YcRquzVZc8M0-I,OK,55975,471570060001008
252.376,35.1087458,-90.0211918,ChIJe6w2EsF91YcRquzVZc8M0-I,OK,24468,471570060001011
252.376,35.1087458,-90.0211918,ChIJe6w2EsF91YcRquzVZc8M0-I,OK,24468,471570060001011
253.017,35.10874099999999,-90.021185,ChIJrVbiDcF91YcRG9TBOTpHc3I,OK,24545,471570060001011
616.473,35.1087458,-90.0211918,ChIJe6w2EsF91YcRquzVZc8M0-I,OK,42548,471570060001013
616.473,35.1087458,-90.0211918,ChIJe6w2EsF91YcRquzVZc8M0-I,OK,42548,471570060001013
617.114,35.10874099999999,-90.021185,ChIJrVbiDcF91YcRG9TBOTpHc3I,OK,42625,471570060001013
985.105,35.1087458,-90.0211918,ChIJe6w2EsF91YcRquzVZc8M0-I,OK,78873,471570060001015
985.105,35.1087458,-90.0211918,ChIJe6w2EsF91YcRquzVZc8M0-I,OK,78873,471570060001015
985.746,35.10874099999999,-90.021185,ChIJrVbiDcF91YcRG9TBOTpHc3I,OK,78950,471570060001015
917.129,35.1087458,-90.0211918,ChIJe6w2EsF91YcRquzVZc8M0-I,OK,76271,471570060002002
917.129,35.1087458,-90.0211918,ChIJe6w2EsF91YcRquzVZc8M0-I,OK,76271,471570060002002
917.77,35.10874099999999,-90.021185,ChIJrVbiDcF91YcRG9TBOTpHc3I,OK,76348,471570060002002
3668.749,35.1145886,-89.90089789999999,ChIJKWmlFW6Ef4gR0YNISWQMkss,OK,231986,471570094002012
624.409,35.0854368,-89.89541919999999,ChIJf5cc-VKEf4gRF-lYLgijYQQ,OK,46434,471570094002025
624.409,35.0854368,-89.89541919999999,ChIJf5cc-VKEf4gRF-lYLgijYQQ,OK,46434,471570094002025
3288.991,35.063996,-89.90690699999999,ChIJn51vcb-Ff4gRvoXU4r8swrw,OK,209348,471570094002025
952.241,35.0854368,-89.89541919999999,ChIJf5cc-VKEf4gRF-lYLgijYQQ,OK,66914,471570095001029
952.241,35.0854368,-89.89541919999999,ChIJf5cc-VKEf4gRF-lYLgijYQQ,OK,66914,471570095001029
3048.184,35.1145886,-89.90089789999999,ChIJKWmlFW6Ef4gR0YNISWQMkss,OK,194130,471570095001029
222.481,35.0854368,-89.89541919999999,ChIJf5cc-VKEf4gRF-lYLgijYQQ,OK,13501,471570095001034
222.481,35.0854368,-89.89541919999999,ChIJf5cc-VKEf4gRF-lYLgijYQQ,OK,13501,471570095001034
3794.405,35.063996,-89.90690699999999,ChIJn51vcb-Ff4gRvoXU4r8swrw,OK,218094,471570095001034
3042.98,35.0854368,-89.89541919999999,ChIJf5cc-VKEf4gRF-lYLgijYQQ,OK,151225,471570107101000
3042.98,35.0854368,-89.89541919999999,ChIJf5cc-VKEf4gRF-lYLgijYQQ,OK,151225,471570107101000
2920.893,35.063996,-89.90690699999999,ChIJn51vcb-Ff4gRvoXU4r8swrw,OK,166384,471570107101000
2200.161,35.0326981,-90.07589809999999,ChIJ9S1ljalk1YcRvuG-_hbpimA,OK,166887,471570223104009
2200.161,35.0326981,-90.07589809999999,ChIJ9S1ljalk1YcRvuG-_hbpimA,OK,166887,471570223104009
2587.54,35.0543926,-90.0597009,ChIJT5TzUbl81YcRiPqNjkbj9CA,OK,191800,471570223104009
2673.022,35.0326981,-90.07589809999999,ChIJ9S1ljalk1YcRvuG-_hbpimA,OK,182330,471570223103007
2673.022,35.0326981,-90.07589809999999,ChIJ9S1ljalk1YcRvuG-_hbpimA,OK,182330,471570223103007
3060.401,35.0543926,-90.0597009,ChIJT5TzUbl81YcRiPqNjkbj9CA,OK,207243,471570223103007
1359.195,35.0515568,-89.90630259999999,ChIJrU8jyZKFf4gRubg1AIyELWY,OK,103343,471570108104009
1544.458,35.062945,-89.90568519999999,ChIJjxj9mL-Ff4gRoOEx9OzDyxs,OK,107277,471570108104009
983.677,35.0515568,-89.90630259999999,ChIJrU8jyZKFf4gRubg1AIyELWY,OK,94736,471570108104008
983.677,35.0515568,-89.90630259999999,ChIJrU8jyZKFf4gRubg1AIyELWY,OK,94736,471570108104008
1521.177,35.062945,-89.90568519999999,ChIJjxj9mL-Ff4gRoOEx9OzDyxs,OK,99949,471570108104008
925.563,35.0515568,-89.90630259999999,ChIJrU8jyZKFf4gRubg1AIyELWY,OK,87762,471570108104016
925.563,35.0515568,-89.90630259999999,ChIJrU8jyZKFf4gRubg1AIyELWY,OK,87762,471570108104016
1579.291,35.062945,-89.90568519999999,ChIJjxj9mL-Ff4gRoOEx9OzDyxs,OK,106923,471570108104016
1240.984,35.0515568,-89.90630259999999,ChIJrU8jyZKFf4gRubg1AIyELWY,OK,94004,471570226002015
1240.984,35.0515568,-89.90630259999999,ChIJrU8jyZKFf4gRubg1AIyELWY,OK,94004,471570226002015
1178.042,35.05018,-89.89110199999999,ChIJNUozxJyFf4gRrJ8tUHk1p2Q,OK,108003,471570226002015
1043.518,35.0515568,-89.90630259999999,ChIJrU8jyZKFf4gRubg1AIyELWY,OK,83532,471570226002016
1043.518,35.0515568,-89.90630259999999,ChIJrU8jyZKFf4gRubg1AIyELWY,OK,83532,471570226002016
1550.259,35.05018,-89.89110199999999,ChIJNUozxJyFf4gRrJ8tUHk1p2Q,OK,108694,471570226002016
796.096,35.0515568,-89.90630259999999,ChIJrU8jyZKFf4gRubg1AIyELWY,OK,57022,471570226001068
796.096,35.0515568,-89.90630259999999,ChIJrU8jyZKFf4gRubg1AIyELWY,OK,57022,471570226001068
1302.836,35.05018,-89.89110199999999,ChIJNUozxJyFf4gRrJ8tUHk1p2Q,OK,82184,471570226001068
605.689,35.0515568,-89.90630259999999,ChIJrU8jyZKFf4gRubg1AIyELWY,OK,56565,471570226001067
605.689,35.0515568,-89.90630259999999,ChIJrU8jyZKFf4gRubg1AIyELWY,OK,56565,471570226001067
1255.984,35.05018,-89.89110199999999,ChIJNUozxJyFf4gRrJ8tUHk1p2Q,OK,83144,471570226001067
3557.577,35.06128,-90.05978399999999,ChIJm06f8ZV81YcRTjzAsJPcBKY,OK,244408,471570222203010
3557.577,35.06128,-90.05978399999999,ChIJm06f8ZV81YcRTjzAsJPcBKY,OK,244408,471570222203010
2718.148,35.0543926,-90.0597009,ChIJT5TzUbl81YcRiPqNjkbj9CA,OK,181243,471570222203016
3299.504,35.06128,-90.05978399999999,ChIJm06f8ZV81YcRTjzAsJPcBKY,OK,213440,471570222203016
3299.504,35.06128,-90.05978399999999,ChIJm06f8ZV81YcRTjzAsJPcBKY,OK,213440,471570222203016
2442.887,35.0543926,-90.0597009,ChIJT5TzUbl81YcRiPqNjkbj9CA,OK,186320,471570222201019
1625.691,35.061362,-90.05986399999999,ChIJL_Gh8ZV81YcRDlMHRKqR_IA,OK,195078,471570222201019
1625.691,35.061362,-90.05986399999999,ChIJL_Gh8ZV81YcRDlMHRKqR_IA,OK,195078,471570222201019
3330.518,35.0326981,-90.07589809999999,ChIJ9S1ljalk1YcRvuG-_hbpimA,OK,261227,471570223103004
3330.518,35.0326981,-90.07589809999999,ChIJ9S1ljalk1YcRvuG-_hbpimA,OK,261227,471570223103004
3717.897,35.0543926,-90.0597009,ChIJT5TzUbl81YcRiPqNjkbj9CA,OK,286140,471570223103004
3280.07,35.0326981,-90.07589809999999,ChIJ9S1ljalk1YcRvuG-_hbpimA,OK,255173,471570223103015
3280.07,35.0326981,-90.07589809999999,ChIJ9S1ljalk1YcRvuG-_hbpimA,OK,255173,471570223103015
3667.449,35.0543926,-90.0597009,ChIJT5TzUbl81YcRiPqNjkbj9CA,OK,280086,471570223103015
2147.552,35.0326981,-90.07589809999999,ChIJ9S1ljalk1YcRvuG-_hbpimA,OK,143161,471570223103006
2147.552,35.0326981,-90.07589809999999,ChIJ9S1ljalk1YcRvuG-_hbpimA,OK,143161,471570223103006
2534.931,35.0543926,-90.0597009,ChIJT5TzUbl81YcRiPqNjkbj9CA,OK,168074,471570223103006
303.04,35.13779299999999,-89.99118349999999,ChIJUQlZ-K-Af4gRkRKK62-ap5w,OK,27250,471570031004006
303.04,35.13779299999999,-89.99118349999999,ChIJUQlZ-K-Af4gRkRKK62-ap5w,OK,27250,471570031004006
1060.344,35.13418100000001,-89.98599,ChIJnf1_yraAf4gR9pQmD7CXhgg,OK,70504,471570031004006
1800.91,34.99227370000001,-90.0232297,ChIJY7HkKF9i1YcRjKJ-3GH9XsM,OK,136296,471570221304001
1181.931,35.00495799999999,-90.0276544,ChIJuXbrrfFi1YcR97C4vX-T9Zk,OK,99898,471570221304011
1181.931,35.00495799999999,-90.0276544,ChIJuXbrrfFi1YcR97C4vX-T9Zk,OK,99898,471570221304011
2486.983,34.99227370000001,-90.0232297,ChIJY7HkKF9i1YcRjKJ-3GH9XsM,OK,161254,471570221304011
793.391,34.993343,-90.00823899999999,ChIJk-nxFn1i1YcRBckohHLWoho,OK,67279,471570221305007
793.391,34.993343,-90.00823899999999,ChIJk-nxFn1i1YcRBckohHLWoho,OK,67279,471570221305007
1407.922,35.0068452,-90.00681259999999,ChIJz3G0Jpti1YcRMCYWHOflqrA,OK,104149,471570221305007
1674.772,34.99227370000001,-90.0232297,ChIJY7HkKF9i1YcRjKJ-3GH9XsM,OK,121161,471570221304012
1674.772,34.99227370000001,-90.0232297,ChIJY7HkKF9i1YcRjKJ-3GH9XsM,OK,121161,471570221304012
1760.206,34.9915203,-90.02290859999999,ChIJR4zh2F5i1YcRnlQUjUF62Hw,OK,125893,471570221304012
1676.288,34.99227370000001,-90.0232297,ChIJY7HkKF9i1YcRjKJ-3GH9XsM,OK,121343,471570221304010
1676.288,34.99227370000001,-90.0232297,ChIJY7HkKF9i1YcRjKJ-3GH9XsM,OK,121343,471570221304010
1761.722,34.9915203,-90.02290859999999,ChIJR4zh2F5i1YcRnlQUjUF62Hw,OK,126075,471570221304010
1430.54,35.1507888,-89.977317,ChIJdVWrOuqAf4gR-V7s1E3qo7g,OK,93754,471570009001020
2363.249,35.17410499999999,-89.97575479999999,ChIJmfYTGFmAf4gRHGKCaD0qCtI,OK,149708,471570009001020
4832.596,35.05407199999999,-90.00125899999999,ChIJIzdhk1h91YcRZT7cBcBslaM,OK,260973,471570225001081
5349.112,35.0643218,-89.9923063,ChIJb3DQuo2Hf4gRC8UI6d4pa68,OK,306261,471570225001081
5349.112,35.0643218,-89.9923063,ChIJb3DQuo2Hf4gRC8UI6d4pa68,OK,306261,471570225001081
93.511,35.05905920000001,-89.9340455,ChIJM89Mbw2Gf4gRFqf4fPnKU7k,OK,6732,471570105001031
93.511,35.05905920000001,-89.9340455,ChIJM89Mbw2Gf4gRFqf4fPnKU7k,OK,6732,471570105001031
1523.306,35.0515544,-89.92255089999999,ChIJG_UFGuOFf4gRyHNDzwp5is0,OK,83022,471570105001031
486.809,35.05905920000001,-89.9340455,ChIJM89Mbw2Gf4gRFqf4fPnKU7k,OK,33035,471570105001018
486.809,35.05905920000001,-89.9340455,ChIJM89Mbw2Gf4gRFqf4fPnKU7k,OK,33035,471570105001018
942.143,35.06591589999999,-89.94154240000002,ChIJTUcfL2qGf4gRH4x-pmmajWw,OK,67786,471570105001018
447.705,35.05905920000001,-89.9340455,ChIJM89Mbw2Gf4gRFqf4fPnKU7k,OK,55669,471570105001032
447.705,35.05905920000001,-89.9340455,ChIJM89Mbw2Gf4gRFqf4fPnKU7k,OK,55669,471570105001032
1104.651,35.06591589999999,-89.94154240000002,ChIJTUcfL2qGf4gRH4x-pmmajWw,OK,97038,471570105001032
1649.387,35.0512763,-89.8427476,ChIJ7VPJ3q-af4gRdxERIyaZ0gk,OK,120290,471570217241025
1649.387,35.0512763,-89.8427476,ChIJ7VPJ3q-af4gRdxERIyaZ0gk,OK,120290,471570217241025
2031.579,35.049031,-89.841437,ChIJt6vl46-af4gRvoN8Yvkmx9A,OK,131332,471570217241025
2028.952,35.217526,-89.98935,ChIJKdhOoPd_f4gRbD5w-Ol3ovU,OK,151534,471570102205002
2028.952,35.217526,-89.98935,ChIJKdhOoPd_f4gRbD5w-Ol3ovU,OK,151534,471570102205002
2065.296,35.2178517,-89.9902989,ChIJT7y6Nvh_f4gR6Khps0fYRPg,OK,155895,471570102205002
2717.625,35.1738374,-89.98954379999999,ChIJ_S0BIGOAf4gRU3Ph4W65cOQ,OK,245522,471570006001045
2717.625,35.1738374,-89.98954379999999,ChIJ_S0BIGOAf4gRU3Ph4W65cOQ,OK,245522,471570006001045
6551.943,35.21475480000001,-90.00354540000001,ChIJF6XvX_9_1YcRD4jlF4jzevw,OK,475569,471570006001045
1652.347,35.1738374,-89.98954379999999,ChIJ_S0BIGOAf4gRU3Ph4W65cOQ,OK,158032,471570006001015
1652.347,35.1738374,-89.98954379999999,ChIJ_S0BIGOAf4gRU3Ph4W65cOQ,OK,158032,471570006001015
2998.956,35.17410499999999,-89.97575479999999,ChIJmfYTGFmAf4gRHGKCaD0qCtI,OK,238818,471570006001015
291.221,35.1738374,-89.98954379999999,ChIJ_S0BIGOAf4gRU3Ph4W65cOQ,OK,31475,471570006002011
291.221,35.1738374,-89.98954379999999,ChIJ_S0BIGOAf4gRU3Ph4W65cOQ,OK,31475,471570006002011
1637.83,35.17410499999999,-89.97575479999999,ChIJmfYTGFmAf4gRHGKCaD0qCtI,OK,112261,471570006002011
2288.131,35.217526,-89.98935,ChIJKdhOoPd_f4gRbD5w-Ol3ovU,OK,168769,471570102205007
2288.131,35.217526,-89.98935,ChIJKdhOoPd_f4gRbD5w-Ol3ovU,OK,168769,471570102205007
2324.475,35.2178517,-89.9902989,ChIJT7y6Nvh_f4gR6Khps0fYRPg,OK,173130,471570102205007
911.48,35.2044739,-89.76342459999999,ChIJ3XsJxyKef4gRTeWb3lonWsU,OK,63328,471570211414003
911.48,35.2044739,-89.76342459999999,ChIJ3XsJxyKef4gRTeWb3lonWsU,OK,63328,471570211414003
2148.188,35.2064292,-89.73436359999999,ChIJP6qgZdGff4gRQoIww3TX5kM,OK,112577,471570211414003
2449.527,35.0326981,-90.07589809999999,ChIJ9S1ljalk1YcRvuG-_hbpimA,OK,145201,471570223222001
3085.175,35.03203000000001,-90.025994,ChIJr7k5Z85i1YcR_daVhG2vNFM,OK,197741,471570223222001
3085.175,35.03203000000001,-90.025994,ChIJr7k5Z85i1YcR_daVhG2vNFM,OK,197741,471570223222001
2664.33,35.0326981,-90.07589809999999,ChIJ9S1ljalk1YcRvuG-_hbpimA,OK,176731,471570223222007
3298.479,35.03203000000001,-90.025994,ChIJr7k5Z85i1YcR_daVhG2vNFM,OK,218822,471570223222007
3298.479,35.03203000000001,-90.025994,ChIJr7k5Z85i1YcR_daVhG2vNFM,OK,218822,471570223222007
2298.971,35.0333519,-90.02557630000001,ChIJK8z8Ksxi1YcRt8pxxgP2SA4,OK,136819,471570223222000
2298.971,35.0333519,-90.02557630000001,ChIJK8z8Ksxi1YcRt8pxxgP2SA4,OK,136819,471570223222000
2299.065,35.033351,-90.02556199999999,ChIJY7ePKsxi1YcRIP55gZFchMw,OK,136824,471570223222000
2403.457,35.0333519,-90.02557630000001,ChIJK8z8Ksxi1YcRt8pxxgP2SA4,OK,161093,471570223222005
2403.457,35.0333519,-90.02557630000001,ChIJK8z8Ksxi1YcRt8pxxgP2SA4,OK,161093,471570223222005
2403.551,35.033351,-90.02556199999999,ChIJY7ePKsxi1YcRIP55gZFchMw,OK,161098,471570223222005
2607.386,35.0326981,-90.07589809999999,ChIJ9S1ljalk1YcRvuG-_hbpimA,OK,172959,471570223222013
2607.386,35.0326981,-90.07589809999999,ChIJ9S1ljalk1YcRvuG-_hbpimA,OK,172959,471570223222013
3408.459,35.02753099999999,-90.082077,ChIJK66rdetk1YcRwwxI9gDREks,OK,217325,471570223222013
2107.085,35.06591589999999,-89.94154240000002,ChIJTUcfL2qGf4gRH4x-pmmajWw,OK,128547,471570105002003
984.246,35.05905920000001,-89.9340455,ChIJM89Mbw2Gf4gRFqf4fPnKU7k,OK,54198,471570105001041
984.246,35.05905920000001,-89.9340455,ChIJM89Mbw2Gf4gRFqf4fPnKU7k,OK,54198,471570105001041
1188.561,35.0515544,-89.92255089999999,ChIJG_UFGuOFf4gRyHNDzwp5is0,OK,65823,471570105001041
878.337,35.125222,-90.048147,ChIJ9cKdtid81YcRKs9h6RjzQzw,OK,98344,471570050002013
880.151,35.1251709,-90.0481695,ChIJybIJtCd81YcR9Otxws-5qCM,OK,98444,471570050002013
3159.814,35.1546312,-89.79260459999999,ChIJ8UeuSEecf4gRniit7ubZLtM,OK,177838,471570211351037
3695.334,35.2051043,-89.79754849999999,ChIJpRDMlY2df4gRQqHmUo_lzmc,OK,207579,471570211351037
2056.708,35.0326981,-90.07589809999999,ChIJ9S1ljalk1YcRvuG-_hbpimA,OK,149674,471570223104010
1545.234,35.086634,-89.96355199999999,ChIJW0XU3AGHf4gRINnmxvx9m5A,OK,80431,471579801001016
2056.708,35.0326981,-90.07589809999999,ChIJ9S1ljalk1YcRvuG-_hbpimA,OK,149674,471570223104010
1545.234,35.086634,-89.96355199999999,ChIJW0XU3AGHf4gRINnmxvx9m5A,OK,80431,471579801001016
2444.087,35.0543926,-90.0597009,ChIJT5TzUbl81YcRiPqNjkbj9CA,OK,174587,471570223104010
2019.776,35.0904795,-89.96597299999999,ChIJHfaNmAOHf4gR1d8V2K9rfSU,OK,106712,471579801001016
371.586,35.1157645,-90.022279,ChIJwZqBNMN91YcRRpdDvj5Pcr8,OK,22292,471570115003006
1751.317,35.0374859,-89.93716700000002,ChIJESgedaeIf4gRXlLu5ht4wNo,OK,131668,471570110201003
371.586,35.1157645,-90.022279,ChIJwZqBNMN91YcRRpdDvj5Pcr8,OK,22292,471570115003006
1751.317,35.0374859,-89.93716700000002,ChIJESgedaeIf4gRXlLu5ht4wNo,OK,131668,471570110201003
1970.168,35.051879,-89.95322299999999,ChIJtbdkhjqGf4gRndtG1KtFnTA,OK,143317,471570110201003
1213.156,35.1087458,-90.0211918,ChIJe6w2EsF91YcRquzVZc8M0-I,OK,70909,471570115003006
522.059,35.1075089,-89.9318387,ChIJVboYU6KGf4gRHfEHUi8Izac,OK,61803,471570074002026
522.059,35.1075089,-89.9318387,ChIJVboYU6KGf4gRHfEHUi8Izac,OK,61803,471570074002026
604.388,35.0841884,-89.97146650000001,ChIJX1vb4AeHf4gRloPQ2o5nDXA,OK,44414,471570081203005
663.967,35.1079763,-89.9333841,ChIJqZoM4qKGf4gREaZMyPG1GBQ,OK,70318,471570074002026
604.388,35.0841884,-89.97146650000001,ChIJX1vb4AeHf4gRloPQ2o5nDXA,OK,44414,471570081203005
940.422,35.086634,-89.96355199999999,ChIJW0XU3AGHf4gRINnmxvx9m5A,OK,62115,471570081203005
707.63,35.14868459999999,-89.7948203,ChIJ4w9Lr2qcf4gRHdzl9FciAFM,OK,84911,471570211373004
707.63,35.14868459999999,-89.7948203,ChIJ4w9Lr2qcf4gRHdzl9FciAFM,OK,84911,471570211373004
1807.09,35.1546312,-89.79260459999999,ChIJ8UeuSEecf4gRniit7ubZLtM,OK,145602,471570211373004
864.249,35.220637,-89.892425,ChIJiZ78r4Z4f4gRyy0DWRWI7n0,OK,66189,471570206443024
864.249,35.220637,-89.892425,ChIJiZ78r4Z4f4gRyy0DWRWI7n0,OK,66189,471570206443024
2741.938,35.2060393,-89.89459389999999,ChIJN_fdM1CCf4gRqHZ_YUZgoJo,OK,170988,471570206443024
2583.854,35.0326981,-90.07589809999999,ChIJ9S1ljalk1YcRvuG-_hbpimA,OK,175848,471570223302006
2583.854,35.0326981,-90.07589809999999,ChIJ9S1ljalk1YcRvuG-_hbpimA,OK,175848,471570223302006
2758.749,35.02753099999999,-90.082077,ChIJK66rdetk1YcRwwxI9gDREks,OK,218017,471570223302006
2475.749,35.095133,-90.05542799999999,ChIJATnUo0J81YcRpbAuNwXeqRw,OK,223607,471570053002038
2637.153,35.098685,-90.05664899999999,ChIJ31qwBkJ81YcRk2V5pdmdhrM,OK,232546,471570053002038
2637.153,35.098685,-90.05664899999999,ChIJ31qwBkJ81YcRk2V5pdmdhrM,OK,232546,471570053002038
2430.333,35.0326981,-90.07589809999999,ChIJ9S1ljalk1YcRvuG-_hbpimA,OK,157110,471570223224004
2430.333,35.0326981,-90.07589809999999,ChIJ9S1ljalk1YcRvuG-_hbpimA,OK,157110,471570223224004
3231.406,35.02753099999999,-90.082077,ChIJK66rdetk1YcRwwxI9gDREks,OK,201476,471570223224004
2247.761,35.0344414,-89.8319559,ChIJfcC9SguQf4gR_xf02Tpo1-w,OK,132321,471570217411010
2247.761,35.0344414,-89.8319559,ChIJfcC9SguQf4gR_xf02Tpo1-w,OK,132321,471570217411010
2406.805,35.0490562,-89.84441600000001,ChIJCUulJK6af4gR7vOP_qSrYdM,OK,141166,471570217411010
1438.018,34.99227370000001,-90.0232297,ChIJY7HkKF9i1YcRjKJ-3GH9XsM,OK,92751,471570221305003
1438.018,34.99227370000001,-90.0232297,ChIJY7HkKF9i1YcRjKJ-3GH9XsM,OK,92751,471570221305003
1523.452,34.9915203,-90.02290859999999,ChIJR4zh2F5i1YcRnlQUjUF62Hw,OK,97483,471570221305003
797.227,35.13763670000001,-90.00757159999999,ChIJl69WLQV-1YcRU3z7Tt2MyhY,OK,73246,471570036002025
797.227,35.13763670000001,-90.00757159999999,ChIJl69WLQV-1YcRU3z7Tt2MyhY,OK,73246,471570036002025
1050.713,35.1444038,-90.0168571,ChIJufYEjhR-1YcREff46W6Lons,OK,84878,471570036002025
4212.301,35.093591,-90.056624,ChIJgyVl92d81YcRhuRHHckl8Y4,OK,382369,471570225001025
494.643,35.086634,-89.96355199999999,ChIJW0XU3AGHf4gRINnmxvx9m5A,OK,49537,471570081203004
6256.798,35.06128,-90.05978399999999,ChIJm06f8ZV81YcRTjzAsJPcBKY,OK,495390,471570225001025
494.643,35.086634,-89.96355199999999,ChIJW0XU3AGHf4gRINnmxvx9m5A,OK,49537,471570081203004
6256.798,35.06128,-90.05978399999999,ChIJm06f8ZV81YcRTjzAsJPcBKY,OK,495390,471570225001025
665.318,35.0904795,-89.96597299999999,ChIJHfaNmAOHf4gR1d8V2K9rfSU,OK,58990,471570081203004
3459.886,35.02753099999999,-90.082077,ChIJK66rdetk1YcRwwxI9gDREks,OK,241879,471570222101010
970.655,35.1079763,-89.9333841,ChIJqZoM4qKGf4gREaZMyPG1GBQ,OK,106249,471570074002012
970.655,35.1079763,-89.9333841,ChIJqZoM4qKGf4gREaZMyPG1GBQ,OK,106249,471570074002012
3459.886,35.02753099999999,-90.082077,ChIJK66rdetk1YcRwwxI9gDREks,OK,241879,471570222101010
1112.563,35.1075089,-89.9318387,ChIJVboYU6KGf4gRHfEHUi8Izac,OK,114763,471570074002012
4027.415,35.0326981,-90.07589809999999,ChIJ9S1ljalk1YcRvuG-_hbpimA,OK,278390,471570222101010
4517.422,35.14868459999999,-89.7948203,ChIJ4w9Lr2qcf4gRHdzl9FciAFM,OK,309352,471570211401038
4517.422,35.14868459999999,-89.7948203,ChIJ4w9Lr2qcf4gRHdzl9FciAFM,OK,309352,471570211401038
5283.584,35.1546312,-89.79260459999999,ChIJ8UeuSEecf4gRniit7ubZLtM,OK,330051,471570211401038
2066.221,35.095133,-90.05542799999999,ChIJATnUo0J81YcRpbAuNwXeqRw,OK,153020,471570053002010
2227.624,35.098685,-90.05664899999999,ChIJ31qwBkJ81YcRk2V5pdmdhrM,OK,161959,471570053002010
2227.624,35.098685,-90.05664899999999,ChIJ31qwBkJ81YcRk2V5pdmdhrM,OK,161959,471570053002010
705.844,35.0515568,-89.90630259999999,ChIJrU8jyZKFf4gRubg1AIyELWY,OK,52775,471570226001066
705.844,35.0515568,-89.90630259999999,ChIJrU8jyZKFf4gRubg1AIyELWY,OK,52775,471570226001066
1212.584,35.05018,-89.89110199999999,ChIJNUozxJyFf4gRrJ8tUHk1p2Q,OK,77937,471570226001066
3744.202,35.1087458,-90.0211918,ChIJe6w2EsF91YcRquzVZc8M0-I,OK,281116,471570078101014
3744.202,35.1087458,-90.0211918,ChIJe6w2EsF91YcRquzVZc8M0-I,OK,281116,471570078101014
3744.844,35.10874099999999,-90.021185,ChIJrVbiDcF91YcRG9TBOTpHc3I,OK,281193,471570078101014
866.961,35.0878609,-89.931612,ChIJ78kLm4aGf4gRhPZ5eF_7ojg,OK,96568,471570082003008
866.961,35.0878609,-89.931612,ChIJ78kLm4aGf4gRhPZ5eF_7ojg,OK,96568,471570082003008
1462.185,35.093158,-89.93038,ChIJU1HLuoSGf4gRK5KIVLXtvbU,OK,133760,471570082003008
701.871,35.086634,-89.96355199999999,ChIJW0XU3AGHf4gRINnmxvx9m5A,OK,69732,471570081202031
701.871,35.086634,-89.96355199999999,ChIJW0XU3AGHf4gRINnmxvx9m5A,OK,69732,471570081202031
1176.413,35.0904795,-89.96597299999999,ChIJHfaNmAOHf4gR1d8V2K9rfSU,OK,96013,471570081202031
727.713,35.093591,-90.056624,ChIJgyVl92d81YcRhuRHHckl8Y4,OK,40301,471570055003037
727.713,35.093591,-90.056624,ChIJgyVl92d81YcRhuRHHckl8Y4,OK,40301,471570055003037
907.55,35.095133,-90.05542799999999,ChIJATnUo0J81YcRpbAuNwXeqRw,OK,50261,471570055003037
3737.75,35.104197,-89.98335349999999,ChIJNST6hGqHf4gR0Mml4gyjQWk,OK,295676,471570078101029
3737.75,35.104197,-89.98335349999999,ChIJNST6hGqHf4gR0Mml4gyjQWk,OK,295676,471570078101029
4242.939,35.109859,-89.99141100000001,ChIJs6JbpFyHf4gR9O01gG0a7fQ,OK,323655,471570078101029
3414.229,35.104197,-89.98335349999999,ChIJNST6hGqHf4gR0Mml4gyjQWk,OK,256854,471570078101061
3414.229,35.104197,-89.98335349999999,ChIJNST6hGqHf4gR0Mml4gyjQWk,OK,256854,471570078101061
3527.226,35.107529,-89.9862127,ChIJ0WGfSUKHf4gRjDLrfGQwCV4,OK,267975,471570078101061
2963.431,35.104197,-89.98335349999999,ChIJNST6hGqHf4gR0Mml4gyjQWk,OK,214086,471570078101034
2963.431,35.104197,-89.98335349999999,ChIJNST6hGqHf4gR0Mml4gyjQWk,OK,214086,471570078101034
3076.429,35.107529,-89.9862127,ChIJ0WGfSUKHf4gRjDLrfGQwCV4,OK,225207,471570078101034
3186.962,35.104197,-89.98335349999999,ChIJNST6hGqHf4gR0Mml4gyjQWk,OK,229582,471570078101032
3186.962,35.104197,-89.98335349999999,ChIJNST6hGqHf4gR0Mml4gyjQWk,OK,229582,471570078101032
3299.96,35.107529,-89.9862127,ChIJ0WGfSUKHf4gRjDLrfGQwCV4,OK,240703,471570078101032
3790.392,35.104197,-89.98335349999999,ChIJNST6hGqHf4gR0Mml4gyjQWk,OK,301993,471570078101031
3790.392,35.104197,-89.98335349999999,ChIJNST6hGqHf4gR0Mml4gyjQWk,OK,301993,471570078101031
4295.581,35.109859,-89.99141100000001,ChIJs6JbpFyHf4gR9O01gG0a7fQ,OK,329972,471570078101031
3652.876,35.0854368,-89.89541919999999,ChIJf5cc-VKEf4gRF-lYLgijYQQ,OK,219314,471570213312000
4023.604,35.0614623,-89.8536277,ChIJ4TWJkTWFf4gRbkNZYfkF9Jw,OK,242603,471570213312000
4023.604,35.0614623,-89.8536277,ChIJ4TWJkTWFf4gRbkNZYfkF9Jw,OK,242603,471570213312000
3994.413,35.0614623,-89.8536277,ChIJ4TWJkTWFf4gRbkNZYfkF9Jw,OK,257146,471570213312002
3994.413,35.0614623,-89.8536277,ChIJ4TWJkTWFf4gRbkNZYfkF9Jw,OK,257146,471570213312002
4986.007,35.0612606,-89.88628629999999,ChIJAQ_I1gqFf4gRFrt5yQeAEps,OK,311760,471570213312002
1558.215,35.086634,-89.96355199999999,ChIJW0XU3AGHf4gRINnmxvx9m5A,OK,95316,471570082001004
1558.215,35.086634,-89.96355199999999,ChIJW0XU3AGHf4gRINnmxvx9m5A,OK,95316,471570082001004
2032.757,35.0904795,-89.96597299999999,ChIJHfaNmAOHf4gR1d8V2K9rfSU,OK,121597,471570082001004
10268.794,35.093591,-90.056624,ChIJgyVl92d81YcRhuRHHckl8Y4,OK,926049,471579802001014
3442.693,35.104197,-89.98335349999999,ChIJNST6hGqHf4gR0Mml4gyjQWk,OK,260268,471570078101048
3442.693,35.104197,-89.98335349999999,ChIJNST6hGqHf4gR0Mml4gyjQWk,OK,260268,471570078101048
3555.691,35.107529,-89.9862127,ChIJ0WGfSUKHf4gRjDLrfGQwCV4,OK,271389,471570078101048
1985.559,35.086634,-89.96355199999999,ChIJW0XU3AGHf4gRINnmxvx9m5A,OK,146595,471570082001005
1985.559,35.086634,-89.96355199999999,ChIJW0XU3AGHf4gRINnmxvx9m5A,OK,146595,471570082001005
1756.451,35.0878609,-89.931612,ChIJ78kLm4aGf4gRhPZ5eF_7ojg,OK,203304,471570082001005
416.157,35.0854368,-89.89541919999999,ChIJf5cc-VKEf4gRF-lYLgijYQQ,OK,37812,471570097002003
416.157,35.0854368,-89.89541919999999,ChIJf5cc-VKEf4gRF-lYLgijYQQ,OK,37812,471570097002003
3639.925,35.062945,-89.90568519999999,ChIJjxj9mL-Ff4gRoOEx9OzDyxs,OK,219306,471570097002003
1765.805,35.086634,-89.96355199999999,ChIJW0XU3AGHf4gRINnmxvx9m5A,OK,120225,471570082001001
1765.805,35.086634,-89.96355199999999,ChIJW0XU3AGHf4gRINnmxvx9m5A,OK,120225,471570082001001
2240.347,35.0904795,-89.96597299999999,ChIJHfaNmAOHf4gR1d8V2K9rfSU,OK,146506,471570082001001
2188.768,35.0841884,-89.97146650000001,ChIJX1vb4AeHf4gRloPQ2o5nDXA,OK,178295,471570078101049
2188.768,35.0841884,-89.97146650000001,ChIJX1vb4AeHf4gRloPQ2o5nDXA,OK,178295,471570078101049
2828.352,35.104197,-89.98335349999999,ChIJNST6hGqHf4gR0Mml4gyjQWk,OK,186550,471570078101049
3790.851,35.1087458,-90.0211918,ChIJe6w2EsF91YcRquzVZc8M0-I,OK,185168,471570078221004
3790.851,35.1087458,-90.0211918,ChIJe6w2EsF91YcRquzVZc8M0-I,OK,185168,471570078221004
3791.492,35.10874099999999,-90.021185,ChIJrVbiDcF91YcRG9TBOTpHc3I,OK,185245,471570078221004
1666.971,35.086634,-89.96355199999999,ChIJW0XU3AGHf4gRINnmxvx9m5A,OK,108366,471570082001010
1666.971,35.086634,-89.96355199999999,ChIJW0XU3AGHf4gRINnmxvx9m5A,OK,108366,471570082001010
2141.513,35.0904795,-89.96597299999999,ChIJHfaNmAOHf4gR1d8V2K9rfSU,OK,134647,471570082001010
2615.513,35.0841884,-89.97146650000001,ChIJX1vb4AeHf4gRloPQ2o5nDXA,OK,229503,471570078101051
3255.096,35.104197,-89.98335349999999,ChIJNST6hGqHf4gR0Mml4gyjQWk,OK,237758,471570078101051
3255.096,35.104197,-89.98335349999999,ChIJNST6hGqHf4gR0Mml4gyjQWk,OK,237758,471570078101051
2829.925,35.0841884,-89.97146650000001,ChIJX1vb4AeHf4gRloPQ2o5nDXA,OK,255232,471570078101050
3469.508,35.104197,-89.98335349999999,ChIJNST6hGqHf4gR0Mml4gyjQWk,OK,263487,471570078101050
3469.508,35.104197,-89.98335349999999,ChIJNST6hGqHf4gR0Mml4gyjQWk,OK,263487,471570078101050
787.084,35.0878609,-89.931612,ChIJ78kLm4aGf4gRhPZ5eF_7ojg,OK,71118,471570082005008
787.084,35.0878609,-89.931612,ChIJ78kLm4aGf4gRhPZ5eF_7ojg,OK,71118,471570082005008
1382.307,35.093158,-89.93038,ChIJU1HLuoSGf4gRK5KIVLXtvbU,OK,108310,471570082005008
1906.419,35.086634,-89.96355199999999,ChIJW0XU3AGHf4gRINnmxvx9m5A,OK,137098,471570082001006
647.695,35.1507888,-89.977317,ChIJdVWrOuqAf4gR-V7s1E3qo7g,OK,45264,471570027002001
647.695,35.1507888,-89.977317,ChIJdVWrOuqAf4gR-V7s1E3qo7g,OK,45264,471570027002001
2742.057,35.13418100000001,-89.98599,ChIJnf1_yraAf4gR9pQmD7CXhgg,OK,160357,471570027002001
1151.55,35.1087458,-90.0211918,ChIJe6w2EsF91YcRquzVZc8M0-I,OK,88751,471570060002003
1151.55,35.1087458,-90.0211918,ChIJe6w2EsF91YcRquzVZc8M0-I,OK,88751,471570060002003
1152.191,35.10874099999999,-90.021185,ChIJrVbiDcF91YcRG9TBOTpHc3I,OK,88828,471570060002003
2023.062,35.0461089,-89.7947008,ChIJaZI6O3Oaf4gRqa_eh0DNj_s,OK,127817,471570213423037
2023.062,35.0461089,-89.7947008,ChIJaZI6O3Oaf4gRqa_eh0DNj_s,OK,127817,471570213423037
2141.067,35.045091,-89.795412,ChIJVelsQnOaf4gRECqTW7fq-dY,OK,134352,471570213423037
4870.639,35.1546312,-89.79260459999999,ChIJ8UeuSEecf4gRniit7ubZLtM,OK,284405,471570211412009
4870.639,35.1546312,-89.79260459999999,ChIJ8UeuSEecf4gRniit7ubZLtM,OK,284405,471570211412009
4111.709,35.222344,-89.97682999999999,ChIJ987Br45_f4gRjwrvnFN8t7k,OK,276098,471570205112002
4144.403,35.2044739,-89.76342459999999,ChIJ3XsJxyKef4gRTeWb3lonWsU,OK,297964,471570211412009
4111.709,35.222344,-89.97682999999999,ChIJ987Br45_f4gRjwrvnFN8t7k,OK,276098,471570205112002
4512.575,35.2227028,-89.97692290000001,ChIJ987Br45_f4gRMoYIhCny13Q,OK,312230,471570205112002
366.102,35.107529,-89.9862127,ChIJ0WGfSUKHf4gRjDLrfGQwCV4,OK,33055,471570067002027
366.102,35.107529,-89.9862127,ChIJ0WGfSUKHf4gRjDLrfGQwCV4,OK,33055,471570067002027
807.12,35.104197,-89.98335349999999,ChIJNST6hGqHf4gR0Mml4gyjQWk,OK,52614,471570067002027
4928.705,35.1439641,-90.0517892,ChIJL-0zBZR-1YcRj7p5p1WY4-g,OK,376487,471570001001025
4928.705,35.1439641,-90.0517892,ChIJL-0zBZR-1YcRj7p5p1WY4-g,OK,376487,471570001001025
5046.024,35.054745,-90.007971,ChIJXxyyQlt91YcRhldtWgjSnSE,OK,262087,471570078214014
5137.621,35.1450994,-90.0538646,ChIJne6_s5V-1YcRn_LPaqiwhrk,OK,381941,471570001001025
1862.147,35.1087458,-90.0211918,ChIJe6w2EsF91YcRquzVZc8M0-I,OK,104858,471570078102033
5046.024,35.054745,-90.007971,ChIJXxyyQlt91YcRhldtWgjSnSE,OK,262087,471570078214014
1862.147,35.1087458,-90.0211918,ChIJe6w2EsF91YcRquzVZc8M0-I,OK,104858,471570078102033
5477.872,35.05407199999999,-90.00125899999999,ChIJIzdhk1h91YcRZT7cBcBslaM,OK,278126,471570078214014
1862.788,35.10874099999999,-90.021185,ChIJrVbiDcF91YcRG9TBOTpHc3I,OK,104935,471570078102033
1820.902,35.0461089,-89.7947008,ChIJaZI6O3Oaf4gRqa_eh0DNj_s,OK,120454,471570213423040
1820.902,35.0461089,-89.7947008,ChIJaZI6O3Oaf4gRqa_eh0DNj_s,OK,120454,471570213423040
1938.907,35.045091,-89.795412,ChIJVelsQnOaf4gRECqTW7fq-dY,OK,126989,471570213423040
708.442,35.104197,-89.98335349999999,ChIJNST6hGqHf4gR0Mml4gyjQWk,OK,56107,471570069002008
708.442,35.104197,-89.98335349999999,ChIJNST6hGqHf4gR0Mml4gyjQWk,OK,56107,471570069002008
1076.584,35.107529,-89.9862127,ChIJ0WGfSUKHf4gRjDLrfGQwCV4,OK,81356,471570069002008
962.67,35.2158947,-89.9151158,ChIJxetq6ad4f4gRD1K1cIBWUQ4,OK,97519,471570205413018
962.67,35.2158947,-89.9151158,ChIJxetq6ad4f4gRD1K1cIBWUQ4,OK,97519,471570205413018
959.823,35.210167,-89.919383,ChIJi0gqlgaCf4gRjUvfmHxGMyw,OK,103099,471570205413018
1671.152,35.0461089,-89.7947008,ChIJaZI6O3Oaf4gRqa_eh0DNj_s,OK,102481,471570213423044
1671.152,35.0461089,-89.7947008,ChIJaZI6O3Oaf4gRqa_eh0DNj_s,OK,102481,471570213423044
1789.158,35.045091,-89.795412,ChIJVelsQnOaf4gRECqTW7fq-dY,OK,109016,471570213423044
1066.874,35.1087458,-90.0211918,ChIJe6w2EsF91YcRquzVZc8M0-I,OK,78590,471570060002006
1066.874,35.1087458,-90.0211918,ChIJe6w2EsF91YcRquzVZc8M0-I,OK,78590,471570060002006
1067.515,35.10874099999999,-90.021185,ChIJrVbiDcF91YcRG9TBOTpHc3I,OK,78667,471570060002006
739.074,35.17410499999999,-89.97575479999999,ChIJmfYTGFmAf4gRHGKCaD0qCtI,OK,70030,471570008001009
739.074,35.17410499999999,-89.97575479999999,ChIJmfYTGFmAf4gRHGKCaD0qCtI,OK,70030,471570008001009
1977.498,35.1738374,-89.98954379999999,ChIJ_S0BIGOAf4gRU3Ph4W65cOQ,OK,144326,471570008001009
4876.687,35.0643218,-89.9923063,ChIJb3DQuo2Hf4gRC8UI6d4pa68,OK,301685,471570078214004
4876.687,35.0643218,-89.9923063,ChIJb3DQuo2Hf4gRC8UI6d4pa68,OK,301685,471570078214004
6392.437,35.05407199999999,-90.00125899999999,ChIJIzdhk1h91YcRZT7cBcBslaM,OK,359619,471570078214004
976.331,35.167095,-89.950496,ChIJecYfJgmBf4gRJh-YY67U6V8,OK,62884,471570013001007
976.331,35.167095,-89.950496,ChIJecYfJgmBf4gRJh-YY67U6V8,OK,62884,471570013001007
1276.377,35.0461089,-89.7947008,ChIJaZI6O3Oaf4gRqa_eh0DNj_s,OK,74057,471570213423067
1276.377,35.0461089,-89.7947008,ChIJaZI6O3Oaf4gRqa_eh0DNj_s,OK,74057,471570213423067
1510.621,35.14981359999999,-89.94918609999999,ChIJVdGBGRaBf4gRsi89Rzqn8W4,OK,108558,471570013001007
1394.382,35.045091,-89.795412,ChIJVelsQnOaf4gRECqTW7fq-dY,OK,80592,471570213423067
1223.264,35.1087458,-90.0211918,ChIJe6w2EsF91YcRquzVZc8M0-I,OK,107452,471570060002004
1223.264,35.1087458,-90.0211918,ChIJe6w2EsF91YcRquzVZc8M0-I,OK,107452,471570060002004
1223.905,35.10874099999999,-90.021185,ChIJrVbiDcF91YcRG9TBOTpHc3I,OK,107529,471570060002004
1557.685,35.1913738,-89.8964247,ChIJwQffFF2Cf4gRzaR3rfvt3f4,OK,94922,471570206101021
1557.685,35.1913738,-89.8964247,ChIJwQffFF2Cf4gRzaR3rfvt3f4,OK,94922,471570206101021
1841.081,35.192778,-89.895242,ChIJ2ehTh2eCf4gR95JHzr6OIMA,OK,109218,471570206101021
1871.188,35.1435177,-90.0539328,ChIJ8VFg1pV-1YcRR9G8p0pZx6U,OK,139594,471570043001037
1871.188,35.1435177,-90.0539328,ChIJ8VFg1pV-1YcRR9G8p0pZx6U,OK,139594,471570043001037
1996.017,35.1450994,-90.0538646,ChIJne6_s5V-1YcRn_LPaqiwhrk,OK,151499,471570043001037
4294.899,35.14868459999999,-89.7948203,ChIJ4w9Lr2qcf4gRHdzl9FciAFM,OK,298128,471570211401012
4294.899,35.14868459999999,-89.7948203,ChIJ4w9Lr2qcf4gRHdzl9FciAFM,OK,298128,471570211401012
5061.061,35.1546312,-89.79260459999999,ChIJ8UeuSEecf4gRniit7ubZLtM,OK,318827,471570211401012
2300.268,35.0461089,-89.7947008,ChIJaZI6O3Oaf4gRqa_eh0DNj_s,OK,147775,471570213423043
2300.268,35.0461089,-89.7947008,ChIJaZI6O3Oaf4gRqa_eh0DNj_s,OK,147775,471570213423043
1513.219,35.05905920000001,-89.9340455,ChIJM89Mbw2Gf4gRFqf4fPnKU7k,OK,89799,471570110201005
1513.219,35.05905920000001,-89.9340455,ChIJM89Mbw2Gf4gRFqf4fPnKU7k,OK,89799,471570110201005
1726.227,35.0515544,-89.92255089999999,ChIJG_UFGuOFf4gRyHNDzwp5is0,OK,103529,471570110201005
528.042,35.05905920000001,-89.9340455,ChIJM89Mbw2Gf4gRFqf4fPnKU7k,OK,28642,471570106203023
528.042,35.05905920000001,-89.9340455,ChIJM89Mbw2Gf4gRFqf4fPnKU7k,OK,28642,471570106203023
901.753,35.0515544,-89.92255089999999,ChIJG_UFGuOFf4gRyHNDzwp5is0,OK,47647,471570106203023
887.213,35.0515544,-89.92255089999999,ChIJG_UFGuOFf4gRyHNDzwp5is0,OK,49135,471570106203026
887.213,35.0515544,-89.92255089999999,ChIJG_UFGuOFf4gRyHNDzwp5is0,OK,49135,471570106203026
1249.503,35.05905920000001,-89.9340455,ChIJM89Mbw2Gf4gRFqf4fPnKU7k,OK,69184,471570106203026
1362.486,35.05905920000001,-89.9340455,ChIJM89Mbw2Gf4gRFqf4fPnKU7k,OK,102123,471570226001027
1362.486,35.05905920000001,-89.9340455,ChIJM89Mbw2Gf4gRFqf4fPnKU7k,OK,102123,471570226001027
1407.702,35.0515544,-89.92255089999999,ChIJG_UFGuOFf4gRyHNDzwp5is0,OK,104938,471570226001027
1375.197,35.0374859,-89.93716700000002,ChIJESgedaeIf4gRXlLu5ht4wNo,OK,81510,471570110201006
1375.197,35.0374859,-89.93716700000002,ChIJESgedaeIf4gRXlLu5ht4wNo,OK,81510,471570110201006
1904.498,35.05905920000001,-89.9340455,ChIJM89Mbw2Gf4gRFqf4fPnKU7k,OK,110151,471570110201006
1411.036,35.02379430000001,-89.96377079999999,ChIJDVntamKIf4gRlF5S6rdAlgc,OK,124041,471570110103015
1411.036,35.02379430000001,-89.96377079999999,ChIJDVntamKIf4gRlF5S6rdAlgc,OK,124041,471570110103015
2868.363,35.02099699999999,-89.93544,ChIJW6hY3LmIf4gRWjIeu9tMgvU,OK,203266,471570110103015
763.31,35.05407199999999,-90.00125899999999,ChIJIzdhk1h91YcRZT7cBcBslaM,OK,59754,471570220221023
763.31,35.05407199999999,-90.00125899999999,ChIJIzdhk1h91YcRZT7cBcBslaM,OK,59754,471570220221023
1455.087,35.054745,-90.007971,ChIJXxyyQlt91YcRhldtWgjSnSE,OK,105943,471570220221023
1443.015,35.02379430000001,-89.96377079999999,ChIJDVntamKIf4gRlF5S6rdAlgc,OK,127877,471570110103007
1443.015,35.02379430000001,-89.96377079999999,ChIJDVntamKIf4gRlF5S6rdAlgc,OK,127877,471570110103007
2900.342,35.02099699999999,-89.93544,ChIJW6hY3LmIf4gRWjIeu9tMgvU,OK,207102,471570110103007
2081.682,35.02379430000001,-89.96377079999999,ChIJDVntamKIf4gRlF5S6rdAlgc,OK,121019,471570110103006
2081.682,35.02379430000001,-89.96377079999999,ChIJDVntamKIf4gRlF5S6rdAlgc,OK,121019,471570110103006
2664.347,35.02099699999999,-89.93544,ChIJW6hY3LmIf4gRWjIeu9tMgvU,OK,151802,471570110103006
1385.483,35.02379430000001,-89.96377079999999,ChIJDVntamKIf4gRlF5S6rdAlgc,OK,120973,471570110103016
1385.483,35.02379430000001,-89.96377079999999,ChIJDVntamKIf4gRlF5S6rdAlgc,OK,120973,471570110103016
2842.81,35.02099699999999,-89.93544,ChIJW6hY3LmIf4gRWjIeu9tMgvU,OK,200198,471570110103016
1338.513,35.02379430000001,-89.96377079999999,ChIJDVntamKIf4gRlF5S6rdAlgc,OK,80319,471570219003001
1338.513,35.02379430000001,-89.96377079999999,ChIJDVntamKIf4gRlF5S6rdAlgc,OK,80319,471570219003001
1711.836,35.02099699999999,-89.93544,ChIJW6hY3LmIf4gRWjIeu9tMgvU,OK,99508,471570219003001
1807.61,35.02379430000001,-89.96377079999999,ChIJDVntamKIf4gRlF5S6rdAlgc,OK,115015,471570219003005
1807.61,35.02379430000001,-89.96377079999999,ChIJDVntamKIf4gRlF5S6rdAlgc,OK,115015,471570219003005
2390.275,35.02099699999999,-89.93544,ChIJW6hY3LmIf4gRWjIeu9tMgvU,OK,145798,471570219003005
1395.826,35.0745932,-89.9204618,ChIJPX58KNGFf4gRLgBWAHPwusk,OK,96822,471570106103009
1395.826,35.0745932,-89.9204618,ChIJPX58KNGFf4gRLgBWAHPwusk,OK,96822,471570106103009
1653.008,35.05905920000001,-89.9340455,ChIJM89Mbw2Gf4gRFqf4fPnKU7k,OK,107658,471570106103009
1286.339,35.02379430000001,-89.96377079999999,ChIJDVntamKIf4gRlF5S6rdAlgc,OK,109077,471570110103018
1286.339,35.02379430000001,-89.96377079999999,ChIJDVntamKIf4gRlF5S6rdAlgc,OK,109077,471570110103018
2743.666,35.02099699999999,-89.93544,ChIJW6hY3LmIf4gRWjIeu9tMgvU,OK,188302,471570110103018
1309.056,35.02379430000001,-89.96377079999999,ChIJDVntamKIf4gRlF5S6rdAlgc,OK,111803,471570110103017
1309.056,35.02379430000001,-89.96377079999999,ChIJDVntamKIf4gRlF5S6rdAlgc,OK,111803,471570110103017
2766.383,35.02099699999999,-89.93544,ChIJW6hY3LmIf4gRWjIeu9tMgvU,OK,191028,471570110103017
1173.421,35.02379430000001,-89.96377079999999,ChIJDVntamKIf4gRlF5S6rdAlgc,OK,95528,471570110103011
1173.421,35.02379430000001,-89.96377079999999,ChIJDVntamKIf4gRlF5S6rdAlgc,OK,95528,471570110103011
2630.748,35.02099699999999,-89.93544,ChIJW6hY3LmIf4gRWjIeu9tMgvU,OK,174753,471570110103011
2227.67,35.02099699999999,-89.93544,ChIJW6hY3LmIf4gRWjIeu9tMgvU,OK,149648,471570219001007
2227.67,35.02099699999999,-89.93544,ChIJW6hY3LmIf4gRWjIeu9tMgvU,OK,149648,471570219001007
2347.914,35.0374859,-89.93716700000002,ChIJESgedaeIf4gRXlLu5ht4wNo,OK,156002,471570219001007
1044.434,35.02099699999999,-89.93544,ChIJW6hY3LmIf4gRWjIeu9tMgvU,OK,57840,471570219001016
1044.434,35.02099699999999,-89.93544,ChIJW6hY3LmIf4gRWjIeu9tMgvU,OK,57840,471570219001016
1431.479,35.015991,-89.935953,ChIJSSHzkseIf4gRnqbOP98HojY,OK,79274,471570219001016
2444.671,35.02099699999999,-89.93544,ChIJW6hY3LmIf4gRWjIeu9tMgvU,OK,169207,471570226001116
2444.671,35.02099699999999,-89.93544,ChIJW6hY3LmIf4gRWjIeu9tMgvU,OK,169207,471570226001116
3095.429,35.015991,-89.935953,ChIJSSHzkseIf4gRnqbOP98HojY,OK,205246,471570226001116
2190.237,35.02099699999999,-89.93544,ChIJW6hY3LmIf4gRWjIeu9tMgvU,OK,161053,471570219001006
2190.237,35.02099699999999,-89.93544,ChIJW6hY3LmIf4gRWjIeu9tMgvU,OK,161053,471570219001006
2310.481,35.0374859,-89.93716700000002,ChIJESgedaeIf4gRXlLu5ht4wNo,OK,167407,471570219001006
1609.358,35.02099699999999,-89.93544,ChIJW6hY3LmIf4gRWjIeu9tMgvU,OK,121114,471570219001002
1609.358,35.02099699999999,-89.93544,ChIJW6hY3LmIf4gRWjIeu9tMgvU,OK,121114,471570219001002
1996.403,35.015991,-89.935953,ChIJSSHzkseIf4gRnqbOP98HojY,OK,142548,471570219001002
538.093,35.086634,-89.96355199999999,ChIJW0XU3AGHf4gRINnmxvx9m5A,OK,54751,471570081203002
538.093,35.086634,-89.96355199999999,ChIJW0XU3AGHf4gRINnmxvx9m5A,OK,54751,471570081203002
708.767,35.0904795,-89.96597299999999,ChIJHfaNmAOHf4gR1d8V2K9rfSU,OK,64204,471570081203002
661.454,35.086634,-89.96355199999999,ChIJW0XU3AGHf4gRINnmxvx9m5A,OK,39118,471570081203006
661.454,35.086634,-89.96355199999999,ChIJW0XU3AGHf4gRINnmxvx9m5A,OK,39118,471570081203006
674.684,35.0841884,-89.97146650000001,ChIJX1vb4AeHf4gRloPQ2o5nDXA,OK,42372,471570081203006
686.65,35.086634,-89.96355199999999,ChIJW0XU3AGHf4gRINnmxvx9m5A,OK,53218,471570081203011
686.65,35.086634,-89.96355199999999,ChIJW0XU3AGHf4gRINnmxvx9m5A,OK,53218,471570081203011
788.653,35.0841884,-89.97146650000001,ChIJX1vb4AeHf4gRloPQ2o5nDXA,OK,66526,471570081203011
2550.388,35.0326981,-90.07589809999999,ChIJ9S1ljalk1YcRvuG-_hbpimA,OK,166120,471570223224006
2550.388,35.0326981,-90.07589809999999,ChIJ9S1ljalk1YcRvuG-_hbpimA,OK,166120,471570223224006
3351.461,35.02753099999999,-90.082077,ChIJK66rdetk1YcRwwxI9gDREks,OK,210486,471570223224006
2655.261,35.0326981,-90.07589809999999,ChIJ9S1ljalk1YcRvuG-_hbpimA,OK,172714,471570223224007
2655.261,35.0326981,-90.07589809999999,ChIJ9S1ljalk1YcRvuG-_hbpimA,OK,172714,471570223224007
3456.334,35.02753099999999,-90.082077,ChIJK66rdetk1YcRwwxI9gDREks,OK,217080,471570223224007
2998.06,35.0326981,-90.07589809999999,ChIJ9S1ljalk1YcRvuG-_hbpimA,OK,195070,471570223224009
2998.06,35.0326981,-90.07589809999999,ChIJ9S1ljalk1YcRvuG-_hbpimA,OK,195070,471570223224009
3799.132,35.02753099999999,-90.082077,ChIJK66rdetk1YcRwwxI9gDREks,OK,239436,471570223224009
2522.393,35.0326981,-90.07589809999999,ChIJ9S1ljalk1YcRvuG-_hbpimA,OK,168157,471570223222010
2522.393,35.0326981,-90.07589809999999,ChIJ9S1ljalk1YcRvuG-_hbpimA,OK,168157,471570223222010
3197.777,35.0543926,-90.0597009,ChIJT5TzUbl81YcRiPqNjkbj9CA,OK,228423,471570223222010
2711.146,35.0326981,-90.07589809999999,ChIJ9S1ljalk1YcRvuG-_hbpimA,OK,185410,471570223222014
2711.146,35.0326981,-90.07589809999999,ChIJ9S1ljalk1YcRvuG-_hbpimA,OK,185410,471570223222014
3512.219,35.02753099999999,-90.082077,ChIJK66rdetk1YcRwwxI9gDREks,OK,229776,471570223222014
3336.131,35.0326981,-90.07589809999999,ChIJ9S1ljalk1YcRvuG-_hbpimA,OK,235637,471570223224012
3336.131,35.0326981,-90.07589809999999,ChIJ9S1ljalk1YcRvuG-_hbpimA,OK,235637,471570223224012
3940.569,35.02753099999999,-90.082077,ChIJK66rdetk1YcRwwxI9gDREks,OK,256308,471570223224012
2472.846,35.19067459999999,-89.8489943,ChIJ364PGjWdf4gRKbsrGLq8_XQ,OK,194721,471570211123003
2472.846,35.19067459999999,-89.8489943,ChIJ364PGjWdf4gRKbsrGLq8_XQ,OK,194721,471570211123003
3775.349,35.2045576,-89.81176689999999,ChIJ8ROix4Kdf4gR4Su-1OwAUMo,OK,283382,471570211123003
1041.934,35.14868459999999,-89.7948203,ChIJ4w9Lr2qcf4gRHdzl9FciAFM,OK,111891,471570211373014
1041.934,35.14868459999999,-89.7948203,ChIJ4w9Lr2qcf4gRHdzl9FciAFM,OK,111891,471570211373014
1722.512,35.1546312,-89.79260459999999,ChIJ8UeuSEecf4gRniit7ubZLtM,OK,133212,471570211373014
3580.221,35.14868459999999,-89.7948203,ChIJ4w9Lr2qcf4gRHdzl9FciAFM,OK,313069,471570211371015
3580.221,35.14868459999999,-89.7948203,ChIJ4w9Lr2qcf4gRHdzl9FciAFM,OK,313069,471570211371015
4002.467,35.1546312,-89.79260459999999,ChIJ8UeuSEecf4gRniit7ubZLtM,OK,329535,471570211371015
3719.176,35.1546312,-89.79260459999999,ChIJ8UeuSEecf4gRniit7ubZLtM,OK,254078,471570211361002
3719.176,35.1546312,-89.79260459999999,ChIJ8UeuSEecf4gRniit7ubZLtM,OK,254078,471570211361002
4965.73,35.14868459999999,-89.7948203,ChIJ4w9Lr2qcf4gRHdzl9FciAFM,OK,306765,471570211361002
86.239,35.14868459999999,-89.7948203,ChIJ4w9Lr2qcf4gRHdzl9FciAFM,OK,10348,471570211373013
86.239,35.14868459999999,-89.7948203,ChIJ4w9Lr2qcf4gRHdzl9FciAFM,OK,10348,471570211373013
1442.874,35.1546312,-89.79260459999999,ChIJ8UeuSEecf4gRniit7ubZLtM,OK,91804,471570211373013
210.885,35.14868459999999,-89.7948203,ChIJ4w9Lr2qcf4gRHdzl9FciAFM,OK,25306,471570211373009
210.885,35.14868459999999,-89.7948203,ChIJ4w9Lr2qcf4gRHdzl9FciAFM,OK,25306,471570211373009
1643.54,35.1546312,-89.79260459999999,ChIJ8UeuSEecf4gRniit7ubZLtM,OK,115884,471570211373009
674.365,35.14868459999999,-89.7948203,ChIJ4w9Lr2qcf4gRHdzl9FciAFM,OK,42569,471570211251017
674.365,35.14868459999999,-89.7948203,ChIJ4w9Lr2qcf4gRHdzl9FciAFM,OK,42569,471570211251017
928.225,35.1546312,-89.79260459999999,ChIJ8UeuSEecf4gRniit7ubZLtM,OK,55680,471570211251017
4591.21,35.0543926,-90.0597009,ChIJT5TzUbl81YcRiPqNjkbj9CA,OK,281474,471570222103007
4854.138,35.0326981,-90.07589809999999,ChIJ9S1ljalk1YcRvuG-_hbpimA,OK,295902,471570222103007
4854.138,35.0326981,-90.07589809999999,ChIJ9S1ljalk1YcRvuG-_hbpimA,OK,295902,471570222103007
1465.728,35.1546312,-89.79260459999999,ChIJ8UeuSEecf4gRniit7ubZLtM,OK,91838,471570211362056
1465.728,35.1546312,-89.79260459999999,ChIJ8UeuSEecf4gRniit7ubZLtM,OK,91838,471570211362056
2413.19,35.14868459999999,-89.7948203,ChIJ4w9Lr2qcf4gRHdzl9FciAFM,OK,145390,471570211362056
1256.186,35.051879,-89.95322299999999,ChIJtbdkhjqGf4gRndtG1KtFnTA,OK,94258,471570110202005
1256.186,35.051879,-89.95322299999999,ChIJtbdkhjqGf4gRndtG1KtFnTA,OK,94258,471570110202005
3113.916,35.0374859,-89.93716700000002,ChIJESgedaeIf4gRXlLu5ht4wNo,OK,205764,471570110202005
312.964,35.14868459999999,-89.7948203,ChIJ4w9Lr2qcf4gRHdzl9FciAFM,OK,37554,471570211373017
312.964,35.14868459999999,-89.7948203,ChIJ4w9Lr2qcf4gRHdzl9FciAFM,OK,37554,471570211373017
1412.424,35.1546312,-89.79260459999999,ChIJ8UeuSEecf4gRniit7ubZLtM,OK,98245,471570211373017
3231.843,35.104197,-89.98335349999999,ChIJNST6hGqHf4gR0Mml4gyjQWk,OK,234967,471570078101047
3231.843,35.104197,-89.98335349999999,ChIJNST6hGqHf4gR0Mml4gyjQWk,OK,234967,471570078101047
3344.841,35.107529,-89.9862127,ChIJ0WGfSUKHf4gRjDLrfGQwCV4,OK,246088,471570078101047
3509.565,35.104197,-89.98335349999999,ChIJNST6hGqHf4gR0Mml4gyjQWk,OK,268294,471570078101030
3509.565,35.104197,-89.98335349999999,ChIJNST6hGqHf4gR0Mml4gyjQWk,OK,268294,471570078101030
4014.754,35.109859,-89.99141100000001,ChIJs6JbpFyHf4gR9O01gG0a7fQ,OK,296273,471570078101030
3503.106,35.0326981,-90.07589809999999,ChIJ9S1ljalk1YcRvuG-_hbpimA,OK,243961,471570223105011
3503.106,35.0326981,-90.07589809999999,ChIJ9S1ljalk1YcRvuG-_hbpimA,OK,243961,471570223105011
3890.485,35.0543926,-90.0597009,ChIJT5TzUbl81YcRiPqNjkbj9CA,OK,268874,471570223105011
674.346,35.02753099999999,-90.082077,ChIJK66rdetk1YcRwwxI9gDREks,OK,72698,471570223301007
674.346,35.02753099999999,-90.082077,ChIJK66rdetk1YcRwwxI9gDREks,OK,72698,471570223301007
1475.417,35.0326981,-90.07589809999999,ChIJ9S1ljalk1YcRvuG-_hbpimA,OK,117064,471570223301007
2596.212,35.0614623,-89.8536277,ChIJ4TWJkTWFf4gRbkNZYfkF9Jw,OK,184265,471570217211020
2596.212,35.0614623,-89.8536277,ChIJ4TWJkTWFf4gRbkNZYfkF9Jw,OK,184265,471570217211020
2761.715,35.050596,-89.869556,ChIJQ4vLA2iFf4gRyyCo3ihKH44,OK,185006,471570217211020
3411.45,35.0326981,-90.07589809999999,ChIJ9S1ljalk1YcRvuG-_hbpimA,OK,270938,471570223103005
3411.45,35.0326981,-90.07589809999999,ChIJ9S1ljalk1YcRvuG-_hbpimA,OK,270938,471570223103005
3798.829,35.0543926,-90.0597009,ChIJT5TzUbl81YcRiPqNjkbj9CA,OK,295851,471570223103005
2199.06,35.0543926,-90.0597009,ChIJT5TzUbl81YcRiPqNjkbj9CA,OK,146069,471570222204016
2199.06,35.0543926,-90.0597009,ChIJT5TzUbl81YcRiPqNjkbj9CA,OK,146069,471570222204016
2780.416,35.06128,-90.05978399999999,ChIJm06f8ZV81YcRTjzAsJPcBKY,OK,178266,471570222204016
2427.302,35.093591,-90.056624,ChIJgyVl92d81YcRhuRHHckl8Y4,OK,142014,471570222201003
2741.812,35.06128,-90.05978399999999,ChIJm06f8ZV81YcRTjzAsJPcBKY,OK,190588,471570222201003
2741.812,35.06128,-90.05978399999999,ChIJm06f8ZV81YcRTjzAsJPcBKY,OK,190588,471570222201003
1575.722,35.0326981,-90.07589809999999,ChIJ9S1ljalk1YcRvuG-_hbpimA,OK,136202,471570223104003
1575.722,35.0326981,-90.07589809999999,ChIJ9S1ljalk1YcRvuG-_hbpimA,OK,136202,471570223104003
1750.617,35.02753099999999,-90.082077,ChIJK66rdetk1YcRwwxI9gDREks,OK,178371,471570223104003
47.118,35.0326981,-90.07589809999999,ChIJ9S1ljalk1YcRvuG-_hbpimA,OK,2609,471570223302000
47.118,35.0326981,-90.07589809999999,ChIJ9S1ljalk1YcRvuG-_hbpimA,OK,2609,471570223302000
848.19,35.02753099999999,-90.082077,ChIJK66rdetk1YcRwwxI9gDREks,OK,46975,471570223302000
722.897,35.1251709,-90.0481695,ChIJybIJtCd81YcR9Otxws-5qCM,OK,47831,471570050001017
722.897,35.1251709,-90.0481695,ChIJybIJtCd81YcR9Otxws-5qCM,OK,47831,471570050001017
724.711,35.125222,-90.048147,ChIJ9cKdtid81YcRKs9h6RjzQzw,OK,47932,471570050001017
761.969,35.0515568,-89.90630259999999,ChIJrU8jyZKFf4gRubg1AIyELWY,OK,50447,471570226001065
761.969,35.0515568,-89.90630259999999,ChIJrU8jyZKFf4gRubg1AIyELWY,OK,50447,471570226001065
1268.709,35.05018,-89.89110199999999,ChIJNUozxJyFf4gRrJ8tUHk1p2Q,OK,75609,471570226001065
795.967,35.0515568,-89.90630259999999,ChIJrU8jyZKFf4gRubg1AIyELWY,OK,57007,471570226001069
795.967,35.0515568,-89.90630259999999,ChIJrU8jyZKFf4gRubg1AIyELWY,OK,57007,471570226001069
1302.707,35.05018,-89.89110199999999,ChIJNUozxJyFf4gRrJ8tUHk1p2Q,OK,82169,471570226001069
697.217,35.0515568,-89.90630259999999,ChIJrU8jyZKFf4gRubg1AIyELWY,OK,49231,471570226002011
697.217,35.0515568,-89.90630259999999,ChIJrU8jyZKFf4gRubg1AIyELWY,OK,49231,471570226002011
1203.957,35.05018,-89.89110199999999,ChIJNUozxJyFf4gRrJ8tUHk1p2Q,OK,74393,471570226002011
632.356,35.0515568,-89.90630259999999,ChIJrU8jyZKFf4gRubg1AIyELWY,OK,62595,471570226001005
632.356,35.0515568,-89.90630259999999,ChIJrU8jyZKFf4gRubg1AIyELWY,OK,62595,471570226001005
1420.781,35.05018,-89.89110199999999,ChIJNUozxJyFf4gRrJ8tUHk1p2Q,OK,96334,471570226001005
739.894,35.0515568,-89.90630259999999,ChIJrU8jyZKFf4gRubg1AIyELWY,OK,54352,471570226002008
739.894,35.0515568,-89.90630259999999,ChIJrU8jyZKFf4gRubg1AIyELWY,OK,54352,471570226002008
1246.634,35.05018,-89.89110199999999,ChIJNUozxJyFf4gRrJ8tUHk1p2Q,OK,79514,471570226002008
635.667,35.0515568,-89.90630259999999,ChIJrU8jyZKFf4gRubg1AIyELWY,OK,62992,471570226001070
635.667,35.0515568,-89.90630259999999,ChIJrU8jyZKFf4gRubg1AIyELWY,OK,62992,471570226001070
1424.092,35.05018,-89.89110199999999,ChIJNUozxJyFf4gRrJ8tUHk1p2Q,OK,96731,471570226001070
2339.871,35.0515568,-89.90630259999999,ChIJrU8jyZKFf4gRubg1AIyELWY,OK,145115,471570226002034
4874.631,35.02100869999999,-89.8995317,ChIJ-f6gz22Pf4gR-rWEeLgd-68,OK,261312,471570226002034
4874.631,35.02100869999999,-89.8995317,ChIJ-f6gz22Pf4gR-rWEeLgd-68,OK,261312,471570226002034
1295.429,35.05018,-89.89110199999999,ChIJNUozxJyFf4gRrJ8tUHk1p2Q,OK,104774,471570108104015
1105.91,35.0515568,-89.90630259999999,ChIJrU8jyZKFf4gRubg1AIyELWY,OK,109403,471570108104015
1105.91,35.0515568,-89.90630259999999,ChIJrU8jyZKFf4gRubg1AIyELWY,OK,109403,471570108104015
1160.636,35.05018,-89.89110199999999,ChIJNUozxJyFf4gRrJ8tUHk1p2Q,OK,76171,471570108104014
1160.636,35.05018,-89.89110199999999,ChIJNUozxJyFf4gRrJ8tUHk1p2Q,OK,76171,471570108104014
1445.888,35.0515568,-89.90630259999999,ChIJrU8jyZKFf4gRubg1AIyELWY,OK,94871,471570108104014
1430.927,35.05018,-89.89110199999999,ChIJNUozxJyFf4gRrJ8tUHk1p2Q,OK,98272,471570108102003
1430.927,35.05018,-89.89110199999999,ChIJNUozxJyFf4gRrJ8tUHk1p2Q,OK,98272,471570108102003
2047.722,35.0612606,-89.88628629999999,ChIJAQ_I1gqFf4gRFrt5yQeAEps,OK,136603,471570108102003
715.372,35.05018,-89.89110199999999,ChIJNUozxJyFf4gRrJ8tUHk1p2Q,OK,74149,471570108102005
715.372,35.05018,-89.89110199999999,ChIJNUozxJyFf4gRrJ8tUHk1p2Q,OK,74149,471570108102005
1576.424,35.04677619999999,-89.8859339,ChIJycTJ_niFf4gR5esliSzp17E,OK,117847,471570108102005
827.461,35.05018,-89.89110199999999,ChIJNUozxJyFf4gRrJ8tUHk1p2Q,OK,56464,471570108102008
827.461,35.05018,-89.89110199999999,ChIJNUozxJyFf4gRrJ8tUHk1p2Q,OK,56464,471570108102008
819.583,35.0515568,-89.90630259999999,ChIJrU8jyZKFf4gRubg1AIyELWY,OK,58930,471570108102008
613.753,35.05018,-89.89110199999999,ChIJNUozxJyFf4gRrJ8tUHk1p2Q,OK,73648,471570226002006
613.753,35.05018,-89.89110199999999,ChIJNUozxJyFf4gRrJ8tUHk1p2Q,OK,73648,471570226002006
1598.191,35.04677619999999,-89.8859339,ChIJycTJ_niFf4gR5esliSzp17E,OK,132153,471570226002006
1015.007,35.0515568,-89.90630259999999,ChIJrU8jyZKFf4gRubg1AIyELWY,OK,80110,471570226002018
1015.007,35.0515568,-89.90630259999999,ChIJrU8jyZKFf4gRubg1AIyELWY,OK,80110,471570226002018
1521.747,35.05018,-89.89110199999999,ChIJNUozxJyFf4gRrJ8tUHk1p2Q,OK,105272,471570226002018
933.176,35.05018,-89.89110199999999,ChIJNUozxJyFf4gRrJ8tUHk1p2Q,OK,78620,471570226002003
933.176,35.05018,-89.89110199999999,ChIJNUozxJyFf4gRrJ8tUHk1p2Q,OK,78620,471570226002003
1218.427,35.0515568,-89.90630259999999,ChIJrU8jyZKFf4gRubg1AIyELWY,OK,97320,471570226002003
1861.431,35.0515568,-89.90630259999999,ChIJrU8jyZKFf4gRubg1AIyELWY,OK,144416,471570226002013
1861.431,35.0515568,-89.90630259999999,ChIJrU8jyZKFf4gRubg1AIyELWY,OK,144416,471570226002013
1509.445,35.05018,-89.89110199999999,ChIJNUozxJyFf4gRrJ8tUHk1p2Q,OK,147769,471570226002013
1466.19,35.05018,-89.89110199999999,ChIJNUozxJyFf4gRrJ8tUHk1p2Q,OK,142579,471570226002014
1466.19,35.05018,-89.89110199999999,ChIJNUozxJyFf4gRrJ8tUHk1p2Q,OK,142579,471570226002014
1923.748,35.0515568,-89.90630259999999,ChIJrU8jyZKFf4gRubg1AIyELWY,OK,151894,471570226002014
878.995,35.04677619999999,-89.8859339,ChIJycTJ_niFf4gR5esliSzp17E,OK,64370,471570226002020
878.995,35.04677619999999,-89.8859339,ChIJycTJ_niFf4gR5esliSzp17E,OK,64370,471570226002020
1797.498,35.0508681,-89.88111619999999,ChIJ68PUi3CFf4gRLPYGzNKUdto,OK,119383,471570226002020
1316.143,35.0612606,-89.88628629999999,ChIJAQ_I1gqFf4gRFrt5yQeAEps,OK,106598,471570107103007
1316.143,35.0612606,-89.88628629999999,ChIJAQ_I1gqFf4gRFrt5yQeAEps,OK,106598,471570107103007
1214.193,35.0632829,-89.88727279999999,ChIJvVoQ4QqFf4gRItXZGUDZ-Hc,OK,117066,471570107103007
1116.993,35.0612606,-89.88628629999999,ChIJAQ_I1gqFf4gRFrt5yQeAEps,OK,75389,471570107103012
1116.993,35.0612606,-89.88628629999999,ChIJAQ_I1gqFf4gRFrt5yQeAEps,OK,75389,471570107103012
1015.043,35.0632829,-89.88727279999999,ChIJvVoQ4QqFf4gRItXZGUDZ-Hc,OK,85857,471570107103012
1695.098,35.125222,-90.048147,ChIJ9cKdtid81YcRKs9h6RjzQzw,OK,120489,471570046001047
1695.098,35.125222,-90.048147,ChIJ9cKdtid81YcRKs9h6RjzQzw,OK,120489,471570046001047
1696.912,35.1251709,-90.0481695,ChIJybIJtCd81YcR9Otxws-5qCM,OK,120589,471570046001047
1972.54,35.125222,-90.048147,ChIJ9cKdtid81YcRKs9h6RjzQzw,OK,153781,471570046001052
1972.54,35.125222,-90.048147,ChIJ9cKdtid81YcRKs9h6RjzQzw,OK,153781,471570046001052
1974.354,35.1251709,-90.0481695,ChIJybIJtCd81YcR9Otxws-5qCM,OK,153881,471570046001052
666.819,35.0326981,-90.07589809999999,ChIJ9S1ljalk1YcRvuG-_hbpimA,OK,66199,471570223301002
666.819,35.0326981,-90.07589809999999,ChIJ9S1ljalk1YcRvuG-_hbpimA,OK,66199,471570223301002
1040.19,35.02753099999999,-90.082077,ChIJK66rdetk1YcRwwxI9gDREks,OK,86877,471570223301002
1807.661,35.02753099999999,-90.082077,ChIJK66rdetk1YcRwwxI9gDREks,OK,142677,471570224102008
1807.661,35.02753099999999,-90.082077,ChIJK66rdetk1YcRwwxI9gDREks,OK,142677,471570224102008
2608.733,35.0326981,-90.07589809999999,ChIJ9S1ljalk1YcRvuG-_hbpimA,OK,187043,471570224102008
1715.867,35.1251709,-90.0481695,ChIJybIJtCd81YcR9Otxws-5qCM,OK,95026,471570117001120
1715.867,35.1251709,-90.0481695,ChIJybIJtCd81YcR9Otxws-5qCM,OK,95026,471570117001120
1717.681,35.125222,-90.048147,ChIJ9cKdtid81YcRKs9h6RjzQzw,OK,95127,471570117001120
1499.562,35.098685,-90.05664899999999,ChIJ31qwBkJ81YcRk2V5pdmdhrM,OK,93645,471570117001121
1499.562,35.098685,-90.05664899999999,ChIJ31qwBkJ81YcRk2V5pdmdhrM,OK,93645,471570117001121
1888.555,35.095133,-90.05542799999999,ChIJATnUo0J81YcRpbAuNwXeqRw,OK,115189,471570117001121
1114.022,35.1251709,-90.0481695,ChIJybIJtCd81YcR9Otxws-5qCM,OK,79189,471570050002001
1114.022,35.1251709,-90.0481695,ChIJybIJtCd81YcR9Otxws-5qCM,OK,79189,471570050002001
1115.836,35.125222,-90.048147,ChIJ9cKdtid81YcRKs9h6RjzQzw,OK,79290,471570050002001
1617.72,35.1251709,-90.0481695,ChIJybIJtCd81YcR9Otxws-5qCM,OK,124853,471570050002010
1617.72,35.1251709,-90.0481695,ChIJybIJtCd81YcR9Otxws-5qCM,OK,124853,471570050002010
1619.534,35.125222,-90.048147,ChIJ9cKdtid81YcRKs9h6RjzQzw,OK,124954,471570050002010
1805.769,35.098685,-90.05664899999999,ChIJ31qwBkJ81YcRk2V5pdmdhrM,OK,117354,471570058002008
1805.769,35.098685,-90.05664899999999,ChIJ31qwBkJ81YcRk2V5pdmdhrM,OK,117354,471570058002008
1468.015,35.1060329,-90.039159,ChIJ231bcjV81YcRQ1quDeYAd6M,OK,122237,471570058002008
1581.692,35.167095,-89.950496,ChIJecYfJgmBf4gRJh-YY67U6V8,OK,105618,471570014001008
1581.692,35.167095,-89.950496,ChIJecYfJgmBf4gRJh-YY67U6V8,OK,105618,471570014001008
1363.417,35.1497164,-89.95515999999999,ChIJcQb6ehiBf4gR-uA54eRPNq8,OK,107127,471570014001008
1568.203,35.1497164,-89.95515999999999,ChIJcQb6ehiBf4gR-uA54eRPNq8,OK,97340,471570030001009
1568.203,35.1497164,-89.95515999999999,ChIJcQb6ehiBf4gR-uA54eRPNq8,OK,97340,471570030001009
1918.632,35.14981359999999,-89.94918609999999,ChIJVdGBGRaBf4gRsi89Rzqn8W4,OK,116139,471570030001009
824.259,35.1497164,-89.95515999999999,ChIJcQb6ehiBf4gR-uA54eRPNq8,OK,59662,471570028002011
824.259,35.1497164,-89.95515999999999,ChIJcQb6ehiBf4gR-uA54eRPNq8,OK,59662,471570028002011
1131.437,35.14981359999999,-89.94918609999999,ChIJVdGBGRaBf4gRsi89Rzqn8W4,OK,67884,471570028002011
894.391,35.1507888,-89.977317,ChIJdVWrOuqAf4gR-V7s1E3qo7g,OK,69784,471570027001012
894.391,35.1507888,-89.977317,ChIJdVWrOuqAf4gR-V7s1E3qo7g,OK,69784,471570027001012
2354.486,35.13418100000001,-89.98599,ChIJnf1_yraAf4gR9pQmD7CXhgg,OK,154811,471570027001012
1849.755,35.13418100000001,-89.98599,ChIJnf1_yraAf4gR9pQmD7CXhgg,OK,114472,471570027001035
1849.755,35.13418100000001,-89.98599,ChIJnf1_yraAf4gR9pQmD7CXhgg,OK,114472,471570027001035
1822.049,35.1507888,-89.977317,ChIJdVWrOuqAf4gR-V7s1E3qo7g,OK,115385,471570027001035
1019.418,35.1507888,-89.977317,ChIJdVWrOuqAf4gR-V7s1E3qo7g,OK,65321,471570027001014
1019.418,35.1507888,-89.977317,ChIJdVWrOuqAf4gR-V7s1E3qo7g,OK,65321,471570027001014
2086.877,35.1497164,-89.95515999999999,ChIJcQb6ehiBf4gR-uA54eRPNq8,OK,131813,471570027001014
1290.498,35.13418100000001,-89.98599,ChIJnf1_yraAf4gR9pQmD7CXhgg,OK,93115,471570031002005
1290.498,35.13418100000001,-89.98599,ChIJnf1_yraAf4gR9pQmD7CXhgg,OK,93115,471570031002005
1455.716,35.12545849999999,-89.97454169999999,ChIJoyT3HjOHf4gRS6EdHckmff8,OK,100089,471570031002005
1539.134,35.12545849999999,-89.97454169999999,ChIJoyT3HjOHf4gRS6EdHckmff8,OK,106300,471570066002029
1539.134,35.12545849999999,-89.97454169999999,ChIJoyT3HjOHf4gRS6EdHckmff8,OK,106300,471570066002029
1694.81,35.13418100000001,-89.98599,ChIJnf1_yraAf4gR9pQmD7CXhgg,OK,111829,471570066002029
1283.501,35.13418100000001,-89.98599,ChIJnf1_yraAf4gR9pQmD7CXhgg,OK,79944,471570031001010
1283.501,35.13418100000001,-89.98599,ChIJnf1_yraAf4gR9pQmD7CXhgg,OK,79944,471570031001010
1448.719,35.12545849999999,-89.97454169999999,ChIJoyT3HjOHf4gRS6EdHckmff8,OK,86918,471570031001010
612.199,35.12545849999999,-89.97454169999999,ChIJoyT3HjOHf4gRS6EdHckmff8,OK,62342,471570071001028
612.199,35.12545849999999,-89.97454169999999,ChIJoyT3HjOHf4gRS6EdHckmff8,OK,62342,471570071001028
2161.47,35.13418100000001,-89.98599,ChIJnf1_yraAf4gR9pQmD7CXhgg,OK,161280,471570071001028
1751.776,35.1507888,-89.977317,ChIJdVWrOuqAf4gR-V7s1E3qo7g,OK,112946,471570028002033
1751.776,35.1507888,-89.977317,ChIJdVWrOuqAf4gR-V7s1E3qo7g,OK,112946,471570028002033
1598.873,35.1497164,-89.95515999999999,ChIJcQb6ehiBf4gR-uA54eRPNq8,OK,119708,471570028002033
1212.663,35.06591589999999,-89.94154240000002,ChIJTUcfL2qGf4gRH4x-pmmajWw,OK,91048,471570105001007
1212.663,35.06591589999999,-89.94154240000002,ChIJTUcfL2qGf4gRH4x-pmmajWw,OK,91048,471570105001007
2295.821,35.05905920000001,-89.9340455,ChIJM89Mbw2Gf4gRFqf4fPnKU7k,OK,134779,471570105001007
278.046,35.093158,-89.93038,ChIJU1HLuoSGf4gRK5KIVLXtvbU,OK,21202,471570080004010
278.046,35.093158,-89.93038,ChIJU1HLuoSGf4gRK5KIVLXtvbU,OK,21202,471570080004010
595.226,35.0960067,-89.93138279999999,ChIJFfDYDZuGf4gR5IbqhV7MTAo,OK,41084,471570080004010
591.072,35.0878609,-89.931612,ChIJ78kLm4aGf4gRhPZ5eF_7ojg,OK,55363,471570082004004
591.072,35.0878609,-89.931612,ChIJ78kLm4aGf4gRhPZ5eF_7ojg,OK,55363,471570082004004
667.519,35.093158,-89.93038,ChIJU1HLuoSGf4gRK5KIVLXtvbU,OK,61430,471570082004004
2349.462,35.1507888,-89.977317,ChIJdVWrOuqAf4gR-V7s1E3qo7g,OK,149730,471570028003004
2349.462,35.1507888,-89.977317,ChIJdVWrOuqAf4gR-V7s1E3qo7g,OK,149730,471570028003004
2282.513,35.1497164,-89.95515999999999,ChIJcQb6ehiBf4gR-uA54eRPNq8,OK,151341,471570028003004
2562.005,35.093591,-90.056624,ChIJgyVl92d81YcRhuRHHckl8Y4,OK,164944,471570056002016
2741.842,35.095133,-90.05542799999999,ChIJATnUo0J81YcRpbAuNwXeqRw,OK,174904,471570056002016
2741.842,35.095133,-90.05542799999999,ChIJATnUo0J81YcRpbAuNwXeqRw,OK,174904,471570056002016
1635.129,35.1060329,-90.039159,ChIJ231bcjV81YcRQ1quDeYAd6M,OK,130906,471570058001012
1968.312,35.1251709,-90.0481695,ChIJybIJtCd81YcR9Otxws-5qCM,OK,152635,471570058001012
1968.312,35.1251709,-90.0481695,ChIJybIJtCd81YcR9Otxws-5qCM,OK,152635,471570058001012
1678.592,35.1087458,-90.0211918,ChIJe6w2EsF91YcRquzVZc8M0-I,OK,98131,471570060002011
1678.592,35.1087458,-90.0211918,ChIJe6w2EsF91YcRquzVZc8M0-I,OK,98131,471570060002011
1679.233,35.10874099999999,-90.021185,ChIJrVbiDcF91YcRG9TBOTpHc3I,OK,98208,471570060002011
497.198,35.109859,-89.99141100000001,ChIJs6JbpFyHf4gR9O01gG0a7fQ,OK,45423,471570066001034
497.198,35.109859,-89.99141100000001,ChIJs6JbpFyHf4gR9O01gG0a7fQ,OK,45423,471570066001034
858.486,35.107529,-89.9862127,ChIJ0WGfSUKHf4gRjDLrfGQwCV4,OK,71892,471570066001034
1151.954,35.109859,-89.99141100000001,ChIJs6JbpFyHf4gR9O01gG0a7fQ,OK,72454,471570066001016
1151.954,35.109859,-89.99141100000001,ChIJs6JbpFyHf4gR9O01gG0a7fQ,OK,72454,471570066001016
1954.014,35.107529,-89.9862127,ChIJ0WGfSUKHf4gRjDLrfGQwCV4,OK,123335,471570066001016
2306.194,35.13774119999999,-89.99713,ChIJtwtohKiAf4gRFxkNLUf9PgA,OK,166310,471570062001000
2669.043,35.13763670000001,-90.00757159999999,ChIJl69WLQV-1YcRU3z7Tt2MyhY,OK,192898,471570062001000
2669.043,35.13763670000001,-90.00757159999999,ChIJl69WLQV-1YcRU3z7Tt2MyhY,OK,192898,471570062001000
1699.297,35.109859,-89.99141100000001,ChIJs6JbpFyHf4gR9O01gG0a7fQ,OK,104556,471570063001014
1699.297,35.109859,-89.99141100000001,ChIJs6JbpFyHf4gR9O01gG0a7fQ,OK,104556,471570063001014
2409.501,35.13774119999999,-89.99713,ChIJtwtohKiAf4gRFxkNLUf9PgA,OK,158068,471570063001014
767.804,35.109859,-89.99141100000001,ChIJs6JbpFyHf4gR9O01gG0a7fQ,OK,42520,471570064001005
767.804,35.109859,-89.99141100000001,ChIJs6JbpFyHf4gR9O01gG0a7fQ,OK,42520,471570064001005
1569.864,35.107529,-89.9862127,ChIJ0WGfSUKHf4gRjDLrfGQwCV4,OK,93401,471570064001005
493.518,35.109859,-89.99141100000001,ChIJs6JbpFyHf4gR9O01gG0a7fQ,OK,29507,471570064001039
493.518,35.109859,-89.99141100000001,ChIJs6JbpFyHf4gR9O01gG0a7fQ,OK,29507,471570064001039
1295.578,35.107529,-89.9862127,ChIJ0WGfSUKHf4gRjDLrfGQwCV4,OK,80388,471570064001039
1442.126,35.1087458,-90.0211918,ChIJe6w2EsF91YcRquzVZc8M0-I,OK,101992,471570065002022
1442.126,35.1087458,-90.0211918,ChIJe6w2EsF91YcRquzVZc8M0-I,OK,101992,471570065002022
1442.767,35.10874099999999,-90.021185,ChIJrVbiDcF91YcRG9TBOTpHc3I,OK,102069,471570065002022
1317.317,35.109859,-89.99141100000001,ChIJs6JbpFyHf4gR9O01gG0a7fQ,OK,90179,471570066002038
1317.317,35.109859,-89.99141100000001,ChIJs6JbpFyHf4gR9O01gG0a7fQ,OK,90179,471570066002038
2049.06,35.13418100000001,-89.98599,ChIJnf1_yraAf4gR9pQmD7CXhgg,OK,137592,471570066002038
1020.504,35.12545849999999,-89.97454169999999,ChIJoyT3HjOHf4gRS6EdHckmff8,OK,118465,471570066002028
1020.504,35.12545849999999,-89.97454169999999,ChIJoyT3HjOHf4gRS6EdHckmff8,OK,118465,471570066002028
1896.73,35.13418100000001,-89.98599,ChIJnf1_yraAf4gR9pQmD7CXhgg,OK,148173,471570066002028
734.395,35.09464699999999,-89.9708677,ChIJx5uAuBqHf4gRze5MKc5WJFI,OK,41757,471570068003008
734.395,35.09464699999999,-89.9708677,ChIJx5uAuBqHf4gRze5MKc5WJFI,OK,41757,471570068003008
925.955,35.104197,-89.98335349999999,ChIJNST6hGqHf4gR0Mml4gyjQWk,OK,51281,471570068003008
691.052,35.107529,-89.9862127,ChIJ0WGfSUKHf4gRjDLrfGQwCV4,OK,65350,471570067002004
691.052,35.107529,-89.9862127,ChIJ0WGfSUKHf4gRjDLrfGQwCV4,OK,65350,471570067002004
1132.07,35.104197,-89.98335349999999,ChIJNST6hGqHf4gR0Mml4gyjQWk,OK,84909,471570067002004
1144.741,35.108097,-89.941227,ChIJwxJT-r6Gf4gRhLDuFpyb128,OK,78519,471570079001012
1144.741,35.108097,-89.941227,ChIJwxJT-r6Gf4gRhLDuFpyb128,OK,78519,471570079001012
1847.122,35.1079763,-89.9333841,ChIJqZoM4qKGf4gREaZMyPG1GBQ,OK,118409,471570079001012
1782.963,35.0841884,-89.97146650000001,ChIJX1vb4AeHf4gRloPQ2o5nDXA,OK,138244,471570069003019
1782.963,35.0841884,-89.97146650000001,ChIJX1vb4AeHf4gRloPQ2o5nDXA,OK,138244,471570069003019
2356.887,35.104197,-89.98335349999999,ChIJNST6hGqHf4gR0Mml4gyjQWk,OK,150454,471570069003019
1787.968,35.108097,-89.941227,ChIJwxJT-r6Gf4gRhLDuFpyb128,OK,133604,471570070002007
1787.968,35.108097,-89.941227,ChIJwxJT-r6Gf4gRhLDuFpyb128,OK,133604,471570070002007
1636.921,35.1161637,-89.9446263,ChIJ-ZiED8iGf4gR32IlfgDBKWY,OK,139637,471570070002007
1183.131,35.1161637,-89.9446263,ChIJ-ZiED8iGf4gR32IlfgDBKWY,OK,88679,471570070001007
1183.131,35.1161637,-89.9446263,ChIJ-ZiED8iGf4gR32IlfgDBKWY,OK,88679,471570070001007
2265.075,35.108097,-89.941227,ChIJwxJT-r6Gf4gRhLDuFpyb128,OK,149771,471570070001007
1132.659,35.12545849999999,-89.97454169999999,ChIJoyT3HjOHf4gRS6EdHckmff8,OK,76656,471570071002001
1132.659,35.12545849999999,-89.97454169999999,ChIJoyT3HjOHf4gRS6EdHckmff8,OK,76656,471570071002001
2939.421,35.13418100000001,-89.98599,ChIJnf1_yraAf4gR9pQmD7CXhgg,OK,187995,471570071002001
1933.929,35.1161637,-89.9446263,ChIJ-ZiED8iGf4gR32IlfgDBKWY,OK,128158,471570072002013
1933.929,35.1161637,-89.9446263,ChIJ-ZiED8iGf4gR32IlfgDBKWY,OK,128158,471570072002013
2180.407,35.12545849999999,-89.97454169999999,ChIJoyT3HjOHf4gRS6EdHckmff8,OK,136875,471570072002013
715.01,35.1161637,-89.9446263,ChIJ-ZiED8iGf4gR32IlfgDBKWY,OK,62601,471570072001012
715.01,35.1161637,-89.9446263,ChIJ-ZiED8iGf4gR32IlfgDBKWY,OK,62601,471570072001012
1796.953,35.108097,-89.941227,ChIJwxJT-r6Gf4gRhLDuFpyb128,OK,123693,471570072001012
290.265,35.108097,-89.941227,ChIJwxJT-r6Gf4gRhLDuFpyb128,OK,34831,471570074001016
290.265,35.108097,-89.941227,ChIJwxJT-r6Gf4gRhLDuFpyb128,OK,34831,471570074001016
1067.652,35.1079763,-89.9333841,ChIJqZoM4qKGf4gREaZMyPG1GBQ,OK,83721,471570074001016
2283.594,35.095133,-90.05542799999999,ChIJATnUo0J81YcRpbAuNwXeqRw,OK,196852,471570075002006
1443.656,35.02100869999999,-89.8995317,ChIJ-f6gz22Pf4gR-rWEeLgd-68,OK,66356,471570226001142
1443.656,35.02100869999999,-89.8995317,ChIJ-f6gz22Pf4gR-rWEeLgd-68,OK,66356,471570226001142
1454.929,35.0209193,-89.8996561,ChIJxWQfy22Pf4gRlC1jxVU1A2g,OK,66981,471570226001142
763.647,35.0344414,-89.8319559,ChIJfcC9SguQf4gR_xf02Tpo1-w,OK,54552,471570217461012
763.647,35.0344414,-89.8319559,ChIJfcC9SguQf4gR_xf02Tpo1-w,OK,54552,471570217461012
977.38,35.0220022,-89.82947999999999,ChIJxT9DeWuQf4gRf6HLF5uJHd0,OK,67491,471570217461012
2468.321,35.0344414,-89.8319559,ChIJfcC9SguQf4gR_xf02Tpo1-w,OK,144531,471570217411016
2468.321,35.0344414,-89.8319559,ChIJfcC9SguQf4gR_xf02Tpo1-w,OK,144531,471570217411016
2627.365,35.0490562,-89.84441600000001,ChIJCUulJK6af4gR7vOP_qSrYdM,OK,153376,471570217411016
9669.521,35.02138900000001,-89.996898,ChIJz3MQkR6If4gRIBgmNH-BQcg,OK,404290,471570221123014
9669.521,35.02138900000001,-89.996898,ChIJz3MQkR6If4gRIBgmNH-BQcg,OK,404290,471570221123014
9409.704,35.021381,-90.020287,ChIJnVfwxMBi1YcR65EtGsZDcOY,OK,460452,471570221123014
1913.348,35.04677619999999,-89.8859339,ChIJycTJ_niFf4gR5esliSzp17E,OK,105960,471570226001081
1913.348,35.04677619999999,-89.8859339,ChIJycTJ_niFf4gR5esliSzp17E,OK,105960,471570226001081
3184.321,35.02100869999999,-89.8995317,ChIJ-f6gz22Pf4gR-rWEeLgd-68,OK,176352,471570226001081
2512.418,35.0344414,-89.8319559,ChIJfcC9SguQf4gR_xf02Tpo1-w,OK,147031,471570217411017
2512.418,35.0344414,-89.8319559,ChIJfcC9SguQf4gR_xf02Tpo1-w,OK,147031,471570217411017
2671.462,35.0490562,-89.84441600000001,ChIJCUulJK6af4gR7vOP_qSrYdM,OK,155876,471570217411017
2333.681,35.02100869999999,-89.8995317,ChIJ-f6gz22Pf4gR-rWEeLgd-68,OK,129241,471570226001087
2333.681,35.02100869999999,-89.8995317,ChIJ-f6gz22Pf4gR-rWEeLgd-68,OK,129241,471570226001087
2344.954,35.0209193,-89.8996561,ChIJxWQfy22Pf4gRlC1jxVU1A2g,OK,129866,471570226001087
1964.521,35.02099699999999,-89.93544,ChIJW6hY3LmIf4gRWjIeu9tMgvU,OK,116676,471570226001114
1964.521,35.02099699999999,-89.93544,ChIJW6hY3LmIf4gRWjIeu9tMgvU,OK,116676,471570226001114
2241.877,35.0209193,-89.8996561,ChIJxWQfy22Pf4gRlC1jxVU1A2g,OK,132038,471570226001114
1943.158,35.02099699999999,-89.93544,ChIJW6hY3LmIf4gRWjIeu9tMgvU,OK,117318,471570226001211
1943.158,35.02099699999999,-89.93544,ChIJW6hY3LmIf4gRWjIeu9tMgvU,OK,117318,471570226001211
2220.514,35.0209193,-89.8996561,ChIJxWQfy22Pf4gRlC1jxVU1A2g,OK,132680,471570226001211
176.892,35.0220022,-89.82947999999999,ChIJxT9DeWuQf4gRf6HLF5uJHd0,OK,9796,471570217472009
176.892,35.0220022,-89.82947999999999,ChIJxT9DeWuQf4gRf6HLF5uJHd0,OK,9796,471570217472009
1575.436,35.0344414,-89.8319559,ChIJfcC9SguQf4gR_xf02Tpo1-w,OK,87248,471570217472009
889.918,35.02138900000001,-89.996898,ChIJz3MQkR6If4gRIBgmNH-BQcg,OK,46614,471570221122013
889.918,35.02138900000001,-89.996898,ChIJz3MQkR6If4gRIBgmNH-BQcg,OK,46614,471570221122013
2080.945,35.021384,-90.019407,ChIJk8DCu8Bi1YcRUnUQCgCMr-E,OK,113323,471570221122013
428.403,35.02138900000001,-89.996898,ChIJz3MQkR6If4gRIBgmNH-BQcg,OK,22704,471570221122015
428.403,35.02138900000001,-89.996898,ChIJz3MQkR6If4gRIBgmNH-BQcg,OK,22704,471570221122015
2223.214,35.021384,-90.019407,ChIJk8DCu8Bi1YcRUnUQCgCMr-E,OK,122851,471570221122015
222.546,35.0225458,-90.0257415,ChIJnc94gMRi1YcRKYztFRuX2Yw,OK,25405,471570221112017
868.182,35.021381,-90.020287,ChIJnVfwxMBi1YcR65EtGsZDcOY,OK,62186,471570221112017
868.182,35.021381,-90.020287,ChIJnVfwxMBi1YcR65EtGsZDcOY,OK,62186,471570221112017
518.807,35.02138900000001,-89.996898,ChIJz3MQkR6If4gRIBgmNH-BQcg,OK,28732,471570221123015
518.807,35.02138900000001,-89.996898,ChIJz3MQkR6If4gRIBgmNH-BQcg,OK,28732,471570221123015
1616.486,35.021384,-90.019407,ChIJk8DCu8Bi1YcRUnUQCgCMr-E,OK,90271,471570221123015
787.362,35.0225458,-90.0257415,ChIJnc94gMRi1YcRKYztFRuX2Yw,OK,58481,471570221113015
787.362,35.0225458,-90.0257415,ChIJnc94gMRi1YcRKYztFRuX2Yw,OK,58481,471570221113015
1143.891,35.021381,-90.020287,ChIJnVfwxMBi1YcR65EtGsZDcOY,OK,78967,471570221113015
648.586,35.021381,-90.020287,ChIJnVfwxMBi1YcR65EtGsZDcOY,OK,36661,471570221112018
648.586,35.021381,-90.020287,ChIJnVfwxMBi1YcR65EtGsZDcOY,OK,36661,471570221112018
648.925,35.021384,-90.019407,ChIJk8DCu8Bi1YcRUnUQCgCMr-E,OK,36686,471570221112018
1347.423,35.0326981,-90.07589809999999,ChIJ9S1ljalk1YcRvuG-_hbpimA,OK,79077,471570223301004
1347.423,35.0326981,-90.07589809999999,ChIJ9S1ljalk1YcRvuG-_hbpimA,OK,79077,471570223301004
2148.495,35.02753099999999,-90.082077,ChIJK66rdetk1YcRwwxI9gDREks,OK,123443,471570223301004
398.991,35.021381,-90.020287,ChIJnVfwxMBi1YcR65EtGsZDcOY,OK,22839,471570221112019
398.991,35.021381,-90.020287,ChIJnVfwxMBi1YcR65EtGsZDcOY,OK,22839,471570221112019
399.33,35.021384,-90.019407,ChIJk8DCu8Bi1YcRUnUQCgCMr-E,OK,22864,471570221112019
299.392,35.021381,-90.020287,ChIJnVfwxMBi1YcR65EtGsZDcOY,OK,17322,471570221112022
299.392,35.021381,-90.020287,ChIJnVfwxMBi1YcR65EtGsZDcOY,OK,17322,471570221112022
299.731,35.021384,-90.019407,ChIJk8DCu8Bi1YcRUnUQCgCMr-E,OK,17347,471570221112022
135.74,35.021381,-90.020287,ChIJnVfwxMBi1YcR65EtGsZDcOY,OK,8260,471570221112021
135.74,35.021381,-90.020287,ChIJnVfwxMBi1YcR65EtGsZDcOY,OK,8260,471570221112021
136.079,35.021384,-90.019407,ChIJk8DCu8Bi1YcRUnUQCgCMr-E,OK,8285,471570221112021
1189.307,35.02099699999999,-89.93544,ChIJW6hY3LmIf4gRWjIeu9tMgvU,OK,65863,471570219001004
1189.307,35.02099699999999,-89.93544,ChIJW6hY3LmIf4gRWjIeu9tMgvU,OK,65863,471570219001004
1576.353,35.015991,-89.935953,ChIJSSHzkseIf4gRnqbOP98HojY,OK,87297,471570219001004
33.586,35.0209193,-89.8996561,ChIJxWQfy22Pf4gRlC1jxVU1A2g,OK,1860,471570226001148
33.586,35.0209193,-89.8996561,ChIJxWQfy22Pf4gRlC1jxVU1A2g,OK,1860,471570226001148
44.858,35.02100869999999,-89.8995317,ChIJ-f6gz22Pf4gR-rWEeLgd-68,OK,2484,471570226001148
1290.25,35.02099699999999,-89.93544,ChIJW6hY3LmIf4gRWjIeu9tMgvU,OK,71458,471570226001131
1290.25,35.02099699999999,-89.93544,ChIJW6hY3LmIf4gRWjIeu9tMgvU,OK,71458,471570226001131
1632.22,35.0068452,-90.00681259999999,ChIJz3G0Jpti1YcRMCYWHOflqrA,OK,147219,471570221212010
1632.22,35.0068452,-90.00681259999999,ChIJz3G0Jpti1YcRMCYWHOflqrA,OK,147219,471570221212010
2874.138,35.021381,-90.020287,ChIJnVfwxMBi1YcR65EtGsZDcOY,OK,220898,471570221212010
1137.792,35.0068452,-90.00681259999999,ChIJz3G0Jpti1YcRMCYWHOflqrA,OK,81389,471570221211015
1137.792,35.0068452,-90.00681259999999,ChIJz3G0Jpti1YcRMCYWHOflqrA,OK,81389,471570221211015
1298.197,35.00495799999999,-90.0276544,ChIJuXbrrfFi1YcR97C4vX-T9Zk,OK,100487,471570221211015
865.379,35.0068452,-90.00681259999999,ChIJz3G0Jpti1YcRMCYWHOflqrA,OK,73874,471570221212012
865.379,35.0068452,-90.00681259999999,ChIJz3G0Jpti1YcRMCYWHOflqrA,OK,73874,471570221212012
2238.308,35.021381,-90.020287,ChIJnVfwxMBi1YcR65EtGsZDcOY,OK,144602,471570221212012
1881.443,35.0068452,-90.00681259999999,ChIJz3G0Jpti1YcRMCYWHOflqrA,OK,162523,471570221212007
2375.255,35.021381,-90.020287,ChIJnVfwxMBi1YcR65EtGsZDcOY,OK,195231,471570221212007
2375.255,35.021381,-90.020287,ChIJnVfwxMBi1YcR65EtGsZDcOY,OK,195231,471570221212007
1337.919,35.0068452,-90.00681259999999,ChIJz3G0Jpti1YcRMCYWHOflqrA,OK,97303,471570221212001
1337.919,35.0068452,-90.00681259999999,ChIJz3G0Jpti1YcRMCYWHOflqrA,OK,97303,471570221212001
2098.01,35.021381,-90.020287,ChIJnVfwxMBi1YcR65EtGsZDcOY,OK,138266,471570221212001
1156.55,35.0068452,-90.00681259999999,ChIJz3G0Jpti1YcRMCYWHOflqrA,OK,86038,471570221212005
1156.55,35.0068452,-90.00681259999999,ChIJz3G0Jpti1YcRMCYWHOflqrA,OK,86038,471570221212005
2266.624,35.021381,-90.020287,ChIJnVfwxMBi1YcR65EtGsZDcOY,OK,147999,471570221212005
1450.182,35.0068452,-90.00681259999999,ChIJz3G0Jpti1YcRMCYWHOflqrA,OK,110773,471570221212002
2210.273,35.021381,-90.020287,ChIJnVfwxMBi1YcR65EtGsZDcOY,OK,151736,471570221212002
2210.273,35.021381,-90.020287,ChIJnVfwxMBi1YcR65EtGsZDcOY,OK,151736,471570221212002
1229.897,35.0068452,-90.00681259999999,ChIJz3G0Jpti1YcRMCYWHOflqrA,OK,84340,471570221212003
1229.897,35.0068452,-90.00681259999999,ChIJz3G0Jpti1YcRMCYWHOflqrA,OK,84340,471570221212003
1989.988,35.021381,-90.020287,ChIJnVfwxMBi1YcR65EtGsZDcOY,OK,125303,471570221212003
1121.133,35.0068452,-90.00681259999999,ChIJz3G0Jpti1YcRMCYWHOflqrA,OK,104564,471570221212011
1121.133,35.0068452,-90.00681259999999,ChIJz3G0Jpti1YcRMCYWHOflqrA,OK,104564,471570221212011
2537.188,35.021381,-90.020287,ChIJnVfwxMBi1YcR65EtGsZDcOY,OK,180466,471570221212011
843.093,35.0068452,-90.00681259999999,ChIJz3G0Jpti1YcRMCYWHOflqrA,OK,71199,471570221212018
843.093,35.0068452,-90.00681259999999,ChIJz3G0Jpti1YcRMCYWHOflqrA,OK,71199,471570221212018
2500.96,35.021381,-90.020287,ChIJnVfwxMBi1YcR65EtGsZDcOY,OK,176119,471570221212018
793.336,35.0068452,-90.00681259999999,ChIJz3G0Jpti1YcRMCYWHOflqrA,OK,63706,471570221211016
793.336,35.0068452,-90.00681259999999,ChIJz3G0Jpti1YcRMCYWHOflqrA,OK,63706,471570221211016
2972.031,35.021381,-90.020287,ChIJnVfwxMBi1YcR65EtGsZDcOY,OK,209872,471570221211016
1656.807,35.0068452,-90.00681259999999,ChIJz3G0Jpti1YcRMCYWHOflqrA,OK,146067,471570221212009
1656.807,35.0068452,-90.00681259999999,ChIJz3G0Jpti1YcRMCYWHOflqrA,OK,146067,471570221212009
2766.881,35.021381,-90.020287,ChIJnVfwxMBi1YcR65EtGsZDcOY,OK,208028,471570221212009
632.478,35.0068452,-90.00681259999999,ChIJz3G0Jpti1YcRMCYWHOflqrA,OK,50420,471570221212014
632.478,35.0068452,-90.00681259999999,ChIJz3G0Jpti1YcRMCYWHOflqrA,OK,50420,471570221212014
2019.008,34.993343,-90.00823899999999,ChIJk-nxFn1i1YcRBckohHLWoho,OK,133610,471570221212014
775.712,35.0068452,-90.00681259999999,ChIJz3G0Jpti1YcRMCYWHOflqrA,OK,61591,471570221211017
775.712,35.0068452,-90.00681259999999,ChIJz3G0Jpti1YcRMCYWHOflqrA,OK,61591,471570221211017
1441.655,35.00495799999999,-90.0276544,ChIJuXbrrfFi1YcR97C4vX-T9Zk,OK,111201,471570221211017
737.304,35.0068452,-90.00681259999999,ChIJz3G0Jpti1YcRMCYWHOflqrA,OK,58505,471570221212015
737.304,35.0068452,-90.00681259999999,ChIJz3G0Jpti1YcRMCYWHOflqrA,OK,58505,471570221212015
2606.56,35.021381,-90.020287,ChIJnVfwxMBi1YcR65EtGsZDcOY,OK,166016,471570221212015
667.835,35.0068452,-90.00681259999999,ChIJz3G0Jpti1YcRMCYWHOflqrA,OK,58117,471570221212016
667.835,35.0068452,-90.00681259999999,ChIJz3G0Jpti1YcRMCYWHOflqrA,OK,58117,471570221212016
2054.366,34.993343,-90.00823899999999,ChIJk-nxFn1i1YcRBckohHLWoho,OK,141307,471570221212016
492.206,35.0068452,-90.00681259999999,ChIJz3G0Jpti1YcRMCYWHOflqrA,OK,40159,471570221303002
492.206,35.0068452,-90.00681259999999,ChIJz3G0Jpti1YcRMCYWHOflqrA,OK,40159,471570221303002
1527.464,34.993343,-90.00823899999999,ChIJk-nxFn1i1YcRBckohHLWoho,OK,116425,471570221303002
515.371,35.0068452,-90.00681259999999,ChIJz3G0Jpti1YcRMCYWHOflqrA,OK,30919,471570221303003
515.371,35.0068452,-90.00681259999999,ChIJz3G0Jpti1YcRMCYWHOflqrA,OK,30919,471570221303003
1483.041,35.00495799999999,-90.0276544,ChIJuXbrrfFi1YcR97C4vX-T9Zk,OK,98449,471570221303003
1478.943,34.99227370000001,-90.0232297,ChIJY7HkKF9i1YcRjKJ-3GH9XsM,OK,90395,471570221304014
1478.943,34.99227370000001,-90.0232297,ChIJY7HkKF9i1YcRjKJ-3GH9XsM,OK,90395,471570221304014
1564.377,34.9915203,-90.02290859999999,ChIJR4zh2F5i1YcRnlQUjUF62Hw,OK,95127,471570221304014
986.977,35.00495799999999,-90.0276544,ChIJuXbrrfFi1YcR97C4vX-T9Zk,OK,76505,471570221304000
986.977,35.00495799999999,-90.0276544,ChIJuXbrrfFi1YcR97C4vX-T9Zk,OK,76505,471570221304000
1272.034,35.0068452,-90.00681259999999,ChIJz3G0Jpti1YcRMCYWHOflqrA,OK,84133,471570221304000
77.759,35.1435177,-90.0539328,ChIJ8VFg1pV-1YcRR9G8p0pZx6U,OK,9436,471570042002008
77.759,35.1435177,-90.0539328,ChIJ8VFg1pV-1YcRR9G8p0pZx6U,OK,9436,471570042002008
292.769,35.1439641,-90.0517892,ChIJL-0zBZR-1YcRj7p5p1WY4-g,OK,23897,471570042002008
298.076,35.1439641,-90.0517892,ChIJL-0zBZR-1YcRj7p5p1WY4-g,OK,30337,471570042002014
298.076,35.1439641,-90.0517892,ChIJL-0zBZR-1YcRj7p5p1WY4-g,OK,30337,471570042002014
328.766,35.1435177,-90.0539328,ChIJ8VFg1pV-1YcRR9G8p0pZx6U,OK,30616,471570042002014
310.283,35.1450994,-90.0538646,ChIJne6_s5V-1YcRn_LPaqiwhrk,OK,25601,471570042001049
1605.766,35.1439641,-90.0517892,ChIJL-0zBZR-1YcRj7p5p1WY4-g,OK,91090,471570114003018
1605.766,35.1439641,-90.0517892,ChIJL-0zBZR-1YcRj7p5p1WY4-g,OK,91090,471570114003018
2791.094,35.125222,-90.048147,ChIJ9cKdtid81YcRKs9h6RjzQzw,OK,148059,471570114003018
801.158,35.13418100000001,-89.98599,ChIJnf1_yraAf4gR9pQmD7CXhgg,OK,47279,471570031002012
801.158,35.13418100000001,-89.98599,ChIJnf1_yraAf4gR9pQmD7CXhgg,OK,47279,471570031002012
1152.882,35.13779299999999,-89.99118349999999,ChIJUQlZ-K-Af4gRkRKK62-ap5w,OK,82983,471570031002012
1031.235,35.1444038,-90.0168571,ChIJufYEjhR-1YcREff46W6Lons,OK,78501,471570036002055
1031.235,35.1444038,-90.0168571,ChIJufYEjhR-1YcREff46W6Lons,OK,78501,471570036002055
1159.59,35.13763670000001,-90.00757159999999,ChIJl69WLQV-1YcRU3z7Tt2MyhY,OK,94361,471570036002055
8684.381,35.1444038,-90.0168571,ChIJufYEjhR-1YcREff46W6Lons,OK,436618,471570038001024
8684.381,35.1444038,-90.0168571,ChIJufYEjhR-1YcREff46W6Lons,OK,436618,471570038001024
8715.947,35.13763670000001,-90.00757159999999,ChIJl69WLQV-1YcRU3z7Tt2MyhY,OK,442127,471570038001024
3392.44,35.1444038,-90.0168571,ChIJufYEjhR-1YcREff46W6Lons,OK,189476,471570036002016
3392.44,35.1444038,-90.0168571,ChIJufYEjhR-1YcREff46W6Lons,OK,189476,471570036002016
3424.006,35.13763670000001,-90.00757159999999,ChIJl69WLQV-1YcRU3z7Tt2MyhY,OK,194985,471570036002016
1559.525,35.1444038,-90.0168571,ChIJufYEjhR-1YcREff46W6Lons,OK,104939,471570036002032
1559.525,35.1444038,-90.0168571,ChIJufYEjhR-1YcREff46W6Lons,OK,104939,471570036002032
1591.091,35.13763670000001,-90.00757159999999,ChIJl69WLQV-1YcRU3z7Tt2MyhY,OK,110448,471570036002032
2396.791,35.14859919999999,-89.91828060000002,ChIJRflgf-eDf4gRHX_XNYKER-s,OK,161196,471570029004003
2396.791,35.14859919999999,-89.91828060000002,ChIJRflgf-eDf4gRHX_XNYKER-s,OK,161196,471570029004003
3423.357,35.14981359999999,-89.94918609999999,ChIJVdGBGRaBf4gRsi89Rzqn8W4,OK,202058,471570029004003
1047.173,35.1439641,-90.0517892,ChIJL-0zBZR-1YcRj7p5p1WY4-g,OK,60044,471570114001000
1047.173,35.1439641,-90.0517892,ChIJL-0zBZR-1YcRj7p5p1WY4-g,OK,60044,471570114001000
1077.864,35.1435177,-90.0539328,ChIJ8VFg1pV-1YcRR9G8p0pZx6U,OK,60323,471570114001000
949.086,35.13418100000001,-89.98599,ChIJnf1_yraAf4gR9pQmD7CXhgg,OK,54742,471570031002016
949.086,35.13418100000001,-89.98599,ChIJnf1_yraAf4gR9pQmD7CXhgg,OK,54742,471570031002016
1864.773,35.12545849999999,-89.97454169999999,ChIJoyT3HjOHf4gRS6EdHckmff8,OK,104140,471570031002016
1303.977,35.1439641,-90.0517892,ChIJL-0zBZR-1YcRj7p5p1WY4-g,OK,82720,471570114003023
1303.977,35.1439641,-90.0517892,ChIJL-0zBZR-1YcRj7p5p1WY4-g,OK,82720,471570114003023
1334.668,35.1435177,-90.0539328,ChIJ8VFg1pV-1YcRR9G8p0pZx6U,OK,82999,471570114003023
2127.637,35.14868459999999,-89.7948203,ChIJ4w9Lr2qcf4gRHdzl9FciAFM,OK,171082,471570211372013
2127.637,35.14868459999999,-89.7948203,ChIJ4w9Lr2qcf4gRHdzl9FciAFM,OK,171082,471570211372013
2893.799,35.1546312,-89.79260459999999,ChIJ8UeuSEecf4gRniit7ubZLtM,OK,191781,471570211372013
1474.476,35.1444038,-90.0168571,ChIJufYEjhR-1YcREff46W6Lons,OK,100590,471570037001000
1474.476,35.1444038,-90.0168571,ChIJufYEjhR-1YcREff46W6Lons,OK,100590,471570037001000
1506.042,35.13763670000001,-90.00757159999999,ChIJl69WLQV-1YcRU3z7Tt2MyhY,OK,106099,471570037001000
1808.006,35.14868459999999,-89.7948203,ChIJ4w9Lr2qcf4gRHdzl9FciAFM,OK,119787,471570211251053
1808.006,35.14868459999999,-89.7948203,ChIJ4w9Lr2qcf4gRHdzl9FciAFM,OK,119787,471570211251053
2574.168,35.1546312,-89.79260459999999,ChIJ8UeuSEecf4gRniit7ubZLtM,OK,140486,471570211251053
1513.569,35.14868459999999,-89.7948203,ChIJ4w9Lr2qcf4gRHdzl9FciAFM,OK,123212,471570211372009
1513.569,35.14868459999999,-89.7948203,ChIJ4w9Lr2qcf4gRHdzl9FciAFM,OK,123212,471570211372009
2279.732,35.1546312,-89.79260459999999,ChIJ8UeuSEecf4gRniit7ubZLtM,OK,143911,471570211372009
1333.243,35.1444038,-90.0168571,ChIJufYEjhR-1YcREff46W6Lons,OK,99976,471570036002030
1333.243,35.1444038,-90.0168571,ChIJufYEjhR-1YcREff46W6Lons,OK,99976,471570036002030
1364.809,35.13763670000001,-90.00757159999999,ChIJl69WLQV-1YcRU3z7Tt2MyhY,OK,105485,471570036002030
1343.951,35.13418100000001,-89.98599,ChIJnf1_yraAf4gR9pQmD7CXhgg,OK,82171,471570031002003
1343.951,35.13418100000001,-89.98599,ChIJnf1_yraAf4gR9pQmD7CXhgg,OK,82171,471570031002003
1509.169,35.12545849999999,-89.97454169999999,ChIJoyT3HjOHf4gRS6EdHckmff8,OK,89145,471570031002003
1309.161,35.1439641,-90.0517892,ChIJL-0zBZR-1YcRj7p5p1WY4-g,OK,73516,471570114001012
1309.161,35.1439641,-90.0517892,ChIJL-0zBZR-1YcRj7p5p1WY4-g,OK,73516,471570114001012
1339.852,35.1435177,-90.0539328,ChIJ8VFg1pV-1YcRR9G8p0pZx6U,OK,73795,471570114001012
1293.472,35.13418100000001,-89.98599,ChIJnf1_yraAf4gR9pQmD7CXhgg,OK,93472,471570031002020
1293.472,35.13418100000001,-89.98599,ChIJnf1_yraAf4gR9pQmD7CXhgg,OK,93472,471570031002020
1458.69,35.12545849999999,-89.97454169999999,ChIJoyT3HjOHf4gRS6EdHckmff8,OK,100446,471570031002020
1397.913,35.14868459999999,-89.7948203,ChIJ4w9Lr2qcf4gRHdzl9FciAFM,OK,98692,471570211251043
1397.913,35.14868459999999,-89.7948203,ChIJ4w9Lr2qcf4gRHdzl9FciAFM,OK,98692,471570211251043
2164.076,35.1546312,-89.79260459999999,ChIJ8UeuSEecf4gRniit7ubZLtM,OK,119391,471570211251043
1291.464,35.1439641,-90.0517892,ChIJL-0zBZR-1YcRj7p5p1WY4-g,OK,84975,471570114001021
1291.464,35.1439641,-90.0517892,ChIJL-0zBZR-1YcRj7p5p1WY4-g,OK,84975,471570114001021
1322.155,35.1435177,-90.0539328,ChIJ8VFg1pV-1YcRR9G8p0pZx6U,OK,85254,471570114001021
1356.017,35.125222,-90.048147,ChIJ9cKdtid81YcRKs9h6RjzQzw,OK,70164,471570114001013
1356.017,35.125222,-90.048147,ChIJ9cKdtid81YcRKs9h6RjzQzw,OK,70164,471570114001013
1357.831,35.1251709,-90.0481695,ChIJybIJtCd81YcR9Otxws-5qCM,OK,70264,471570114001013
2954.21,35.14868459999999,-89.7948203,ChIJ4w9Lr2qcf4gRHdzl9FciAFM,OK,194609,471570211372010
2954.21,35.14868459999999,-89.7948203,ChIJ4w9Lr2qcf4gRHdzl9FciAFM,OK,194609,471570211372010
3720.372,35.1546312,-89.79260459999999,ChIJ8UeuSEecf4gRniit7ubZLtM,OK,215308,471570211372010
605.062,35.220637,-89.892425,ChIJiZ78r4Z4f4gRyy0DWRWI7n0,OK,43659,471570206443028
605.062,35.220637,-89.892425,ChIJiZ78r4Z4f4gRyy0DWRWI7n0,OK,43659,471570206443028
2482.752,35.2060393,-89.89459389999999,ChIJN_fdM1CCf4gRqHZ_YUZgoJo,OK,148458,471570206443028
407.336,35.220637,-89.892425,ChIJiZ78r4Z4f4gRyy0DWRWI7n0,OK,41817,471570206514006
407.336,35.220637,-89.892425,ChIJiZ78r4Z4f4gRyy0DWRWI7n0,OK,41817,471570206514006
2285.026,35.2060393,-89.89459389999999,ChIJN_fdM1CCf4gRqHZ_YUZgoJo,OK,146616,471570206514006
766.198,35.220637,-89.892425,ChIJiZ78r4Z4f4gRyy0DWRWI7n0,OK,63031,471570206514000
766.198,35.220637,-89.892425,ChIJiZ78r4Z4f4gRyy0DWRWI7n0,OK,63031,471570206514000
2643.887,35.2060393,-89.89459389999999,ChIJN_fdM1CCf4gRqHZ_YUZgoJo,OK,167830,471570206514000
779.775,35.220637,-89.892425,ChIJiZ78r4Z4f4gRyy0DWRWI7n0,OK,56187,471570206514010
779.775,35.220637,-89.892425,ChIJiZ78r4Z4f4gRyy0DWRWI7n0,OK,56187,471570206514010
1860.048,35.2060393,-89.89459389999999,ChIJN_fdM1CCf4gRqHZ_YUZgoJo,OK,139655,471570206514010
748.96,35.220637,-89.892425,ChIJiZ78r4Z4f4gRyy0DWRWI7n0,OK,56655,471570206514008
748.96,35.220637,-89.892425,ChIJiZ78r4Z4f4gRyy0DWRWI7n0,OK,56655,471570206514008
2626.65,35.2060393,-89.89459389999999,ChIJN_fdM1CCf4gRqHZ_YUZgoJo,OK,161454,471570206514008
783.09,35.220637,-89.892425,ChIJiZ78r4Z4f4gRyy0DWRWI7n0,OK,56584,471570206514011
783.09,35.220637,-89.892425,ChIJiZ78r4Z4f4gRyy0DWRWI7n0,OK,56584,471570206514011
2139.11,35.2060393,-89.89459389999999,ChIJN_fdM1CCf4gRqHZ_YUZgoJo,OK,150507,471570206514011
1002.635,35.220637,-89.892425,ChIJiZ78r4Z4f4gRyy0DWRWI7n0,OK,83339,471570206514018
1002.635,35.220637,-89.892425,ChIJiZ78r4Z4f4gRyy0DWRWI7n0,OK,83339,471570206514018
1345.429,35.2060393,-89.89459389999999,ChIJN_fdM1CCf4gRqHZ_YUZgoJo,OK,95756,471570206514018
768.693,35.220637,-89.892425,ChIJiZ78r4Z4f4gRyy0DWRWI7n0,OK,85178,471570206514015
768.693,35.220637,-89.892425,ChIJiZ78r4Z4f4gRyy0DWRWI7n0,OK,85178,471570206514015
1681.196,35.2060393,-89.89459389999999,ChIJN_fdM1CCf4gRqHZ_YUZgoJo,OK,136047,471570206514015
1094.311,35.220637,-89.892425,ChIJiZ78r4Z4f4gRyy0DWRWI7n0,OK,76486,471570206514019
1094.311,35.220637,-89.892425,ChIJiZ78r4Z4f4gRyy0DWRWI7n0,OK,76486,471570206514019
1249.876,35.2060393,-89.89459389999999,ChIJN_fdM1CCf4gRqHZ_YUZgoJo,OK,84290,471570206514019
1225.032,35.220637,-89.892425,ChIJiZ78r4Z4f4gRyy0DWRWI7n0,OK,87050,471570206515006
1225.032,35.220637,-89.892425,ChIJiZ78r4Z4f4gRyy0DWRWI7n0,OK,87050,471570206515006
1640.832,35.2060393,-89.89459389999999,ChIJN_fdM1CCf4gRqHZ_YUZgoJo,OK,113281,471570206515006
1200.109,35.220637,-89.892425,ChIJiZ78r4Z4f4gRyy0DWRWI7n0,OK,89182,471570206515007
1200.109,35.220637,-89.892425,ChIJiZ78r4Z4f4gRyy0DWRWI7n0,OK,89182,471570206515007
1355.674,35.2060393,-89.89459389999999,ChIJN_fdM1CCf4gRqHZ_YUZgoJo,OK,96986,471570206515007
1264.139,35.2060393,-89.89459389999999,ChIJN_fdM1CCf4gRqHZ_YUZgoJo,OK,82421,471570206515010
1264.139,35.2060393,-89.89459389999999,ChIJN_fdM1CCf4gRqHZ_YUZgoJo,OK,82421,471570206515010
1347.879,35.20808669999999,-89.89363879999999,ChIJa1RCwHuCf4gRSSG3nO4uWeI,OK,98673,471570206515010
1157.593,35.220637,-89.892425,ChIJiZ78r4Z4f4gRyy0DWRWI7n0,OK,78455,471570206515004
1157.593,35.220637,-89.892425,ChIJiZ78r4Z4f4gRyy0DWRWI7n0,OK,78455,471570206515004
1552.443,35.2060393,-89.89459389999999,ChIJN_fdM1CCf4gRqHZ_YUZgoJo,OK,103178,471570206515004
1255.291,35.220637,-89.892425,ChIJiZ78r4Z4f4gRyy0DWRWI7n0,OK,90681,471570206515005
1255.291,35.220637,-89.892425,ChIJiZ78r4Z4f4gRyy0DWRWI7n0,OK,90681,471570206515005
1671.091,35.2060393,-89.89459389999999,ChIJN_fdM1CCf4gRqHZ_YUZgoJo,OK,116912,471570206515005
1427.118,35.2060393,-89.89459389999999,ChIJN_fdM1CCf4gRqHZ_YUZgoJo,OK,99053,471570206515011
1486.992,35.220637,-89.892425,ChIJiZ78r4Z4f4gRyy0DWRWI7n0,OK,107068,471570206515011
1486.992,35.220637,-89.892425,ChIJiZ78r4Z4f4gRyy0DWRWI7n0,OK,107068,471570206515011
1745.835,35.220637,-89.892425,ChIJiZ78r4Z4f4gRyy0DWRWI7n0,OK,126425,471570206515000
1745.835,35.220637,-89.892425,ChIJiZ78r4Z4f4gRyy0DWRWI7n0,OK,126425,471570206515000
2495.563,35.2060393,-89.89459389999999,ChIJN_fdM1CCf4gRqHZ_YUZgoJo,OK,169484,471570206515000
1592.195,35.220637,-89.892425,ChIJiZ78r4Z4f4gRyy0DWRWI7n0,OK,135914,471570206515013
1592.195,35.220637,-89.892425,ChIJiZ78r4Z4f4gRyy0DWRWI7n0,OK,135914,471570206515013
1884.79,35.2060393,-89.89459389999999,ChIJN_fdM1CCf4gRqHZ_YUZgoJo,OK,153971,471570206515013
2050.986,35.220637,-89.892425,ChIJiZ78r4Z4f4gRyy0DWRWI7n0,OK,130362,471570206511004
2050.986,35.220637,-89.892425,ChIJiZ78r4Z4f4gRyy0DWRWI7n0,OK,130362,471570206511004
2280.3,35.2060393,-89.89459389999999,ChIJN_fdM1CCf4gRqHZ_YUZgoJo,OK,143652,471570206511004
1667.048,35.220637,-89.892425,ChIJiZ78r4Z4f4gRyy0DWRWI7n0,OK,144896,471570206515014
1667.048,35.220637,-89.892425,ChIJiZ78r4Z4f4gRyy0DWRWI7n0,OK,144896,471570206515014
1959.643,35.2060393,-89.89459389999999,ChIJN_fdM1CCf4gRqHZ_YUZgoJo,OK,162953,471570206515014
1142.191,35.2060393,-89.89459389999999,ChIJN_fdM1CCf4gRqHZ_YUZgoJo,OK,88899,471570206515018
1142.191,35.2060393,-89.89459389999999,ChIJN_fdM1CCf4gRqHZ_YUZgoJo,OK,88899,471570206515018
1225.931,35.20808669999999,-89.89363879999999,ChIJa1RCwHuCf4gRSSG3nO4uWeI,OK,105151,471570206515018
972.551,35.2060393,-89.89459389999999,ChIJN_fdM1CCf4gRqHZ_YUZgoJo,OK,89477,471570206211011
972.551,35.2060393,-89.89459389999999,ChIJN_fdM1CCf4gRqHZ_YUZgoJo,OK,89477,471570206211011
1259.591,35.20808669999999,-89.89363879999999,ChIJa1RCwHuCf4gRSSG3nO4uWeI,OK,116988,471570206211011
2610.034,35.06128,-90.05978399999999,ChIJm06f8ZV81YcRTjzAsJPcBKY,OK,138459,471570225001026
2694.504,35.093591,-90.056624,ChIJgyVl92d81YcRhuRHHckl8Y4,OK,139583,471570225001026
2694.504,35.093591,-90.056624,ChIJgyVl92d81YcRhuRHHckl8Y4,OK,139583,471570225001026
671.047,35.05905920000001,-89.9340455,ChIJM89Mbw2Gf4gRFqf4fPnKU7k,OK,35996,471570106203024
671.047,35.05905920000001,-89.9340455,ChIJM89Mbw2Gf4gRFqf4fPnKU7k,OK,35996,471570106203024
758.748,35.0515544,-89.92255089999999,ChIJG_UFGuOFf4gRyHNDzwp5is0,OK,40292,471570106203024
261.856,35.0374859,-89.93716700000002,ChIJESgedaeIf4gRXlLu5ht4wNo,OK,13692,471570110201016
261.856,35.0374859,-89.93716700000002,ChIJESgedaeIf4gRXlLu5ht4wNo,OK,13692,471570110201016
2060.465,35.02099699999999,-89.93544,ChIJW6hY3LmIf4gRWjIeu9tMgvU,OK,113605,471570110201016
176.567,35.2044739,-89.76342459999999,ChIJ3XsJxyKef4gRTeWb3lonWsU,OK,9778,471570208312010
176.567,35.2044739,-89.76342459999999,ChIJ3XsJxyKef4gRTeWb3lonWsU,OK,9778,471570208312010
1987.874,35.2074362,-89.7805166,ChIJ62ATRfudf4gRPIrPAXGVsiQ,OK,147959,471570208312010
1299.028,35.1507888,-89.977317,ChIJdVWrOuqAf4gR-V7s1E3qo7g,OK,77938,471570028002018
1299.028,35.1507888,-89.977317,ChIJdVWrOuqAf4gR-V7s1E3qo7g,OK,77938,471570028002018
2366.487,35.1497164,-89.95515999999999,ChIJcQb6ehiBf4gR-uA54eRPNq8,OK,144430,471570028002018
3641.377,35.14868459999999,-89.7948203,ChIJ4w9Lr2qcf4gRHdzl9FciAFM,OK,215938,471579804001025
3641.377,35.14868459999999,-89.7948203,ChIJ4w9Lr2qcf4gRHdzl9FciAFM,OK,215938,471579804001025
4407.539,35.1546312,-89.79260459999999,ChIJ8UeuSEecf4gRniit7ubZLtM,OK,236637,471579804001025
2680.998,35.1546312,-89.79260459999999,ChIJ8UeuSEecf4gRniit7ubZLtM,OK,200561,471570211251026
2680.998,35.1546312,-89.79260459999999,ChIJ8UeuSEecf4gRniit7ubZLtM,OK,200561,471570211251026
3060.886,35.14868459999999,-89.7948203,ChIJ4w9Lr2qcf4gRHdzl9FciAFM,OK,220061,471570211251026
2713.217,35.02100869999999,-89.8995317,ChIJ-f6gz22Pf4gR-rWEeLgd-68,OK,123880,471570226001197
2713.217,35.02100869999999,-89.8995317,ChIJ-f6gz22Pf4gR-rWEeLgd-68,OK,123880,471570226001197
2724.49,35.0209193,-89.8996561,ChIJxWQfy22Pf4gRlC1jxVU1A2g,OK,124505,471570226001197
4704.022,35.02100869999999,-89.8995317,ChIJ-f6gz22Pf4gR-rWEeLgd-68,OK,274099,471570226001208
4704.022,35.02100869999999,-89.8995317,ChIJ-f6gz22Pf4gR-rWEeLgd-68,OK,274099,471570226001208
4715.295,35.0209193,-89.8996561,ChIJxWQfy22Pf4gRlC1jxVU1A2g,OK,274724,471570226001208
1760.148,35.17410499999999,-89.97575479999999,ChIJmfYTGFmAf4gRHGKCaD0qCtI,OK,105602,471570102206032
1760.148,35.17410499999999,-89.97575479999999,ChIJmfYTGFmAf4gRHGKCaD0qCtI,OK,105602,471570102206032
2998.571,35.1738374,-89.98954379999999,ChIJ_S0BIGOAf4gRU3Ph4W65cOQ,OK,179898,471570102206032
5266.701,35.1490317,-90.0140679,ChIJw3q9_xV-1YcRqrte6yBn1CI,OK,269988,471570025001036
5266.701,35.1490317,-90.0140679,ChIJw3q9_xV-1YcRqrte6yBn1CI,OK,269988,471570025001036
5988.939,35.1444038,-90.0168571,ChIJufYEjhR-1YcREff46W6Lons,OK,317341,471570025001036
610.624,35.13418100000001,-89.98599,ChIJnf1_yraAf4gR9pQmD7CXhgg,OK,37335,471570031002033
610.624,35.13418100000001,-89.98599,ChIJnf1_yraAf4gR9pQmD7CXhgg,OK,37335,471570031002033
1526.311,35.12545849999999,-89.97454169999999,ChIJoyT3HjOHf4gRS6EdHckmff8,OK,86733,471570031002033
3435.733,35.1251709,-90.0481695,ChIJybIJtCd81YcR9Otxws-5qCM,OK,183163,471579802001005
3435.733,35.1251709,-90.0481695,ChIJybIJtCd81YcR9Otxws-5qCM,OK,183163,471579802001005
3437.547,35.125222,-90.048147,ChIJ9cKdtid81YcRKs9h6RjzQzw,OK,183264,471579802001005
4586.823,35.093591,-90.056624,ChIJgyVl92d81YcRhuRHHckl8Y4,OK,449782,471570225001032
6631.32,35.06128,-90.05978399999999,ChIJm06f8ZV81YcRTjzAsJPcBKY,OK,562803,471570225001032
6631.32,35.06128,-90.05978399999999,ChIJm06f8ZV81YcRTjzAsJPcBKY,OK,562803,471570225001032
2588.037,35.04577219999999,-89.82821469999999,ChIJL-jEaJmaf4gREtYdkYi2nAs,OK,154255,471570213331017
2588.037,35.04577219999999,-89.82821469999999,ChIJL-jEaJmaf4gREtYdkYi2nAs,OK,154255,471570213331017
2773.541,35.05113000000001,-89.815021,ChIJAdLMX4iaf4gRUenKpoiyrBc,OK,168647,471570213331017
5718.183,35.14868459999999,-89.7948203,ChIJ4w9Lr2qcf4gRHdzl9FciAFM,OK,340965,471570211391009
5718.183,35.14868459999999,-89.7948203,ChIJ4w9Lr2qcf4gRHdzl9FciAFM,OK,340965,471570211391009
6484.345,35.1546312,-89.79260459999999,ChIJ8UeuSEecf4gRniit7ubZLtM,OK,361664,471570211391009
5914.065,35.14868459999999,-89.7948203,ChIJ4w9Lr2qcf4gRHdzl9FciAFM,OK,364471,471570211391012
5914.065,35.14868459999999,-89.7948203,ChIJ4w9Lr2qcf4gRHdzl9FciAFM,OK,364471,471570211391012
6680.227,35.1546312,-89.79260459999999,ChIJ8UeuSEecf4gRniit7ubZLtM,OK,385170,471570211391012
4229.705,35.14868459999999,-89.7948203,ChIJ4w9Lr2qcf4gRHdzl9FciAFM,OK,269737,471570214201001
4229.705,35.14868459999999,-89.7948203,ChIJ4w9Lr2qcf4gRHdzl9FciAFM,OK,269737,471570214201001
4995.867,35.1546312,-89.79260459999999,ChIJ8UeuSEecf4gRniit7ubZLtM,OK,290436,471570214201001
2388.585,35.1087458,-90.0211918,ChIJe6w2EsF91YcRquzVZc8M0-I,OK,118373,471570046001048
2388.585,35.1087458,-90.0211918,ChIJe6w2EsF91YcRquzVZc8M0-I,OK,118373,471570046001048
2389.227,35.10874099999999,-90.021185,ChIJrVbiDcF91YcRG9TBOTpHc3I,OK,118450,471570046001048
1222.196,35.1157645,-90.022279,ChIJwZqBNMN91YcRRpdDvj5Pcr8,OK,76047,471570046001044
1222.196,35.1157645,-90.022279,ChIJwZqBNMN91YcRRpdDvj5Pcr8,OK,76047,471570046001044
1943.316,35.1087458,-90.0211918,ChIJe6w2EsF91YcRquzVZc8M0-I,OK,117437,471570046001044
3181.564,35.1546312,-89.79260459999999,ChIJ8UeuSEecf4gRniit7ubZLtM,OK,193074,471570211351042
3181.564,35.1546312,-89.79260459999999,ChIJ8UeuSEecf4gRniit7ubZLtM,OK,193074,471570211351042
3561.451,35.14868459999999,-89.7948203,ChIJ4w9Lr2qcf4gRHdzl9FciAFM,OK,212574,471570211351042
1990.598,35.1439641,-90.0517892,ChIJL-0zBZR-1YcRj7p5p1WY4-g,OK,168564,471570021001063
1990.598,35.1439641,-90.0517892,ChIJL-0zBZR-1YcRj7p5p1WY4-g,OK,168564,471570021001063
2199.514,35.1450994,-90.0538646,ChIJne6_s5V-1YcRn_LPaqiwhrk,OK,174018,471570021001063
1989.859,35.1439641,-90.0517892,ChIJL-0zBZR-1YcRj7p5p1WY4-g,OK,168431,471570021001062
575.863,35.1075089,-89.9318387,ChIJVboYU6KGf4gRHfEHUi8Izac,OK,68261,471570074002017
575.863,35.1075089,-89.9318387,ChIJVboYU6KGf4gRHfEHUi8Izac,OK,68261,471570074002017
717.771,35.1079763,-89.9333841,ChIJqZoM4qKGf4gREaZMyPG1GBQ,OK,76776,471570074002017
445.214,35.1079763,-89.9333841,ChIJqZoM4qKGf4gREaZMyPG1GBQ,OK,43198,471570074002030
445.214,35.1079763,-89.9333841,ChIJqZoM4qKGf4gREaZMyPG1GBQ,OK,43198,471570074002030
589.447,35.108097,-89.941227,ChIJwxJT-r6Gf4gRhLDuFpyb128,OK,48000,471570074002030
236.69,35.1075089,-89.9318387,ChIJVboYU6KGf4gRHfEHUi8Izac,OK,27560,471570074002025
236.69,35.1075089,-89.9318387,ChIJVboYU6KGf4gRHfEHUi8Izac,OK,27560,471570074002025
378.598,35.1079763,-89.9333841,ChIJqZoM4qKGf4gREaZMyPG1GBQ,OK,36075,471570074002025
453.145,35.1075089,-89.9318387,ChIJVboYU6KGf4gRHfEHUi8Izac,OK,53534,471570074002024
453.145,35.1075089,-89.9318387,ChIJVboYU6KGf4gRHfEHUi8Izac,OK,53534,471570074002024
595.053,35.1079763,-89.9333841,ChIJqZoM4qKGf4gREaZMyPG1GBQ,OK,62049,471570074002024
482.373,35.1075089,-89.9318387,ChIJVboYU6KGf4gRHfEHUi8Izac,OK,57041,471570074002023
482.373,35.1075089,-89.9318387,ChIJVboYU6KGf4gRHfEHUi8Izac,OK,57041,471570074002023
624.281,35.1079763,-89.9333841,ChIJqZoM4qKGf4gREaZMyPG1GBQ,OK,65556,471570074002023
218.647,35.108097,-89.941227,ChIJwxJT-r6Gf4gRhLDuFpyb128,OK,15368,471570080001004
218.647,35.108097,-89.941227,ChIJwxJT-r6Gf4gRhLDuFpyb128,OK,15368,471570080001004
558.741,35.1079763,-89.9333841,ChIJqZoM4qKGf4gREaZMyPG1GBQ,OK,33522,471570080001004
333.589,35.108097,-89.941227,ChIJwxJT-r6Gf4gRhLDuFpyb128,OK,34337,471570080001005
333.589,35.108097,-89.941227,ChIJwxJT-r6Gf4gRhLDuFpyb128,OK,34337,471570080001005
626.764,35.1079763,-89.9333841,ChIJqZoM4qKGf4gREaZMyPG1GBQ,OK,43531,471570080001005
619.262,35.108097,-89.941227,ChIJwxJT-r6Gf4gRhLDuFpyb128,OK,68616,471570080001018
619.262,35.108097,-89.941227,ChIJwxJT-r6Gf4gRhLDuFpyb128,OK,68616,471570080001018
745.126,35.1079763,-89.9333841,ChIJqZoM4qKGf4gREaZMyPG1GBQ,OK,76849,471570080001018
884.979,35.108097,-89.941227,ChIJwxJT-r6Gf4gRhLDuFpyb128,OK,100502,471570080001017
884.979,35.108097,-89.941227,ChIJwxJT-r6Gf4gRhLDuFpyb128,OK,100502,471570080001017
1343.856,35.1079763,-89.9333841,ChIJqZoM4qKGf4gREaZMyPG1GBQ,OK,125974,471570080001017
1575.107,35.0960067,-89.93138279999999,ChIJFfDYDZuGf4gR5IbqhV7MTAo,OK,103324,471570080003001
1575.107,35.0960067,-89.93138279999999,ChIJFfDYDZuGf4gR5IbqhV7MTAo,OK,103324,471570080003001
2271.793,35.1079763,-89.9333841,ChIJqZoM4qKGf4gREaZMyPG1GBQ,OK,142791,471570080003001
1185.439,35.0971,-89.9305344,ChIJRd53mZuGf4gRp0fETcD5Y3I,OK,71123,471570080003002
1379.37,35.0960067,-89.93138279999999,ChIJFfDYDZuGf4gR5IbqhV7MTAo,OK,85092,471570080003002
1379.37,35.0960067,-89.93138279999999,ChIJFfDYDZuGf4gR5IbqhV7MTAo,OK,85092,471570080003002
1607.363,35.0971,-89.9305344,ChIJRd53mZuGf4gRp0fETcD5Y3I,OK,116496,471570080003009
1607.363,35.0971,-89.9305344,ChIJRd53mZuGf4gRp0fETcD5Y3I,OK,116496,471570080003009
1801.294,35.0960067,-89.93138279999999,ChIJFfDYDZuGf4gR5IbqhV7MTAo,OK,130465,471570080003009
940.499,35.108097,-89.941227,ChIJwxJT-r6Gf4gRhLDuFpyb128,OK,107163,471570080003000
940.499,35.108097,-89.941227,ChIJwxJT-r6Gf4gRhLDuFpyb128,OK,107163,471570080003000
1532.7,35.0960067,-89.93138279999999,ChIJFfDYDZuGf4gR5IbqhV7MTAo,OK,109726,471570080003000
960.176,35.108097,-89.941227,ChIJwxJT-r6Gf4gRhLDuFpyb128,OK,109525,471570080001022
960.176,35.108097,-89.941227,ChIJwxJT-r6Gf4gRhLDuFpyb128,OK,109525,471570080001022
1411.957,35.0960067,-89.93138279999999,ChIJFfDYDZuGf4gR5IbqhV7MTAo,OK,113496,471570080001022
907.584,35.108097,-89.941227,ChIJwxJT-r6Gf4gRhLDuFpyb128,OK,103213,471570080001023
907.584,35.108097,-89.941227,ChIJwxJT-r6Gf4gRhLDuFpyb128,OK,103213,471570080001023
1366.461,35.1079763,-89.9333841,ChIJqZoM4qKGf4gREaZMyPG1GBQ,OK,128685,471570080001023
759.391,35.0971,-89.9305344,ChIJRd53mZuGf4gRp0fETcD5Y3I,OK,63271,471570080001020
759.391,35.0971,-89.9305344,ChIJRd53mZuGf4gRp0fETcD5Y3I,OK,63271,471570080001020
953.322,35.0960067,-89.93138279999999,ChIJFfDYDZuGf4gR5IbqhV7MTAo,OK,77240,471570080001020
766.224,35.0971,-89.9305344,ChIJRd53mZuGf4gRp0fETcD5Y3I,OK,64091,471570080001015
766.224,35.0971,-89.9305344,ChIJRd53mZuGf4gRp0fETcD5Y3I,OK,64091,471570080001015
960.156,35.0960067,-89.93138279999999,ChIJFfDYDZuGf4gR5IbqhV7MTAo,OK,78060,471570080001015
882.879,35.0971,-89.9305344,ChIJRd53mZuGf4gRp0fETcD5Y3I,OK,52970,471570080004003
882.879,35.0971,-89.9305344,ChIJRd53mZuGf4gRp0fETcD5Y3I,OK,52970,471570080004003
1076.81,35.0960067,-89.93138279999999,ChIJFfDYDZuGf4gR5IbqhV7MTAo,OK,66939,471570080004003
1439.262,35.0971,-89.9305344,ChIJRd53mZuGf4gRp0fETcD5Y3I,OK,107816,471570080003007
1439.262,35.0971,-89.9305344,ChIJRd53mZuGf4gRp0fETcD5Y3I,OK,107816,471570080003007
1239.967,35.093158,-89.93038,ChIJU1HLuoSGf4gRK5KIVLXtvbU,OK,112029,471570080003007
451.515,35.1079763,-89.9333841,ChIJqZoM4qKGf4gREaZMyPG1GBQ,OK,41616,471570080001002
451.515,35.1079763,-89.9333841,ChIJqZoM4qKGf4gREaZMyPG1GBQ,OK,41616,471570080001002
593.423,35.1075089,-89.9318387,ChIJVboYU6KGf4gRHfEHUi8Izac,OK,50130,471570080001002
595.362,35.1079763,-89.9333841,ChIJqZoM4qKGf4gREaZMyPG1GBQ,OK,58877,471570080001010
595.362,35.1079763,-89.9333841,ChIJqZoM4qKGf4gREaZMyPG1GBQ,OK,58877,471570080001010
737.269,35.1075089,-89.9318387,ChIJVboYU6KGf4gRHfEHUi8Izac,OK,67391,471570080001010
654.481,35.1079763,-89.9333841,ChIJqZoM4qKGf4gREaZMyPG1GBQ,OK,65972,471570080001013
654.481,35.1079763,-89.9333841,ChIJqZoM4qKGf4gREaZMyPG1GBQ,OK,65972,471570080001013
796.389,35.1075089,-89.9318387,ChIJVboYU6KGf4gRHfEHUi8Izac,OK,74486,471570080001013
867.151,35.1079763,-89.9333841,ChIJqZoM4qKGf4gREaZMyPG1GBQ,OK,91491,471570080001019
867.151,35.1079763,-89.9333841,ChIJqZoM4qKGf4gREaZMyPG1GBQ,OK,91491,471570080001019
853.108,35.108097,-89.941227,ChIJwxJT-r6Gf4gRhLDuFpyb128,OK,96677,471570080001019
1234.371,35.13418100000001,-89.98599,ChIJnf1_yraAf4gR9pQmD7CXhgg,OK,90731,471570033001005
1234.371,35.13418100000001,-89.98599,ChIJnf1_yraAf4gR9pQmD7CXhgg,OK,90731,471570033001005
1300.651,35.13779299999999,-89.99118349999999,ChIJUQlZ-K-Af4gRkRKK62-ap5w,OK,100229,471570033001005
1936.379,35.13418100000001,-89.98599,ChIJnf1_yraAf4gR9pQmD7CXhgg,OK,119113,471570033001017
1970.146,35.13774119999999,-89.99713,ChIJtwtohKiAf4gRFxkNLUf9PgA,OK,123355,471570033001017
1970.146,35.13774119999999,-89.99713,ChIJtwtohKiAf4gRFxkNLUf9PgA,OK,123355,471570033001017
348.416,35.13774119999999,-89.99713,ChIJtwtohKiAf4gRFxkNLUf9PgA,OK,41808,471570032001001
348.416,35.13774119999999,-89.99713,ChIJtwtohKiAf4gRFxkNLUf9PgA,OK,41808,471570032001001
639.69,35.13779299999999,-89.99118349999999,ChIJUQlZ-K-Af4gRkRKK62-ap5w,OK,72160,471570032001001
507.122,35.13779299999999,-89.99118349999999,ChIJUQlZ-K-Af4gRkRKK62-ap5w,OK,46241,471570032001000
507.122,35.13779299999999,-89.99118349999999,ChIJUQlZ-K-Af4gRkRKK62-ap5w,OK,46241,471570032001000
1264.426,35.13418100000001,-89.98599,ChIJnf1_yraAf4gR9pQmD7CXhgg,OK,89495,471570032001000
18.529,35.13779299999999,-89.99118349999999,ChIJUQlZ-K-Af4gRkRKK62-ap5w,OK,2223,471570032001007
18.529,35.13779299999999,-89.99118349999999,ChIJUQlZ-K-Af4gRkRKK62-ap5w,OK,2223,471570032001007
965.149,35.13418100000001,-89.98599,ChIJnf1_yraAf4gR9pQmD7CXhgg,OK,68194,471570032001007
504.748,35.13779299999999,-89.99118349999999,ChIJUQlZ-K-Af4gRkRKK62-ap5w,OK,47425,471570031004002
504.748,35.13779299999999,-89.99118349999999,ChIJUQlZ-K-Af4gRkRKK62-ap5w,OK,47425,471570031004002
1262.053,35.13418100000001,-89.98599,ChIJnf1_yraAf4gR9pQmD7CXhgg,OK,90679,471570031004002
442.006,35.13774119999999,-89.99713,ChIJtwtohKiAf4gRFxkNLUf9PgA,OK,40222,471570032001013
442.006,35.13774119999999,-89.99713,ChIJtwtohKiAf4gRFxkNLUf9PgA,OK,40222,471570032001013
749.068,35.13779299999999,-89.99118349999999,ChIJUQlZ-K-Af4gRkRKK62-ap5w,OK,66044,471570032001013
811.812,35.13418100000001,-89.98599,ChIJnf1_yraAf4gR9pQmD7CXhgg,OK,51645,471570032003009
595.961,35.13774119999999,-89.99713,ChIJtwtohKiAf4gRFxkNLUf9PgA,OK,54711,471570032003009
595.961,35.13774119999999,-89.99713,ChIJtwtohKiAf4gRFxkNLUf9PgA,OK,54711,471570032003009
1304.891,35.1087458,-90.0211918,ChIJe6w2EsF91YcRquzVZc8M0-I,OK,117247,471570060002005
1304.891,35.1087458,-90.0211918,ChIJe6w2EsF91YcRquzVZc8M0-I,OK,117247,471570060002005
1305.533,35.10874099999999,-90.021185,ChIJrVbiDcF91YcRG9TBOTpHc3I,OK,117324,471570060002005
1553.138,35.1087458,-90.0211918,ChIJe6w2EsF91YcRquzVZc8M0-I,OK,107371,471570060002008
1553.138,35.1087458,-90.0211918,ChIJe6w2EsF91YcRquzVZc8M0-I,OK,107371,471570060002008
1553.779,35.10874099999999,-90.021185,ChIJrVbiDcF91YcRG9TBOTpHc3I,OK,107448,471570060002008
1474.759,35.1087458,-90.0211918,ChIJe6w2EsF91YcRquzVZc8M0-I,OK,97965,471570060002009
1474.759,35.1087458,-90.0211918,ChIJe6w2EsF91YcRquzVZc8M0-I,OK,97965,471570060002009
1475.4,35.10874099999999,-90.021185,ChIJrVbiDcF91YcRG9TBOTpHc3I,OK,98042,471570060002009
3364.431,35.1439641,-90.0517892,ChIJL-0zBZR-1YcRj7p5p1WY4-g,OK,245031,471570001003043
3364.431,35.1439641,-90.0517892,ChIJL-0zBZR-1YcRj7p5p1WY4-g,OK,245031,471570001003043
3573.347,35.1450994,-90.0538646,ChIJne6_s5V-1YcRn_LPaqiwhrk,OK,250485,471570001003043
3404.211,35.1439641,-90.0517892,ChIJL-0zBZR-1YcRj7p5p1WY4-g,OK,252795,471570001003044
3404.211,35.1439641,-90.0517892,ChIJL-0zBZR-1YcRj7p5p1WY4-g,OK,252795,471570001003044
3613.127,35.1450994,-90.0538646,ChIJne6_s5V-1YcRn_LPaqiwhrk,OK,258249,471570001003044
1977.013,35.1087458,-90.0211918,ChIJe6w2EsF91YcRquzVZc8M0-I,OK,127892,471570078102062
1977.013,35.1087458,-90.0211918,ChIJe6w2EsF91YcRquzVZc8M0-I,OK,127892,471570078102062
1977.654,35.10874099999999,-90.021185,ChIJrVbiDcF91YcRG9TBOTpHc3I,OK,127969,471570078102062
1469.93,35.1087458,-90.0211918,ChIJe6w2EsF91YcRquzVZc8M0-I,OK,88948,471570078102016
1469.93,35.1087458,-90.0211918,ChIJe6w2EsF91YcRquzVZc8M0-I,OK,88948,471570078102016
1470.572,35.10874099999999,-90.021185,ChIJrVbiDcF91YcRG9TBOTpHc3I,OK,89025,471570078102016
1029.748,35.1087458,-90.0211918,ChIJe6w2EsF91YcRquzVZc8M0-I,OK,80517,471570060001021
1029.748,35.1087458,-90.0211918,ChIJe6w2EsF91YcRquzVZc8M0-I,OK,80517,471570060001021
1030.389,35.10874099999999,-90.021185,ChIJrVbiDcF91YcRG9TBOTpHc3I,OK,80594,471570060001021
548.403,35.1804299,-89.9263818,ChIJIfvtv4eBf4gRJLjVGBpAzmc,OK,56622,471570089002004
548.403,35.1804299,-89.9263818,ChIJIfvtv4eBf4gRJLjVGBpAzmc,OK,56622,471570089002004
862.569,35.183951,-89.93106899999999,ChIJWQ0EIo-Bf4gR6cuqlCcQuNw,OK,96077,471570089002004
1133.062,35.0515568,-89.90630259999999,ChIJrU8jyZKFf4gRubg1AIyELWY,OK,80714,471570226001012
1133.062,35.0515568,-89.90630259999999,ChIJrU8jyZKFf4gRubg1AIyELWY,OK,80714,471570226001012
1737.695,35.0515544,-89.92255089999999,ChIJG_UFGuOFf4gRyHNDzwp5is0,OK,107310,471570226001012
777.911,35.1804299,-89.9263818,ChIJIfvtv4eBf4gRJLjVGBpAzmc,OK,84161,471570089002000
777.911,35.1804299,-89.9263818,ChIJIfvtv4eBf4gRJLjVGBpAzmc,OK,84161,471570089002000
1258.819,35.183951,-89.93106899999999,ChIJWQ0EIo-Bf4gR6cuqlCcQuNw,OK,143624,471570089002000
445.327,35.1804299,-89.9263818,ChIJIfvtv4eBf4gRJLjVGBpAzmc,OK,50883,471570089002006
445.327,35.1804299,-89.9263818,ChIJIfvtv4eBf4gRJLjVGBpAzmc,OK,50883,471570089002006
1183.658,35.183951,-89.93106899999999,ChIJWQ0EIo-Bf4gR6cuqlCcQuNw,OK,115576,471570089002006
540.773,35.1804299,-89.9263818,ChIJIfvtv4eBf4gRJLjVGBpAzmc,OK,62336,471570089002007
540.773,35.1804299,-89.9263818,ChIJIfvtv4eBf4gRJLjVGBpAzmc,OK,62336,471570089002007
1107.955,35.183951,-89.93106899999999,ChIJWQ0EIo-Bf4gR6cuqlCcQuNw,OK,125522,471570089002007
636.813,35.1804299,-89.9263818,ChIJIfvtv4eBf4gRJLjVGBpAzmc,OK,73860,471570089002008
636.813,35.1804299,-89.9263818,ChIJIfvtv4eBf4gRJLjVGBpAzmc,OK,73860,471570089002008
1201.36,35.183951,-89.93106899999999,ChIJWQ0EIo-Bf4gR6cuqlCcQuNw,OK,136730,471570089002008
421.542,35.1804299,-89.9263818,ChIJIfvtv4eBf4gRJLjVGBpAzmc,OK,32212,471570088002006
421.542,35.1804299,-89.9263818,ChIJIfvtv4eBf4gRJLjVGBpAzmc,OK,32212,471570088002006
1377.657,35.183951,-89.93106899999999,ChIJWQ0EIo-Bf4gR6cuqlCcQuNw,OK,111301,471570088002006
509.594,35.1804299,-89.9263818,ChIJIfvtv4eBf4gRJLjVGBpAzmc,OK,43292,471570088002013
509.594,35.1804299,-89.9263818,ChIJIfvtv4eBf4gRJLjVGBpAzmc,OK,43292,471570088002013
1465.708,35.183951,-89.93106899999999,ChIJWQ0EIo-Bf4gR6cuqlCcQuNw,OK,122381,471570088002013
1084.899,35.1804299,-89.9263818,ChIJIfvtv4eBf4gRJLjVGBpAzmc,OK,112327,471570088002004
1084.899,35.1804299,-89.9263818,ChIJIfvtv4eBf4gRJLjVGBpAzmc,OK,112327,471570088002004
2041.014,35.183951,-89.93106899999999,ChIJWQ0EIo-Bf4gR6cuqlCcQuNw,OK,191416,471570088002004
936.734,35.1804299,-89.9263818,ChIJIfvtv4eBf4gRJLjVGBpAzmc,OK,94548,471570088002017
936.734,35.1804299,-89.9263818,ChIJIfvtv4eBf4gRJLjVGBpAzmc,OK,94548,471570088002017
1892.848,35.183951,-89.93106899999999,ChIJWQ0EIo-Bf4gR6cuqlCcQuNw,OK,173637,471570088002017
1012.989,35.1804299,-89.9263818,ChIJIfvtv4eBf4gRJLjVGBpAzmc,OK,103699,471570088002022
1012.989,35.1804299,-89.9263818,ChIJIfvtv4eBf4gRJLjVGBpAzmc,OK,103699,471570088002022
1969.103,35.183951,-89.93106899999999,ChIJWQ0EIo-Bf4gR6cuqlCcQuNw,OK,182788,471570088002022
933.953,35.1804299,-89.9263818,ChIJIfvtv4eBf4gRJLjVGBpAzmc,OK,94215,471570088002016
933.953,35.1804299,-89.9263818,ChIJIfvtv4eBf4gRJLjVGBpAzmc,OK,94215,471570088002016
1890.068,35.183951,-89.93106899999999,ChIJWQ0EIo-Bf4gR6cuqlCcQuNw,OK,173304,471570088002016
1070.236,35.1804299,-89.9263818,ChIJIfvtv4eBf4gRJLjVGBpAzmc,OK,110568,471570088002018
1070.236,35.1804299,-89.9263818,ChIJIfvtv4eBf4gRJLjVGBpAzmc,OK,110568,471570088002018
2026.35,35.183951,-89.93106899999999,ChIJWQ0EIo-Bf4gR6cuqlCcQuNw,OK,189657,471570088002018
1349.707,35.2158947,-89.9151158,ChIJxetq6ad4f4gRD1K1cIBWUQ4,OK,109230,471570205322015
1349.707,35.2158947,-89.9151158,ChIJxetq6ad4f4gRD1K1cIBWUQ4,OK,109230,471570205322015
1541.622,35.223866,-89.90499,ChIJJRXCRJh4f4gRcTFbl9qZzNM,OK,132846,471570205322015
1700.416,35.1942326,-89.8965709,ChIJD7pM72eCf4gRg19OPcAuyDw,OK,132745,471570205424002
1700.416,35.1942326,-89.8965709,ChIJD7pM72eCf4gRg19OPcAuyDw,OK,132745,471570205424002
2418.273,35.045091,-89.795412,ChIJVelsQnOaf4gRECqTW7fq-dY,OK,154310,471570213423043
2252.102,35.0461089,-89.7947008,ChIJaZI6O3Oaf4gRqa_eh0DNj_s,OK,140455,471570213424056
2252.102,35.0461089,-89.7947008,ChIJaZI6O3Oaf4gRqa_eh0DNj_s,OK,140455,471570213424056
2370.107,35.045091,-89.795412,ChIJVelsQnOaf4gRECqTW7fq-dY,OK,146990,471570213424056
2264.332,35.0461089,-89.7947008,ChIJaZI6O3Oaf4gRqa_eh0DNj_s,OK,142693,471570213424055
2264.332,35.0461089,-89.7947008,ChIJaZI6O3Oaf4gRqa_eh0DNj_s,OK,142693,471570213424055
2382.337,35.045091,-89.795412,ChIJVelsQnOaf4gRECqTW7fq-dY,OK,149228,471570213424055
991.938,35.051879,-89.95322299999999,ChIJtbdkhjqGf4gRndtG1KtFnTA,OK,54935,471579801001044
991.938,35.051879,-89.95322299999999,ChIJtbdkhjqGf4gRndtG1KtFnTA,OK,54935,471579801001044
3212.776,35.02379430000001,-89.96377079999999,ChIJDVntamKIf4gRlF5S6rdAlgc,OK,192722,471579801001044
939.241,35.051879,-89.95322299999999,ChIJtbdkhjqGf4gRndtG1KtFnTA,OK,52017,471570110101003
939.241,35.051879,-89.95322299999999,ChIJtbdkhjqGf4gRndtG1KtFnTA,OK,52017,471570110101003
3247.747,35.02379430000001,-89.96377079999999,ChIJDVntamKIf4gRlF5S6rdAlgc,OK,194659,471570110101003
1070.07,35.051879,-89.95322299999999,ChIJtbdkhjqGf4gRndtG1KtFnTA,OK,59664,471579801001087
1070.07,35.051879,-89.95322299999999,ChIJtbdkhjqGf4gRndtG1KtFnTA,OK,59664,471579801001087
3116.919,35.02379430000001,-89.96377079999999,ChIJDVntamKIf4gRlF5S6rdAlgc,OK,187013,471579801001087
811.372,35.05113000000001,-89.815021,ChIJAdLMX4iaf4gRUenKpoiyrBc,OK,55102,471570213421040
825.379,35.048632,-89.814048,ChIJqY7T64eaf4gRoqZRK7sz4Co,OK,57521,471570213421040
825.379,35.048632,-89.814048,ChIJqY7T64eaf4gRoqZRK7sz4Co,OK,57521,471570213421040
3888.084,35.05113000000001,-89.815021,ChIJAdLMX4iaf4gRUenKpoiyrBc,OK,206866,471570213421060
4062.006,35.048632,-89.814048,ChIJqY7T64eaf4gRoqZRK7sz4Co,OK,219286,471570213421060
4062.006,35.048632,-89.814048,ChIJqY7T64eaf4gRoqZRK7sz4Co,OK,219286,471570213421060
4542.161,35.05113000000001,-89.815021,ChIJAdLMX4iaf4gRUenKpoiyrBc,OK,222876,471570213421061
4556.168,35.048632,-89.814048,ChIJqY7T64eaf4gRoqZRK7sz4Co,OK,225295,471570213421061
4556.168,35.048632,-89.814048,ChIJqY7T64eaf4gRoqZRK7sz4Co,OK,225295,471570213421061
4366.026,35.05113000000001,-89.815021,ChIJAdLMX4iaf4gRUenKpoiyrBc,OK,213819,471570213421066
4380.033,35.048632,-89.814048,ChIJqY7T64eaf4gRoqZRK7sz4Co,OK,216238,471570213421066
4380.033,35.048632,-89.814048,ChIJqY7T64eaf4gRoqZRK7sz4Co,OK,216238,471570213421066
1574.679,35.0461089,-89.7947008,ChIJaZI6O3Oaf4gRqa_eh0DNj_s,OK,86227,471570215101046
1574.679,35.0461089,-89.7947008,ChIJaZI6O3Oaf4gRqa_eh0DNj_s,OK,86227,471570215101046
1692.685,35.045091,-89.795412,ChIJVelsQnOaf4gRECqTW7fq-dY,OK,92762,471570215101046
2170.06,35.0461089,-89.7947008,ChIJaZI6O3Oaf4gRqa_eh0DNj_s,OK,116846,471570215101041
2170.06,35.0461089,-89.7947008,ChIJaZI6O3Oaf4gRqa_eh0DNj_s,OK,116846,471570215101041
2288.065,35.045091,-89.795412,ChIJVelsQnOaf4gRECqTW7fq-dY,OK,123381,471570215101041
1944.387,35.0461089,-89.7947008,ChIJaZI6O3Oaf4gRqa_eh0DNj_s,OK,105240,471570215101047
1944.387,35.0461089,-89.7947008,ChIJaZI6O3Oaf4gRqa_eh0DNj_s,OK,105240,471570215101047
2062.392,35.045091,-89.795412,ChIJVelsQnOaf4gRECqTW7fq-dY,OK,111775,471570215101047
2379.857,35.0461089,-89.7947008,ChIJaZI6O3Oaf4gRqa_eh0DNj_s,OK,127634,471570215101040
2379.857,35.0461089,-89.7947008,ChIJaZI6O3Oaf4gRqa_eh0DNj_s,OK,127634,471570215101040
2497.862,35.045091,-89.795412,ChIJVelsQnOaf4gRECqTW7fq-dY,OK,134169,471570215101040
2208.674,35.0461089,-89.7947008,ChIJaZI6O3Oaf4gRqa_eh0DNj_s,OK,168723,471570215101039
2208.674,35.0461089,-89.7947008,ChIJaZI6O3Oaf4gRqa_eh0DNj_s,OK,168723,471570215101039
2326.679,35.045091,-89.795412,ChIJVelsQnOaf4gRECqTW7fq-dY,OK,175258,471570215101039
1091.263,35.0333519,-90.02557630000001,ChIJK8z8Ksxi1YcRt8pxxgP2SA4,OK,78395,471570221113001
1091.263,35.0333519,-90.02557630000001,ChIJK8z8Ksxi1YcRt8pxxgP2SA4,OK,78395,471570221113001
1091.357,35.033351,-90.02556199999999,ChIJY7ePKsxi1YcRIP55gZFchMw,OK,78400,471570221113001
959.929,35.02099699999999,-89.93544,ChIJW6hY3LmIf4gRWjIeu9tMgvU,OK,59662,471570219002001
959.929,35.02099699999999,-89.93544,ChIJW6hY3LmIf4gRWjIeu9tMgvU,OK,59662,471570219002001
1346.975,35.015991,-89.935953,ChIJSSHzkseIf4gRnqbOP98HojY,OK,81096,471570219002001
1083.723,35.2023757,-89.9218691,ChIJvw7rwByCf4gRrAscHKjp1Iw,OK,85498,471570205121014
1083.723,35.2023757,-89.9218691,ChIJvw7rwByCf4gRrAscHKjp1Iw,OK,85498,471570205121014
1753.765,35.210167,-89.919383,ChIJi0gqlgaCf4gRjUvfmHxGMyw,OK,126523,471570205121014
1834.081,35.13763670000001,-90.00757159999999,ChIJl69WLQV-1YcRU3z7Tt2MyhY,OK,146640,471570033002018
1834.081,35.13763670000001,-90.00757159999999,ChIJl69WLQV-1YcRU3z7Tt2MyhY,OK,146640,471570033002018
2088.292,35.13774119999999,-89.99713,ChIJtwtohKiAf4gRFxkNLUf9PgA,OK,152740,471570033002018
2832.799,35.0461089,-89.7947008,ChIJaZI6O3Oaf4gRqa_eh0DNj_s,OK,151251,471570213424064
2832.799,35.0461089,-89.7947008,ChIJaZI6O3Oaf4gRqa_eh0DNj_s,OK,151251,471570213424064
2950.804,35.045091,-89.795412,ChIJVelsQnOaf4gRECqTW7fq-dY,OK,157786,471570213424064
1492.475,35.1507888,-89.977317,ChIJdVWrOuqAf4gR-V7s1E3qo7g,OK,89544,471570028002028
1492.475,35.1507888,-89.977317,ChIJdVWrOuqAf4gR-V7s1E3qo7g,OK,89544,471570028002028
2559.934,35.1497164,-89.95515999999999,ChIJcQb6ehiBf4gR-uA54eRPNq8,OK,156036,471570028002028
1505.867,35.1507888,-89.977317,ChIJdVWrOuqAf4gR-V7s1E3qo7g,OK,90348,471570028002017
1505.867,35.1507888,-89.977317,ChIJdVWrOuqAf4gR-V7s1E3qo7g,OK,90348,471570028002017
2573.326,35.1497164,-89.95515999999999,ChIJcQb6ehiBf4gR-uA54eRPNq8,OK,156840,471570028002017
1393.772,35.0614623,-89.8536277,ChIJ4TWJkTWFf4gRbkNZYfkF9Jw,OK,106677,471570217241012
1393.772,35.0614623,-89.8536277,ChIJ4TWJkTWFf4gRbkNZYfkF9Jw,OK,106677,471570217241012
1478.544,35.0512763,-89.8427476,ChIJ7VPJ3q-af4gRdxERIyaZ0gk,OK,112865,471570217241012
808.559,35.05113000000001,-89.815021,ChIJAdLMX4iaf4gRUenKpoiyrBc,OK,61699,471570213421067
3908.267,35.1546312,-89.79260459999999,ChIJ8UeuSEecf4gRniit7ubZLtM,OK,232899,471570211351016
3908.267,35.1546312,-89.79260459999999,ChIJ8UeuSEecf4gRniit7ubZLtM,OK,232899,471570211351016
4288.154,35.14868459999999,-89.7948203,ChIJ4w9Lr2qcf4gRHdzl9FciAFM,OK,252399,471570211351016
1525.297,35.1835367,-89.8717722,ChIJv1U5XuiCf4gRMlXiIrwnbJo,OK,96893,471570206102000
1525.297,35.1835367,-89.8717722,ChIJv1U5XuiCf4gRMlXiIrwnbJo,OK,96893,471570206102000
2247.109,35.164068,-89.8770782,ChIJpUMbExuDf4gRyW4QpPURe54,OK,124449,471570206102000
5303.992,35.1439641,-90.0517892,ChIJL-0zBZR-1YcRj7p5p1WY4-g,OK,314714,471570001001048
5303.992,35.1439641,-90.0517892,ChIJL-0zBZR-1YcRj7p5p1WY4-g,OK,314714,471570001001048
5315.898,35.1450994,-90.0538646,ChIJne6_s5V-1YcRn_LPaqiwhrk,OK,323011,471570001001048
331.047,35.167095,-89.950496,ChIJecYfJgmBf4gRJh-YY67U6V8,OK,18332,471570111001045
331.047,35.167095,-89.950496,ChIJecYfJgmBf4gRJh-YY67U6V8,OK,18332,471570111001045
2333.154,35.14981359999999,-89.94918609999999,ChIJVdGBGRaBf4gRsi89Rzqn8W4,OK,140356,471570111001045
2203.888,35.19067459999999,-89.8489943,ChIJ364PGjWdf4gRKbsrGLq8_XQ,OK,130831,471570211113022
3624.001,35.16339899999999,-89.855841,ChIJA_xfkC6Df4gRAjVZwLz1jqA,OK,211660,471570211113022
3624.001,35.16339899999999,-89.855841,ChIJA_xfkC6Df4gRAjVZwLz1jqA,OK,211660,471570211113022
3012.302,35.19067459999999,-89.8489943,ChIJ364PGjWdf4gRKbsrGLq8_XQ,OK,221881,471570211113011
3012.302,35.19067459999999,-89.8489943,ChIJ364PGjWdf4gRKbsrGLq8_XQ,OK,221881,471570211113011
3419.455,35.16339899999999,-89.855841,ChIJA_xfkC6Df4gRAjVZwLz1jqA,OK,280806,471570211113011
2626.035,35.1738374,-89.98954379999999,ChIJ_S0BIGOAf4gRU3Ph4W65cOQ,OK,193235,471570004001019
2626.035,35.1738374,-89.98954379999999,ChIJ_S0BIGOAf4gRU3Ph4W65cOQ,OK,193235,471570004001019
3666.585,35.1490317,-90.0140679,ChIJw3q9_xV-1YcRqrte6yBn1CI,OK,255652,471570004001019
4041.316,35.2045576,-89.81176689999999,ChIJ8ROix4Kdf4gR4Su-1OwAUMo,OK,241397,471570211212043
4041.316,35.2045576,-89.81176689999999,ChIJ8ROix4Kdf4gR4Su-1OwAUMo,OK,241397,471570211212043
4406.027,35.1546312,-89.79260459999999,ChIJ8UeuSEecf4gRniit7ubZLtM,OK,267454,471570211212043
2689.065,35.16339899999999,-89.855841,ChIJA_xfkC6Df4gRAjVZwLz1jqA,OK,177078,471570211113013
2689.065,35.16339899999999,-89.855841,ChIJA_xfkC6Df4gRAjVZwLz1jqA,OK,177078,471570211113013
2762.448,35.1623785,-89.8566175,ChIJXQHWWS6Df4gRqhH5EQ9H1j0,OK,185937,471570211113013
1089.582,35.1835367,-89.8717722,ChIJv1U5XuiCf4gRMlXiIrwnbJo,OK,71974,471570206102023
1089.582,35.1835367,-89.8717722,ChIJv1U5XuiCf4gRMlXiIrwnbJo,OK,71974,471570206102023
1835.778,35.164068,-89.8770782,ChIJpUMbExuDf4gRyW4QpPURe54,OK,102456,471570206102023
2078.052,35.164068,-89.8770782,ChIJpUMbExuDf4gRyW4QpPURe54,OK,124103,471570206102018
2078.052,35.164068,-89.8770782,ChIJpUMbExuDf4gRyW4QpPURe54,OK,124103,471570206102018
2740.949,35.1835367,-89.8717722,ChIJv1U5XuiCf4gRMlXiIrwnbJo,OK,174458,471570206102018
4676.886,35.1439641,-90.0517892,ChIJL-0zBZR-1YcRj7p5p1WY4-g,OK,343156,471570001002006
4676.886,35.1439641,-90.0517892,ChIJL-0zBZR-1YcRj7p5p1WY4-g,OK,343156,471570001002006
4885.802,35.1450994,-90.0538646,ChIJne6_s5V-1YcRn_LPaqiwhrk,OK,348610,471570001002006
2919.32,35.1546312,-89.79260459999999,ChIJ8UeuSEecf4gRniit7ubZLtM,OK,157899,471570211213019
2919.32,35.1546312,-89.79260459999999,ChIJ8UeuSEecf4gRniit7ubZLtM,OK,157899,471570211213019
3299.208,35.14868459999999,-89.7948203,ChIJ4w9Lr2qcf4gRHdzl9FciAFM,OK,177399,471570211213019
2017.803,35.1913738,-89.8964247,ChIJwQffFF2Cf4gRzaR3rfvt3f4,OK,130587,471570206101024
2017.803,35.1913738,-89.8964247,ChIJwQffFF2Cf4gRzaR3rfvt3f4,OK,130587,471570206101024
2301.199,35.192778,-89.895242,ChIJ2ehTh2eCf4gR95JHzr6OIMA,OK,144883,471570206101024
1158.438,35.1835367,-89.8717722,ChIJv1U5XuiCf4gRMlXiIrwnbJo,OK,77181,471570206102021
1158.438,35.1835367,-89.8717722,ChIJv1U5XuiCf4gRMlXiIrwnbJo,OK,77181,471570206102021
1904.634,35.164068,-89.8770782,ChIJpUMbExuDf4gRyW4QpPURe54,OK,107663,471570206102021
4583.349,35.1581502,-89.72609419999999,ChIJL6yctRGff4gRqpalt07WxQs,OK,301681,471570210102072
4583.349,35.1581502,-89.72609419999999,ChIJL6yctRGff4gRqpalt07WxQs,OK,301681,471570210102072
4276.172,35.2044739,-89.76342459999999,ChIJ3XsJxyKef4gRTeWb3lonWsU,OK,314958,471570210102072
1392.691,35.164068,-89.8770782,ChIJpUMbExuDf4gRyW4QpPURe54,OK,98454,471570206102024
1392.691,35.164068,-89.8770782,ChIJpUMbExuDf4gRyW4QpPURe54,OK,98454,471570206102024
2260.043,35.1623785,-89.8566175,ChIJXQHWWS6Df4gRqhH5EQ9H1j0,OK,152855,471570206102024
3178.463,35.1546312,-89.79260459999999,ChIJ8UeuSEecf4gRniit7ubZLtM,OK,192068,471570211351011
3178.463,35.1546312,-89.79260459999999,ChIJ8UeuSEecf4gRniit7ubZLtM,OK,192068,471570211351011
3558.351,35.14868459999999,-89.7948203,ChIJ4w9Lr2qcf4gRHdzl9FciAFM,OK,211568,471570211351011
3964.843,35.2045576,-89.81176689999999,ChIJ8ROix4Kdf4gR4Su-1OwAUMo,OK,236809,471570211212064
3964.843,35.2045576,-89.81176689999999,ChIJ8ROix4Kdf4gR4Su-1OwAUMo,OK,236809,471570211212064
4329.555,35.1546312,-89.79260459999999,ChIJ8UeuSEecf4gRniit7ubZLtM,OK,262866,471570211212064
537.239,35.17410499999999,-89.97575479999999,ChIJmfYTGFmAf4gRHGKCaD0qCtI,OK,32231,471570008003003
537.239,35.17410499999999,-89.97575479999999,ChIJmfYTGFmAf4gRHGKCaD0qCtI,OK,32231,471570008003003
809.371,35.1738374,-89.98954379999999,ChIJ_S0BIGOAf4gRU3Ph4W65cOQ,OK,48555,471570008003003
361.921,35.17410499999999,-89.97575479999999,ChIJmfYTGFmAf4gRHGKCaD0qCtI,OK,21713,471570008003002
361.921,35.17410499999999,-89.97575479999999,ChIJmfYTGFmAf4gRHGKCaD0qCtI,OK,21713,471570008003002
984.688,35.1738374,-89.98954379999999,ChIJ_S0BIGOAf4gRU3Ph4W65cOQ,OK,59073,471570008003002
2698.978,35.19067459999999,-89.8489943,ChIJ364PGjWdf4gRKbsrGLq8_XQ,OK,173361,471570211113014
2698.978,35.19067459999999,-89.8489943,ChIJ364PGjWdf4gRKbsrGLq8_XQ,OK,173361,471570211113014
3276.299,35.16339899999999,-89.855841,ChIJA_xfkC6Df4gRAjVZwLz1jqA,OK,247896,471570211113014
160.547,35.17410499999999,-89.97575479999999,ChIJmfYTGFmAf4gRHGKCaD0qCtI,OK,16399,471570008003004
4508.593,35.14868459999999,-89.7948203,ChIJ4w9Lr2qcf4gRHdzl9FciAFM,OK,308159,471570211401029
4508.593,35.14868459999999,-89.7948203,ChIJ4w9Lr2qcf4gRHdzl9FciAFM,OK,308159,471570211401029
5274.756,35.1546312,-89.79260459999999,ChIJ8UeuSEecf4gRniit7ubZLtM,OK,328858,471570211401029
2149.372,35.1546312,-89.79260459999999,ChIJ8UeuSEecf4gRniit7ubZLtM,OK,170220,471570211374051
2149.372,35.1546312,-89.79260459999999,ChIJ8UeuSEecf4gRniit7ubZLtM,OK,170220,471570211374051
1932.433,35.14868459999999,-89.7948203,ChIJ4w9Lr2qcf4gRHdzl9FciAFM,OK,177271,471570211374051
2032.078,35.1804299,-89.9263818,ChIJIfvtv4eBf4gRJLjVGBpAzmc,OK,136230,471570088001020
2032.078,35.1804299,-89.9263818,ChIJIfvtv4eBf4gRJLjVGBpAzmc,OK,136230,471570088001020
2657.242,35.14859919999999,-89.91828060000002,ChIJRflgf-eDf4gRHX_XNYKER-s,OK,200336,471570088001020
3986.302,35.054745,-90.007971,ChIJXxyyQlt91YcRhldtWgjSnSE,OK,237410,471570225001011
3986.302,35.054745,-90.007971,ChIJXxyyQlt91YcRhldtWgjSnSE,OK,237410,471570225001011
4416.494,35.05407199999999,-90.00125899999999,ChIJIzdhk1h91YcRZT7cBcBslaM,OK,257094,471570225001011
1029.804,35.0643218,-89.9923063,ChIJb3DQuo2Hf4gRC8UI6d4pa68,OK,77101,471579801001056
1029.804,35.0643218,-89.9923063,ChIJb3DQuo2Hf4gRC8UI6d4pa68,OK,77101,471579801001056
3051.094,35.0841884,-89.97146650000001,ChIJX1vb4AeHf4gRloPQ2o5nDXA,OK,158529,471579801001056
436.432,35.0745932,-89.9204618,ChIJPX58KNGFf4gRLgBWAHPwusk,OK,38300,471570106101022
436.432,35.0745932,-89.9204618,ChIJPX58KNGFf4gRLgBWAHPwusk,OK,38300,471570106101022
680.751,35.0757114,-89.9271675,ChIJ-d7FIHmGf4gR6Aa1VQWm0ps,OK,57207,471570106101022
850.362,35.17410499999999,-89.97575479999999,ChIJmfYTGFmAf4gRHGKCaD0qCtI,OK,85118,471570009001001
850.362,35.17410499999999,-89.97575479999999,ChIJmfYTGFmAf4gRHGKCaD0qCtI,OK,85118,471570009001001
2200.695,35.1738374,-89.98954379999999,ChIJ_S0BIGOAf4gRU3Ph4W65cOQ,OK,161372,471570009001001
1831.721,35.0461089,-89.7947008,ChIJaZI6O3Oaf4gRqa_eh0DNj_s,OK,130009,471570213421043
1831.721,35.0461089,-89.7947008,ChIJaZI6O3Oaf4gRqa_eh0DNj_s,OK,130009,471570213421043
1949.726,35.045091,-89.795412,ChIJVelsQnOaf4gRECqTW7fq-dY,OK,136544,471570213421043
1889.341,35.2337782,-89.9252472,ChIJra3pLkt_f4gRjZbqnHrruIM,OK,158626,471570205311001
1889.341,35.2337782,-89.9252472,ChIJra3pLkt_f4gRjZbqnHrruIM,OK,158626,471570205311001
5536.153,35.2158947,-89.9151158,ChIJxetq6ad4f4gRD1K1cIBWUQ4,OK,395207,471570205311001
2457.779,35.10874099999999,-90.021185,ChIJrVbiDcF91YcRG9TBOTpHc3I,OK,151665,471570065002016
2336.627,35.109859,-89.99141100000001,ChIJs6JbpFyHf4gR9O01gG0a7fQ,OK,158477,471570065002016
2336.627,35.109859,-89.99141100000001,ChIJs6JbpFyHf4gR9O01gG0a7fQ,OK,158477,471570065002016
6711.726,35.0854368,-89.89541919999999,ChIJf5cc-VKEf4gRF-lYLgijYQQ,OK,384047,471570213113013
5892.26,35.1153996,-89.89414069999999,ChIJCb4NOWWEf4gR79YlPQoocW4,OK,385701,471570213113013
5892.26,35.1153996,-89.89414069999999,ChIJCb4NOWWEf4gR79YlPQoocW4,OK,385701,471570213113013
1762.565,35.1913738,-89.8964247,ChIJwQffFF2Cf4gRzaR3rfvt3f4,OK,113082,471570206101034
1762.565,35.1913738,-89.8964247,ChIJwQffFF2Cf4gRzaR3rfvt3f4,OK,113082,471570206101034
2045.961,35.192778,-89.895242,ChIJ2ehTh2eCf4gR95JHzr6OIMA,OK,127378,471570206101034
1410.329,35.1546312,-89.79260459999999,ChIJ8UeuSEecf4gRniit7ubZLtM,OK,89869,471570211261045
1410.329,35.1546312,-89.79260459999999,ChIJ8UeuSEecf4gRniit7ubZLtM,OK,89869,471570211261045
1790.217,35.14868459999999,-89.7948203,ChIJ4w9Lr2qcf4gRHdzl9FciAFM,OK,109369,471570211261045
239.239,35.0493563,-89.83813929999999,ChIJjRQNzqSaf4gRxmNqB0YAYGM,OK,22881,471570217242015
239.239,35.0493563,-89.83813929999999,ChIJjRQNzqSaf4gRxmNqB0YAYGM,OK,22881,471570217242015
561.004,35.049031,-89.841437,ChIJt6vl46-af4gRvoN8Yvkmx9A,OK,45723,471570217242015
6178.9,35.14868459999999,-89.7948203,ChIJ4w9Lr2qcf4gRHdzl9FciAFM,OK,421241,471570211391020
6178.9,35.14868459999999,-89.7948203,ChIJ4w9Lr2qcf4gRHdzl9FciAFM,OK,421241,471570211391020
6945.062,35.1546312,-89.79260459999999,ChIJ8UeuSEecf4gRniit7ubZLtM,OK,441940,471570211391020
3825.432,35.1546312,-89.79260459999999,ChIJ8UeuSEecf4gRniit7ubZLtM,OK,268439,471570211262007
3825.432,35.1546312,-89.79260459999999,ChIJ8UeuSEecf4gRniit7ubZLtM,OK,268439,471570211262007
4205.319,35.14868459999999,-89.7948203,ChIJ4w9Lr2qcf4gRHdzl9FciAFM,OK,287939,471570211262007
517.758,35.2051043,-89.79754849999999,ChIJpRDMlY2df4gRQqHmUo_lzmc,OK,56766,471570206321052
517.758,35.2051043,-89.79754849999999,ChIJpRDMlY2df4gRQqHmUo_lzmc,OK,56766,471570206321052
483.016,35.2071893,-89.79833029999999,ChIJQ0zWJIydf4gRstwjg5hObuM,OK,86940,471570206321052
3164.643,35.1546312,-89.79260459999999,ChIJ8UeuSEecf4gRniit7ubZLtM,OK,230505,471570211353021
3164.643,35.1546312,-89.79260459999999,ChIJ8UeuSEecf4gRniit7ubZLtM,OK,230505,471570211353021
4112.105,35.14868459999999,-89.7948203,ChIJ4w9Lr2qcf4gRHdzl9FciAFM,OK,284057,471570211353021
364.565,35.05407199999999,-90.00125899999999,ChIJIzdhk1h91YcRZT7cBcBslaM,OK,40043,471570220224000
364.565,35.05407199999999,-90.00125899999999,ChIJIzdhk1h91YcRZT7cBcBslaM,OK,40043,471570220224000
941.775,35.054745,-90.007971,ChIJXxyyQlt91YcRhldtWgjSnSE,OK,79888,471570220224000
723.378,35.1161637,-89.9446263,ChIJ-ZiED8iGf4gR32IlfgDBKWY,OK,58594,471570070001004
723.378,35.1161637,-89.9446263,ChIJ-ZiED8iGf4gR32IlfgDBKWY,OK,58594,471570070001004
1271.664,35.108097,-89.941227,ChIJwxJT-r6Gf4gRhLDuFpyb128,OK,87670,471570070001004
1497.79,35.0878609,-89.931612,ChIJ78kLm4aGf4gRhPZ5eF_7ojg,OK,172266,471570082005001
1497.79,35.0878609,-89.931612,ChIJ78kLm4aGf4gRhPZ5eF_7ojg,OK,172266,471570082005001
2093.014,35.093158,-89.93038,ChIJU1HLuoSGf4gRK5KIVLXtvbU,OK,209458,471570082005001
1059.536,35.06591589999999,-89.94154240000002,ChIJTUcfL2qGf4gRH4x-pmmajWw,OK,99065,471570105001009
1059.536,35.06591589999999,-89.94154240000002,ChIJTUcfL2qGf4gRH4x-pmmajWw,OK,99065,471570105001009
2142.694,35.05905920000001,-89.9340455,ChIJM89Mbw2Gf4gRFqf4fPnKU7k,OK,142796,471570105001009
1196.809,35.1060329,-90.039159,ChIJ231bcjV81YcRQ1quDeYAd6M,OK,143610,471570075002001
595.477,35.13763670000001,-90.00757159999999,ChIJl69WLQV-1YcRU3z7Tt2MyhY,OK,60976,471570034001012
595.477,35.13763670000001,-90.00757159999999,ChIJl69WLQV-1YcRU3z7Tt2MyhY,OK,60976,471570034001012
797.74,35.139426,-90.00714049999999,ChIJC-6kIBt-1YcRA1cskDtjsVc,OK,85246,471570034001012
2217.136,35.0841884,-89.97146650000001,ChIJX1vb4AeHf4gRloPQ2o5nDXA,OK,134909,471570078215006
2217.136,35.0841884,-89.97146650000001,ChIJX1vb4AeHf4gRloPQ2o5nDXA,OK,134909,471570078215006
3191.451,35.0643218,-89.9923063,ChIJb3DQuo2Hf4gRC8UI6d4pa68,OK,183354,471570078215006
2463.226,35.0841884,-89.97146650000001,ChIJX1vb4AeHf4gRloPQ2o5nDXA,OK,135632,471579801001036
2463.226,35.0841884,-89.97146650000001,ChIJX1vb4AeHf4gRloPQ2o5nDXA,OK,135632,471579801001036
2621.396,35.0643218,-89.9923063,ChIJb3DQuo2Hf4gRC8UI6d4pa68,OK,154701,471579801001036
1236.249,35.12545849999999,-89.97454169999999,ChIJoyT3HjOHf4gRS6EdHckmff8,OK,74169,471570067002001
1236.249,35.12545849999999,-89.97454169999999,ChIJoyT3HjOHf4gRS6EdHckmff8,OK,74169,471570067002001
2565.801,35.107529,-89.9862127,ChIJ0WGfSUKHf4gRjDLrfGQwCV4,OK,149071,471570067002001
2410.424,35.0614623,-89.8536277,ChIJ4TWJkTWFf4gRbkNZYfkF9Jw,OK,168319,471570217102008
2410.424,35.0614623,-89.8536277,ChIJ4TWJkTWFf4gRbkNZYfkF9Jw,OK,168319,471570217102008
2575.927,35.050596,-89.869556,ChIJQ4vLA2iFf4gRyyCo3ihKH44,OK,169060,471570217102008
4070.445,35.0614623,-89.8536277,ChIJ4TWJkTWFf4gRbkNZYfkF9Jw,OK,287081,471570213312009
4070.445,35.0614623,-89.8536277,ChIJ4TWJkTWFf4gRbkNZYfkF9Jw,OK,287081,471570213312009
5062.04,35.0612606,-89.88628629999999,ChIJAQ_I1gqFf4gRFrt5yQeAEps,OK,341695,471570213312009
1608.083,35.0612606,-89.88628629999999,ChIJAQ_I1gqFf4gRFrt5yQeAEps,OK,104392,471570107103006
1608.083,35.0612606,-89.88628629999999,ChIJAQ_I1gqFf4gRFrt5yQeAEps,OK,104392,471570107103006
1800.469,35.062945,-89.90568519999999,ChIJjxj9mL-Ff4gRoOEx9OzDyxs,OK,117767,471570107103006
1425.529,35.0612606,-89.88628629999999,ChIJAQ_I1gqFf4gRFrt5yQeAEps,OK,115928,471570107103014
1425.529,35.0612606,-89.88628629999999,ChIJAQ_I1gqFf4gRFrt5yQeAEps,OK,115928,471570107103014
1607.694,35.062945,-89.90568519999999,ChIJjxj9mL-Ff4gRoOEx9OzDyxs,OK,118731,471570107103014
515.799,35.0515568,-89.90630259999999,ChIJrU8jyZKFf4gRubg1AIyELWY,OK,35455,471570226002010
515.799,35.0515568,-89.90630259999999,ChIJrU8jyZKFf4gRubg1AIyELWY,OK,35455,471570226002010
925.385,35.05018,-89.89110199999999,ChIJNUozxJyFf4gRrJ8tUHk1p2Q,OK,55236,471570226002010
1332.414,35.05018,-89.89110199999999,ChIJNUozxJyFf4gRrJ8tUHk1p2Q,OK,123558,471570108102002
1332.414,35.05018,-89.89110199999999,ChIJNUozxJyFf4gRrJ8tUHk1p2Q,OK,123558,471570108102002
1490.052,35.0612606,-89.88628629999999,ChIJAQ_I1gqFf4gRFrt5yQeAEps,OK,126915,471570108102002
1580.777,35.125222,-90.048147,ChIJ9cKdtid81YcRKs9h6RjzQzw,OK,102861,471570116002024
1580.777,35.125222,-90.048147,ChIJ9cKdtid81YcRKs9h6RjzQzw,OK,102861,471570116002024
1582.591,35.1251709,-90.0481695,ChIJybIJtCd81YcR9Otxws-5qCM,OK,102961,471570116002024
1864.322,35.1444038,-90.0168571,ChIJufYEjhR-1YcREff46W6Lons,OK,122654,471570037001032
1864.322,35.1444038,-90.0168571,ChIJufYEjhR-1YcREff46W6Lons,OK,122654,471570037001032
1895.888,35.13763670000001,-90.00757159999999,ChIJl69WLQV-1YcRU3z7Tt2MyhY,OK,128163,471570037001032
1223.26,35.1157645,-90.022279,ChIJwZqBNMN91YcRRpdDvj5Pcr8,OK,76174,471570035003021
1223.26,35.1157645,-90.022279,ChIJwZqBNMN91YcRRpdDvj5Pcr8,OK,76174,471570035003021
1944.38,35.1087458,-90.0211918,ChIJe6w2EsF91YcRquzVZc8M0-I,OK,117564,471570035003021
488.928,35.1444038,-90.0168571,ChIJufYEjhR-1YcREff46W6Lons,OK,34409,471570036002010
488.928,35.1444038,-90.0168571,ChIJufYEjhR-1YcREff46W6Lons,OK,34409,471570036002010
941.072,35.1490317,-90.0140679,ChIJw3q9_xV-1YcRqrte6yBn1CI,OK,57515,471570036002010
702.049,35.13763670000001,-90.00757159999999,ChIJl69WLQV-1YcRU3z7Tt2MyhY,OK,61010,471570036002035
702.049,35.13763670000001,-90.00757159999999,ChIJl69WLQV-1YcRU3z7Tt2MyhY,OK,61010,471570036002035
810.832,35.139426,-90.00714049999999,ChIJC-6kIBt-1YcRA1cskDtjsVc,OK,74063,471570036002035
4270.661,35.222344,-89.97682999999999,ChIJ987Br45_f4gRjwrvnFN8t7k,OK,295171,471570205111009
4270.661,35.222344,-89.97682999999999,ChIJ987Br45_f4gRjwrvnFN8t7k,OK,295171,471570205111009
4671.528,35.2227028,-89.97692290000001,ChIJ987Br45_f4gRMoYIhCny13Q,OK,331303,471570205111009
4045.456,35.222344,-89.97682999999999,ChIJ987Br45_f4gRjwrvnFN8t7k,OK,269154,471570205112007
4045.456,35.222344,-89.97682999999999,ChIJ987Br45_f4gRjwrvnFN8t7k,OK,269154,471570205112007
4446.322,35.2227028,-89.97692290000001,ChIJ987Br45_f4gRMoYIhCny13Q,OK,305286,471570205112007
894.794,35.17410499999999,-89.97575479999999,ChIJmfYTGFmAf4gRHGKCaD0qCtI,OK,82721,471570008002005
894.794,35.17410499999999,-89.97575479999999,ChIJmfYTGFmAf4gRHGKCaD0qCtI,OK,82721,471570008002005
1157.362,35.1738374,-89.98954379999999,ChIJ_S0BIGOAf4gRU3Ph4W65cOQ,OK,94451,471570008002005
922.161,35.17410499999999,-89.97575479999999,ChIJmfYTGFmAf4gRHGKCaD0qCtI,OK,55325,471570006001019
922.161,35.17410499999999,-89.97575479999999,ChIJmfYTGFmAf4gRHGKCaD0qCtI,OK,55325,471570006001019
2160.585,35.1738374,-89.98954379999999,ChIJ_S0BIGOAf4gRU3Ph4W65cOQ,OK,129621,471570006001019
288.001,35.17410499999999,-89.97575479999999,ChIJmfYTGFmAf4gRHGKCaD0qCtI,OK,24827,471570008002008
288.001,35.17410499999999,-89.97575479999999,ChIJmfYTGFmAf4gRHGKCaD0qCtI,OK,24827,471570008002008
1310.233,35.1738374,-89.98954379999999,ChIJ_S0BIGOAf4gRU3Ph4W65cOQ,OK,86153,471570008002008
3448.227,35.17410499999999,-89.97575479999999,ChIJmfYTGFmAf4gRHGKCaD0qCtI,OK,183278,471570205112029
3448.227,35.17410499999999,-89.97575479999999,ChIJmfYTGFmAf4gRHGKCaD0qCtI,OK,183278,471570205112029
8443.289,35.183951,-89.93106899999999,ChIJWQ0EIo-Bf4gR6cuqlCcQuNw,OK,393083,471570205112029
2655.293,35.17410499999999,-89.97575479999999,ChIJmfYTGFmAf4gRHGKCaD0qCtI,OK,199203,471570111001004
2655.293,35.17410499999999,-89.97575479999999,ChIJmfYTGFmAf4gRHGKCaD0qCtI,OK,199203,471570111001004
3478.881,35.167095,-89.950496,ChIJecYfJgmBf4gRJh-YY67U6V8,OK,286723,471570111001004
310.283,35.1450994,-90.0538646,ChIJne6_s5V-1YcRn_LPaqiwhrk,OK,25601,471570042001049
215.297,35.1439641,-90.0517892,ChIJL-0zBZR-1YcRj7p5p1WY4-g,OK,30655,471570042001049
101.272,35.1439641,-90.0517892,ChIJL-0zBZR-1YcRj7p5p1WY4-g,OK,13226,471570042001056
101.272,35.1439641,-90.0517892,ChIJL-0zBZR-1YcRj7p5p1WY4-g,OK,13226,471570042001056
180.132,35.1450994,-90.0538646,ChIJne6_s5V-1YcRn_LPaqiwhrk,OK,32422,471570042001056
454.218,35.1439641,-90.0517892,ChIJL-0zBZR-1YcRj7p5p1WY4-g,OK,42674,471570042001038
454.218,35.1439641,-90.0517892,ChIJL-0zBZR-1YcRj7p5p1WY4-g,OK,42674,471570042001038
722.833,35.1450994,-90.0538646,ChIJne6_s5V-1YcRn_LPaqiwhrk,OK,50968,471570042001038
130.001,35.1439641,-90.0517892,ChIJL-0zBZR-1YcRj7p5p1WY4-g,OK,18249,471570042001047
130.001,35.1439641,-90.0517892,ChIJL-0zBZR-1YcRj7p5p1WY4-g,OK,18249,471570042001047
508.85,35.1435177,-90.0539328,ChIJ8VFg1pV-1YcRR9G8p0pZx6U,OK,41612,471570042001047
489.651,35.1439641,-90.0517892,ChIJL-0zBZR-1YcRj7p5p1WY4-g,OK,46926,471570114002005
489.651,35.1439641,-90.0517892,ChIJL-0zBZR-1YcRj7p5p1WY4-g,OK,46926,471570114002005
750.505,35.1435177,-90.0539328,ChIJ8VFg1pV-1YcRR9G8p0pZx6U,OK,56131,471570114002005
391.656,35.1439641,-90.0517892,ChIJL-0zBZR-1YcRj7p5p1WY4-g,OK,33887,471570114002013
391.656,35.1439641,-90.0517892,ChIJL-0zBZR-1YcRj7p5p1WY4-g,OK,33887,471570114002013
652.51,35.1435177,-90.0539328,ChIJ8VFg1pV-1YcRR9G8p0pZx6U,OK,43092,471570114002013
159.333,35.1439641,-90.0517892,ChIJL-0zBZR-1YcRj7p5p1WY4-g,OK,20827,471570042002000
159.333,35.1439641,-90.0517892,ChIJL-0zBZR-1YcRj7p5p1WY4-g,OK,20827,471570042002000
368.353,35.1435177,-90.0539328,ChIJ8VFg1pV-1YcRR9G8p0pZx6U,OK,26001,471570042002000
188.668,35.1439641,-90.0517892,ChIJL-0zBZR-1YcRj7p5p1WY4-g,OK,12610,471570042002012
188.668,35.1439641,-90.0517892,ChIJL-0zBZR-1YcRj7p5p1WY4-g,OK,12610,471570042002012
219.358,35.1435177,-90.0539328,ChIJ8VFg1pV-1YcRR9G8p0pZx6U,OK,12889,471570042002012
389.393,35.1439641,-90.0517892,ChIJL-0zBZR-1YcRj7p5p1WY4-g,OK,23726,471570114002024
389.393,35.1439641,-90.0517892,ChIJL-0zBZR-1YcRj7p5p1WY4-g,OK,23726,471570114002024
420.084,35.1435177,-90.0539328,ChIJ8VFg1pV-1YcRR9G8p0pZx6U,OK,24005,471570114002024
330.258,35.1439641,-90.0517892,ChIJL-0zBZR-1YcRj7p5p1WY4-g,OK,22861,471570114002025
330.258,35.1439641,-90.0517892,ChIJL-0zBZR-1YcRj7p5p1WY4-g,OK,22861,471570114002025
360.949,35.1435177,-90.0539328,ChIJ8VFg1pV-1YcRR9G8p0pZx6U,OK,23140,471570114002025
176.477,35.1060329,-90.039159,ChIJ231bcjV81YcRQ1quDeYAd6M,OK,18598,471570059002023
176.477,35.1060329,-90.039159,ChIJ231bcjV81YcRQ1quDeYAd6M,OK,18598,471570059002023
2002.897,35.1087458,-90.0211918,ChIJe6w2EsF91YcRquzVZc8M0-I,OK,117969,471570059002023
3004.218,35.093591,-90.056624,ChIJgyVl92d81YcRhuRHHckl8Y4,OK,225624,471570056003033
3004.218,35.093591,-90.056624,ChIJgyVl92d81YcRhuRHHckl8Y4,OK,225624,471570056003033
3184.055,35.095133,-90.05542799999999,ChIJATnUo0J81YcRpbAuNwXeqRw,OK,235584,471570056003033
2790.563,35.093591,-90.056624,ChIJgyVl92d81YcRhuRHHckl8Y4,OK,192369,471570056002008
2970.4,35.095133,-90.05542799999999,ChIJATnUo0J81YcRpbAuNwXeqRw,OK,202329,471570056002008
2970.4,35.095133,-90.05542799999999,ChIJATnUo0J81YcRpbAuNwXeqRw,OK,202329,471570056002008
1906.419,35.086634,-89.96355199999999,ChIJW0XU3AGHf4gRINnmxvx9m5A,OK,137098,471570082001006
2380.961,35.0904795,-89.96597299999999,ChIJHfaNmAOHf4gR1d8V2K9rfSU,OK,163379,471570082001006
2982.037,35.06591589999999,-89.94154240000002,ChIJTUcfL2qGf4gRH4x-pmmajWw,OK,163632,471570082001002
2982.037,35.06591589999999,-89.94154240000002,ChIJTUcfL2qGf4gRH4x-pmmajWw,OK,163632,471570082001002
4909.045,35.0878609,-89.931612,ChIJ78kLm4aGf4gRhPZ5eF_7ojg,OK,249453,471570082001002
1804.587,35.086634,-89.96355199999999,ChIJW0XU3AGHf4gRINnmxvx9m5A,OK,124879,471570082001003
1804.587,35.086634,-89.96355199999999,ChIJW0XU3AGHf4gRINnmxvx9m5A,OK,124879,471570082001003
2279.129,35.0904795,-89.96597299999999,ChIJHfaNmAOHf4gR1d8V2K9rfSU,OK,151160,471570082001003
1865.544,35.086634,-89.96355199999999,ChIJW0XU3AGHf4gRINnmxvx9m5A,OK,132194,471570082001007
1865.544,35.086634,-89.96355199999999,ChIJW0XU3AGHf4gRINnmxvx9m5A,OK,132194,471570082001007
2340.086,35.0904795,-89.96597299999999,ChIJHfaNmAOHf4gR1d8V2K9rfSU,OK,158475,471570082001007
7155.85,35.0854368,-89.89541919999999,ChIJf5cc-VKEf4gRF-lYLgijYQQ,OK,350006,471570095004038
7155.85,35.0854368,-89.89541919999999,ChIJf5cc-VKEf4gRF-lYLgijYQQ,OK,350006,471570095004038
7114.61,35.0612606,-89.88628629999999,ChIJAQ_I1gqFf4gRFrt5yQeAEps,OK,377297,471570095004038
3232.431,35.1087458,-90.0211918,ChIJe6w2EsF91YcRquzVZc8M0-I,OK,182359,471570078211019
3232.431,35.1087458,-90.0211918,ChIJe6w2EsF91YcRquzVZc8M0-I,OK,182359,471570078211019
3233.073,35.10874099999999,-90.021185,ChIJrVbiDcF91YcRG9TBOTpHc3I,OK,182436,471570078211019
1008.089,35.0878609,-89.931612,ChIJ78kLm4aGf4gRhPZ5eF_7ojg,OK,113503,471570082005002
1008.089,35.0878609,-89.931612,ChIJ78kLm4aGf4gRhPZ5eF_7ojg,OK,113503,471570082005002
1603.312,35.093158,-89.93038,ChIJU1HLuoSGf4gRK5KIVLXtvbU,OK,150695,471570082005002
2267.235,35.093591,-90.056624,ChIJgyVl92d81YcRhuRHHckl8Y4,OK,137187,471570056003035
2267.235,35.093591,-90.056624,ChIJgyVl92d81YcRhuRHHckl8Y4,OK,137187,471570056003035
2447.072,35.095133,-90.05542799999999,ChIJATnUo0J81YcRpbAuNwXeqRw,OK,147147,471570056003035
519.086,35.086634,-89.96355199999999,ChIJW0XU3AGHf4gRINnmxvx9m5A,OK,37286,471570081202025
519.086,35.086634,-89.96355199999999,ChIJW0XU3AGHf4gRINnmxvx9m5A,OK,37286,471570081202025
993.629,35.0904795,-89.96597299999999,ChIJHfaNmAOHf4gR1d8V2K9rfSU,OK,63567,471570081202025
3818.923,35.104197,-89.98335349999999,ChIJNST6hGqHf4gR0Mml4gyjQWk,OK,305416,471570078101045
3818.923,35.104197,-89.98335349999999,ChIJNST6hGqHf4gR0Mml4gyjQWk,OK,305416,471570078101045
3931.921,35.107529,-89.9862127,ChIJ0WGfSUKHf4gRjDLrfGQwCV4,OK,316537,471570078101045
3765.243,35.054745,-90.007971,ChIJXxyyQlt91YcRhldtWgjSnSE,OK,289505,471570225001013
3765.243,35.054745,-90.007971,ChIJXxyyQlt91YcRhldtWgjSnSE,OK,289505,471570225001013
4197.091,35.05407199999999,-90.00125899999999,ChIJIzdhk1h91YcRZT7cBcBslaM,OK,305544,471570225001013
2217.847,35.0841884,-89.97146650000001,ChIJX1vb4AeHf4gRloPQ2o5nDXA,OK,159597,471570078101056
2217.847,35.0841884,-89.97146650000001,ChIJX1vb4AeHf4gRloPQ2o5nDXA,OK,159597,471570078101056
3192.161,35.0643218,-89.9923063,ChIJb3DQuo2Hf4gRC8UI6d4pa68,OK,208042,471570078101056
2142.62,35.0841884,-89.97146650000001,ChIJX1vb4AeHf4gRloPQ2o5nDXA,OK,172757,471570078101057
2142.62,35.0841884,-89.97146650000001,ChIJX1vb4AeHf4gRloPQ2o5nDXA,OK,172757,471570078101057
3283.881,35.09464699999999,-89.9708677,ChIJx5uAuBqHf4gRze5MKc5WJFI,OK,240117,471570078101057
4869.321,35.0614623,-89.8536277,ChIJ4TWJkTWFf4gRbkNZYfkF9Jw,OK,352468,471570213201007
4869.321,35.0614623,-89.8536277,ChIJ4TWJkTWFf4gRbkNZYfkF9Jw,OK,352468,471570213201007
4954.093,35.0512763,-89.8427476,ChIJ7VPJ3q-af4gRdxERIyaZ0gk,OK,358656,471570213201007
3757.035,35.0614623,-89.8536277,ChIJ4TWJkTWFf4gRbkNZYfkF9Jw,OK,230400,471570213201028
3757.035,35.0614623,-89.8536277,ChIJ4TWJkTWFf4gRbkNZYfkF9Jw,OK,230400,471570213201028
3841.806,35.0512763,-89.8427476,ChIJ7VPJ3q-af4gRdxERIyaZ0gk,OK,236588,471570213201028
2396.841,35.0841884,-89.97146650000001,ChIJX1vb4AeHf4gRloPQ2o5nDXA,OK,181076,471570078101043
2396.841,35.0841884,-89.97146650000001,ChIJX1vb4AeHf4gRloPQ2o5nDXA,OK,181076,471570078101043
3371.155,35.0643218,-89.9923063,ChIJb3DQuo2Hf4gRC8UI6d4pa68,OK,229521,471570078101043
1804.423,35.093591,-90.056624,ChIJgyVl92d81YcRhuRHHckl8Y4,OK,104647,471570055003040
1804.423,35.093591,-90.056624,ChIJgyVl92d81YcRhuRHHckl8Y4,OK,104647,471570055003040
1984.26,35.095133,-90.05542799999999,ChIJATnUo0J81YcRpbAuNwXeqRw,OK,114607,471570055003040
1163.972,35.093591,-90.056624,ChIJgyVl92d81YcRhuRHHckl8Y4,OK,64462,471570055003007
1163.972,35.093591,-90.056624,ChIJgyVl92d81YcRhuRHHckl8Y4,OK,64462,471570055003007
1343.809,35.095133,-90.05542799999999,ChIJATnUo0J81YcRpbAuNwXeqRw,OK,74422,471570055003007
2934.316,35.0841884,-89.97146650000001,ChIJX1vb4AeHf4gRloPQ2o5nDXA,OK,267758,471570078101055
2934.316,35.0841884,-89.97146650000001,ChIJX1vb4AeHf4gRloPQ2o5nDXA,OK,267758,471570078101055
3573.9,35.104197,-89.98335349999999,ChIJNST6hGqHf4gR0Mml4gyjQWk,OK,276013,471570078101055
1873.101,35.093591,-90.056624,ChIJgyVl92d81YcRhuRHHckl8Y4,OK,108767,471570055003039
1873.101,35.093591,-90.056624,ChIJgyVl92d81YcRhuRHHckl8Y4,OK,108767,471570055003039
2052.938,35.095133,-90.05542799999999,ChIJATnUo0J81YcRpbAuNwXeqRw,OK,118727,471570055003039
4621.604,35.093591,-90.056624,ChIJgyVl92d81YcRhuRHHckl8Y4,OK,246106,471570222201002
4621.604,35.093591,-90.056624,ChIJgyVl92d81YcRhuRHHckl8Y4,OK,246106,471570222201002
4801.441,35.095133,-90.05542799999999,ChIJATnUo0J81YcRpbAuNwXeqRw,OK,256066,471570222201002
2376.561,35.0841884,-89.97146650000001,ChIJX1vb4AeHf4gRloPQ2o5nDXA,OK,209818,471570078101053
2376.561,35.0841884,-89.97146650000001,ChIJX1vb4AeHf4gRloPQ2o5nDXA,OK,209818,471570078101053
3016.145,35.104197,-89.98335349999999,ChIJNST6hGqHf4gR0Mml4gyjQWk,OK,218073,471570078101053
2238.349,35.0841884,-89.97146650000001,ChIJX1vb4AeHf4gRloPQ2o5nDXA,OK,184244,471570078101042
2238.349,35.0841884,-89.97146650000001,ChIJX1vb4AeHf4gRloPQ2o5nDXA,OK,184244,471570078101042
1801.062,35.1075089,-89.9318387,ChIJVboYU6KGf4gRHfEHUi8Izac,OK,127278,471570085001025
1801.062,35.1075089,-89.9318387,ChIJVboYU6KGf4gRHfEHUi8Izac,OK,127278,471570085001025
1942.969,35.1079763,-89.9333841,ChIJqZoM4qKGf4gREaZMyPG1GBQ,OK,135793,471570085001025
279.457,35.1075089,-89.9318387,ChIJVboYU6KGf4gRHfEHUi8Izac,OK,24503,471570074002021
279.457,35.1075089,-89.9318387,ChIJVboYU6KGf4gRHfEHUi8Izac,OK,24503,471570074002021
421.365,35.1079763,-89.9333841,ChIJqZoM4qKGf4gREaZMyPG1GBQ,OK,33018,471570074002021
1247.789,35.1145886,-89.90089789999999,ChIJKWmlFW6Ef4gR0YNISWQMkss,OK,75430,471570085001034
1247.789,35.1145886,-89.90089789999999,ChIJKWmlFW6Ef4gR0YNISWQMkss,OK,75430,471570085001034
2065.557,35.1153996,-89.89414069999999,ChIJCb4NOWWEf4gR79YlPQoocW4,OK,131663,471570085001034
658.003,35.0971,-89.9305344,ChIJRd53mZuGf4gRp0fETcD5Y3I,OK,75848,471570118001005
658.003,35.0971,-89.9305344,ChIJRd53mZuGf4gRp0fETcD5Y3I,OK,75848,471570118001005
748.26,35.0960067,-89.93138279999999,ChIJFfDYDZuGf4gR5IbqhV7MTAo,OK,83597,471570118001005
611.488,35.0971,-89.9305344,ChIJRd53mZuGf4gRp0fETcD5Y3I,OK,70266,471570118001006
611.488,35.0971,-89.9305344,ChIJRd53mZuGf4gRp0fETcD5Y3I,OK,70266,471570118001006
701.744,35.0960067,-89.93138279999999,ChIJFfDYDZuGf4gR5IbqhV7MTAo,OK,78015,471570118001006
695.65,35.0612606,-89.88628629999999,ChIJAQ_I1gqFf4gRFrt5yQeAEps,OK,62305,471570107203006
695.65,35.0612606,-89.88628629999999,ChIJAQ_I1gqFf4gRFrt5yQeAEps,OK,62305,471570107203006
579.05,35.0632829,-89.88727279999999,ChIJvVoQ4QqFf4gRItXZGUDZ-Hc,OK,77732,471570107203006
556.442,35.0612606,-89.88628629999999,ChIJAQ_I1gqFf4gRFrt5yQeAEps,OK,43005,471570107203012
556.442,35.0612606,-89.88628629999999,ChIJAQ_I1gqFf4gRFrt5yQeAEps,OK,43005,471570107203012
789.896,35.0632829,-89.88727279999999,ChIJvVoQ4QqFf4gRItXZGUDZ-Hc,OK,73585,471570107203012
323.503,35.05018,-89.89110199999999,ChIJNUozxJyFf4gRrJ8tUHk1p2Q,OK,38818,471570226002004
323.503,35.05018,-89.89110199999999,ChIJNUozxJyFf4gRrJ8tUHk1p2Q,OK,38818,471570226002004
1307.94,35.04677619999999,-89.8859339,ChIJycTJ_niFf4gR5esliSzp17E,OK,97323,471570226002004
229.875,35.0508681,-89.88111619999999,ChIJ68PUi3CFf4gRLPYGzNKUdto,OK,22272,471570217312004
229.875,35.0508681,-89.88111619999999,ChIJ68PUi3CFf4gRLPYGzNKUdto,OK,22272,471570217312004
855.621,35.04677619999999,-89.8859339,ChIJycTJ_niFf4gR5esliSzp17E,OK,52779,471570217312004
450.579,35.02100869999999,-89.8995317,ChIJ-f6gz22Pf4gR-rWEeLgd-68,OK,24952,471570226001163
450.579,35.02100869999999,-89.8995317,ChIJ-f6gz22Pf4gR-rWEeLgd-68,OK,24952,471570226001163
461.852,35.0209193,-89.8996561,ChIJxWQfy22Pf4gRlC1jxVU1A2g,OK,25577,471570226001163
3644.813,35.2023757,-89.9218691,ChIJvw7rwByCf4gRrAscHKjp1Iw,OK,296363,471570205123012
4219.721,35.222344,-89.97682999999999,ChIJ987Br45_f4gRjwrvnFN8t7k,OK,311943,471570205123012
4219.721,35.222344,-89.97682999999999,ChIJ987Br45_f4gRjwrvnFN8t7k,OK,311943,471570205123012
991.296,35.0612606,-89.88628629999999,ChIJAQ_I1gqFf4gRFrt5yQeAEps,OK,78932,471570107201012
991.296,35.0612606,-89.88628629999999,ChIJAQ_I1gqFf4gRFrt5yQeAEps,OK,78932,471570107201012
1224.75,35.0632829,-89.88727279999999,ChIJvVoQ4QqFf4gRItXZGUDZ-Hc,OK,109512,471570107201012
1393.039,35.0508681,-89.88111619999999,ChIJ68PUi3CFf4gRLPYGzNKUdto,OK,108010,471570108201009
1631.623,35.050596,-89.869556,ChIJQ4vLA2iFf4gRyyCo3ihKH44,OK,119827,471570108201009
1631.623,35.050596,-89.869556,ChIJQ4vLA2iFf4gRyyCo3ihKH44,OK,119827,471570108201009
1218.459,35.0512763,-89.8427476,ChIJ7VPJ3q-af4gRdxERIyaZ0gk,OK,98629,471570217241014
1218.459,35.0512763,-89.8427476,ChIJ7VPJ3q-af4gRdxERIyaZ0gk,OK,98629,471570217241014
1463.851,35.0490562,-89.84441600000001,ChIJCUulJK6af4gR7vOP_qSrYdM,OK,103619,471570217241014
2874.365,35.0612606,-89.88628629999999,ChIJAQ_I1gqFf4gRFrt5yQeAEps,OK,197605,471570217101009
2874.365,35.0612606,-89.88628629999999,ChIJAQ_I1gqFf4gRFrt5yQeAEps,OK,197605,471570217101009
3240.425,35.0614623,-89.8536277,ChIJ4TWJkTWFf4gRbkNZYfkF9Jw,OK,207737,471570217101009
692.458,35.0477573,-89.86637909999999,ChIJ5_0L5VyFf4gR4HBEwl6nmRE,OK,66732,471570108204001
751.68,35.050596,-89.869556,ChIJQ4vLA2iFf4gRyyCo3ihKH44,OK,77134,471570108204001
751.68,35.050596,-89.869556,ChIJQ4vLA2iFf4gRyyCo3ihKH44,OK,77134,471570108204001
1410.566,35.0614623,-89.8536277,ChIJ4TWJkTWFf4gRbkNZYfkF9Jw,OK,121571,471570217211010
1410.566,35.0614623,-89.8536277,ChIJ4TWJkTWFf4gRbkNZYfkF9Jw,OK,121571,471570217211010
1992.253,35.050596,-89.869556,ChIJQ4vLA2iFf4gRyyCo3ihKH44,OK,142099,471570217211010
1119.302,35.1060329,-90.039159,ChIJ231bcjV81YcRQ1quDeYAd6M,OK,84591,471570058002014
1119.302,35.1060329,-90.039159,ChIJ231bcjV81YcRQ1quDeYAd6M,OK,84591,471570058002014
1785.825,35.098685,-90.05664899999999,ChIJ31qwBkJ81YcRk2V5pdmdhrM,OK,111984,471570058002014
688.413,35.098685,-90.05664899999999,ChIJ31qwBkJ81YcRk2V5pdmdhrM,OK,38126,471570055001027
688.413,35.098685,-90.05664899999999,ChIJ31qwBkJ81YcRk2V5pdmdhrM,OK,38126,471570055001027
1077.405,35.095133,-90.05542799999999,ChIJATnUo0J81YcRpbAuNwXeqRw,OK,59670,471570055001027
1438.107,35.095133,-90.05542799999999,ChIJATnUo0J81YcRpbAuNwXeqRw,OK,113902,471570057001012
1438.107,35.095133,-90.05542799999999,ChIJATnUo0J81YcRpbAuNwXeqRw,OK,113902,471570057001012
1599.511,35.098685,-90.05664899999999,ChIJ31qwBkJ81YcRk2V5pdmdhrM,OK,122841,471570057001012
1249.759,35.1060329,-90.039159,ChIJ231bcjV81YcRQ1quDeYAd6M,OK,89593,471570058002012
1249.759,35.1060329,-90.039159,ChIJ231bcjV81YcRQ1quDeYAd6M,OK,89593,471570058002012
1561.217,35.098685,-90.05664899999999,ChIJ31qwBkJ81YcRk2V5pdmdhrM,OK,95684,471570058002012
987.049,35.1060329,-90.039159,ChIJ231bcjV81YcRQ1quDeYAd6M,OK,76234,471570057001022
987.049,35.1060329,-90.039159,ChIJ231bcjV81YcRQ1quDeYAd6M,OK,76234,471570057001022
1904.022,35.098685,-90.05664899999999,ChIJ31qwBkJ81YcRk2V5pdmdhrM,OK,118653,471570057001022
1574.837,35.095133,-90.05542799999999,ChIJATnUo0J81YcRpbAuNwXeqRw,OK,130309,471570056001007
2283.594,35.095133,-90.05542799999999,ChIJATnUo0J81YcRpbAuNwXeqRw,OK,196852,471570075002006
3317.596,35.093591,-90.056624,ChIJgyVl92d81YcRhuRHHckl8Y4,OK,204129,471570075002006
2897.575,35.093591,-90.056624,ChIJgyVl92d81YcRhuRHHckl8Y4,OK,177758,471570075002008
3077.412,35.095133,-90.05542799999999,ChIJATnUo0J81YcRpbAuNwXeqRw,OK,187718,471570075002008
3077.412,35.095133,-90.05542799999999,ChIJATnUo0J81YcRpbAuNwXeqRw,OK,187718,471570075002008
4081,35.054745,-90.007971,ChIJXxyyQlt91YcRhldtWgjSnSE,OK,246818,471570078221038
4081,35.054745,-90.007971,ChIJXxyyQlt91YcRhldtWgjSnSE,OK,246818,471570078221038
4511.192,35.05407199999999,-90.00125899999999,ChIJIzdhk1h91YcRZT7cBcBslaM,OK,266502,471570078221038
2792.028,35.1087458,-90.0211918,ChIJe6w2EsF91YcRquzVZc8M0-I,OK,173344,471570078221001
2792.028,35.1087458,-90.0211918,ChIJe6w2EsF91YcRquzVZc8M0-I,OK,173344,471570078221001
2792.669,35.10874099999999,-90.021185,ChIJrVbiDcF91YcRG9TBOTpHc3I,OK,173421,471570078221001
4592.181,35.054745,-90.007971,ChIJXxyyQlt91YcRhldtWgjSnSE,OK,267677,471570078221015
4592.181,35.054745,-90.007971,ChIJXxyyQlt91YcRhldtWgjSnSE,OK,267677,471570078221015
4327.535,35.10874099999999,-90.021185,ChIJrVbiDcF91YcRG9TBOTpHc3I,OK,268560,471570078221015
3536.526,35.1087458,-90.0211918,ChIJe6w2EsF91YcRquzVZc8M0-I,OK,214797,471570078221028
3537.167,35.10874099999999,-90.021185,ChIJrVbiDcF91YcRG9TBOTpHc3I,OK,214874,471570078221028
3537.167,35.10874099999999,-90.021185,ChIJrVbiDcF91YcRG9TBOTpHc3I,OK,214874,471570078221028
1932.509,35.1087458,-90.0211918,ChIJe6w2EsF91YcRquzVZc8M0-I,OK,121681,471570078102008
1932.509,35.1087458,-90.0211918,ChIJe6w2EsF91YcRquzVZc8M0-I,OK,121681,471570078102008
1933.15,35.10874099999999,-90.021185,ChIJrVbiDcF91YcRG9TBOTpHc3I,OK,121758,471570078102008
1704.835,35.09464699999999,-89.9708677,ChIJx5uAuBqHf4gRze5MKc5WJFI,OK,108189,471570079005002
2004.396,35.086634,-89.96355199999999,ChIJW0XU3AGHf4gRINnmxvx9m5A,OK,124813,471570079005002
2004.396,35.086634,-89.96355199999999,ChIJW0XU3AGHf4gRINnmxvx9m5A,OK,124813,471570079005002
686.002,35.108097,-89.941227,ChIJwxJT-r6Gf4gRhLDuFpyb128,OK,50985,471570080002002
686.002,35.108097,-89.941227,ChIJwxJT-r6Gf4gRhLDuFpyb128,OK,50985,471570080002002
1388.384,35.1079763,-89.9333841,ChIJqZoM4qKGf4gREaZMyPG1GBQ,OK,90875,471570080002002
683.628,35.108097,-89.941227,ChIJwxJT-r6Gf4gRhLDuFpyb128,OK,76340,471570080002014
683.628,35.108097,-89.941227,ChIJwxJT-r6Gf4gRhLDuFpyb128,OK,76340,471570080002014
1142.505,35.1079763,-89.9333841,ChIJqZoM4qKGf4gREaZMyPG1GBQ,OK,101812,471570080002014
1108.264,35.0971,-89.9305344,ChIJRd53mZuGf4gRp0fETcD5Y3I,OK,73975,471570080004004
1108.264,35.0971,-89.9305344,ChIJRd53mZuGf4gRp0fETcD5Y3I,OK,73975,471570080004004
1302.195,35.0960067,-89.93138279999999,ChIJFfDYDZuGf4gR5IbqhV7MTAo,OK,87944,471570080004004
81.816,35.0971,-89.9305344,ChIJRd53mZuGf4gRp0fETcD5Y3I,OK,4908,471570080004007
81.816,35.0971,-89.9305344,ChIJRd53mZuGf4gRp0fETcD5Y3I,OK,4908,471570080004007
112.116,35.0960067,-89.93138279999999,ChIJFfDYDZuGf4gR5IbqhV7MTAo,OK,9060,471570080004007
1124.518,35.0971,-89.9305344,ChIJRd53mZuGf4gRp0fETcD5Y3I,OK,88307,471570080001021
1124.518,35.0971,-89.9305344,ChIJRd53mZuGf4gRp0fETcD5Y3I,OK,88307,471570080001021
1318.449,35.0960067,-89.93138279999999,ChIJFfDYDZuGf4gR5IbqhV7MTAo,OK,102276,471570080001021
717.808,35.0971,-89.9305344,ChIJRd53mZuGf4gRp0fETcD5Y3I,OK,63222,471570080001007
895.546,35.1075089,-89.9318387,ChIJVboYU6KGf4gRHfEHUi8Izac,OK,80226,471570080001007
895.546,35.1075089,-89.9318387,ChIJVboYU6KGf4gRHfEHUi8Izac,OK,80226,471570080001007
490.464,35.0841884,-89.97146650000001,ChIJX1vb4AeHf4gRloPQ2o5nDXA,OK,38457,471570081101005
490.464,35.0841884,-89.97146650000001,ChIJX1vb4AeHf4gRloPQ2o5nDXA,OK,38457,471570081101005
1405.166,35.0904795,-89.96597299999999,ChIJHfaNmAOHf4gR1d8V2K9rfSU,OK,90784,471570081101005
381.379,35.09464699999999,-89.9708677,ChIJx5uAuBqHf4gRze5MKc5WJFI,OK,26955,471570081201005
381.379,35.09464699999999,-89.9708677,ChIJx5uAuBqHf4gRze5MKc5WJFI,OK,26955,471570081201005
944.701,35.0904795,-89.96597299999999,ChIJHfaNmAOHf4gR1d8V2K9rfSU,OK,57067,471570081201005
160.547,35.17410499999999,-89.97575479999999,ChIJmfYTGFmAf4gRHGKCaD0qCtI,OK,16399,471570008003004
1282.48,35.1738374,-89.98954379999999,ChIJ_S0BIGOAf4gRU3Ph4W65cOQ,OK,89209,471570008003004
1196.809,35.1060329,-90.039159,ChIJ231bcjV81YcRQ1quDeYAd6M,OK,143610,471570075002001
2490.104,35.1087458,-90.0211918,ChIJe6w2EsF91YcRquzVZc8M0-I,OK,221554,471570075002001
1413.528,35.0068452,-90.00681259999999,ChIJz3G0Jpti1YcRMCYWHOflqrA,OK,90118,471570221224006
1413.528,35.0068452,-90.00681259999999,ChIJz3G0Jpti1YcRMCYWHOflqrA,OK,90118,471570221224006
2087.527,34.9907298,-89.99350899999999,ChIJaR6gqdOJf4gRbmqB7wctwt0,OK,127972,471570221224006
859.859,35.1087458,-90.0211918,ChIJe6w2EsF91YcRquzVZc8M0-I,OK,65289,471570115004018
859.859,35.1087458,-90.0211918,ChIJe6w2EsF91YcRquzVZc8M0-I,OK,65289,471570115004018
860.5,35.10874099999999,-90.021185,ChIJrVbiDcF91YcRG9TBOTpHc3I,OK,65366,471570115004018
1300.402,35.0543926,-90.0597009,ChIJT5TzUbl81YcRiPqNjkbj9CA,OK,77608,471570223101000
1300.402,35.0543926,-90.0597009,ChIJT5TzUbl81YcRiPqNjkbj9CA,OK,77608,471570223101000
1881.757,35.06128,-90.05978399999999,ChIJm06f8ZV81YcRTjzAsJPcBKY,OK,109805,471570223101000
1380.942,35.223866,-89.90499,ChIJJRXCRJh4f4gRcTFbl9qZzNM,OK,160348,471570205411006
1380.942,35.223866,-89.90499,ChIJJRXCRJh4f4gRcTFbl9qZzNM,OK,160348,471570205411006
2013.417,35.220637,-89.892425,ChIJiZ78r4Z4f4gRyy0DWRWI7n0,OK,177592,471570205411006
3578.385,35.2051043,-89.79754849999999,ChIJpRDMlY2df4gRQqHmUo_lzmc,OK,224468,471570211213009
3578.385,35.2051043,-89.79754849999999,ChIJpRDMlY2df4gRQqHmUo_lzmc,OK,224468,471570211213009
3870.383,35.2071893,-89.79833029999999,ChIJQ0zWJIydf4gRstwjg5hObuM,OK,284981,471570211213009
523.866,35.0614623,-89.8536277,ChIJ4TWJkTWFf4gRbkNZYfkF9Jw,OK,62862,471570217253001
523.866,35.0614623,-89.8536277,ChIJ4TWJkTWFf4gRbkNZYfkF9Jw,OK,62862,471570217253001
2214.909,35.0493493,-89.855357,ChIJH2Nw4lGFf4gRq0vxk4n5iAE,OK,176291,471570217253001
1209.692,35.0614623,-89.8536277,ChIJ4TWJkTWFf4gRbkNZYfkF9Jw,OK,107405,471570217252008
1209.692,35.0614623,-89.8536277,ChIJ4TWJkTWFf4gRbkNZYfkF9Jw,OK,107405,471570217252008
1727.656,35.0512763,-89.8427476,ChIJ7VPJ3q-af4gRdxERIyaZ0gk,OK,139583,471570217252008
1692.751,35.1503395,-89.89321,ChIJRaSiF6KDf4gRNIqqt1VnH58,OK,103782,471570092003039
1692.751,35.1503395,-89.89321,ChIJRaSiF6KDf4gRNIqqt1VnH58,OK,103782,471570092003039
1624.311,35.148225,-89.89748700000001,ChIJC8t095eDf4gRGuXK3FleZyg,OK,107986,471570092003039
1741.875,35.220637,-89.892425,ChIJiZ78r4Z4f4gRyy0DWRWI7n0,OK,97275,471570205324005
1741.875,35.220637,-89.892425,ChIJiZ78r4Z4f4gRyy0DWRWI7n0,OK,97275,471570205324005
1840.63,35.223866,-89.90499,ChIJJRXCRJh4f4gRcTFbl9qZzNM,OK,143961,471570205324005
1314.097,35.192778,-89.895242,ChIJ2ehTh2eCf4gR95JHzr6OIMA,OK,81824,471570206101015
1314.097,35.192778,-89.895242,ChIJ2ehTh2eCf4gR95JHzr6OIMA,OK,81824,471570206101015
1498.609,35.1942326,-89.8965709,ChIJD7pM72eCf4gRg19OPcAuyDw,OK,92894,471570206101015
2790.236,35.1489345,-89.89838259999999,ChIJaTBvX72Df4gRiyFT0LQMnrQ,OK,224330,471570098001005
2790.236,35.1489345,-89.89838259999999,ChIJaTBvX72Df4gRiyFT0LQMnrQ,OK,224330,471570098001005
3362.798,35.1503395,-89.89321,ChIJRaSiF6KDf4gRNIqqt1VnH58,OK,260904,471570098001005
1092.612,35.16339899999999,-89.855841,ChIJA_xfkC6Df4gRAjVZwLz1jqA,OK,109720,471570212001004
1165.995,35.1623785,-89.8566175,ChIJXQHWWS6Df4gRqhH5EQ9H1j0,OK,118579,471570212001004
1165.995,35.1623785,-89.8566175,ChIJXQHWWS6Df4gRqhH5EQ9H1j0,OK,118579,471570212001004
2502.819,35.19067459999999,-89.8489943,ChIJ364PGjWdf4gRKbsrGLq8_XQ,OK,151047,471570211112011
2502.819,35.19067459999999,-89.8489943,ChIJ364PGjWdf4gRKbsrGLq8_XQ,OK,151047,471570211112011
3922.932,35.16339899999999,-89.855841,ChIJA_xfkC6Df4gRAjVZwLz1jqA,OK,231876,471570211112011
810.035,35.1835367,-89.8717722,ChIJv1U5XuiCf4gRMlXiIrwnbJo,OK,71760,471570206215002
810.035,35.1835367,-89.8717722,ChIJv1U5XuiCf4gRMlXiIrwnbJo,OK,71760,471570206215002
2025.944,35.1927931,-89.86922029999999,ChIJAQAAAMCCf4gRZL0qi0KLjtw,OK,135635,471570206215002
1575.92,35.0757114,-89.9271675,ChIJ-d7FIHmGf4gR6Aa1VQWm0ps,OK,108185,471570105002000
1575.92,35.0757114,-89.9271675,ChIJ-d7FIHmGf4gR6Aa1VQWm0ps,OK,108185,471570105002000
1903.005,35.05905920000001,-89.9340455,ChIJM89Mbw2Gf4gRFqf4fPnKU7k,OK,133598,471570105002000
1650.545,35.062945,-89.90568519999999,ChIJjxj9mL-Ff4gRoOEx9OzDyxs,OK,104242,471570107101012
1636.907,35.063996,-89.90690699999999,ChIJn51vcb-Ff4gRvoXU4r8swrw,OK,118392,471570107101012
1636.907,35.063996,-89.90690699999999,ChIJn51vcb-Ff4gRvoXU4r8swrw,OK,118392,471570107101012
1203.719,35.14859919999999,-89.91828060000002,ChIJRflgf-eDf4gRHX_XNYKER-s,OK,128559,471570087003009
1203.719,35.14859919999999,-89.91828060000002,ChIJRflgf-eDf4gRHX_XNYKER-s,OK,128559,471570087003009
3256.636,35.1804299,-89.9263818,ChIJIfvtv4eBf4gRJLjVGBpAzmc,OK,227582,471570087003009
1798.294,35.220637,-89.892425,ChIJiZ78r4Z4f4gRyy0DWRWI7n0,OK,129472,471570205324006
1798.294,35.220637,-89.892425,ChIJiZ78r4Z4f4gRyy0DWRWI7n0,OK,129472,471570205324006
1804.532,35.223866,-89.90499,ChIJJRXCRJh4f4gRcTFbl9qZzNM,OK,176246,471570205324006
4129.952,35.2044739,-89.76342459999999,ChIJ3XsJxyKef4gRTeWb3lonWsU,OK,298887,471570211413026
4129.952,35.2044739,-89.76342459999999,ChIJ3XsJxyKef4gRTeWb3lonWsU,OK,298887,471570211413026
5820.367,35.2074362,-89.7805166,ChIJ62ATRfudf4gRPIrPAXGVsiQ,OK,430373,471570211413026
1018.73,35.1489345,-89.89838259999999,ChIJaTBvX72Df4gRiyFT0LQMnrQ,OK,119924,471570098001029
1018.73,35.1489345,-89.89838259999999,ChIJaTBvX72Df4gRiyFT0LQMnrQ,OK,119924,471570098001029
1021.996,35.148225,-89.89748700000001,ChIJC8t095eDf4gRGuXK3FleZyg,OK,120120,471570098001029
5344.535,35.1145886,-89.90089789999999,ChIJKWmlFW6Ef4gR0YNISWQMkss,OK,345216,471570213111039
5344.535,35.1145886,-89.90089789999999,ChIJKWmlFW6Ef4gR0YNISWQMkss,OK,345216,471570213111039
6134.034,35.0854368,-89.89541919999999,ChIJf5cc-VKEf4gRF-lYLgijYQQ,OK,348935,471570213111039
3614.565,35.0854368,-89.89541919999999,ChIJf5cc-VKEf4gRF-lYLgijYQQ,OK,228633,471570213203011
3614.565,35.0854368,-89.89541919999999,ChIJf5cc-VKEf4gRF-lYLgijYQQ,OK,228633,471570213203011
4269.764,35.1153996,-89.89414069999999,ChIJCb4NOWWEf4gR79YlPQoocW4,OK,277307,471570213203011
1941.007,35.015991,-89.935953,ChIJSSHzkseIf4gRnqbOP98HojY,OK,107497,471570226001131
897.208,35.02099699999999,-89.93544,ChIJW6hY3LmIf4gRWjIeu9tMgvU,OK,49690,471570226001160
897.208,35.02099699999999,-89.93544,ChIJW6hY3LmIf4gRWjIeu9tMgvU,OK,49690,471570226001160
1547.965,35.015991,-89.935953,ChIJSSHzkseIf4gRnqbOP98HojY,OK,85729,471570226001160
751.442,35.02099699999999,-89.93544,ChIJW6hY3LmIf4gRWjIeu9tMgvU,OK,41617,471570226001159
751.442,35.02099699999999,-89.93544,ChIJW6hY3LmIf4gRWjIeu9tMgvU,OK,41617,471570226001159
1402.199,35.015991,-89.935953,ChIJSSHzkseIf4gRnqbOP98HojY,OK,77656,471570226001159
1730.855,35.02099699999999,-89.93544,ChIJW6hY3LmIf4gRWjIeu9tMgvU,OK,125858,471570219001008
1730.855,35.02099699999999,-89.93544,ChIJW6hY3LmIf4gRWjIeu9tMgvU,OK,125858,471570219001008
2117.901,35.015991,-89.935953,ChIJSSHzkseIf4gRnqbOP98HojY,OK,147292,471570219001008
697.549,35.02099699999999,-89.93544,ChIJW6hY3LmIf4gRWjIeu9tMgvU,OK,57215,471570219001011
697.549,35.02099699999999,-89.93544,ChIJW6hY3LmIf4gRWjIeu9tMgvU,OK,57215,471570219001011
1084.595,35.015991,-89.935953,ChIJSSHzkseIf4gRnqbOP98HojY,OK,78649,471570219001011
993.04,35.02099699999999,-89.93544,ChIJW6hY3LmIf4gRWjIeu9tMgvU,OK,86531,471570226001130
993.04,35.02099699999999,-89.93544,ChIJW6hY3LmIf4gRWjIeu9tMgvU,OK,86531,471570226001130
1380.086,35.015991,-89.935953,ChIJSSHzkseIf4gRnqbOP98HojY,OK,107965,471570226001130
591.542,35.02099699999999,-89.93544,ChIJW6hY3LmIf4gRWjIeu9tMgvU,OK,32761,471570226001158
591.542,35.02099699999999,-89.93544,ChIJW6hY3LmIf4gRWjIeu9tMgvU,OK,32761,471570226001158
1242.3,35.015991,-89.935953,ChIJSSHzkseIf4gRnqbOP98HojY,OK,68800,471570226001158
1693.728,35.02099699999999,-89.93544,ChIJW6hY3LmIf4gRWjIeu9tMgvU,OK,97179,471570226001110
1693.728,35.02099699999999,-89.93544,ChIJW6hY3LmIf4gRWjIeu9tMgvU,OK,97179,471570226001110
1971.084,35.0209193,-89.8996561,ChIJxWQfy22Pf4gRlC1jxVU1A2g,OK,112541,471570226001110
1577.692,35.0209193,-89.8996561,ChIJxWQfy22Pf4gRlC1jxVU1A2g,OK,91556,471570226001113
1577.692,35.0209193,-89.8996561,ChIJxWQfy22Pf4gRlC1jxVU1A2g,OK,91556,471570226001113
1588.965,35.02100869999999,-89.8995317,ChIJ-f6gz22Pf4gR-rWEeLgd-68,OK,92180,471570226001113
1299.17,35.02099699999999,-89.93544,ChIJW6hY3LmIf4gRWjIeu9tMgvU,OK,71947,471570219001014
1299.17,35.02099699999999,-89.93544,ChIJW6hY3LmIf4gRWjIeu9tMgvU,OK,71947,471570219001014
1605.494,35.02379430000001,-89.96377079999999,ChIJDVntamKIf4gRlF5S6rdAlgc,OK,90398,471570219001014
1107.895,35.0209193,-89.8996561,ChIJxWQfy22Pf4gRlC1jxVU1A2g,OK,64092,471570226001135
1107.895,35.0209193,-89.8996561,ChIJxWQfy22Pf4gRlC1jxVU1A2g,OK,64092,471570226001135
1119.167,35.02100869999999,-89.8995317,ChIJ-f6gz22Pf4gR-rWEeLgd-68,OK,64716,471570226001135
799.396,35.02099699999999,-89.93544,ChIJW6hY3LmIf4gRWjIeu9tMgvU,OK,44270,471570219001017
799.396,35.02099699999999,-89.93544,ChIJW6hY3LmIf4gRWjIeu9tMgvU,OK,44270,471570219001017
1186.442,35.015991,-89.935953,ChIJSSHzkseIf4gRnqbOP98HojY,OK,65704,471570219001017
514.746,35.02099699999999,-89.93544,ChIJW6hY3LmIf4gRWjIeu9tMgvU,OK,28505,471570219001009
514.746,35.02099699999999,-89.93544,ChIJW6hY3LmIf4gRWjIeu9tMgvU,OK,28505,471570219001009
901.792,35.015991,-89.935953,ChIJSSHzkseIf4gRnqbOP98HojY,OK,49939,471570219001009
1493.056,35.02100869999999,-89.8995317,ChIJ-f6gz22Pf4gR-rWEeLgd-68,OK,96618,471570226001136
1493.056,35.02100869999999,-89.8995317,ChIJ-f6gz22Pf4gR-rWEeLgd-68,OK,96618,471570226001136
1504.328,35.0209193,-89.8996561,ChIJxWQfy22Pf4gRlC1jxVU1A2g,OK,97243,471570226001136
473.855,35.021381,-90.020287,ChIJnVfwxMBi1YcR65EtGsZDcOY,OK,54711,471570221211013
473.855,35.021381,-90.020287,ChIJnVfwxMBi1YcR65EtGsZDcOY,OK,54711,471570221211013
474.194,35.021384,-90.019407,ChIJk8DCu8Bi1YcRUnUQCgCMr-E,OK,54736,471570221211013
343.365,35.021381,-90.020287,ChIJnVfwxMBi1YcR65EtGsZDcOY,OK,27988,471570221211003
343.365,35.021381,-90.020287,ChIJnVfwxMBi1YcR65EtGsZDcOY,OK,27988,471570221211003
343.704,35.021384,-90.019407,ChIJk8DCu8Bi1YcRUnUQCgCMr-E,OK,28013,471570221211003
319.541,35.021381,-90.020287,ChIJnVfwxMBi1YcR65EtGsZDcOY,OK,24345,471570221211012
319.541,35.021381,-90.020287,ChIJnVfwxMBi1YcR65EtGsZDcOY,OK,24345,471570221211012
319.88,35.021384,-90.019407,ChIJk8DCu8Bi1YcRUnUQCgCMr-E,OK,24370,471570221211012
440.357,35.0225458,-90.0257415,ChIJnc94gMRi1YcRKYztFRuX2Yw,OK,33940,471570221211008
440.357,35.0225458,-90.0257415,ChIJnc94gMRi1YcRKYztFRuX2Yw,OK,33940,471570221211008
634.58,35.021381,-90.020287,ChIJnVfwxMBi1YcR65EtGsZDcOY,OK,52924,471570221211008
364.846,35.021381,-90.020287,ChIJnVfwxMBi1YcR65EtGsZDcOY,OK,29030,471570221211010
364.846,35.021381,-90.020287,ChIJnVfwxMBi1YcR65EtGsZDcOY,OK,29030,471570221211010
365.185,35.021384,-90.019407,ChIJk8DCu8Bi1YcRUnUQCgCMr-E,OK,29055,471570221211010
1845.457,35.02100869999999,-89.8995317,ChIJ-f6gz22Pf4gR-rWEeLgd-68,OK,102202,471570226001085
1845.457,35.02100869999999,-89.8995317,ChIJ-f6gz22Pf4gR-rWEeLgd-68,OK,102202,471570226001085
1856.73,35.0209193,-89.8996561,ChIJxWQfy22Pf4gRlC1jxVU1A2g,OK,102827,471570226001085
2125.072,35.02100869999999,-89.8995317,ChIJ-f6gz22Pf4gR-rWEeLgd-68,OK,117688,471570226001097
2125.072,35.02100869999999,-89.8995317,ChIJ-f6gz22Pf4gR-rWEeLgd-68,OK,117688,471570226001097
2136.345,35.0209193,-89.8996561,ChIJxWQfy22Pf4gRlC1jxVU1A2g,OK,118313,471570226001097
3222.121,35.0477573,-89.86637909999999,ChIJ5_0L5VyFf4gR4HBEwl6nmRE,OK,178440,471570217414017
3222.121,35.0477573,-89.86637909999999,ChIJ5_0L5VyFf4gR4HBEwl6nmRE,OK,178440,471570217414017
3792.959,35.050596,-89.869556,ChIJQ4vLA2iFf4gRyyCo3ihKH44,OK,217169,471570217414017
2689.307,35.02100869999999,-89.8995317,ChIJ-f6gz22Pf4gR-rWEeLgd-68,OK,148935,471570217414018
2689.307,35.02100869999999,-89.8995317,ChIJ-f6gz22Pf4gR-rWEeLgd-68,OK,148935,471570217414018
2700.579,35.0209193,-89.8996561,ChIJxWQfy22Pf4gRlC1jxVU1A2g,OK,149560,471570217414018
447.649,35.02138900000001,-89.996898,ChIJz3MQkR6If4gRIBgmNH-BQcg,OK,45589,471570221221003
2085.497,35.1087458,-90.0211918,ChIJe6w2EsF91YcRquzVZc8M0-I,OK,104734,471570115002002
2085.497,35.1087458,-90.0211918,ChIJe6w2EsF91YcRquzVZc8M0-I,OK,104734,471570115002002
2086.138,35.10874099999999,-90.021185,ChIJrVbiDcF91YcRG9TBOTpHc3I,OK,104811,471570115002002
2516.316,35.1157645,-90.022279,ChIJwZqBNMN91YcRRpdDvj5Pcr8,OK,143979,471570037001028
2516.316,35.1157645,-90.022279,ChIJwZqBNMN91YcRRpdDvj5Pcr8,OK,143979,471570037001028
2425.566,35.1444038,-90.0168571,ChIJufYEjhR-1YcREff46W6Lons,OK,154550,471570037001028
2271.829,35.1157645,-90.022279,ChIJwZqBNMN91YcRRpdDvj5Pcr8,OK,130197,471570046001008
2271.829,35.1157645,-90.022279,ChIJwZqBNMN91YcRRpdDvj5Pcr8,OK,130197,471570046001008
2431.125,35.1444038,-90.0168571,ChIJufYEjhR-1YcREff46W6Lons,OK,155217,471570046001008
2180.791,35.1157645,-90.022279,ChIJwZqBNMN91YcRRpdDvj5Pcr8,OK,122129,471570046001007
2180.791,35.1157645,-90.022279,ChIJwZqBNMN91YcRRpdDvj5Pcr8,OK,122129,471570046001007
2342.933,35.1444038,-90.0168571,ChIJufYEjhR-1YcREff46W6Lons,OK,141382,471570046001007
2293.373,35.1157645,-90.022279,ChIJwZqBNMN91YcRRpdDvj5Pcr8,OK,132386,471570037001029
2293.373,35.1157645,-90.022279,ChIJwZqBNMN91YcRRpdDvj5Pcr8,OK,132386,471570037001029
2319.984,35.1444038,-90.0168571,ChIJufYEjhR-1YcREff46W6Lons,OK,141881,471570037001029
2202.938,35.1157645,-90.022279,ChIJwZqBNMN91YcRRpdDvj5Pcr8,OK,143572,471570046001001
2202.938,35.1157645,-90.022279,ChIJwZqBNMN91YcRRpdDvj5Pcr8,OK,143572,471570046001001
2261.092,35.1444038,-90.0168571,ChIJufYEjhR-1YcREff46W6Lons,OK,149584,471570046001001
5738.988,35.1444038,-90.0168571,ChIJufYEjhR-1YcREff46W6Lons,OK,304356,471570046001006
5738.988,35.1444038,-90.0168571,ChIJufYEjhR-1YcREff46W6Lons,OK,304356,471570046001006
6687.621,35.13763670000001,-90.00757159999999,ChIJl69WLQV-1YcRU3z7Tt2MyhY,OK,358791,471570046001006
2384.414,35.1157645,-90.022279,ChIJwZqBNMN91YcRRpdDvj5Pcr8,OK,148011,471570046001015
2384.414,35.1157645,-90.022279,ChIJwZqBNMN91YcRRpdDvj5Pcr8,OK,148011,471570046001015
2677.017,35.1444038,-90.0168571,ChIJufYEjhR-1YcREff46W6Lons,OK,176656,471570046001015
2538.997,35.1157645,-90.022279,ChIJwZqBNMN91YcRRpdDvj5Pcr8,OK,136996,471570046001041
2538.997,35.1157645,-90.022279,ChIJwZqBNMN91YcRRpdDvj5Pcr8,OK,136996,471570046001041
3260.117,35.1087458,-90.0211918,ChIJe6w2EsF91YcRquzVZc8M0-I,OK,178386,471570046001041
1988.441,35.1157645,-90.022279,ChIJwZqBNMN91YcRRpdDvj5Pcr8,OK,110246,471570046001005
1988.441,35.1157645,-90.022279,ChIJwZqBNMN91YcRRpdDvj5Pcr8,OK,110246,471570046001005
2682.672,35.1444038,-90.0168571,ChIJufYEjhR-1YcREff46W6Lons,OK,156728,471570046001005
2468.034,35.1444038,-90.0168571,ChIJufYEjhR-1YcREff46W6Lons,OK,141841,471570046001003
2468.034,35.1444038,-90.0168571,ChIJufYEjhR-1YcREff46W6Lons,OK,141841,471570046001003
2499.6,35.13763670000001,-90.00757159999999,ChIJl69WLQV-1YcRU3z7Tt2MyhY,OK,147350,471570046001003
1915.596,35.1444038,-90.0168571,ChIJufYEjhR-1YcREff46W6Lons,OK,114929,471570037001036
1915.596,35.1444038,-90.0168571,ChIJufYEjhR-1YcREff46W6Lons,OK,114929,471570037001036
1947.162,35.13763670000001,-90.00757159999999,ChIJl69WLQV-1YcRU3z7Tt2MyhY,OK,120438,471570037001036
1986.83,35.1157645,-90.022279,ChIJwZqBNMN91YcRRpdDvj5Pcr8,OK,117640,471570046001000
2040.485,35.1444038,-90.0168571,ChIJufYEjhR-1YcREff46W6Lons,OK,128648,471570046001000
2040.485,35.1444038,-90.0168571,ChIJufYEjhR-1YcREff46W6Lons,OK,128648,471570046001000
1953.335,35.1157645,-90.022279,ChIJwZqBNMN91YcRRpdDvj5Pcr8,OK,149349,471570046001030
1953.335,35.1157645,-90.022279,ChIJwZqBNMN91YcRRpdDvj5Pcr8,OK,149349,471570046001030
2674.455,35.1087458,-90.0211918,ChIJe6w2EsF91YcRquzVZc8M0-I,OK,190739,471570046001030
1634.763,35.1157645,-90.022279,ChIJwZqBNMN91YcRRpdDvj5Pcr8,OK,96089,471570046001037
1634.763,35.1157645,-90.022279,ChIJwZqBNMN91YcRRpdDvj5Pcr8,OK,96089,471570046001037
2328.993,35.1444038,-90.0168571,ChIJufYEjhR-1YcREff46W6Lons,OK,142571,471570046001037
1558.928,35.1157645,-90.022279,ChIJwZqBNMN91YcRRpdDvj5Pcr8,OK,102022,471570046001035
1558.928,35.1157645,-90.022279,ChIJwZqBNMN91YcRRpdDvj5Pcr8,OK,102022,471570046001035
2567.999,35.1444038,-90.0168571,ChIJufYEjhR-1YcREff46W6Lons,OK,163493,471570046001035
1996.747,35.1157645,-90.022279,ChIJwZqBNMN91YcRRpdDvj5Pcr8,OK,110104,471570046001034
1996.747,35.1157645,-90.022279,ChIJwZqBNMN91YcRRpdDvj5Pcr8,OK,110104,471570046001034
2690.978,35.1444038,-90.0168571,ChIJufYEjhR-1YcREff46W6Lons,OK,156586,471570046001034
1463.176,35.1444038,-90.0168571,ChIJufYEjhR-1YcREff46W6Lons,OK,91804,471570035002003
1494.742,35.13763670000001,-90.00757159999999,ChIJl69WLQV-1YcRU3z7Tt2MyhY,OK,97313,471570035002003
1494.742,35.13763670000001,-90.00757159999999,ChIJl69WLQV-1YcRU3z7Tt2MyhY,OK,97313,471570035002003
1564.488,35.1444038,-90.0168571,ChIJufYEjhR-1YcREff46W6Lons,OK,97883,471570035002004
1596.054,35.13763670000001,-90.00757159999999,ChIJl69WLQV-1YcRU3z7Tt2MyhY,OK,103392,471570035002004
1596.054,35.13763670000001,-90.00757159999999,ChIJl69WLQV-1YcRU3z7Tt2MyhY,OK,103392,471570035002004
1719.687,35.1157645,-90.022279,ChIJwZqBNMN91YcRRpdDvj5Pcr8,OK,95513,471570035003008
1719.687,35.1157645,-90.022279,ChIJwZqBNMN91YcRRpdDvj5Pcr8,OK,95513,471570035003008
2169.353,35.1444038,-90.0168571,ChIJufYEjhR-1YcREff46W6Lons,OK,133584,471570035003008
1403.2,35.1157645,-90.022279,ChIJwZqBNMN91YcRRpdDvj5Pcr8,OK,83334,471570046001038
1403.2,35.1157645,-90.022279,ChIJwZqBNMN91YcRRpdDvj5Pcr8,OK,83334,471570046001038
2562.693,35.1444038,-90.0168571,ChIJufYEjhR-1YcREff46W6Lons,OK,155582,471570046001038
1290.798,35.1157645,-90.022279,ChIJwZqBNMN91YcRRpdDvj5Pcr8,OK,77098,471570046001045
1290.798,35.1157645,-90.022279,ChIJwZqBNMN91YcRRpdDvj5Pcr8,OK,77098,471570046001045
2011.918,35.1087458,-90.0211918,ChIJe6w2EsF91YcRquzVZc8M0-I,OK,118488,471570046001045
1290.923,35.1157645,-90.022279,ChIJwZqBNMN91YcRRpdDvj5Pcr8,OK,77113,471570046001039
1290.923,35.1157645,-90.022279,ChIJwZqBNMN91YcRRpdDvj5Pcr8,OK,77113,471570046001039
2012.043,35.1087458,-90.0211918,ChIJe6w2EsF91YcRquzVZc8M0-I,OK,118503,471570046001039
5448.006,35.14868459999999,-89.7948203,ChIJ4w9Lr2qcf4gRHdzl9FciAFM,OK,305961,471579804001003
4883.176,35.16339899999999,-89.855841,ChIJA_xfkC6Df4gRAjVZwLz1jqA,OK,311207,471579804001003
4883.176,35.16339899999999,-89.855841,ChIJA_xfkC6Df4gRAjVZwLz1jqA,OK,311207,471579804001003
1721.24,35.1444038,-90.0168571,ChIJufYEjhR-1YcREff46W6Lons,OK,132910,471570036002046
1721.24,35.1444038,-90.0168571,ChIJufYEjhR-1YcREff46W6Lons,OK,132910,471570036002046
1752.806,35.13763670000001,-90.00757159999999,ChIJl69WLQV-1YcRU3z7Tt2MyhY,OK,138419,471570036002046
965.078,35.13418100000001,-89.98599,ChIJnf1_yraAf4gR9pQmD7CXhgg,OK,60840,471570031002022
965.078,35.13418100000001,-89.98599,ChIJnf1_yraAf4gR9pQmD7CXhgg,OK,60840,471570031002022
1130.295,35.12545849999999,-89.97454169999999,ChIJoyT3HjOHf4gRS6EdHckmff8,OK,67814,471570031002022
1320.8,35.125222,-90.048147,ChIJ9cKdtid81YcRKs9h6RjzQzw,OK,78106,471570114003054
1320.8,35.125222,-90.048147,ChIJ9cKdtid81YcRKs9h6RjzQzw,OK,78106,471570114003054
1322.614,35.1251709,-90.0481695,ChIJybIJtCd81YcR9Otxws-5qCM,OK,78206,471570114003054
1404.44,35.125222,-90.048147,ChIJ9cKdtid81YcRKs9h6RjzQzw,OK,85327,471570114001015
1404.44,35.125222,-90.048147,ChIJ9cKdtid81YcRKs9h6RjzQzw,OK,85327,471570114001015
1406.254,35.1251709,-90.0481695,ChIJybIJtCd81YcR9Otxws-5qCM,OK,85427,471570114001015
2938.665,35.14868459999999,-89.7948203,ChIJ4w9Lr2qcf4gRHdzl9FciAFM,OK,194113,471579804001050
2938.665,35.14868459999999,-89.7948203,ChIJ4w9Lr2qcf4gRHdzl9FciAFM,OK,194113,471579804001050
3704.827,35.1546312,-89.79260459999999,ChIJ8UeuSEecf4gRniit7ubZLtM,OK,214812,471579804001050
1310.358,35.125222,-90.048147,ChIJ9cKdtid81YcRKs9h6RjzQzw,OK,74038,471570114001018
1310.358,35.125222,-90.048147,ChIJ9cKdtid81YcRKs9h6RjzQzw,OK,74038,471570114001018
1312.172,35.1251709,-90.0481695,ChIJybIJtCd81YcR9Otxws-5qCM,OK,74138,471570114001018
1436.899,35.125222,-90.048147,ChIJ9cKdtid81YcRKs9h6RjzQzw,OK,89221,471570114001019
1436.899,35.125222,-90.048147,ChIJ9cKdtid81YcRKs9h6RjzQzw,OK,89221,471570114001019
1438.713,35.1251709,-90.0481695,ChIJybIJtCd81YcR9Otxws-5qCM,OK,89321,471570114001019
2358.57,35.14868459999999,-89.7948203,ChIJ4w9Lr2qcf4gRHdzl9FciAFM,OK,148266,471579804001042
2358.57,35.14868459999999,-89.7948203,ChIJ4w9Lr2qcf4gRHdzl9FciAFM,OK,148266,471579804001042
3124.732,35.1546312,-89.79260459999999,ChIJ8UeuSEecf4gRniit7ubZLtM,OK,168965,471579804001042
2318.964,35.125222,-90.048147,ChIJ9cKdtid81YcRKs9h6RjzQzw,OK,146348,471570114003043
2318.964,35.125222,-90.048147,ChIJ9cKdtid81YcRKs9h6RjzQzw,OK,146348,471570114003043
2320.778,35.1251709,-90.0481695,ChIJybIJtCd81YcR9Otxws-5qCM,OK,146448,471570114003043
2170.508,35.14868459999999,-89.7948203,ChIJ4w9Lr2qcf4gRHdzl9FciAFM,OK,138595,471579804001041
2170.508,35.14868459999999,-89.7948203,ChIJ4w9Lr2qcf4gRHdzl9FciAFM,OK,138595,471579804001041
2936.671,35.1546312,-89.79260459999999,ChIJ8UeuSEecf4gRniit7ubZLtM,OK,159294,471579804001041
1468.789,35.13418100000001,-89.98599,ChIJnf1_yraAf4gR9pQmD7CXhgg,OK,91061,471570031001008
1468.789,35.13418100000001,-89.98599,ChIJnf1_yraAf4gR9pQmD7CXhgg,OK,91061,471570031001008
1634.007,35.12545849999999,-89.97454169999999,ChIJoyT3HjOHf4gRS6EdHckmff8,OK,98035,471570031001008
1119.263,35.125222,-90.048147,ChIJ9cKdtid81YcRKs9h6RjzQzw,OK,57989,471570114001014
1119.263,35.125222,-90.048147,ChIJ9cKdtid81YcRKs9h6RjzQzw,OK,57989,471570114001014
1121.077,35.1251709,-90.0481695,ChIJybIJtCd81YcR9Otxws-5qCM,OK,58089,471570114001014
1295.097,35.125222,-90.048147,ChIJ9cKdtid81YcRKs9h6RjzQzw,OK,78069,471570114001016
1295.097,35.125222,-90.048147,ChIJ9cKdtid81YcRKs9h6RjzQzw,OK,78069,471570114001016
1296.911,35.1251709,-90.0481695,ChIJybIJtCd81YcR9Otxws-5qCM,OK,78169,471570114001016
2299.328,35.14868459999999,-89.7948203,ChIJ4w9Lr2qcf4gRHdzl9FciAFM,OK,147025,471570211402014
2299.328,35.14868459999999,-89.7948203,ChIJ4w9Lr2qcf4gRHdzl9FciAFM,OK,147025,471570211402014
3065.49,35.1546312,-89.79260459999999,ChIJ8UeuSEecf4gRniit7ubZLtM,OK,167724,471570211402014
700.308,35.13418100000001,-89.98599,ChIJnf1_yraAf4gR9pQmD7CXhgg,OK,42092,471570031002013
700.308,35.13418100000001,-89.98599,ChIJnf1_yraAf4gR9pQmD7CXhgg,OK,42092,471570031002013
1052.032,35.13779299999999,-89.99118349999999,ChIJUQlZ-K-Af4gRkRKK62-ap5w,OK,77796,471570031002013
3038.384,35.14868459999999,-89.7948203,ChIJ4w9Lr2qcf4gRHdzl9FciAFM,OK,204710,471570211372004
3038.384,35.14868459999999,-89.7948203,ChIJ4w9Lr2qcf4gRHdzl9FciAFM,OK,204710,471570211372004
3804.546,35.1546312,-89.79260459999999,ChIJ8UeuSEecf4gRniit7ubZLtM,OK,225409,471570211372004
212.679,35.13418100000001,-89.98599,ChIJnf1_yraAf4gR9pQmD7CXhgg,OK,15699,471570031003000
212.679,35.13418100000001,-89.98599,ChIJnf1_yraAf4gR9pQmD7CXhgg,OK,15699,471570031003000
1098.359,35.13779299999999,-89.99118349999999,ChIJUQlZ-K-Af4gRkRKK62-ap5w,OK,74359,471570031003000
790.918,35.13418100000001,-89.98599,ChIJnf1_yraAf4gR9pQmD7CXhgg,OK,58969,471570031002025
790.918,35.13418100000001,-89.98599,ChIJnf1_yraAf4gR9pQmD7CXhgg,OK,58969,471570031002025
1320.303,35.12545849999999,-89.97454169999999,ChIJoyT3HjOHf4gRS6EdHckmff8,OK,92944,471570031002025
1941.708,35.14981359999999,-89.94918609999999,ChIJVdGBGRaBf4gRsi89Rzqn8W4,OK,128024,471570030003007
1941.708,35.14981359999999,-89.94918609999999,ChIJVdGBGRaBf4gRsi89Rzqn8W4,OK,128024,471570030003007
2086.566,35.1497164,-89.95515999999999,ChIJcQb6ehiBf4gR-uA54eRPNq8,OK,138943,471570030003007
674.669,35.13418100000001,-89.98599,ChIJnf1_yraAf4gR9pQmD7CXhgg,OK,43416,471570031002024
674.669,35.13418100000001,-89.98599,ChIJnf1_yraAf4gR9pQmD7CXhgg,OK,43416,471570031002024
1132.093,35.12545849999999,-89.97454169999999,ChIJoyT3HjOHf4gRS6EdHckmff8,OK,67922,471570031002024
1190.507,35.13418100000001,-89.98599,ChIJnf1_yraAf4gR9pQmD7CXhgg,OK,74365,471570031001011
1190.507,35.13418100000001,-89.98599,ChIJnf1_yraAf4gR9pQmD7CXhgg,OK,74365,471570031001011
1355.725,35.12545849999999,-89.97454169999999,ChIJoyT3HjOHf4gRS6EdHckmff8,OK,81339,471570031001011
1989.859,35.1439641,-90.0517892,ChIJL-0zBZR-1YcRj7p5p1WY4-g,OK,168431,471570021001062
2198.775,35.1450994,-90.0538646,ChIJne6_s5V-1YcRn_LPaqiwhrk,OK,173885,471570021001062
1124.054,35.0614623,-89.8536277,ChIJ4TWJkTWFf4gRbkNZYfkF9Jw,OK,122682,471570217262007
1124.054,35.0614623,-89.8536277,ChIJ4TWJkTWFf4gRbkNZYfkF9Jw,OK,122682,471570217262007
1754.051,35.0512763,-89.8427476,ChIJ7VPJ3q-af4gRdxERIyaZ0gk,OK,161582,471570217262007
1557.692,35.0461089,-89.7947008,ChIJaZI6O3Oaf4gRqa_eh0DNj_s,OK,90462,471570213424067
1557.692,35.0461089,-89.7947008,ChIJaZI6O3Oaf4gRqa_eh0DNj_s,OK,90462,471570213424067
1675.697,35.045091,-89.795412,ChIJVelsQnOaf4gRECqTW7fq-dY,OK,96997,471570213424067
4482.496,35.1439641,-90.0517892,ChIJL-0zBZR-1YcRj7p5p1WY4-g,OK,328687,471570113001020
4482.496,35.1439641,-90.0517892,ChIJL-0zBZR-1YcRj7p5p1WY4-g,OK,328687,471570113001020
4513.186,35.1435177,-90.0539328,ChIJ8VFg1pV-1YcRR9G8p0pZx6U,OK,328966,471570113001020
2741.065,35.0854368,-89.89541919999999,ChIJf5cc-VKEf4gRF-lYLgijYQQ,OK,199975,471570095003009
2741.065,35.0854368,-89.89541919999999,ChIJf5cc-VKEf4gRF-lYLgijYQQ,OK,199975,471570095003009
3884.571,35.1153996,-89.89414069999999,ChIJCb4NOWWEf4gR79YlPQoocW4,OK,288968,471570095003009
3323.834,35.1145886,-89.90089789999999,ChIJKWmlFW6Ef4gR0YNISWQMkss,OK,201767,471570095003006
3293.868,35.1153996,-89.89414069999999,ChIJCb4NOWWEf4gR79YlPQoocW4,OK,207140,471570095003006
3293.868,35.1153996,-89.89414069999999,ChIJCb4NOWWEf4gR79YlPQoocW4,OK,207140,471570095003006
4293.624,35.0543926,-90.0597009,ChIJT5TzUbl81YcRiPqNjkbj9CA,OK,276376,471570223105003
4720.015,35.0326981,-90.07589809999999,ChIJ9S1ljalk1YcRvuG-_hbpimA,OK,300610,471570223105003
4720.015,35.0326981,-90.07589809999999,ChIJ9S1ljalk1YcRvuG-_hbpimA,OK,300610,471570223105003
6420.173,35.1439641,-90.0517892,ChIJL-0zBZR-1YcRj7p5p1WY4-g,OK,505163,471570099011029
6420.173,35.1439641,-90.0517892,ChIJL-0zBZR-1YcRj7p5p1WY4-g,OK,505163,471570099011029
6629.09,35.1450994,-90.0538646,ChIJne6_s5V-1YcRn_LPaqiwhrk,OK,510617,471570099011029
5752.052,35.1439641,-90.0517892,ChIJL-0zBZR-1YcRj7p5p1WY4-g,OK,419229,471570099011034
5752.052,35.1439641,-90.0517892,ChIJL-0zBZR-1YcRj7p5p1WY4-g,OK,419229,471570099011034
5960.968,35.1450994,-90.0538646,ChIJne6_s5V-1YcRn_LPaqiwhrk,OK,424683,471570099011034
5706.983,35.1439641,-90.0517892,ChIJL-0zBZR-1YcRj7p5p1WY4-g,OK,416525,471570099011033
5706.983,35.1439641,-90.0517892,ChIJL-0zBZR-1YcRj7p5p1WY4-g,OK,416525,471570099011033
5915.899,35.1450994,-90.0538646,ChIJne6_s5V-1YcRn_LPaqiwhrk,OK,421979,471570099011033
323.385,35.220637,-89.892425,ChIJiZ78r4Z4f4gRyy0DWRWI7n0,OK,26130,471570205324019
323.385,35.220637,-89.892425,ChIJiZ78r4Z4f4gRyy0DWRWI7n0,OK,26130,471570205324019
1294.14,35.223866,-89.90499,ChIJJRXCRJh4f4gRcTFbl9qZzNM,OK,105076,471570205324019
5135.642,35.218332,-90.00299799999999,ChIJfRCGEgGA1YcRsZsWP_dycDI,OK,287818,471570101205013
5135.642,35.218332,-90.00299799999999,ChIJfRCGEgGA1YcRsZsWP_dycDI,OK,287818,471570101205013
4696.121,35.21475480000001,-90.00354540000001,ChIJF6XvX_9_1YcRD4jlF4jzevw,OK,296585,471570101205013
1221.55,35.1490317,-90.0140679,ChIJw3q9_xV-1YcRqrte6yBn1CI,OK,70607,471570025002004
1221.55,35.1490317,-90.0140679,ChIJw3q9_xV-1YcRqrte6yBn1CI,OK,70607,471570025002004
1943.788,35.1444038,-90.0168571,ChIJufYEjhR-1YcREff46W6Lons,OK,117960,471570025002004
803.776,35.1835367,-89.8717722,ChIJv1U5XuiCf4gRMlXiIrwnbJo,OK,68030,471570206102006
803.776,35.1835367,-89.8717722,ChIJv1U5XuiCf4gRMlXiIrwnbJo,OK,68030,471570206102006
1651.293,35.1927931,-89.86922029999999,ChIJAQAAAMCCf4gRZL0qi0KLjtw,OK,109803,471570206102006
3986.395,35.1145886,-89.90089789999999,ChIJKWmlFW6Ef4gR0YNISWQMkss,OK,260758,471570213204000
4775.895,35.0854368,-89.89541919999999,ChIJf5cc-VKEf4gRF-lYLgijYQQ,OK,264477,471570213204000
4775.895,35.0854368,-89.89541919999999,ChIJf5cc-VKEf4gRF-lYLgijYQQ,OK,264477,471570213204000
400.384,35.1546312,-89.79260459999999,ChIJ8UeuSEecf4gRniit7ubZLtM,OK,28693,471570211251014
400.384,35.1546312,-89.79260459999999,ChIJ8UeuSEecf4gRniit7ubZLtM,OK,28693,471570211251014
780.272,35.14868459999999,-89.7948203,ChIJ4w9Lr2qcf4gRHdzl9FciAFM,OK,48193,471570211251014
2420.53,35.1489345,-89.89838259999999,ChIJaTBvX72Df4gRiyFT0LQMnrQ,OK,127698,471570092002004
2420.53,35.1489345,-89.89838259999999,ChIJaTBvX72Df4gRiyFT0LQMnrQ,OK,127698,471570092002004
2501.076,35.148225,-89.89748700000001,ChIJC8t095eDf4gRGuXK3FleZyg,OK,132531,471570092002004
4044.233,35.1087458,-90.0211918,ChIJe6w2EsF91YcRquzVZc8M0-I,OK,223155,471570078102056
4044.233,35.1087458,-90.0211918,ChIJe6w2EsF91YcRquzVZc8M0-I,OK,223155,471570078102056
4044.874,35.10874099999999,-90.021185,ChIJrVbiDcF91YcRG9TBOTpHc3I,OK,223232,471570078102056
2496.182,35.0515568,-89.90630259999999,ChIJrU8jyZKFf4gRubg1AIyELWY,OK,145439,471570226001047
2496.182,35.0515568,-89.90630259999999,ChIJrU8jyZKFf4gRubg1AIyELWY,OK,145439,471570226001047
3106.308,35.0374859,-89.93716700000002,ChIJESgedaeIf4gRXlLu5ht4wNo,OK,164877,471570226001047
1849.801,35.02100869999999,-89.8995317,ChIJ-f6gz22Pf4gR-rWEeLgd-68,OK,102443,471570226001089
1849.801,35.02100869999999,-89.8995317,ChIJ-f6gz22Pf4gR-rWEeLgd-68,OK,102443,471570226001089
1861.074,35.0209193,-89.8996561,ChIJxWQfy22Pf4gRlC1jxVU1A2g,OK,103068,471570226001089
2507.106,35.02100869999999,-89.8995317,ChIJ-f6gz22Pf4gR-rWEeLgd-68,OK,115716,471570226001192
2507.106,35.02100869999999,-89.8995317,ChIJ-f6gz22Pf4gR-rWEeLgd-68,OK,115716,471570226001192
2518.379,35.0209193,-89.8996561,ChIJxWQfy22Pf4gRlC1jxVU1A2g,OK,116341,471570226001192
1788.848,35.02138900000001,-89.996898,ChIJz3MQkR6If4gRIBgmNH-BQcg,OK,103569,471570221224001
1788.848,35.02138900000001,-89.996898,ChIJz3MQkR6If4gRIBgmNH-BQcg,OK,103569,471570221224001
2242.64,34.9907298,-89.99350899999999,ChIJaR6gqdOJf4gRbmqB7wctwt0,OK,128704,471570221224001
761.375,35.2044739,-89.76342459999999,ChIJ3XsJxyKef4gRTeWb3lonWsU,OK,57521,471570208312002
761.375,35.2044739,-89.76342459999999,ChIJ3XsJxyKef4gRTeWb3lonWsU,OK,57521,471570208312002
2572.682,35.2074362,-89.7805166,ChIJ62ATRfudf4gRPIrPAXGVsiQ,OK,195702,471570208312002
2096.055,35.1913738,-89.8964247,ChIJwQffFF2Cf4gRzaR3rfvt3f4,OK,156907,471570205424002
916.934,35.0971,-89.9305344,ChIJRd53mZuGf4gRp0fETcD5Y3I,OK,82176,471570080001012
1078.796,35.1075089,-89.9318387,ChIJVboYU6KGf4gRHfEHUi8Izac,OK,102216,471570080001012
1078.796,35.1075089,-89.9318387,ChIJVboYU6KGf4gRHfEHUi8Izac,OK,102216,471570080001012
510.57,35.1079763,-89.9333841,ChIJqZoM4qKGf4gREaZMyPG1GBQ,OK,48703,471570080001014
510.57,35.1079763,-89.9333841,ChIJqZoM4qKGf4gREaZMyPG1GBQ,OK,48703,471570080001014
652.478,35.1075089,-89.9318387,ChIJVboYU6KGf4gRHfEHUi8Izac,OK,57217,471570080001014
321.733,35.1079763,-89.9333841,ChIJqZoM4qKGf4gREaZMyPG1GBQ,OK,33583,471570080001000
321.733,35.1079763,-89.9333841,ChIJqZoM4qKGf4gREaZMyPG1GBQ,OK,33583,471570080001000
463.641,35.1075089,-89.9318387,ChIJVboYU6KGf4gRHfEHUi8Izac,OK,42097,471570080001000
145.074,35.1075089,-89.9318387,ChIJVboYU6KGf4gRHfEHUi8Izac,OK,16566,471570074002022
145.074,35.1075089,-89.9318387,ChIJVboYU6KGf4gRHfEHUi8Izac,OK,16566,471570074002022
286.981,35.1079763,-89.9333841,ChIJqZoM4qKGf4gREaZMyPG1GBQ,OK,25081,471570074002022
572.046,35.0971,-89.9305344,ChIJRd53mZuGf4gRp0fETcD5Y3I,OK,45731,471570080001008
572.046,35.0971,-89.9305344,ChIJRd53mZuGf4gRp0fETcD5Y3I,OK,45731,471570080001008
765.977,35.0960067,-89.93138279999999,ChIJFfDYDZuGf4gR5IbqhV7MTAo,OK,59700,471570080001008
701.405,35.0971,-89.9305344,ChIJRd53mZuGf4gRp0fETcD5Y3I,OK,56313,471570080001011
701.405,35.0971,-89.9305344,ChIJRd53mZuGf4gRp0fETcD5Y3I,OK,56313,471570080001011
895.336,35.0960067,-89.93138279999999,ChIJFfDYDZuGf4gR5IbqhV7MTAo,OK,70282,471570080001011
401.167,35.0971,-89.9305344,ChIJRd53mZuGf4gRp0fETcD5Y3I,OK,24069,471570118001002
401.167,35.0971,-89.9305344,ChIJRd53mZuGf4gRp0fETcD5Y3I,OK,24069,471570118001002
595.099,35.0960067,-89.93138279999999,ChIJFfDYDZuGf4gR5IbqhV7MTAo,OK,38038,471570118001002
842.087,35.0971,-89.9305344,ChIJRd53mZuGf4gRp0fETcD5Y3I,OK,73194,471570080001016
1188.173,35.1075089,-89.9318387,ChIJVboYU6KGf4gRHfEHUi8Izac,OK,115340,471570080001016
1188.173,35.1075089,-89.9318387,ChIJVboYU6KGf4gRHfEHUi8Izac,OK,115340,471570080001016
132.523,35.0971,-89.9305344,ChIJRd53mZuGf4gRp0fETcD5Y3I,OK,7951,471570080004000
132.523,35.0971,-89.9305344,ChIJRd53mZuGf4gRp0fETcD5Y3I,OK,7951,471570080004000
326.454,35.0960067,-89.93138279999999,ChIJFfDYDZuGf4gR5IbqhV7MTAo,OK,21920,471570080004000
680.489,35.0971,-89.9305344,ChIJRd53mZuGf4gRp0fETcD5Y3I,OK,53804,471570080001024
680.489,35.0971,-89.9305344,ChIJRd53mZuGf4gRp0fETcD5Y3I,OK,53804,471570080001024
874.421,35.0960067,-89.93138279999999,ChIJFfDYDZuGf4gR5IbqhV7MTAo,OK,67773,471570080001024
847.638,35.0971,-89.9305344,ChIJRd53mZuGf4gRp0fETcD5Y3I,OK,60383,471570080004001
847.638,35.0971,-89.9305344,ChIJRd53mZuGf4gRp0fETcD5Y3I,OK,60383,471570080004001
1041.569,35.0960067,-89.93138279999999,ChIJFfDYDZuGf4gR5IbqhV7MTAo,OK,74352,471570080004001
677.368,35.0971,-89.9305344,ChIJRd53mZuGf4gRp0fETcD5Y3I,OK,80824,471570080004005
677.368,35.0971,-89.9305344,ChIJRd53mZuGf4gRp0fETcD5Y3I,OK,80824,471570080004005
856.033,35.0960067,-89.93138279999999,ChIJFfDYDZuGf4gR5IbqhV7MTAo,OK,93877,471570080004005
1224.448,35.086634,-89.96355199999999,ChIJW0XU3AGHf4gRINnmxvx9m5A,OK,106524,471570081202009
1224.448,35.086634,-89.96355199999999,ChIJW0XU3AGHf4gRINnmxvx9m5A,OK,106524,471570081202009
1663.788,35.09464699999999,-89.9708677,ChIJx5uAuBqHf4gRze5MKc5WJFI,OK,121793,471570081202009
1774.622,35.09464699999999,-89.9708677,ChIJx5uAuBqHf4gRze5MKc5WJFI,OK,135091,471570081202011
1632.234,35.086634,-89.96355199999999,ChIJW0XU3AGHf4gRINnmxvx9m5A,OK,140041,471570081202011
1632.234,35.086634,-89.96355199999999,ChIJW0XU3AGHf4gRINnmxvx9m5A,OK,140041,471570081202011
1475.969,35.086634,-89.96355199999999,ChIJW0XU3AGHf4gRINnmxvx9m5A,OK,136705,471570081202010
1475.969,35.086634,-89.96355199999999,ChIJW0XU3AGHf4gRINnmxvx9m5A,OK,136705,471570081202010
1849.032,35.09464699999999,-89.9708677,ChIJx5uAuBqHf4gRze5MKc5WJFI,OK,144021,471570081202010
1315.023,35.086634,-89.96355199999999,ChIJW0XU3AGHf4gRINnmxvx9m5A,OK,117392,471570081202017
1315.023,35.086634,-89.96355199999999,ChIJW0XU3AGHf4gRINnmxvx9m5A,OK,117392,471570081202017
1789.565,35.0904795,-89.96597299999999,ChIJHfaNmAOHf4gR1d8V2K9rfSU,OK,143673,471570081202017
2265.563,35.086634,-89.96355199999999,ChIJW0XU3AGHf4gRINnmxvx9m5A,OK,149792,471570081202002
2265.563,35.086634,-89.96355199999999,ChIJW0XU3AGHf4gRINnmxvx9m5A,OK,149792,471570081202002
2529.324,35.0904795,-89.96597299999999,ChIJHfaNmAOHf4gR1d8V2K9rfSU,OK,163280,471570081202002
1967.55,35.086634,-89.96355199999999,ChIJW0XU3AGHf4gRINnmxvx9m5A,OK,128055,471570081202028
1967.55,35.086634,-89.96355199999999,ChIJW0XU3AGHf4gRINnmxvx9m5A,OK,128055,471570081202028
2442.092,35.0904795,-89.96597299999999,ChIJHfaNmAOHf4gR1d8V2K9rfSU,OK,154336,471570081202028
997.45,35.086634,-89.96355199999999,ChIJW0XU3AGHf4gRINnmxvx9m5A,OK,105200,471570081202024
997.45,35.086634,-89.96355199999999,ChIJW0XU3AGHf4gRINnmxvx9m5A,OK,105200,471570081202024
1471.992,35.0904795,-89.96597299999999,ChIJHfaNmAOHf4gR1d8V2K9rfSU,OK,131481,471570081202024
1099.158,35.107529,-89.9862127,ChIJ0WGfSUKHf4gRjDLrfGQwCV4,OK,91579,471570067002015
1099.158,35.107529,-89.9862127,ChIJ0WGfSUKHf4gRjDLrfGQwCV4,OK,91579,471570067002015
1540.176,35.104197,-89.98335349999999,ChIJNST6hGqHf4gR0Mml4gyjQWk,OK,111138,471570067002015
1999.709,35.12545849999999,-89.97454169999999,ChIJoyT3HjOHf4gRS6EdHckmff8,OK,139862,471570067003005
1999.709,35.12545849999999,-89.97454169999999,ChIJoyT3HjOHf4gRS6EdHckmff8,OK,139862,471570067003005
2173.726,35.107529,-89.9862127,ChIJ0WGfSUKHf4gRjDLrfGQwCV4,OK,153021,471570067003005
843.195,35.104197,-89.98335349999999,ChIJNST6hGqHf4gR0Mml4gyjQWk,OK,61518,471570068003006
843.195,35.104197,-89.98335349999999,ChIJNST6hGqHf4gR0Mml4gyjQWk,OK,61518,471570068003006
1275.874,35.09464699999999,-89.9708677,ChIJx5uAuBqHf4gRze5MKc5WJFI,OK,86564,471570068003006
1533.329,35.107529,-89.9862127,ChIJ0WGfSUKHf4gRjDLrfGQwCV4,OK,103564,471570067003022
1794.229,35.09464699999999,-89.9708677,ChIJx5uAuBqHf4gRze5MKc5WJFI,OK,115936,471570067003022
1794.229,35.09464699999999,-89.9708677,ChIJx5uAuBqHf4gRze5MKc5WJFI,OK,115936,471570067003022
1347.551,35.12545849999999,-89.97454169999999,ChIJoyT3HjOHf4gRS6EdHckmff8,OK,90712,471570071002008
1347.551,35.12545849999999,-89.97454169999999,ChIJoyT3HjOHf4gRS6EdHckmff8,OK,90712,471570071002008
2639.711,35.1161637,-89.9446263,ChIJ-ZiED8iGf4gR32IlfgDBKWY,OK,174388,471570071002008
2197.495,35.09464699999999,-89.9708677,ChIJx5uAuBqHf4gRze5MKc5WJFI,OK,151640,471570070003009
2197.495,35.09464699999999,-89.9708677,ChIJx5uAuBqHf4gRze5MKc5WJFI,OK,151640,471570070003009
2347.198,35.12545849999999,-89.97454169999999,ChIJoyT3HjOHf4gRS6EdHckmff8,OK,174759,471570070003009
5267.738,35.0614623,-89.8536277,ChIJ4TWJkTWFf4gRbkNZYfkF9Jw,OK,374735,471570213201011
5267.738,35.0614623,-89.8536277,ChIJ4TWJkTWFf4gRbkNZYfkF9Jw,OK,374735,471570213201011
5352.51,35.0512763,-89.8427476,ChIJ7VPJ3q-af4gRdxERIyaZ0gk,OK,380923,471570213201011
3967.657,35.0614623,-89.8536277,ChIJ4TWJkTWFf4gRbkNZYfkF9Jw,OK,289183,471570213311000
3967.657,35.0614623,-89.8536277,ChIJ4TWJkTWFf4gRbkNZYfkF9Jw,OK,289183,471570213311000
4052.429,35.0512763,-89.8427476,ChIJ7VPJ3q-af4gRdxERIyaZ0gk,OK,295371,471570213311000
5875.018,35.0614623,-89.8536277,ChIJ4TWJkTWFf4gRbkNZYfkF9Jw,OK,366903,471570213201014
5875.018,35.0614623,-89.8536277,ChIJ4TWJkTWFf4gRbkNZYfkF9Jw,OK,366903,471570213201014
5959.79,35.0512763,-89.8427476,ChIJ7VPJ3q-af4gRdxERIyaZ0gk,OK,373091,471570213201014
1030.458,35.13763670000001,-90.00757159999999,ChIJl69WLQV-1YcRU3z7Tt2MyhY,OK,113173,471570035002000
1030.458,35.13763670000001,-90.00757159999999,ChIJl69WLQV-1YcRU3z7Tt2MyhY,OK,113173,471570035002000
1232.721,35.139426,-90.00714049999999,ChIJC-6kIBt-1YcRA1cskDtjsVc,OK,137443,471570035002000
818.563,35.13763670000001,-90.00757159999999,ChIJl69WLQV-1YcRU3z7Tt2MyhY,OK,86607,471570034001017
818.563,35.13763670000001,-90.00757159999999,ChIJl69WLQV-1YcRU3z7Tt2MyhY,OK,86607,471570034001017
1020.825,35.139426,-90.00714049999999,ChIJC-6kIBt-1YcRA1cskDtjsVc,OK,110877,471570034001017
5340.077,35.098685,-90.05664899999999,ChIJ31qwBkJ81YcRk2V5pdmdhrM,OK,371361,471579802001019
5340.077,35.098685,-90.05664899999999,ChIJ31qwBkJ81YcRk2V5pdmdhrM,OK,371361,471579802001019
5729.069,35.095133,-90.05542799999999,ChIJATnUo0J81YcRpbAuNwXeqRw,OK,392905,471579802001019
3230.004,35.098685,-90.05664899999999,ChIJ31qwBkJ81YcRk2V5pdmdhrM,OK,194330,471570117001088
3230.004,35.098685,-90.05664899999999,ChIJ31qwBkJ81YcRk2V5pdmdhrM,OK,194330,471570117001088
3618.997,35.095133,-90.05542799999999,ChIJATnUo0J81YcRpbAuNwXeqRw,OK,215874,471570117001088
3101.033,35.098685,-90.05664899999999,ChIJ31qwBkJ81YcRk2V5pdmdhrM,OK,192878,471570053001014
3101.033,35.098685,-90.05664899999999,ChIJ31qwBkJ81YcRk2V5pdmdhrM,OK,192878,471570053001014
2718.224,35.095133,-90.05542799999999,ChIJATnUo0J81YcRpbAuNwXeqRw,OK,213298,471570053001014
2397.727,35.095133,-90.05542799999999,ChIJATnUo0J81YcRpbAuNwXeqRw,OK,214244,471570053002042
2559.13,35.098685,-90.05664899999999,ChIJ31qwBkJ81YcRk2V5pdmdhrM,OK,223183,471570053002042
2559.13,35.098685,-90.05664899999999,ChIJ31qwBkJ81YcRk2V5pdmdhrM,OK,223183,471570053002042
2889.568,35.098685,-90.05664899999999,ChIJ31qwBkJ81YcRk2V5pdmdhrM,OK,177740,471570117001095
2889.568,35.098685,-90.05664899999999,ChIJ31qwBkJ81YcRk2V5pdmdhrM,OK,177740,471570117001095
3278.56,35.095133,-90.05542799999999,ChIJATnUo0J81YcRpbAuNwXeqRw,OK,199284,471570117001095
1578.528,35.1490317,-90.0140679,ChIJw3q9_xV-1YcRqrte6yBn1CI,OK,92301,471570017002016
1578.528,35.1490317,-90.0140679,ChIJw3q9_xV-1YcRqrte6yBn1CI,OK,92301,471570017002016
2300.766,35.1444038,-90.0168571,ChIJufYEjhR-1YcREff46W6Lons,OK,139654,471570017002016
306.107,35.1738374,-89.98954379999999,ChIJ_S0BIGOAf4gRU3Ph4W65cOQ,OK,18365,471570006002023
306.107,35.1738374,-89.98954379999999,ChIJ_S0BIGOAf4gRU3Ph4W65cOQ,OK,18365,471570006002023
1652.716,35.17410499999999,-89.97575479999999,ChIJmfYTGFmAf4gRHGKCaD0qCtI,OK,99151,471570006002023
1351.228,35.1490317,-90.0140679,ChIJw3q9_xV-1YcRqrte6yBn1CI,OK,119663,471570017003004
1351.228,35.1490317,-90.0140679,ChIJw3q9_xV-1YcRqrte6yBn1CI,OK,119663,471570017003004
2073.466,35.1444038,-90.0168571,ChIJufYEjhR-1YcREff46W6Lons,OK,167016,471570017003004
1718.106,35.1490317,-90.0140679,ChIJw3q9_xV-1YcRqrte6yBn1CI,OK,104777,471570017001048
1718.106,35.1490317,-90.0140679,ChIJw3q9_xV-1YcRqrte6yBn1CI,OK,104777,471570017001048
1660.839,35.142439,-90.006118,ChIJeUPo2Rt-1YcRdoG2a54M-d0,OK,125205,471570017001048
2173.211,35.1490317,-90.0140679,ChIJw3q9_xV-1YcRqrte6yBn1CI,OK,153243,471570017001035
2173.211,35.1490317,-90.0140679,ChIJw3q9_xV-1YcRqrte6yBn1CI,OK,153243,471570017001035
2506.122,35.1738374,-89.98954379999999,ChIJ_S0BIGOAf4gRU3Ph4W65cOQ,OK,172945,471570017001035
1681.273,35.1507888,-89.977317,ChIJdVWrOuqAf4gR-V7s1E3qo7g,OK,92473,471570016002020
1681.273,35.1507888,-89.977317,ChIJdVWrOuqAf4gR-V7s1E3qo7g,OK,92473,471570016002020
2777.856,35.13774119999999,-89.99713,ChIJtwtohKiAf4gRFxkNLUf9PgA,OK,167723,471570016002020
1870.629,35.1161637,-89.9446263,ChIJ-ZiED8iGf4gR32IlfgDBKWY,OK,124978,471570070003002
822.566,35.048632,-89.814048,ChIJqY7T64eaf4gRoqZRK7sz4Co,OK,64118,471570213421067
822.566,35.048632,-89.814048,ChIJqY7T64eaf4gRoqZRK7sz4Co,OK,64118,471570213421067
3354.233,35.0078094,-89.83044679999999,ChIJpwHMo0eQf4gRIqmNFjWLuW4,OK,222879,471570226001214
3354.233,35.0078094,-89.83044679999999,ChIJpwHMo0eQf4gRIqmNFjWLuW4,OK,222879,471570226001214
5605.144,35.0220022,-89.82947999999999,ChIJxT9DeWuQf4gRf6HLF5uJHd0,OK,348229,471570226001214
2284.651,35.0461089,-89.7947008,ChIJaZI6O3Oaf4gRqa_eh0DNj_s,OK,124490,471570213424063
2284.651,35.0461089,-89.7947008,ChIJaZI6O3Oaf4gRqa_eh0DNj_s,OK,124490,471570213424063
2402.656,35.045091,-89.795412,ChIJVelsQnOaf4gRECqTW7fq-dY,OK,131025,471570213424063
1289.731,35.0614623,-89.8536277,ChIJ4TWJkTWFf4gRbkNZYfkF9Jw,OK,94193,471570217241015
1289.731,35.0614623,-89.8536277,ChIJ4TWJkTWFf4gRbkNZYfkF9Jw,OK,94193,471570217241015
1374.503,35.0512763,-89.8427476,ChIJ7VPJ3q-af4gRdxERIyaZ0gk,OK,100381,471570217241015
2314.975,35.0614623,-89.8536277,ChIJ4TWJkTWFf4gRbkNZYfkF9Jw,OK,143739,471570217102003
2314.975,35.0614623,-89.8536277,ChIJ4TWJkTWFf4gRbkNZYfkF9Jw,OK,143739,471570217102003
2480.479,35.050596,-89.869556,ChIJQ4vLA2iFf4gRyyCo3ihKH44,OK,144480,471570217102003
1955.178,35.2064292,-89.73436359999999,ChIJP6qgZdGff4gRQoIww3TX5kM,OK,123388,471570210101008
1955.178,35.2064292,-89.73436359999999,ChIJP6qgZdGff4gRQoIww3TX5kM,OK,123388,471570210101008
4617.082,35.2044739,-89.76342459999999,ChIJ3XsJxyKef4gRTeWb3lonWsU,OK,251566,471570210101008
3786.706,35.1546312,-89.79260459999999,ChIJ8UeuSEecf4gRniit7ubZLtM,OK,247462,471570211381039
3786.706,35.1546312,-89.79260459999999,ChIJ8UeuSEecf4gRniit7ubZLtM,OK,247462,471570211381039
4734.168,35.14868459999999,-89.7948203,ChIJ4w9Lr2qcf4gRHdzl9FciAFM,OK,301014,471570211381039
1714.665,35.1251709,-90.0481695,ChIJybIJtCd81YcR9Otxws-5qCM,OK,97099,471570043001040
1714.665,35.1251709,-90.0481695,ChIJybIJtCd81YcR9Otxws-5qCM,OK,97099,471570043001040
1716.479,35.125222,-90.048147,ChIJ9cKdtid81YcRKs9h6RjzQzw,OK,97200,471570043001040
744.088,35.2045576,-89.81176689999999,ChIJ8ROix4Kdf4gR4Su-1OwAUMo,OK,41208,471570211131000
782.249,35.2051043,-89.79754849999999,ChIJpRDMlY2df4gRQqHmUo_lzmc,OK,44347,471570211131000
782.249,35.2051043,-89.79754849999999,ChIJpRDMlY2df4gRQqHmUo_lzmc,OK,44347,471570211131000
703.308,35.2051043,-89.79754849999999,ChIJpRDMlY2df4gRQqHmUo_lzmc,OK,47288,471570211131017
703.308,35.2051043,-89.79754849999999,ChIJpRDMlY2df4gRQqHmUo_lzmc,OK,47288,471570211131017
1099.521,35.2045576,-89.81176689999999,ChIJ8ROix4Kdf4gR4Su-1OwAUMo,OK,68915,471570211131017
2215.087,35.220637,-89.892425,ChIJiZ78r4Z4f4gRyy0DWRWI7n0,OK,196373,471570206443003
2215.087,35.220637,-89.892425,ChIJiZ78r4Z4f4gRyy0DWRWI7n0,OK,196373,471570206443003
3185.842,35.223866,-89.90499,ChIJJRXCRJh4f4gRcTFbl9qZzNM,OK,275319,471570206443003
4045.162,35.1546312,-89.79260459999999,ChIJ8UeuSEecf4gRniit7ubZLtM,OK,258289,471570211262009
4045.162,35.1546312,-89.79260459999999,ChIJ8UeuSEecf4gRniit7ubZLtM,OK,258289,471570211262009
4425.049,35.14868459999999,-89.7948203,ChIJ4w9Lr2qcf4gRHdzl9FciAFM,OK,277789,471570211262009
3511.269,35.1546312,-89.79260459999999,ChIJ8UeuSEecf4gRniit7ubZLtM,OK,267052,471570211241048
3511.269,35.1546312,-89.79260459999999,ChIJ8UeuSEecf4gRniit7ubZLtM,OK,267052,471570211241048
3891.157,35.14868459999999,-89.7948203,ChIJ4w9Lr2qcf4gRHdzl9FciAFM,OK,286552,471570211241048
1401.772,35.1546312,-89.79260459999999,ChIJ8UeuSEecf4gRniit7ubZLtM,OK,95954,471570211353039
1401.772,35.1546312,-89.79260459999999,ChIJ8UeuSEecf4gRniit7ubZLtM,OK,95954,471570211353039
2349.234,35.14868459999999,-89.7948203,ChIJ4w9Lr2qcf4gRHdzl9FciAFM,OK,149506,471570211353039
1026.85,35.1546312,-89.79260459999999,ChIJ8UeuSEecf4gRniit7ubZLtM,OK,77184,471570211353038
1026.85,35.1546312,-89.79260459999999,ChIJ8UeuSEecf4gRniit7ubZLtM,OK,77184,471570211353038
1974.312,35.14868459999999,-89.7948203,ChIJ4w9Lr2qcf4gRHdzl9FciAFM,OK,130736,471570211353038
2260.006,35.1546312,-89.79260459999999,ChIJ8UeuSEecf4gRniit7ubZLtM,OK,168607,471570211374006
2260.006,35.1546312,-89.79260459999999,ChIJ8UeuSEecf4gRniit7ubZLtM,OK,168607,471570211374006
3207.468,35.14868459999999,-89.7948203,ChIJ4w9Lr2qcf4gRHdzl9FciAFM,OK,222159,471570211374006
1714.313,35.1546312,-89.79260459999999,ChIJ8UeuSEecf4gRniit7ubZLtM,OK,146168,471570211374012
1714.313,35.1546312,-89.79260459999999,ChIJ8UeuSEecf4gRniit7ubZLtM,OK,146168,471570211374012
1954.1,35.14868459999999,-89.7948203,ChIJ4w9Lr2qcf4gRHdzl9FciAFM,OK,175450,471570211374012
1980.847,35.1546312,-89.79260459999999,ChIJ8UeuSEecf4gRniit7ubZLtM,OK,178151,471570211374011
1980.847,35.1546312,-89.79260459999999,ChIJ8UeuSEecf4gRniit7ubZLtM,OK,178151,471570211374011
2220.635,35.14868459999999,-89.7948203,ChIJ4w9Lr2qcf4gRHdzl9FciAFM,OK,207433,471570211374011
1753.481,35.1546312,-89.79260459999999,ChIJ8UeuSEecf4gRniit7ubZLtM,OK,128111,471570211374047
1753.481,35.1546312,-89.79260459999999,ChIJ8UeuSEecf4gRniit7ubZLtM,OK,128111,471570211374047
1536.541,35.14868459999999,-89.7948203,ChIJ4w9Lr2qcf4gRHdzl9FciAFM,OK,135162,471570211374047
1831.734,35.1546312,-89.79260459999999,ChIJ8UeuSEecf4gRniit7ubZLtM,OK,160258,471570211374010
1831.734,35.1546312,-89.79260459999999,ChIJ8UeuSEecf4gRniit7ubZLtM,OK,160258,471570211374010
2071.522,35.14868459999999,-89.7948203,ChIJ4w9Lr2qcf4gRHdzl9FciAFM,OK,189540,471570211374010
2932.668,35.1546312,-89.79260459999999,ChIJ8UeuSEecf4gRniit7ubZLtM,OK,208858,471570211381021
2932.668,35.1546312,-89.79260459999999,ChIJ8UeuSEecf4gRniit7ubZLtM,OK,208858,471570211381021
3880.13,35.14868459999999,-89.7948203,ChIJ4w9Lr2qcf4gRHdzl9FciAFM,OK,262410,471570211381021
3042.466,35.1546312,-89.79260459999999,ChIJ8UeuSEecf4gRniit7ubZLtM,OK,196310,471570211381020
3042.466,35.1546312,-89.79260459999999,ChIJ8UeuSEecf4gRniit7ubZLtM,OK,196310,471570211381020
3989.927,35.14868459999999,-89.7948203,ChIJ4w9Lr2qcf4gRHdzl9FciAFM,OK,249862,471570211381020
2856.108,35.1546312,-89.79260459999999,ChIJ8UeuSEecf4gRniit7ubZLtM,OK,196177,471570211381022
679.94,35.1503395,-89.89321,ChIJRaSiF6KDf4gRNIqqt1VnH58,OK,81591,471570098001011
679.94,35.1503395,-89.89321,ChIJRaSiF6KDf4gRNIqqt1VnH58,OK,81591,471570098001011
1252.503,35.1489345,-89.89838259999999,ChIJaTBvX72Df4gRiyFT0LQMnrQ,OK,118165,471570098001011
3009.423,35.1489345,-89.89838259999999,ChIJaTBvX72Df4gRiyFT0LQMnrQ,OK,198472,471570091001017
3009.423,35.1489345,-89.89838259999999,ChIJaTBvX72Df4gRiyFT0LQMnrQ,OK,198472,471570091001017
3089.968,35.148225,-89.89748700000001,ChIJC8t095eDf4gRGuXK3FleZyg,OK,203305,471570091001017
1707.567,35.0508681,-89.88111619999999,ChIJ68PUi3CFf4gRLPYGzNKUdto,OK,129758,471570217311004
1706.457,35.050596,-89.869556,ChIJQ4vLA2iFf4gRyyCo3ihKH44,OK,133054,471570217311004
1706.457,35.050596,-89.869556,ChIJQ4vLA2iFf4gRyyCo3ihKH44,OK,133054,471570217311004
3168.658,35.0477573,-89.86637909999999,ChIJ5_0L5VyFf4gR4HBEwl6nmRE,OK,229745,471570217412014
3168.658,35.0477573,-89.86637909999999,ChIJ5_0L5VyFf4gR4HBEwl6nmRE,OK,229745,471570217412014
3323.576,35.0493493,-89.855357,ChIJH2Nw4lGFf4gRq0vxk4n5iAE,OK,299849,471570217412014
4935.367,35.0614623,-89.8536277,ChIJ4TWJkTWFf4gRbkNZYfkF9Jw,OK,323809,471570214302006
4935.367,35.0614623,-89.8536277,ChIJ4TWJkTWFf4gRbkNZYfkF9Jw,OK,323809,471570214302006
5020.139,35.0512763,-89.8427476,ChIJ7VPJ3q-af4gRdxERIyaZ0gk,OK,329997,471570214302006
1854.314,35.1546312,-89.79260459999999,ChIJ8UeuSEecf4gRniit7ubZLtM,OK,129124,471570211353004
1854.314,35.1546312,-89.79260459999999,ChIJ8UeuSEecf4gRniit7ubZLtM,OK,129124,471570211353004
2801.776,35.14868459999999,-89.7948203,ChIJ4w9Lr2qcf4gRHdzl9FciAFM,OK,182676,471570211353004
2165.163,35.14868459999999,-89.7948203,ChIJ4w9Lr2qcf4gRHdzl9FciAFM,OK,175838,471570211251050
2165.163,35.14868459999999,-89.7948203,ChIJ4w9Lr2qcf4gRHdzl9FciAFM,OK,175838,471570211251050
2931.326,35.1546312,-89.79260459999999,ChIJ8UeuSEecf4gRniit7ubZLtM,OK,196537,471570211251050
3808.446,35.1439641,-90.0517892,ChIJL-0zBZR-1YcRj7p5p1WY4-g,OK,282078,471570001003025
3808.446,35.1439641,-90.0517892,ChIJL-0zBZR-1YcRj7p5p1WY4-g,OK,282078,471570001003025
4017.363,35.1450994,-90.0538646,ChIJne6_s5V-1YcRn_LPaqiwhrk,OK,287532,471570001003025
3489.67,35.1738374,-89.98954379999999,ChIJ_S0BIGOAf4gRU3Ph4W65cOQ,OK,209367,471570004002011
4032.923,35.1490317,-90.0140679,ChIJw3q9_xV-1YcRqrte6yBn1CI,OK,223764,471570004002011
4032.923,35.1490317,-90.0140679,ChIJw3q9_xV-1YcRqrte6yBn1CI,OK,223764,471570004002011
1038.547,35.17410499999999,-89.97575479999999,ChIJmfYTGFmAf4gRHGKCaD0qCtI,OK,68678,471570009001007
1038.547,35.17410499999999,-89.97575479999999,ChIJmfYTGFmAf4gRHGKCaD0qCtI,OK,68678,471570009001007
1838.481,35.1507888,-89.977317,ChIJdVWrOuqAf4gR-V7s1E3qo7g,OK,116676,471570009001007
1474.213,35.05113000000001,-89.815021,ChIJAdLMX4iaf4gRUenKpoiyrBc,OK,116251,471570213421016
1474.213,35.05113000000001,-89.815021,ChIJAdLMX4iaf4gRUenKpoiyrBc,OK,116251,471570213421016
1688.354,35.048632,-89.814048,ChIJqY7T64eaf4gRoqZRK7sz4Co,OK,128527,471570213421016
1585.099,35.05113000000001,-89.815021,ChIJAdLMX4iaf4gRUenKpoiyrBc,OK,129555,471570213421025
1585.099,35.05113000000001,-89.815021,ChIJAdLMX4iaf4gRUenKpoiyrBc,OK,129555,471570213421025
1799.241,35.048632,-89.814048,ChIJqY7T64eaf4gRoqZRK7sz4Co,OK,141831,471570213421025
2375.486,35.05113000000001,-89.815021,ChIJAdLMX4iaf4gRUenKpoiyrBc,OK,128438,471570217241032
2375.486,35.05113000000001,-89.815021,ChIJAdLMX4iaf4gRUenKpoiyrBc,OK,128438,471570217241032
4151.266,35.04577219999999,-89.82821469999999,ChIJL-jEaJmaf4gREtYdkYi2nAs,OK,221527,471570217241032
1599.88,35.015991,-89.935953,ChIJSSHzkseIf4gRnqbOP98HojY,OK,113327,471570219002019
1599.88,35.015991,-89.935953,ChIJSSHzkseIf4gRnqbOP98HojY,OK,113327,471570219002019
2250.638,35.02099699999999,-89.93544,ChIJW6hY3LmIf4gRWjIeu9tMgvU,OK,149366,471570219002019
675.183,35.0493563,-89.83813929999999,ChIJjRQNzqSaf4gRxmNqB0YAYGM,OK,75191,471570217242016
675.183,35.0493563,-89.83813929999999,ChIJjRQNzqSaf4gRxmNqB0YAYGM,OK,75191,471570217242016
996.948,35.049031,-89.841437,ChIJt6vl46-af4gRvoN8Yvkmx9A,OK,98033,471570217242016
1421.294,35.2045576,-89.81176689999999,ChIJ8ROix4Kdf4gR4Su-1OwAUMo,OK,84203,471570211131025
1421.294,35.2045576,-89.81176689999999,ChIJ8ROix4Kdf4gR4Su-1OwAUMo,OK,84203,471570211131025
2477.802,35.2051043,-89.79754849999999,ChIJpRDMlY2df4gRQqHmUo_lzmc,OK,141622,471570211131025
394.28,35.0344414,-89.8319559,ChIJfcC9SguQf4gR_xf02Tpo1-w,OK,21835,471570217463014
394.28,35.0344414,-89.8319559,ChIJfcC9SguQf4gR_xf02Tpo1-w,OK,21835,471570217463014
2780.236,35.0493563,-89.83813929999999,ChIJjRQNzqSaf4gRxmNqB0YAYGM,OK,184715,471570217463014
1107.66,35.2060393,-89.89459389999999,ChIJN_fdM1CCf4gRqHZ_YUZgoJo,OK,68561,471570206212020
1107.66,35.2060393,-89.89459389999999,ChIJN_fdM1CCf4gRqHZ_YUZgoJo,OK,68561,471570206212020
1191.4,35.20808669999999,-89.89363879999999,ChIJa1RCwHuCf4gRSSG3nO4uWeI,OK,84813,471570206212020
1588.881,35.0344414,-89.8319559,ChIJfcC9SguQf4gR_xf02Tpo1-w,OK,124383,471570217461002
1588.881,35.0344414,-89.8319559,ChIJfcC9SguQf4gR_xf02Tpo1-w,OK,124383,471570217461002
2174.262,35.0220022,-89.82947999999999,ChIJxT9DeWuQf4gRf6HLF5uJHd0,OK,172393,471570217461002
4640.721,35.14868459999999,-89.7948203,ChIJ4w9Lr2qcf4gRHdzl9FciAFM,OK,300754,471570211401042
4640.721,35.14868459999999,-89.7948203,ChIJ4w9Lr2qcf4gRHdzl9FciAFM,OK,300754,471570211401042
5406.883,35.1546312,-89.79260459999999,ChIJ8UeuSEecf4gRniit7ubZLtM,OK,321453,471570211401042
1199.752,35.2044739,-89.76342459999999,ChIJ3XsJxyKef4gRTeWb3lonWsU,OK,73121,471570210102021
1199.752,35.2044739,-89.76342459999999,ChIJ3XsJxyKef4gRTeWb3lonWsU,OK,73121,471570210102021
1748.504,35.2064292,-89.73436359999999,ChIJP6qgZdGff4gRQoIww3TX5kM,OK,89416,471570210102021
2827.662,35.0461089,-89.7947008,ChIJaZI6O3Oaf4gRqa_eh0DNj_s,OK,195550,471570213423004
2827.662,35.0461089,-89.7947008,ChIJaZI6O3Oaf4gRqa_eh0DNj_s,OK,195550,471570213423004
2945.667,35.045091,-89.795412,ChIJVelsQnOaf4gRECqTW7fq-dY,OK,202085,471570213423004
1778.843,35.1444038,-90.0168571,ChIJufYEjhR-1YcREff46W6Lons,OK,120433,471570035002009
868.366,35.1157645,-90.022279,ChIJwZqBNMN91YcRRpdDvj5Pcr8,OK,48367,471570115002000
868.366,35.1157645,-90.022279,ChIJwZqBNMN91YcRRpdDvj5Pcr8,OK,48367,471570115002000
1589.486,35.1087458,-90.0211918,ChIJe6w2EsF91YcRquzVZc8M0-I,OK,89757,471570115002000
873.922,35.1157645,-90.022279,ChIJwZqBNMN91YcRRpdDvj5Pcr8,OK,71362,471570115002013
873.922,35.1157645,-90.022279,ChIJwZqBNMN91YcRRpdDvj5Pcr8,OK,71362,471570115002013
1715.492,35.1087458,-90.0211918,ChIJe6w2EsF91YcRquzVZc8M0-I,OK,119979,471570115002013
1441.165,35.1157645,-90.022279,ChIJwZqBNMN91YcRRpdDvj5Pcr8,OK,87890,471570035003009
1441.165,35.1157645,-90.022279,ChIJwZqBNMN91YcRRpdDvj5Pcr8,OK,87890,471570035003009
2162.285,35.1087458,-90.0211918,ChIJe6w2EsF91YcRquzVZc8M0-I,OK,129280,471570035003009
1337.817,35.1157645,-90.022279,ChIJwZqBNMN91YcRRpdDvj5Pcr8,OK,94478,471570035003018
1337.817,35.1157645,-90.022279,ChIJwZqBNMN91YcRRpdDvj5Pcr8,OK,94478,471570035003018
2058.937,35.1087458,-90.0211918,ChIJe6w2EsF91YcRquzVZc8M0-I,OK,135868,471570035003018
1056.133,35.1157645,-90.022279,ChIJwZqBNMN91YcRRpdDvj5Pcr8,OK,78404,471570062001016
1056.133,35.1157645,-90.022279,ChIJwZqBNMN91YcRRpdDvj5Pcr8,OK,78404,471570062001016
1777.253,35.1087458,-90.0211918,ChIJe6w2EsF91YcRquzVZc8M0-I,OK,119794,471570062001016
570.015,35.1157645,-90.022279,ChIJwZqBNMN91YcRRpdDvj5Pcr8,OK,42547,471570115001000
570.015,35.1157645,-90.022279,ChIJwZqBNMN91YcRRpdDvj5Pcr8,OK,42547,471570115001000
1291.135,35.1087458,-90.0211918,ChIJe6w2EsF91YcRquzVZc8M0-I,OK,83937,471570115001000
392.271,35.1444038,-90.0168571,ChIJufYEjhR-1YcREff46W6Lons,OK,33812,471570025002043
392.271,35.1444038,-90.0168571,ChIJufYEjhR-1YcREff46W6Lons,OK,33812,471570025002043
1039.955,35.1490317,-90.0140679,ChIJw3q9_xV-1YcRqrte6yBn1CI,OK,67746,471570025002043
425.416,35.1444038,-90.0168571,ChIJufYEjhR-1YcREff46W6Lons,OK,36825,471570036002001
425.416,35.1444038,-90.0168571,ChIJufYEjhR-1YcREff46W6Lons,OK,36825,471570036002001
1073.1,35.1490317,-90.0140679,ChIJw3q9_xV-1YcRqrte6yBn1CI,OK,70759,471570036002001
1574.837,35.095133,-90.05542799999999,ChIJATnUo0J81YcRpbAuNwXeqRw,OK,130309,471570056001007
1613.234,35.1060329,-90.039159,ChIJ231bcjV81YcRQ1quDeYAd6M,OK,133391,471570056001007
1404.053,35.095133,-90.05542799999999,ChIJATnUo0J81YcRpbAuNwXeqRw,OK,109816,471570057001035
1404.053,35.095133,-90.05542799999999,ChIJATnUo0J81YcRpbAuNwXeqRw,OK,109816,471570057001035
1565.457,35.098685,-90.05664899999999,ChIJ31qwBkJ81YcRk2V5pdmdhrM,OK,118755,471570057001035
1241.851,35.1060329,-90.039159,ChIJ231bcjV81YcRQ1quDeYAd6M,OK,93433,471570059003007
1241.851,35.1060329,-90.039159,ChIJ231bcjV81YcRQ1quDeYAd6M,OK,93433,471570059003007
1686.62,35.125222,-90.048147,ChIJ9cKdtid81YcRKs9h6RjzQzw,OK,143972,471570059003007
1312.708,35.1060329,-90.039159,ChIJ231bcjV81YcRQ1quDeYAd6M,OK,100875,471570059003009
1312.708,35.1060329,-90.039159,ChIJ231bcjV81YcRQ1quDeYAd6M,OK,100875,471570059003009
1762.903,35.125222,-90.048147,ChIJ9cKdtid81YcRKs9h6RjzQzw,OK,157972,471570059003009
1433.28,35.125222,-90.048147,ChIJ9cKdtid81YcRKs9h6RjzQzw,OK,93500,471570116002032
1433.28,35.125222,-90.048147,ChIJ9cKdtid81YcRKs9h6RjzQzw,OK,93500,471570116002032
1435.094,35.1251709,-90.0481695,ChIJybIJtCd81YcR9Otxws-5qCM,OK,93600,471570116002032
762.107,35.1060329,-90.039159,ChIJ231bcjV81YcRQ1quDeYAd6M,OK,87417,471570059002016
762.107,35.1060329,-90.039159,ChIJ231bcjV81YcRQ1quDeYAd6M,OK,87417,471570059002016
2041.99,35.1157645,-90.022279,ChIJwZqBNMN91YcRRpdDvj5Pcr8,OK,125551,471570059002016
1162.338,35.1497164,-89.95515999999999,ChIJcQb6ehiBf4gR-uA54eRPNq8,OK,75371,471570028002020
1162.338,35.1497164,-89.95515999999999,ChIJcQb6ehiBf4gR-uA54eRPNq8,OK,75371,471570028002020
1512.767,35.14981359999999,-89.94918609999999,ChIJVdGBGRaBf4gRsi89Rzqn8W4,OK,94170,471570028002020
1975.506,35.1497164,-89.95515999999999,ChIJcQb6ehiBf4gR-uA54eRPNq8,OK,141518,471570030001006
1975.506,35.1497164,-89.95515999999999,ChIJcQb6ehiBf4gR-uA54eRPNq8,OK,141518,471570030001006
1997.832,35.14981359999999,-89.94918609999999,ChIJVdGBGRaBf4gRsi89Rzqn8W4,OK,146737,471570030001006
1398.072,35.12545849999999,-89.97454169999999,ChIJoyT3HjOHf4gRS6EdHckmff8,OK,113372,471570071001003
1398.072,35.12545849999999,-89.97454169999999,ChIJoyT3HjOHf4gRS6EdHckmff8,OK,113372,471570071001003
3204.834,35.13418100000001,-89.98599,ChIJnf1_yraAf4gR9pQmD7CXhgg,OK,224711,471570071001003
1143.711,35.12545849999999,-89.97454169999999,ChIJoyT3HjOHf4gRS6EdHckmff8,OK,82849,471570071001025
1143.711,35.12545849999999,-89.97454169999999,ChIJoyT3HjOHf4gRS6EdHckmff8,OK,82849,471570071001025
2950.473,35.13418100000001,-89.98599,ChIJnf1_yraAf4gR9pQmD7CXhgg,OK,194188,471570071001025
1421.136,35.12545849999999,-89.97454169999999,ChIJoyT3HjOHf4gRS6EdHckmff8,OK,123898,471570071001012
1421.136,35.12545849999999,-89.97454169999999,ChIJoyT3HjOHf4gRS6EdHckmff8,OK,123898,471570071001012
2936.251,35.1161637,-89.9446263,ChIJ-ZiED8iGf4gR32IlfgDBKWY,OK,215288,471570071001012
1164.407,35.12545849999999,-89.97454169999999,ChIJoyT3HjOHf4gRS6EdHckmff8,OK,90428,471570071001020
1164.407,35.12545849999999,-89.97454169999999,ChIJoyT3HjOHf4gRS6EdHckmff8,OK,90428,471570071001020
2802.99,35.1161637,-89.9446263,ChIJ-ZiED8iGf4gR32IlfgDBKWY,OK,199299,471570071001020
1952.55,35.1161637,-89.9446263,ChIJ-ZiED8iGf4gR32IlfgDBKWY,OK,133962,471570072001006
1952.55,35.1161637,-89.9446263,ChIJ-ZiED8iGf4gR32IlfgDBKWY,OK,133962,471570072001006
2199.028,35.12545849999999,-89.97454169999999,ChIJoyT3HjOHf4gRS6EdHckmff8,OK,142679,471570072001006
3354.255,35.2023757,-89.9218691,ChIJvw7rwByCf4gRrAscHKjp1Iw,OK,256157,471570205123014
3354.255,35.2023757,-89.9218691,ChIJvw7rwByCf4gRrAscHKjp1Iw,OK,256157,471570205123014
4500.659,35.222344,-89.97682999999999,ChIJ987Br45_f4gRjwrvnFN8t7k,OK,290695,471570205123014
2892.356,35.2023757,-89.9218691,ChIJvw7rwByCf4gRrAscHKjp1Iw,OK,221036,471570205124003
5007.837,35.183951,-89.93106899999999,ChIJWQ0EIo-Bf4gR6cuqlCcQuNw,OK,337521,471570205124003
5007.837,35.183951,-89.93106899999999,ChIJWQ0EIo-Bf4gR6cuqlCcQuNw,OK,337521,471570205124003
1564.23,35.0971,-89.9305344,ChIJRd53mZuGf4gRp0fETcD5Y3I,OK,104576,471570118002004
1564.23,35.0971,-89.9305344,ChIJRd53mZuGf4gRp0fETcD5Y3I,OK,104576,471570118002004
1758.161,35.0960067,-89.93138279999999,ChIJFfDYDZuGf4gR5IbqhV7MTAo,OK,118545,471570118002004
369.242,35.1145886,-89.90089789999999,ChIJKWmlFW6Ef4gR0YNISWQMkss,OK,24500,471570085002025
369.242,35.1145886,-89.90089789999999,ChIJKWmlFW6Ef4gR0YNISWQMkss,OK,24500,471570085002025
1187.01,35.1153996,-89.89414069999999,ChIJCb4NOWWEf4gR79YlPQoocW4,OK,80733,471570085002025
2412.422,35.0971,-89.9305344,ChIJRd53mZuGf4gRp0fETcD5Y3I,OK,187171,471570093002011
2412.422,35.0971,-89.9305344,ChIJRd53mZuGf4gRp0fETcD5Y3I,OK,187171,471570093002011
3371.881,35.1145886,-89.90089789999999,ChIJKWmlFW6Ef4gR0YNISWQMkss,OK,207009,471570093002011
2592.226,35.1145886,-89.90089789999999,ChIJKWmlFW6Ef4gR0YNISWQMkss,OK,156440,471570093001015
2592.226,35.1145886,-89.90089789999999,ChIJKWmlFW6Ef4gR0YNISWQMkss,OK,156440,471570093001015
2441.746,35.1153996,-89.89414069999999,ChIJCb4NOWWEf4gR79YlPQoocW4,OK,178851,471570093001015
1071.102,35.0878609,-89.931612,ChIJ78kLm4aGf4gRhPZ5eF_7ojg,OK,112967,471570118003000
1071.102,35.0878609,-89.931612,ChIJ78kLm4aGf4gRhPZ5eF_7ojg,OK,112967,471570118003000
1147.549,35.093158,-89.93038,ChIJU1HLuoSGf4gRK5KIVLXtvbU,OK,119034,471570118003000
1107.567,35.0878609,-89.931612,ChIJ78kLm4aGf4gRhPZ5eF_7ojg,OK,84333,471570118003007
1107.567,35.0878609,-89.931612,ChIJ78kLm4aGf4gRhPZ5eF_7ojg,OK,84333,471570118003007
1702.791,35.093158,-89.93038,ChIJU1HLuoSGf4gRK5KIVLXtvbU,OK,121525,471570118003007
1870.629,35.1161637,-89.9446263,ChIJ-ZiED8iGf4gR32IlfgDBKWY,OK,124978,471570070003002
2480.462,35.12545849999999,-89.97454169999999,ChIJoyT3HjOHf4gRS6EdHckmff8,OK,166387,471570070003002
998.091,35.09464699999999,-89.9708677,ChIJx5uAuBqHf4gRze5MKc5WJFI,OK,73446,471570079003002
998.091,35.09464699999999,-89.9708677,ChIJx5uAuBqHf4gRze5MKc5WJFI,OK,73446,471570079003002
1561.413,35.0904795,-89.96597299999999,ChIJHfaNmAOHf4gR1d8V2K9rfSU,OK,103558,471570079003002
1733.423,35.108097,-89.941227,ChIJwxJT-r6Gf4gRhLDuFpyb128,OK,115306,471570079002001
1733.423,35.108097,-89.941227,ChIJwxJT-r6Gf4gRhLDuFpyb128,OK,115306,471570079002001
2337.126,35.1161637,-89.9446263,ChIJ-ZiED8iGf4gR32IlfgDBKWY,OK,155342,471570079002001
2225.553,35.09464699999999,-89.9708677,ChIJx5uAuBqHf4gRze5MKc5WJFI,OK,143077,471570079005003
2525.115,35.086634,-89.96355199999999,ChIJW0XU3AGHf4gRINnmxvx9m5A,OK,159701,471570079005003
2525.115,35.086634,-89.96355199999999,ChIJW0XU3AGHf4gRINnmxvx9m5A,OK,159701,471570079005003
486.033,35.09464699999999,-89.9708677,ChIJx5uAuBqHf4gRze5MKc5WJFI,OK,42049,471570069001013
486.033,35.09464699999999,-89.9708677,ChIJx5uAuBqHf4gRze5MKc5WJFI,OK,42049,471570069001013
880.404,35.0904795,-89.96597299999999,ChIJHfaNmAOHf4gR1d8V2K9rfSU,OK,64268,471570069001013
653.427,35.0841884,-89.97146650000001,ChIJX1vb4AeHf4gRloPQ2o5nDXA,OK,56001,471570081101001
653.427,35.0841884,-89.97146650000001,ChIJX1vb4AeHf4gRloPQ2o5nDXA,OK,56001,471570081101001
820.342,35.0904795,-89.96597299999999,ChIJHfaNmAOHf4gR1d8V2K9rfSU,OK,64929,471570081101001
998.924,35.086634,-89.96355199999999,ChIJW0XU3AGHf4gRINnmxvx9m5A,OK,90690,471570081203015
998.924,35.086634,-89.96355199999999,ChIJW0XU3AGHf4gRINnmxvx9m5A,OK,90690,471570081203015
1381.376,35.0841884,-89.97146650000001,ChIJX1vb4AeHf4gRloPQ2o5nDXA,OK,116097,471570081203015
895.433,35.086634,-89.96355199999999,ChIJW0XU3AGHf4gRINnmxvx9m5A,OK,60886,471570081201002
895.433,35.086634,-89.96355199999999,ChIJW0XU3AGHf4gRINnmxvx9m5A,OK,60886,471570081201002
1369.975,35.0904795,-89.96597299999999,ChIJHfaNmAOHf4gR1d8V2K9rfSU,OK,87167,471570081201002
2617.766,35.19067459999999,-89.8489943,ChIJ364PGjWdf4gRKbsrGLq8_XQ,OK,161230,471570211123005
2617.766,35.19067459999999,-89.8489943,ChIJ364PGjWdf4gRKbsrGLq8_XQ,OK,161230,471570211123005
2984.829,35.2045576,-89.81176689999999,ChIJ8ROix4Kdf4gR4Su-1OwAUMo,OK,201753,471570211123005
779.091,35.16339899999999,-89.855841,ChIJA_xfkC6Df4gRAjVZwLz1jqA,OK,82378,471570211221011
779.091,35.16339899999999,-89.855841,ChIJA_xfkC6Df4gRAjVZwLz1jqA,OK,82378,471570211221011
854.246,35.1623785,-89.8566175,ChIJXQHWWS6Df4gRqhH5EQ9H1j0,OK,91343,471570211221011
3419.774,35.0643218,-89.9923063,ChIJb3DQuo2Hf4gRC8UI6d4pa68,OK,235355,471570078101042
3616.018,35.0614623,-89.8536277,ChIJ4TWJkTWFf4gRbkNZYfkF9Jw,OK,253280,471570213311007
3616.018,35.0614623,-89.8536277,ChIJ4TWJkTWFf4gRbkNZYfkF9Jw,OK,253280,471570213311007
4784.722,35.0501932,-89.8529489,ChIJJ3DCd1KFf4gRBb2DFEnzV7w,OK,312747,471570213311007
832.171,35.0878609,-89.931612,ChIJ78kLm4aGf4gRhPZ5eF_7ojg,OK,48870,471570082005009
832.171,35.0878609,-89.931612,ChIJ78kLm4aGf4gRhPZ5eF_7ojg,OK,48870,471570082005009
1427.394,35.093158,-89.93038,ChIJU1HLuoSGf4gRK5KIVLXtvbU,OK,86062,471570082005009
1185.259,35.0878609,-89.931612,ChIJ78kLm4aGf4gRhPZ5eF_7ojg,OK,68021,471570118003019
1185.259,35.0878609,-89.931612,ChIJ78kLm4aGf4gRhPZ5eF_7ojg,OK,68021,471570118003019
1579.641,35.0757114,-89.9271675,ChIJ-d7FIHmGf4gR6Aa1VQWm0ps,OK,92215,471570118003019
2735.305,35.0841884,-89.97146650000001,ChIJX1vb4AeHf4gRloPQ2o5nDXA,OK,175786,471570078215002
2735.305,35.0841884,-89.97146650000001,ChIJX1vb4AeHf4gRloPQ2o5nDXA,OK,175786,471570078215002
3709.619,35.0643218,-89.9923063,ChIJb3DQuo2Hf4gRC8UI6d4pa68,OK,224231,471570078215002
2972.831,35.093591,-90.056624,ChIJgyVl92d81YcRhuRHHckl8Y4,OK,186833,471570056003046
3152.668,35.095133,-90.05542799999999,ChIJATnUo0J81YcRpbAuNwXeqRw,OK,196793,471570056003046
3152.668,35.095133,-90.05542799999999,ChIJATnUo0J81YcRpbAuNwXeqRw,OK,196793,471570056003046
3182.559,35.14859919999999,-89.91828060000002,ChIJRflgf-eDf4gRHX_XNYKER-s,OK,206284,471570029004006
3182.559,35.14859919999999,-89.91828060000002,ChIJRflgf-eDf4gRHX_XNYKER-s,OK,206284,471570029004006
3423.571,35.1161637,-89.9446263,ChIJ-ZiED8iGf4gR32IlfgDBKWY,OK,224619,471570029004006
1747.926,35.1435177,-90.0539328,ChIJ8VFg1pV-1YcRR9G8p0pZx6U,OK,124805,471570043001073
1747.926,35.1435177,-90.0539328,ChIJ8VFg1pV-1YcRR9G8p0pZx6U,OK,124805,471570043001073
1872.756,35.1450994,-90.0538646,ChIJne6_s5V-1YcRn_LPaqiwhrk,OK,136710,471570043001073
2940.102,35.14859919999999,-89.91828060000002,ChIJRflgf-eDf4gRHX_XNYKER-s,OK,195274,471570086002022
2940.102,35.14859919999999,-89.91828060000002,ChIJRflgf-eDf4gRHX_XNYKER-s,OK,195274,471570086002022
3873.514,35.1075089,-89.9318387,ChIJVboYU6KGf4gRHfEHUi8Izac,OK,249074,471570086002022
1069.834,35.125222,-90.048147,ChIJ9cKdtid81YcRKs9h6RjzQzw,OK,57953,471570114001034
1069.834,35.125222,-90.048147,ChIJ9cKdtid81YcRKs9h6RjzQzw,OK,57953,471570114001034
1071.648,35.1251709,-90.0481695,ChIJybIJtCd81YcR9Otxws-5qCM,OK,58053,471570114001034
3253.736,35.14868459999999,-89.7948203,ChIJ4w9Lr2qcf4gRHdzl9FciAFM,OK,202628,471570211372017
3253.736,35.14868459999999,-89.7948203,ChIJ4w9Lr2qcf4gRHdzl9FciAFM,OK,202628,471570211372017
4019.898,35.1546312,-89.79260459999999,ChIJ8UeuSEecf4gRniit7ubZLtM,OK,223327,471570211372017
2008.532,35.125222,-90.048147,ChIJ9cKdtid81YcRKs9h6RjzQzw,OK,129277,471570114003041
2008.532,35.125222,-90.048147,ChIJ9cKdtid81YcRKs9h6RjzQzw,OK,129277,471570114003041
2010.347,35.1251709,-90.0481695,ChIJybIJtCd81YcR9Otxws-5qCM,OK,129377,471570114003041
2839.575,35.14868459999999,-89.7948203,ChIJ4w9Lr2qcf4gRHdzl9FciAFM,OK,197475,471570211402024
2839.575,35.14868459999999,-89.7948203,ChIJ4w9Lr2qcf4gRHdzl9FciAFM,OK,197475,471570211402024
3605.737,35.1546312,-89.79260459999999,ChIJ8UeuSEecf4gRniit7ubZLtM,OK,218174,471570211402024
3040.957,35.14868459999999,-89.7948203,ChIJ4w9Lr2qcf4gRHdzl9FciAFM,OK,211539,471579804001057
3040.957,35.14868459999999,-89.7948203,ChIJ4w9Lr2qcf4gRHdzl9FciAFM,OK,211539,471579804001057
3807.12,35.1546312,-89.79260459999999,ChIJ8UeuSEecf4gRniit7ubZLtM,OK,232238,471579804001057
2950.58,35.14868459999999,-89.7948203,ChIJ4w9Lr2qcf4gRHdzl9FciAFM,OK,182208,471579804001038
2950.58,35.14868459999999,-89.7948203,ChIJ4w9Lr2qcf4gRHdzl9FciAFM,OK,182208,471579804001038
3716.742,35.1546312,-89.79260459999999,ChIJ8UeuSEecf4gRniit7ubZLtM,OK,202907,471579804001038
3318.6,35.14868459999999,-89.7948203,ChIJ4w9Lr2qcf4gRHdzl9FciAFM,OK,198768,471579804001033
3318.6,35.14868459999999,-89.7948203,ChIJ4w9Lr2qcf4gRHdzl9FciAFM,OK,198768,471579804001033
4084.762,35.1546312,-89.79260459999999,ChIJ8UeuSEecf4gRniit7ubZLtM,OK,219467,471579804001033
2180.165,35.1161637,-89.9446263,ChIJ-ZiED8iGf4gR32IlfgDBKWY,OK,148507,471570030003010
2180.165,35.1161637,-89.9446263,ChIJ-ZiED8iGf4gR32IlfgDBKWY,OK,148507,471570030003010
2334.045,35.14981359999999,-89.94918609999999,ChIJVdGBGRaBf4gRsi89Rzqn8W4,OK,155015,471570030003010
3790.699,35.1157645,-90.022279,ChIJwZqBNMN91YcRRpdDvj5Pcr8,OK,187312,471570046001002
3790.699,35.1157645,-90.022279,ChIJwZqBNMN91YcRRpdDvj5Pcr8,OK,187312,471570046001002
7817.079,35.1444038,-90.0168571,ChIJufYEjhR-1YcREff46W6Lons,OK,392017,471570046001002
1449.273,35.1435177,-90.0539328,ChIJ8VFg1pV-1YcRR9G8p0pZx6U,OK,82365,471570043001046
1769.292,35.1251709,-90.0481695,ChIJybIJtCd81YcR9Otxws-5qCM,OK,99349,471570043001046
1769.292,35.1251709,-90.0481695,ChIJybIJtCd81YcR9Otxws-5qCM,OK,99349,471570043001046
919.226,35.125222,-90.048147,ChIJ9cKdtid81YcRKs9h6RjzQzw,OK,47703,471570114001054
919.226,35.125222,-90.048147,ChIJ9cKdtid81YcRKs9h6RjzQzw,OK,47703,471570114001054
921.04,35.1251709,-90.0481695,ChIJybIJtCd81YcR9Otxws-5qCM,OK,47803,471570114001054
1947.424,35.1435177,-90.0539328,ChIJ8VFg1pV-1YcRR9G8p0pZx6U,OK,148743,471570043001036
1947.424,35.1435177,-90.0539328,ChIJ8VFg1pV-1YcRR9G8p0pZx6U,OK,148743,471570043001036
2072.254,35.1450994,-90.0538646,ChIJne6_s5V-1YcRn_LPaqiwhrk,OK,160648,471570043001036
2626.432,35.14868459999999,-89.7948203,ChIJ4w9Lr2qcf4gRHdzl9FciAFM,OK,172178,471570211402019
2626.432,35.14868459999999,-89.7948203,ChIJ4w9Lr2qcf4gRHdzl9FciAFM,OK,172178,471570211402019
3392.594,35.1546312,-89.79260459999999,ChIJ8UeuSEecf4gRniit7ubZLtM,OK,192877,471570211402019
2887.922,35.14868459999999,-89.7948203,ChIJ4w9Lr2qcf4gRHdzl9FciAFM,OK,193175,471579804001037
2887.922,35.14868459999999,-89.7948203,ChIJ4w9Lr2qcf4gRHdzl9FciAFM,OK,193175,471579804001037
3654.084,35.1546312,-89.79260459999999,ChIJ8UeuSEecf4gRniit7ubZLtM,OK,213874,471579804001037
1971.596,35.1435177,-90.0539328,ChIJ8VFg1pV-1YcRR9G8p0pZx6U,OK,151643,471570043001038
1971.596,35.1435177,-90.0539328,ChIJ8VFg1pV-1YcRR9G8p0pZx6U,OK,151643,471570043001038
2268.895,35.1251709,-90.0481695,ChIJybIJtCd81YcR9Otxws-5qCM,OK,159866,471570043001038
3587.971,35.14868459999999,-89.7948203,ChIJ4w9Lr2qcf4gRHdzl9FciAFM,OK,229098,471570211371009
3587.971,35.14868459999999,-89.7948203,ChIJ4w9Lr2qcf4gRHdzl9FciAFM,OK,229098,471570211371009
4354.133,35.1546312,-89.79260459999999,ChIJ8UeuSEecf4gRniit7ubZLtM,OK,249797,471570211371009
447.649,35.02138900000001,-89.996898,ChIJz3MQkR6If4gRIBgmNH-BQcg,OK,45589,471570221221003
2331.372,35.021384,-90.019407,ChIJk8DCu8Bi1YcRUnUQCgCMr-E,OK,150660,471570221221003
2856.108,35.1546312,-89.79260459999999,ChIJ8UeuSEecf4gRniit7ubZLtM,OK,196177,471570211381022
3803.569,35.14868459999999,-89.7948203,ChIJ4w9Lr2qcf4gRHdzl9FciAFM,OK,249729,471570211381022
2636.342,35.1546312,-89.79260459999999,ChIJ8UeuSEecf4gRniit7ubZLtM,OK,172202,471570211362018
2636.342,35.1546312,-89.79260459999999,ChIJ8UeuSEecf4gRniit7ubZLtM,OK,172202,471570211362018
3583.804,35.14868459999999,-89.7948203,ChIJ4w9Lr2qcf4gRHdzl9FciAFM,OK,225754,471570211362018
2935.148,35.1546312,-89.79260459999999,ChIJ8UeuSEecf4gRniit7ubZLtM,OK,191586,471570211362063
2935.148,35.1546312,-89.79260459999999,ChIJ8UeuSEecf4gRniit7ubZLtM,OK,191586,471570211362063
3882.61,35.14868459999999,-89.7948203,ChIJ4w9Lr2qcf4gRHdzl9FciAFM,OK,245138,471570211362063
2570.875,35.0461089,-89.7947008,ChIJaZI6O3Oaf4gRqa_eh0DNj_s,OK,193314,471570213421019
2570.875,35.0461089,-89.7947008,ChIJaZI6O3Oaf4gRqa_eh0DNj_s,OK,193314,471570213421019
4221.474,35.05113000000001,-89.815021,ChIJAdLMX4iaf4gRUenKpoiyrBc,OK,295208,471570213421019
1858.559,35.0461089,-89.7947008,ChIJaZI6O3Oaf4gRqa_eh0DNj_s,OK,118469,471570213421045
1858.559,35.0461089,-89.7947008,ChIJaZI6O3Oaf4gRqa_eh0DNj_s,OK,118469,471570213421045
1976.564,35.045091,-89.795412,ChIJVelsQnOaf4gRECqTW7fq-dY,OK,125004,471570213421045
1244.548,35.107529,-89.9862127,ChIJ0WGfSUKHf4gRjDLrfGQwCV4,OK,72136,471570066001020
1244.548,35.107529,-89.9862127,ChIJ0WGfSUKHf4gRjDLrfGQwCV4,OK,72136,471570066001020
1558.544,35.109859,-89.99141100000001,ChIJs6JbpFyHf4gR9O01gG0a7fQ,OK,82186,471570066001020
1920.55,35.0461089,-89.7947008,ChIJaZI6O3Oaf4gRqa_eh0DNj_s,OK,125908,471570213421022
1920.55,35.0461089,-89.7947008,ChIJaZI6O3Oaf4gRqa_eh0DNj_s,OK,125908,471570213421022
2038.555,35.045091,-89.795412,ChIJVelsQnOaf4gRECqTW7fq-dY,OK,132443,471570213421022
2377.549,35.0461089,-89.7947008,ChIJaZI6O3Oaf4gRqa_eh0DNj_s,OK,195506,471570213421038
2377.549,35.0461089,-89.7947008,ChIJaZI6O3Oaf4gRqa_eh0DNj_s,OK,195506,471570213421038
2495.554,35.045091,-89.795412,ChIJVelsQnOaf4gRECqTW7fq-dY,OK,202041,471570213421038
1655.881,35.05113000000001,-89.815021,ChIJAdLMX4iaf4gRUenKpoiyrBc,OK,166932,471570213421037
1655.881,35.05113000000001,-89.815021,ChIJAdLMX4iaf4gRUenKpoiyrBc,OK,166932,471570213421037
1870.023,35.048632,-89.814048,ChIJqY7T64eaf4gRoqZRK7sz4Co,OK,179208,471570213421037
1836.003,35.0461089,-89.7947008,ChIJaZI6O3Oaf4gRqa_eh0DNj_s,OK,115762,471570213421012
1836.003,35.0461089,-89.7947008,ChIJaZI6O3Oaf4gRqa_eh0DNj_s,OK,115762,471570213421012
1954.008,35.045091,-89.795412,ChIJVelsQnOaf4gRECqTW7fq-dY,OK,122297,471570213421012
1468.161,35.1546312,-89.79260459999999,ChIJ8UeuSEecf4gRniit7ubZLtM,OK,116630,471570211374008
1468.161,35.1546312,-89.79260459999999,ChIJ8UeuSEecf4gRniit7ubZLtM,OK,116630,471570211374008
1640.369,35.14868459999999,-89.7948203,ChIJ4w9Lr2qcf4gRHdzl9FciAFM,OK,151699,471570211374008
3431.127,35.222344,-89.97682999999999,ChIJ987Br45_f4gRjwrvnFN8t7k,OK,248401,471570103001012
3431.127,35.222344,-89.97682999999999,ChIJ987Br45_f4gRjwrvnFN8t7k,OK,248401,471570103001012
3432.98,35.2227028,-89.97692290000001,ChIJ987Br45_f4gRMoYIhCny13Q,OK,260593,471570103001012
3220.77,35.1439641,-90.0517892,ChIJL-0zBZR-1YcRj7p5p1WY4-g,OK,225449,471570201011047
3429.686,35.1450994,-90.0538646,ChIJne6_s5V-1YcRn_LPaqiwhrk,OK,230903,471570201011047
3429.686,35.1450994,-90.0538646,ChIJne6_s5V-1YcRn_LPaqiwhrk,OK,230903,471570201011047
1801.681,35.22619459999999,-90.0020167,ChIJvTh1mwiA1YcRLLqD5Uxq8Nc,OK,110751,471570099011032
1801.681,35.22619459999999,-90.0020167,ChIJvTh1mwiA1YcRLLqD5Uxq8Nc,OK,110751,471570099011032
2612.075,35.218332,-90.00299799999999,ChIJfRCGEgGA1YcRsZsWP_dycDI,OK,158218,471570099011032
4818.252,35.22619459999999,-90.0020167,ChIJvTh1mwiA1YcRLLqD5Uxq8Nc,OK,263147,471570103001002
4818.252,35.22619459999999,-90.0020167,ChIJvTh1mwiA1YcRLLqD5Uxq8Nc,OK,263147,471570103001002
8183.198,35.222344,-89.97682999999999,ChIJ987Br45_f4gRjwrvnFN8t7k,OK,463878,471570103001002
2977.843,35.2337782,-89.9252472,ChIJra3pLkt_f4gRjZbqnHrruIM,OK,206397,471570205323018
2977.843,35.2337782,-89.9252472,ChIJra3pLkt_f4gRjZbqnHrruIM,OK,206397,471570205323018
4175.905,35.223866,-89.90499,ChIJJRXCRJh4f4gRcTFbl9qZzNM,OK,304230,471570205323018
4271.083,35.220637,-89.892425,ChIJiZ78r4Z4f4gRyy0DWRWI7n0,OK,223984,471570205313017
4271.083,35.220637,-89.892425,ChIJiZ78r4Z4f4gRyy0DWRWI7n0,OK,223984,471570205313017
4230.174,35.223866,-89.90499,ChIJJRXCRJh4f4gRcTFbl9qZzNM,OK,262111,471570205313017
2925.204,35.220637,-89.892425,ChIJiZ78r4Z4f4gRyy0DWRWI7n0,OK,162264,471570205313018
2925.204,35.220637,-89.892425,ChIJiZ78r4Z4f4gRyy0DWRWI7n0,OK,162264,471570205313018
2884.295,35.223866,-89.90499,ChIJJRXCRJh4f4gRcTFbl9qZzNM,OK,200391,471570205313018
3640.145,35.220637,-89.892425,ChIJiZ78r4Z4f4gRyy0DWRWI7n0,OK,245838,471570205313004
3640.145,35.220637,-89.892425,ChIJiZ78r4Z4f4gRyy0DWRWI7n0,OK,245838,471570205313004
3624.858,35.223866,-89.90499,ChIJJRXCRJh4f4gRcTFbl9qZzNM,OK,284762,471570205313004
2328.215,35.1927931,-89.86922029999999,ChIJAQAAAMCCf4gRZL0qi0KLjtw,OK,265564,471570206212025
2328.215,35.1927931,-89.86922029999999,ChIJAQAAAMCCf4gRZL0qi0KLjtw,OK,265564,471570206212025
3839.374,35.1835367,-89.8717722,ChIJv1U5XuiCf4gRMlXiIrwnbJo,OK,366240,471570206212025
259.745,35.2051043,-89.79754849999999,ChIJpRDMlY2df4gRQqHmUo_lzmc,OK,15769,471570206321051
259.745,35.2051043,-89.79754849999999,ChIJpRDMlY2df4gRQqHmUo_lzmc,OK,15769,471570206321051
1074.321,35.2045576,-89.81176689999999,ChIJ8ROix4Kdf4gR4Su-1OwAUMo,OK,63336,471570206321051
517.133,35.2051043,-89.79754849999999,ChIJpRDMlY2df4gRQqHmUo_lzmc,OK,28640,471570206321050
517.133,35.2051043,-89.79754849999999,ChIJpRDMlY2df4gRQqHmUo_lzmc,OK,28640,471570206321050
951.416,35.2045576,-89.81176689999999,ChIJ8ROix4Kdf4gR4Su-1OwAUMo,OK,53007,471570206321050
3156.556,35.02100869999999,-89.8995317,ChIJ-f6gz22Pf4gR-rWEeLgd-68,OK,179778,471570226001207
3156.556,35.02100869999999,-89.8995317,ChIJ-f6gz22Pf4gR-rWEeLgd-68,OK,179778,471570226001207
3167.829,35.0209193,-89.8996561,ChIJxWQfy22Pf4gRlC1jxVU1A2g,OK,180403,471570226001207
1810.409,35.13763670000001,-90.00757159999999,ChIJl69WLQV-1YcRU3z7Tt2MyhY,OK,125942,471570035002009
1810.409,35.13763670000001,-90.00757159999999,ChIJl69WLQV-1YcRU3z7Tt2MyhY,OK,125942,471570035002009
4268.006,35.0543926,-90.0597009,ChIJT5TzUbl81YcRiPqNjkbj9CA,OK,280026,471570223105002
4918.541,35.0326981,-90.07589809999999,ChIJ9S1ljalk1YcRvuG-_hbpimA,OK,317708,471570223105002
4918.541,35.0326981,-90.07589809999999,ChIJ9S1ljalk1YcRvuG-_hbpimA,OK,317708,471570223105002
2089.124,35.02379430000001,-89.96377079999999,ChIJDVntamKIf4gRlF5S6rdAlgc,OK,169128,471579801001100
2089.124,35.02379430000001,-89.96377079999999,ChIJDVntamKIf4gRlF5S6rdAlgc,OK,169128,471579801001100
3557.326,35.051879,-89.95322299999999,ChIJtbdkhjqGf4gRndtG1KtFnTA,OK,252679,471579801001100
1883.228,35.1145886,-89.90089789999999,ChIJKWmlFW6Ef4gR0YNISWQMkss,OK,121222,471570096004019
1883.228,35.1145886,-89.90089789999999,ChIJKWmlFW6Ef4gR0YNISWQMkss,OK,121222,471570096004019
1853.262,35.1153996,-89.89414069999999,ChIJCb4NOWWEf4gR79YlPQoocW4,OK,126595,471570096004019
2388.336,35.1439641,-90.0517892,ChIJL-0zBZR-1YcRj7p5p1WY4-g,OK,178911,471570021001054
2388.336,35.1439641,-90.0517892,ChIJL-0zBZR-1YcRj7p5p1WY4-g,OK,178911,471570021001054
2597.253,35.1450994,-90.0538646,ChIJne6_s5V-1YcRn_LPaqiwhrk,OK,184365,471570021001054
999.95,35.2227028,-89.97692290000001,ChIJ987Br45_f4gRMoYIhCny13Q,OK,119992,471570102103001
999.95,35.2227028,-89.97692290000001,ChIJ987Br45_f4gRMoYIhCny13Q,OK,119992,471570102103001
1967.99,35.222344,-89.97682999999999,ChIJ987Br45_f4gRjwrvnFN8t7k,OK,134460,471570102103001
921.787,35.2337782,-89.9252472,ChIJra3pLkt_f4gRjZbqnHrruIM,OK,80170,471570205243014
921.787,35.2337782,-89.9252472,ChIJra3pLkt_f4gRjZbqnHrruIM,OK,80170,471570205243014
4219.888,35.210167,-89.919383,ChIJi0gqlgaCf4gRjUvfmHxGMyw,OK,302212,471570205243014
184.739,35.2337782,-89.9252472,ChIJra3pLkt_f4gRjZbqnHrruIM,OK,22167,471570205321001
184.739,35.2337782,-89.9252472,ChIJra3pLkt_f4gRjZbqnHrruIM,OK,22167,471570205321001
3929.619,35.2158947,-89.9151158,ChIJxetq6ad4f4gRD1K1cIBWUQ4,OK,270517,471570205321001
3393.162,35.0326981,-90.07589809999999,ChIJ9S1ljalk1YcRvuG-_hbpimA,OK,255481,471570223223001
3393.162,35.0326981,-90.07589809999999,ChIJ9S1ljalk1YcRvuG-_hbpimA,OK,255481,471570223223001
4210.083,35.03203000000001,-90.025994,ChIJr7k5Z85i1YcR_daVhG2vNFM,OK,305704,471570223223001
1074.695,35.0614623,-89.8536277,ChIJ4TWJkTWFf4gRbkNZYfkF9Jw,OK,73849,471570217241004
1074.695,35.0614623,-89.8536277,ChIJ4TWJkTWFf4gRbkNZYfkF9Jw,OK,73849,471570217241004
1159.466,35.0512763,-89.8427476,ChIJ7VPJ3q-af4gRdxERIyaZ0gk,OK,80037,471570217241004
913.244,35.1161637,-89.9446263,ChIJ-ZiED8iGf4gR32IlfgDBKWY,OK,97104,471570073003006
913.244,35.1161637,-89.9446263,ChIJ-ZiED8iGf4gR32IlfgDBKWY,OK,97104,471570073003006
2324.107,35.108097,-89.941227,ChIJwxJT-r6Gf4gRhLDuFpyb128,OK,175417,471570073003006
2535.833,35.02099699999999,-89.93544,ChIJW6hY3LmIf4gRWjIeu9tMgvU,OK,180147,471570226001109
2813.189,35.0209193,-89.8996561,ChIJxWQfy22Pf4gRlC1jxVU1A2g,OK,195509,471570226001109
2813.189,35.0209193,-89.8996561,ChIJxWQfy22Pf4gRlC1jxVU1A2g,OK,195509,471570226001109
1129.558,35.021381,-90.020287,ChIJnVfwxMBi1YcR65EtGsZDcOY,OK,70919,471570221124009
1129.558,35.021381,-90.020287,ChIJnVfwxMBi1YcR65EtGsZDcOY,OK,70919,471570221124009
1129.897,35.021384,-90.019407,ChIJk8DCu8Bi1YcRUnUQCgCMr-E,OK,70944,471570221124009
3583.534,35.093591,-90.056624,ChIJgyVl92d81YcRhuRHHckl8Y4,OK,211391,471579803001034
6144.917,35.06128,-90.05978399999999,ChIJm06f8ZV81YcRTjzAsJPcBKY,OK,324204,471579803001034
6144.917,35.06128,-90.05978399999999,ChIJm06f8ZV81YcRTjzAsJPcBKY,OK,324204,471579803001034
1433.104,35.125222,-90.048147,ChIJ9cKdtid81YcRKs9h6RjzQzw,OK,95733,471570045001026
1433.104,35.125222,-90.048147,ChIJ9cKdtid81YcRKs9h6RjzQzw,OK,95733,471570045001026
1434.918,35.1251709,-90.0481695,ChIJybIJtCd81YcR9Otxws-5qCM,OK,95833,471570045001026
1223.36,35.125222,-90.048147,ChIJ9cKdtid81YcRKs9h6RjzQzw,OK,116026,471570116001032
1223.36,35.125222,-90.048147,ChIJ9cKdtid81YcRKs9h6RjzQzw,OK,116026,471570116001032
1225.174,35.1251709,-90.0481695,ChIJybIJtCd81YcR9Otxws-5qCM,OK,116126,471570116001032
1515.952,35.1251709,-90.0481695,ChIJybIJtCd81YcR9Otxws-5qCM,OK,112640,471570058001001
1515.952,35.1251709,-90.0481695,ChIJybIJtCd81YcR9Otxws-5qCM,OK,112640,471570058001001
1517.766,35.125222,-90.048147,ChIJ9cKdtid81YcRKs9h6RjzQzw,OK,112741,471570058001001
2060.733,35.13418100000001,-89.98599,ChIJnf1_yraAf4gR9pQmD7CXhgg,OK,141265,471570033001011
1836.318,35.13774119999999,-89.99713,ChIJtwtohKiAf4gRFxkNLUf9PgA,OK,144540,471570033001011
1836.318,35.13774119999999,-89.99713,ChIJtwtohKiAf4gRFxkNLUf9PgA,OK,144540,471570033001011
2742.87,35.0490562,-89.84441600000001,ChIJCUulJK6af4gR7vOP_qSrYdM,OK,199161,471570217411007
2634.512,35.0493493,-89.855357,ChIJH2Nw4lGFf4gRq0vxk4n5iAE,OK,233182,471570217411007
2634.512,35.0493493,-89.855357,ChIJH2Nw4lGFf4gRq0vxk4n5iAE,OK,233182,471570217411007
1256.959,35.0614623,-89.8536277,ChIJ4TWJkTWFf4gRbkNZYfkF9Jw,OK,118204,471570217262001
1256.959,35.0614623,-89.8536277,ChIJ4TWJkTWFf4gRbkNZYfkF9Jw,OK,118204,471570217262001
1792.079,35.0493493,-89.855357,ChIJH2Nw4lGFf4gRq0vxk4n5iAE,OK,149242,471570217262001
524.767,35.0490562,-89.84441600000001,ChIJCUulJK6af4gR7vOP_qSrYdM,OK,48764,471570217321010
524.767,35.0490562,-89.84441600000001,ChIJCUulJK6af4gR7vOP_qSrYdM,OK,48764,471570217321010
828.39,35.049031,-89.841437,ChIJt6vl46-af4gRvoN8Yvkmx9A,OK,64054,471570217321010
2325.034,35.02100869999999,-89.8995317,ChIJ-f6gz22Pf4gR-rWEeLgd-68,OK,128762,471570217414020
2325.034,35.02100869999999,-89.8995317,ChIJ-f6gz22Pf4gR-rWEeLgd-68,OK,128762,471570217414020
2336.307,35.0209193,-89.8996561,ChIJxWQfy22Pf4gRlC1jxVU1A2g,OK,129387,471570217414020
1656.897,35.0461089,-89.7947008,ChIJaZI6O3Oaf4gRqa_eh0DNj_s,OK,109031,471570213421042
1656.897,35.0461089,-89.7947008,ChIJaZI6O3Oaf4gRqa_eh0DNj_s,OK,109031,471570213421042
1774.902,35.045091,-89.795412,ChIJVelsQnOaf4gRECqTW7fq-dY,OK,115566,471570213421042
1316.843,35.2044739,-89.76342459999999,ChIJ3XsJxyKef4gRTeWb3lonWsU,OK,72853,471570211421004
1316.843,35.2044739,-89.76342459999999,ChIJ3XsJxyKef4gRTeWb3lonWsU,OK,72853,471570211421004
1258.816,35.2074362,-89.7805166,ChIJ62ATRfudf4gRPIrPAXGVsiQ,OK,107581,471570211421004
2615.509,35.05113000000001,-89.815021,ChIJAdLMX4iaf4gRUenKpoiyrBc,OK,227008,471570217441013
2789.43,35.048632,-89.814048,ChIJqY7T64eaf4gRoqZRK7sz4Co,OK,239428,471570217441013
2789.43,35.048632,-89.814048,ChIJqY7T64eaf4gRoqZRK7sz4Co,OK,239428,471570217441013
2098.762,35.05113000000001,-89.815021,ChIJAdLMX4iaf4gRUenKpoiyrBc,OK,188210,471570217441003
2272.683,35.048632,-89.814048,ChIJqY7T64eaf4gRoqZRK7sz4Co,OK,200630,471570217441003
2272.683,35.048632,-89.814048,ChIJqY7T64eaf4gRoqZRK7sz4Co,OK,200630,471570217441003
380.82,35.045091,-89.795412,ChIJVelsQnOaf4gRECqTW7fq-dY,OK,21089,471570215101030
380.82,35.045091,-89.795412,ChIJVelsQnOaf4gRECqTW7fq-dY,OK,21089,471570215101030
498.825,35.0461089,-89.7947008,ChIJaZI6O3Oaf4gRqa_eh0DNj_s,OK,27625,471570215101030
85.684,35.045091,-89.795412,ChIJVelsQnOaf4gRECqTW7fq-dY,OK,4744,471570215101020
85.684,35.045091,-89.795412,ChIJVelsQnOaf4gRECqTW7fq-dY,OK,4744,471570215101020
203.689,35.0461089,-89.7947008,ChIJaZI6O3Oaf4gRqa_eh0DNj_s,OK,11280,471570215101020
891.873,35.045091,-89.795412,ChIJVelsQnOaf4gRECqTW7fq-dY,OK,85218,471570215102004
891.873,35.045091,-89.795412,ChIJVelsQnOaf4gRECqTW7fq-dY,OK,85218,471570215102004
1009.878,35.0461089,-89.7947008,ChIJaZI6O3Oaf4gRqa_eh0DNj_s,OK,91754,471570215102004
1203.969,35.0461089,-89.7947008,ChIJaZI6O3Oaf4gRqa_eh0DNj_s,OK,66677,471570215101043
1203.969,35.0461089,-89.7947008,ChIJaZI6O3Oaf4gRqa_eh0DNj_s,OK,66677,471570215101043
1321.974,35.045091,-89.795412,ChIJVelsQnOaf4gRECqTW7fq-dY,OK,73212,471570215101043
836.433,35.0461089,-89.7947008,ChIJaZI6O3Oaf4gRqa_eh0DNj_s,OK,64535,471570213423070
836.433,35.0461089,-89.7947008,ChIJaZI6O3Oaf4gRqa_eh0DNj_s,OK,64535,471570213423070
954.438,35.045091,-89.795412,ChIJVelsQnOaf4gRECqTW7fq-dY,OK,71070,471570213423070
2637.906,35.04577219999999,-89.82821469999999,ChIJL-jEaJmaf4gREtYdkYi2nAs,OK,161549,471570213331020
2823.409,35.05113000000001,-89.815021,ChIJAdLMX4iaf4gRUenKpoiyrBc,OK,175941,471570213331020
2823.409,35.05113000000001,-89.815021,ChIJAdLMX4iaf4gRUenKpoiyrBc,OK,175941,471570213331020
3477.168,35.0326981,-90.07589809999999,ChIJ9S1ljalk1YcRvuG-_hbpimA,OK,246749,471570223105012
3477.168,35.0326981,-90.07589809999999,ChIJ9S1ljalk1YcRvuG-_hbpimA,OK,246749,471570223105012
3864.547,35.0543926,-90.0597009,ChIJT5TzUbl81YcRiPqNjkbj9CA,OK,271662,471570223105012
1342.122,35.1835367,-89.8717722,ChIJv1U5XuiCf4gRMlXiIrwnbJo,OK,119233,471570206223001
1342.122,35.1835367,-89.8717722,ChIJv1U5XuiCf4gRMlXiIrwnbJo,OK,119233,471570206223001
2189.639,35.1927931,-89.86922029999999,ChIJAQAAAMCCf4gRZL0qi0KLjtw,OK,161006,471570206223001
404.577,35.16339899999999,-89.855841,ChIJA_xfkC6Df4gRAjVZwLz1jqA,OK,45577,471570211221000
404.577,35.16339899999999,-89.855841,ChIJA_xfkC6Df4gRAjVZwLz1jqA,OK,45577,471570211221000
477.96,35.1623785,-89.8566175,ChIJXQHWWS6Df4gRqhH5EQ9H1j0,OK,54436,471570211221000
1433.374,35.125222,-90.048147,ChIJ9cKdtid81YcRKs9h6RjzQzw,OK,90686,471570114003051
1433.374,35.125222,-90.048147,ChIJ9cKdtid81YcRKs9h6RjzQzw,OK,90686,471570114003051
1435.188,35.1251709,-90.0481695,ChIJybIJtCd81YcR9Otxws-5qCM,OK,90786,471570114003051
3344.206,35.1546312,-89.79260459999999,ChIJ8UeuSEecf4gRniit7ubZLtM,OK,257144,471570211362066
3344.206,35.1546312,-89.79260459999999,ChIJ8UeuSEecf4gRniit7ubZLtM,OK,257144,471570211362066
4291.667,35.14868459999999,-89.7948203,ChIJ4w9Lr2qcf4gRHdzl9FciAFM,OK,310696,471570211362066
